    -99.945         0.00000     0.00000     0.00000     0.00000
    -99.795         0.00000     0.00000     0.00000     0.00000
    -99.645         0.00000     0.00000     0.00000     0.00000
    -99.495         0.00000     0.00000     0.00000     0.00000
    -99.345         0.00000     0.00000     0.00000     0.00000
    -99.195         0.00000     0.00000     0.00000     0.00000
    -99.045         0.00000     0.00000     0.00000     0.00000
    -98.895         0.00000     0.00000     0.00000     0.00000
    -98.745         0.00000     0.00000     0.00000     0.00000
    -98.595         0.00000     0.00000     0.00000     0.00000
    -98.445         0.00000     0.00000     0.00000     0.00000
    -98.295         0.00000     0.00000     0.00000     0.00000
    -98.145         0.00000     0.00000     0.00000     0.00000
    -97.995         0.00000     0.00000     0.00000     0.00000
    -97.845         0.00000     0.00000     0.00000     0.00000
    -97.695         0.00000     0.00000     0.00000     0.00000
    -97.545         0.00000     0.00000     0.00000     0.00000
    -97.395         0.00000     0.00000     0.00000     0.00000
    -97.245         0.00000     0.00000     0.00000     0.00000
    -97.095         0.00000     0.00000     0.00000     0.00000
    -96.945         0.00000     0.00000     0.00000     0.00000
    -96.795         0.00000     0.00000     0.00000     0.00000
    -96.645         0.00000     0.00000     0.00000     0.00000
    -96.495         0.00000     0.00000     0.00000     0.00000
    -96.345         0.00000     0.00000     0.00000     0.00000
    -96.195         0.00000     0.00000     0.00000     0.00000
    -96.045         0.00000     0.00000     0.00000     0.00000
    -95.895         0.00000     0.00000     0.00000     0.00000
    -95.745         0.00000     0.00000     0.00000     0.00000
    -95.595         0.00000     0.00000     0.00000     0.00000
    -95.445         0.00000     0.00000     0.00000     0.00000
    -95.295         0.00000     0.00000     0.00000     0.00000
    -95.145         0.00000     0.00000     0.00000     0.00000
    -94.995         0.00000     0.00000     0.00000     0.00000
    -94.845         0.00000     0.00000     0.00000     0.00000
    -94.695         0.00000     0.00000     0.00000     0.00000
    -94.545         0.00000     0.00000     0.00000     0.00000
    -94.395         0.00000     0.00000     0.00000     0.00000
    -94.245         0.00000     0.00000     0.00000     0.00000
    -94.095         0.00000     0.00000     0.00000     0.00000
    -93.945         0.00000     0.00000     0.00000     0.00000
    -93.795         0.00000     0.00000     0.00000     0.00000
    -93.645         0.00000     0.00000     0.00000     0.00000
    -93.495         0.00000     0.00000     0.00000     0.00000
    -93.345         0.00000     0.00000     0.00000     0.00000
    -93.195         0.00000     0.00000     0.00000     0.00000
    -93.045         0.00000     0.00000     0.00000     0.00000
    -92.895         0.00000     0.00000     0.00000     0.00000
    -92.745         0.00000     0.00000     0.00000     0.00000
    -92.595         0.00000     0.00000     0.00000     0.00000
    -92.445         0.00000     0.00000     0.00000     0.00000
    -92.295         0.00000     0.00000     0.00000     0.00000
    -92.145         0.00000     0.00000     0.00000     0.00000
    -91.995         0.00000     0.00000     0.00000     0.00000
    -91.845         0.00000     0.00000     0.00000     0.00000
    -91.695         0.00000     0.00000     0.00000     0.00000
    -91.545         0.00000     0.00000     0.00000     0.00000
    -91.395         0.00000     0.00000     0.00000     0.00000
    -91.245         0.00000     0.00000     0.00000     0.00000
    -91.095         0.00000     0.00000     0.00000     0.00000
    -90.945         0.00000     0.00000     0.00000     0.00000
    -90.795         0.00000     0.00000     0.00000     0.00000
    -90.645         0.00000     0.00000     0.00000     0.00000
    -90.495         0.00000     0.00000     0.00000     0.00000
    -90.345         0.00000     0.00000     0.00000     0.00000
    -90.195         0.00000     0.00000     0.00000     0.00000
    -90.045         0.00000     0.00000     0.00000     0.00000
    -89.895         0.00000     0.00000     0.00000     0.00000
    -89.745         0.00000     0.00000     0.00000     0.00000
    -89.595         0.00000     0.00000     0.00000     0.00000
    -89.445         0.00000     0.00000     0.00000     0.00000
    -89.295         0.00000     0.00000     0.00000     0.00000
    -89.145         0.00000     0.00000     0.00000     0.00000
    -88.995         0.00000     0.00000     0.00000     0.00000
    -88.845         0.00000     0.00000     0.00000     0.00000
    -88.695         0.00000     0.00000     0.00000     0.00000
    -88.545         0.00000     0.00000     0.00000     0.00000
    -88.395         0.00000     0.00000     0.00000     0.00000
    -88.245         0.00000     0.00000     0.00000     0.00000
    -88.095         0.00000     0.00000     0.00000     0.00000
    -87.945         0.00000     0.00000     0.00000     0.00000
    -87.795         0.00000     0.00000     0.00000     0.00000
    -87.645         0.00000     0.00000     0.00000     0.00000
    -87.495         0.00000     0.00000     0.00000     0.00000
    -87.345         0.00000     0.00000     0.00000     0.00000
    -87.195         0.00000     0.00000     0.00000     0.00000
    -87.045         0.00000     0.00000     0.00000     0.00000
    -86.895         0.00000     0.00000     0.00000     0.00000
    -86.745         0.00000     0.00000     0.00000     0.00000
    -86.595         0.00000     0.00000     0.00000     0.00000
    -86.445         0.00000     0.00000     0.00000     0.00000
    -86.295         0.00000     0.00000     0.00000     0.00000
    -86.145         0.00000     0.00000     0.00000     0.00000
    -85.995         0.00000     0.00000     0.00000     0.00000
    -85.845         0.00000     0.00000     0.00000     0.00000
    -85.695         0.00000     0.00000     0.00000     0.00000
    -85.545         0.00000     0.00000     0.00000     0.00000
    -85.395         0.00000     0.00000     0.00000     0.00000
    -85.245         0.00000     0.00000     0.00000     0.00000
    -85.095         0.00000     0.00000     0.00000     0.00000
    -84.945         0.00000     0.00000     0.00000     0.00000
    -84.795         0.00000     0.00000     0.00000     0.00000
    -84.645         0.00000     0.00000     0.00000     0.00000
    -84.495         0.00000     0.00000     0.00000     0.00000
    -84.345         0.00000     0.00000     0.00000     0.00000
    -84.195         0.00000     0.00000     0.00000     0.00000
    -84.045         0.00000     0.00000     0.00000     0.00000
    -83.895         0.00000     0.00000     0.00000     0.00000
    -83.745         0.00000     0.00000     0.00000     0.00000
    -83.595         0.00000     0.00000     0.00000     0.00000
    -83.445         0.00000     0.00000     0.00000     0.00000
    -83.295         0.00000     0.00000     0.00000     0.00000
    -83.145         0.00000     0.00000     0.00000     0.00000
    -82.995         0.00000     0.00000     0.00000     0.00000
    -82.845         0.00000     0.00000     0.00000     0.00000
    -82.695         0.00000     0.00000     0.00000     0.00000
    -82.545         0.00000     0.00000     0.00000     0.00000
    -82.395         0.00000     0.00000     0.00000     0.00000
    -82.245         0.00000     0.00000     0.00000     0.00000
    -82.095         0.00000     0.00000     0.00000     0.00000
    -81.945         0.00000     0.00000     0.00000     0.00000
    -81.795         0.00000     0.00000     0.00000     0.00000
    -81.645         0.00000     0.00000     0.00000     0.00000
    -81.495         0.00000     0.00000     0.00000     0.00000
    -81.345         0.00000     0.00000     0.00000     0.00000
    -81.195         0.00000     0.00000     0.00000     0.00000
    -81.045         0.00000     0.00000     0.00000     0.00000
    -80.895         0.00000     0.00000     0.00000     0.00000
    -80.745         0.00000     0.00000     0.00000     0.00000
    -80.595         0.00000     0.00000     0.00000     0.00000
    -80.445         0.00000     0.00000     0.00000     0.00000
    -80.295         0.00000     0.00000     0.00000     0.00000
    -80.145         0.00000     0.00000     0.00000     0.00000
    -79.995         0.00000     0.00000     0.00000     0.00000
    -79.845         0.00000     0.00000     0.00000     0.00000
    -79.695         0.00000     0.00000     0.00000     0.00000
    -79.545         0.00000     0.00000     0.00000     0.00000
    -79.395         0.00000     0.00000     0.00000     0.00000
    -79.245         0.00000     0.00000     0.00000     0.00000
    -79.095         0.00000     0.00000     0.00000     0.00000
    -78.945         0.00000     0.00000     0.00000     0.00000
    -78.795         0.00000     0.00000     0.00000     0.00000
    -78.645         0.00000     0.00000     0.00000     0.00000
    -78.495         0.00000     0.00000     0.00000     0.00000
    -78.345         0.00000     0.00000     0.00000     0.00000
    -78.195         0.00000     0.00000     0.00000     0.00000
    -78.045         0.00000     0.00000     0.00000     0.00000
    -77.895         0.00000     0.00000     0.00000     0.00000
    -77.745         0.00000     0.00000     0.00000     0.00000
    -77.595         0.00000     0.00000     0.00000     0.00000
    -77.445         0.00000     0.00000     0.00000     0.00000
    -77.295         0.00000     0.00000     0.00000     0.00000
    -77.145         0.00000     0.00000     0.00000     0.00000
    -76.995         0.00000     0.00000     0.00000     0.00000
    -76.845         0.00000     0.00000     0.00000     0.00000
    -76.695         0.00000     0.00000     0.00000     0.00000
    -76.545         0.00000     0.00000     0.00000     0.00000
    -76.395         0.00000     0.00000     0.00000     0.00000
    -76.245         0.00000     0.00000     0.00000     0.00000
    -76.095         0.00000     0.00000     0.00000     0.00000
    -75.945         0.00000     0.00000     0.00000     0.00000
    -75.795         0.00000     0.00000     0.00000     0.00000
    -75.645         0.00000     0.00000     0.00000     0.00000
    -75.495         0.00000     0.00000     0.00000     0.00000
    -75.345         0.00000     0.00000     0.00000     0.00000
    -75.195         0.00000     0.00000     0.00000     0.00000
    -75.045         0.00000     0.00000     0.00000     0.00000
    -74.895         0.00000     0.00000     0.00000     0.00000
    -74.745         0.00000     0.00000     0.00000     0.00000
    -74.595         0.00000     0.00000     0.00000     0.00000
    -74.445         0.00000     0.00000     0.00000     0.00000
    -74.295         0.00000     0.00000     0.00000     0.00000
    -74.145         0.00000     0.00000     0.00000     0.00000
    -73.995         0.00000     0.00000     0.00000     0.00000
    -73.845         0.00000     0.00000     0.00000     0.00000
    -73.695         0.00000     0.00000     0.00000     0.00000
    -73.545         0.00000     0.00000     0.00000     0.00000
    -73.395         0.00000     0.00000     0.00000     0.00000
    -73.245         0.00000     0.00000     0.00000     0.00000
    -73.095         0.00000     0.00000     0.00000     0.00000
    -72.945         0.00000     0.00000     0.00000     0.00000
    -72.795         0.00000     0.00000     0.00000     0.00000
    -72.645         0.00000     0.00000     0.00000     0.00000
    -72.495         0.00000     0.00000     0.00000     0.00000
    -72.345         0.00000     0.00000     0.00000     0.00000
    -72.195         0.00000     0.00000     0.00000     0.00000
    -72.045         0.00000     0.00000     0.00000     0.00000
    -71.895         0.00000     0.00000     0.00000     0.00000
    -71.745         0.00000     0.00000     0.00000     0.00000
    -71.595         0.00000     0.00000     0.00000     0.00000
    -71.445         0.00000     0.00000     0.00000     0.00000
    -71.295         0.00000     0.00000     0.00000     0.00000
    -71.145         0.00000     0.00000     0.00000     0.00000
    -70.995         0.00000     0.00000     0.00000     0.00000
    -70.845         0.00000     0.00000     0.00000     0.00000
    -70.695         0.00000     0.00000     0.00000     0.00000
    -70.545         0.00000     0.00000     0.00000     0.00000
    -70.395         0.00000     0.00000     0.00000     0.00000
    -70.245         0.00000     0.00000     0.00000     0.00000
    -70.095         0.00000     0.00000     0.00000     0.00000
    -69.945         0.00000     0.00000     0.00000     0.00000
    -69.795         0.00000     0.00000     0.00000     0.00000
    -69.645         0.00000     0.00000     0.00000     0.00000
    -69.495         0.00000     0.00000     0.00000     0.00000
    -69.345         0.00000     0.00000     0.00000     0.00000
    -69.195         0.00000     0.00000     0.00000     0.00000
    -69.045         0.00000     0.00000     0.00000     0.00000
    -68.895         0.00000     0.00000     0.00000     0.00000
    -68.745         0.00000     0.00000     0.00000     0.00000
    -68.595         0.00000     0.00000     0.00000     0.00000
    -68.445         0.00000     0.00000     0.00000     0.00000
    -68.295         0.00000     0.00000     0.00000     0.00000
    -68.145         0.00000     0.00000     0.00000     0.00000
    -67.995         0.00000     0.00000     0.00000     0.00000
    -67.845         0.00000     0.00000     0.00000     0.00000
    -67.695         0.00000     0.00000     0.00000     0.00000
    -67.545         0.00000     0.00000     0.00000     0.00000
    -67.395         0.00000     0.00000     0.00000     0.00000
    -67.245         0.00000     0.00000     0.00000     0.00000
    -67.095         0.00000     0.00000     0.00000     0.00000
    -66.945         0.00000     0.00000     0.00000     0.00000
    -66.795         0.00000     0.00000     0.00000     0.00000
    -66.645         0.00000     0.00000     0.00000     0.00000
    -66.495         0.00000     0.00000     0.00000     0.00000
    -66.345         0.00000     0.00000     0.00000     0.00000
    -66.195         0.00000     0.00000     0.00000     0.00000
    -66.045         0.00000     0.00000     0.00000     0.00000
    -65.895         0.00000     0.00000     0.00000     0.00000
    -65.745         0.00000     0.00000     0.00000     0.00000
    -65.595         0.00000     0.00000     0.00000     0.00000
    -65.445         0.00000     0.00000     0.00000     0.00000
    -65.295         0.00000     0.00000     0.00000     0.00000
    -65.145         0.00000     0.00000     0.00000     0.00000
    -64.995         0.00000     0.00000     0.00000     0.00000
    -64.845         0.00000     0.00000     0.00000     0.00000
    -64.695         0.00000     0.00000     0.00000     0.00000
    -64.545         0.00000     0.00000     0.00000     0.00000
    -64.395         0.00000     0.00000     0.00000     0.00000
    -64.245         0.00000     0.00000     0.00000     0.00000
    -64.095         0.00000     0.00000     0.00000     0.00000
    -63.945         0.00000     0.00000     0.00000     0.00000
    -63.795         0.00000     0.00000     0.00000     0.00000
    -63.645         0.00000     0.00000     0.00000     0.00000
    -63.495         0.00000     0.00000     0.00000     0.00000
    -63.345         0.00000     0.00000     0.00000     0.00000
    -63.195         0.00000     0.00000     0.00000     0.00000
    -63.045         0.00000     0.00000     0.00000     0.00000
    -62.895         0.00000     0.00000     0.00000     0.00000
    -62.745         0.00000     0.00000     0.00000     0.00000
    -62.595         0.00000     0.00000     0.00000     0.00000
    -62.445         0.00000     0.00000     0.00000     0.00000
    -62.295         0.00000     0.00000     0.00000     0.00000
    -62.145         0.00000     0.00000     0.00000     0.00000
    -61.995         0.00000     0.00000     0.00000     0.00000
    -61.845         0.00000     0.00000     0.00000     0.00000
    -61.695         0.00000     0.00000     0.00000     0.00000
    -61.545         0.00000     0.00000     0.00000     0.00000
    -61.395         0.00000     0.00000     0.00000     0.00000
    -61.245         0.00000     0.00000     0.00000     0.00000
    -61.095         0.00000     0.00000     0.00000     0.00000
    -60.945         0.00000     0.00000     0.00000     0.00000
    -60.795         0.00000     0.00000     0.00000     0.00000
    -60.645         0.00000     0.00000     0.00000     0.00000
    -60.495         0.00000     0.00000     0.00000     0.00000
    -60.345         0.00000     0.00000     0.00000     0.00000
    -60.195         0.00000     0.00000     0.00000     0.00000
    -60.045         0.00000     0.00000     0.00000     0.00000
    -59.895         0.00000     0.00000     0.00000     0.00000
    -59.745         0.00000     0.00000     0.00000     0.00000
    -59.595         0.00000     0.00000     0.00000     0.00000
    -59.445         0.00000     0.00000     0.00000     0.00000
    -59.295         0.00000     0.00000     0.00000     0.00000
    -59.145         0.00000     0.00000     0.00000     0.00000
    -58.995         0.00000     0.00000     0.00000     0.00000
    -58.845         0.00000     0.00000     0.00000     0.00000
    -58.695         0.00000     0.00000     0.00000     0.00000
    -58.545         0.00000     0.00000     0.00000     0.00000
    -58.395         0.00000     0.00000     0.00000     0.00000
    -58.245         0.00000     0.00000     0.00000     0.00000
    -58.095         0.00000     0.00000     0.00000     0.00000
    -57.945         0.00000     0.00000     0.00000     0.00000
    -57.795         0.00000     0.00000     0.00000     0.00000
    -57.645         0.00000     0.00000     0.00000     0.00000
    -57.495         0.00000     0.00000     0.00000     0.00000
    -57.345         0.00000     0.00000     0.00000     0.00000
    -57.195         0.00000     0.00000     0.00000     0.00000
    -57.045         0.00000     0.00000     0.00000     0.00000
    -56.895         0.00000     0.00000     0.00000     0.00000
    -56.745         0.00000     0.00000     0.00000     0.00000
    -56.595         0.00000     0.00000     0.00000     0.00000
    -56.445         0.00000     0.00000     0.00000     0.00000
    -56.295         0.00000     0.00000     0.00000     0.00000
    -56.145         0.00000     0.00000     0.00000     0.00000
    -55.995         0.00000     0.00000     0.00000     0.00000
    -55.845         0.00000     0.00000     0.00000     0.00000
    -55.695         0.00000     0.00000     0.00000     0.00000
    -55.545         0.00000     0.00000     0.00000     0.00000
    -55.395         0.00000     0.00000     0.00000     0.00000
    -55.245         0.00000     0.00000     0.00000     0.00000
    -55.095         0.00000     0.00000     0.00000     0.00000
    -54.945         0.00000     0.00000     0.00000     0.00000
    -54.795         0.00000     0.00000     0.00000     0.00000
    -54.645         0.00000     0.00000     0.00000     0.00000
    -54.495         0.00000     0.00000     0.00000     0.00000
    -54.345         0.00000     0.00000     0.00000     0.00000
    -54.195         0.00000     0.00000     0.00000     0.00000
    -54.045         0.00000     0.00000     0.00000     0.00000
    -53.895         0.00000     0.00000     0.00000     0.00000
    -53.745         0.00000     0.00000     0.00000     0.00000
    -53.595         0.00000     0.00000     0.00000     0.00000
    -53.445         0.00000     0.00000     0.00000     0.00000
    -53.295         0.00000     0.00000     0.00000     0.00000
    -53.145         0.00000     0.00000     0.00000     0.00000
    -52.995         0.00000     0.00000     0.00000     0.00000
    -52.845         0.00000     0.00000     0.00000     0.00000
    -52.695         0.00000     0.00000     0.00000     0.00000
    -52.545         0.00000     0.00000     0.00000     0.00000
    -52.395         0.00000     0.00000     0.00000     0.00000
    -52.245         0.00000     0.00000     0.00000     0.00000
    -52.095         0.00000     0.00000     0.00000     0.00000
    -51.945         0.00000     0.00000     0.00000     0.00000
    -51.795         0.00000     0.00000     0.00000     0.00000
    -51.645         0.00000     0.00000     0.00000     0.00000
    -51.495         0.00000     0.00000     0.00000     0.00000
    -51.345         0.00000     0.00000     0.00000     0.00000
    -51.195         0.00000     0.00000     0.00000     0.00000
    -51.045         0.00000     0.00000     0.00000     0.00000
    -50.895         0.00000     0.00000     0.00000     0.00000
    -50.745         0.00000     0.00000     0.00000     0.00000
    -50.595         0.00000     0.00000     0.00000     0.00000
    -50.445         0.00000     0.00000     0.00000     0.00000
    -50.295         0.00000     0.00000     0.00000     0.00000
    -50.145         0.00000     0.00000     0.00000     0.00000
    -49.995         0.00000     0.00000     0.00000     0.00000
    -49.845         0.00000     0.00000     0.00000     0.00000
    -49.695         0.00000     0.00000     0.00000     0.00000
    -49.545         0.00000     0.00000     0.00000     0.00000
    -49.395         0.00000     0.00000     0.00000     0.00000
    -49.245         0.00000     0.00000     0.00000     0.00000
    -49.095         0.00000     0.00000     0.00000     0.00000
    -48.945         0.00000     0.00000     0.00000     0.00000
    -48.795         0.00000     0.00000     0.00000     0.00000
    -48.645         0.00000     0.00000     0.00000     0.00000
    -48.495         0.00000     0.00000     0.00000     0.00000
    -48.345         0.00000     0.00000     0.00000     0.00000
    -48.195         0.00000     0.00000     0.00000     0.00000
    -48.045         0.00000     0.00000     0.00000     0.00000
    -47.895         0.00000     0.00000     0.00000     0.00000
    -47.745         0.00000     0.00000     0.00000     0.00000
    -47.595         0.00000     0.00000     0.00000     0.00000
    -47.445         0.00000     0.00000     0.00000     0.00000
    -47.295         0.00000     0.00000     0.00000     0.00000
    -47.145         0.00000     0.00000     0.00000     0.00000
    -46.995         0.00000     0.00000     0.00000     0.00000
    -46.845         0.00000     0.00000     0.00000     0.00000
    -46.695         0.00000     0.00000     0.00000     0.00000
    -46.545         0.00000     0.00000     0.00000     0.00000
    -46.395         0.00000     0.00000     0.00000     0.00000
    -46.245         0.00000     0.00000     0.00000     0.00000
    -46.095         0.00000     0.00000     0.00000     0.00000
    -45.945         0.00000     0.00000     0.00000     0.00000
    -45.795         0.00000     0.00000     0.00000     0.00000
    -45.645         0.00000     0.00000     0.00000     0.00000
    -45.495         0.00000     0.00000     0.00000     0.00000
    -45.345         0.00000     0.00000     0.00000     0.00000
    -45.195         0.00000     0.00000     0.00000     0.00000
    -45.045         0.00000     0.00000     0.00000     0.00000
    -44.895         0.00000     0.00000     0.00000     0.00000
    -44.745         0.00000     0.00000     0.00000     0.00000
    -44.595         0.00000     0.00000     0.00000     0.00000
    -44.445         0.00000     0.00000     0.00000     0.00000
    -44.295         0.00000     0.00000     0.00000     0.00000
    -44.145         0.00000     0.00000     0.00000     0.00000
    -43.995         0.00000     0.00000     0.00000     0.00000
    -43.845         0.00000     0.00000     0.00000     0.00000
    -43.695         0.00000     0.00000     0.00000     0.00000
    -43.545         0.00000     0.00000     0.00000     0.00000
    -43.395         0.00000     0.00000     0.00000     0.00000
    -43.245         0.00000     0.00000     0.00000     0.00000
    -43.095         0.00000     0.00000     0.00000     0.00000
    -42.945         0.00000     0.00000     0.00000     0.00000
    -42.795         0.00000     0.00000     0.00000     0.00000
    -42.645         0.00000     0.00000     0.00000     0.00000
    -42.495         0.00000     0.00000     0.00000     0.00000
    -42.345         0.00000     0.00000     0.00000     0.00000
    -42.195         0.00000     0.00000     0.00000     0.00000
    -42.045         0.00000     0.00000     0.00000     0.00000
    -41.895         0.00000     0.00000     0.00000     0.00000
    -41.745         0.00000     0.00000     0.00000     0.00000
    -41.595         0.00000     0.00000     0.00000     0.00000
    -41.445         0.00000     0.00000     0.00000     0.00000
    -41.295         0.00000     0.00000     0.00000     0.00000
    -41.145         0.00000     0.00000     0.00000     0.00000
    -40.995         0.00000     0.00000     0.00000     0.00000
    -40.845         0.00000     0.00000     0.00000     0.00000
    -40.695         0.00000     0.00000     0.00000     0.00000
    -40.545         0.00000     0.00000     0.00000     0.00000
    -40.395         0.00000     0.00000     0.00000     0.00000
    -40.245         0.00000     0.00000     0.00000     0.00000
    -40.095         0.00000     0.00000     0.00000     0.00000
    -39.945         0.00000     0.00000     0.00000     0.00000
    -39.795         0.00000     0.00000     0.00000     0.00000
    -39.645         0.00000     0.00000     0.00000     0.00000
    -39.495         0.00000     0.00000     0.00000     0.00000
    -39.345         0.00000     0.00000     0.00000     0.00000
    -39.195         0.00000     0.00000     0.00000     0.00000
    -39.045         0.00000     0.00000     0.00000     0.00000
    -38.895         0.00000     0.00000     0.00000     0.00000
    -38.745         0.00000     0.00000     0.00000     0.00000
    -38.595         0.00000     0.00000     0.00000     0.00000
    -38.445         0.00000     0.00000     0.00000     0.00000
    -38.295         0.00000     0.00000     0.00000     0.00000
    -38.145         0.00000     0.00000     0.00000     0.00000
    -37.995         0.00000     0.00000     0.00000     0.00000
    -37.845         0.00000     0.00000     0.00000     0.00000
    -37.695         0.00000     0.00000     0.00000     0.00000
    -37.545         0.00000     0.00000     0.00000     0.00000
    -37.395         0.00000     0.00000     0.00000     0.00000
    -37.245         0.00000     0.00000     0.00000     0.00000
    -37.095         0.00000     0.00000     0.00000     0.00000
    -36.945         0.00000     0.00000     0.00000     0.00000
    -36.795         0.00000     0.00000     0.00000     0.00000
    -36.645         0.00000     0.00000     0.00000     0.00000
    -36.495         0.00000     0.00000     0.00000     0.00000
    -36.345         0.00000     0.00000     0.00000     0.00000
    -36.195         0.00000     0.00000     0.00000     0.00000
    -36.045         0.00000     0.00000     0.00000     0.00000
    -35.895         0.00000     0.00000     0.00000     0.00000
    -35.745         0.00000     0.00000     0.00000     0.00000
    -35.595         0.00000     0.00000     0.00000     0.00000
    -35.445         0.00000     0.00000     0.00000     0.00000
    -35.295         0.00000     0.00000     0.00000     0.00000
    -35.145         0.00000     0.00000     0.00000     0.00000
    -34.995         0.00000     0.00000     0.00000     0.00000
    -34.845         0.00000     0.00000     0.00000     0.00000
    -34.695         0.00000     0.00000     0.00000     0.00000
    -34.545         0.00000     0.00000     0.00000     0.00000
    -34.395         0.00000     0.00000     0.00000     0.00000
    -34.245         0.00000     0.00000     0.00000     0.00000
    -34.095         0.00000     0.00000     0.00000     0.00000
    -33.945         0.00000     0.00000     0.00000     0.00000
    -33.795         0.00000     0.00000     0.00000     0.00000
    -33.645         0.00000     0.00000     0.00000     0.00000
    -33.495         0.00000     0.00000     0.00000     0.00000
    -33.345         0.00000     0.00000     0.00000     0.00000
    -33.195         0.00000     0.00000     0.00000     0.00000
    -33.045         0.00000     0.00000     0.00000     0.00000
    -32.895         0.00000     0.00000     0.00000     0.00000
    -32.745         0.00000     0.00000     0.00000     0.00000
    -32.595         0.00000     0.00000     0.00000     0.00000
    -32.445         0.00000     0.00000     0.00000     0.00000
    -32.295         0.00000     0.00000     0.00000     0.00000
    -32.145         0.00000     0.00000     0.00000     0.00000
    -31.995         0.00000     0.00000     0.00000     0.00000
    -31.845         0.00000     0.00000     0.00000     0.00000
    -31.695         0.00000     0.00000     0.00000     0.00000
    -31.545         0.00000     0.00000     0.00000     0.00000
    -31.395         0.00000     0.00000     0.00000     0.00000
    -31.245         0.00000     0.00000     0.00000     0.00000
    -31.095         0.00000     0.00000     0.00000     0.00000
    -30.945         0.00000     0.00000     0.00000     0.00000
    -30.795         0.00000     0.00000     0.00000     0.00000
    -30.645         0.00000     0.00000     0.00000     0.00000
    -30.495         0.00000     0.00000     0.00000     0.00000
    -30.345         0.00000     0.00000     0.00000     0.00000
    -30.195         0.00000     0.00000     0.00000     0.00000
    -30.045         0.00000     0.00000     0.00000     0.00000
    -29.895         0.00000     0.00000     0.00000     0.00000
    -29.745         0.00000     0.00000     0.00000     0.00000
    -29.595         0.00000     0.00000     0.00000     0.00000
    -29.445         0.00000     0.00000     0.00000     0.00000
    -29.295         0.00000     0.00000     0.00000     0.00000
    -29.145         0.00000     0.00000     0.00000     0.00000
    -28.995         0.00000     0.00000     0.00000     0.00000
    -28.845         0.00000     0.00000     0.00000     0.00000
    -28.695         0.00000     0.00000     0.00000     0.00000
    -28.545         0.00000     0.00000     0.00000     0.00000
    -28.395         0.00000     0.00000     0.00000     0.00000
    -28.245         0.00000     0.00000     0.00000     0.00000
    -28.095         0.00000     0.00000     0.00000     0.00000
    -27.945         0.00000     0.00000     0.00000     0.00000
    -27.795         0.00000     0.00000     0.00000     0.00000
    -27.645         0.00000     0.00000     0.00000     0.00000
    -27.495         0.00000     0.00000     0.00000     0.00000
    -27.345         0.00000     0.00000     0.00000     0.00000
    -27.195         0.00000     0.00000     0.00000     0.00000
    -27.045         0.00000     0.00000     0.00000     0.00000
    -26.895         0.00000     0.00000     0.00000     0.00000
    -26.745         0.00000     0.00000     0.00000     0.00000
    -26.595         0.00000     0.00000     0.00000     0.00000
    -26.445         0.00000     0.00000     0.00000     0.00000
    -26.295         0.00000     0.00000     0.00000     0.00000
    -26.145         0.00000     0.00000     0.00000     0.00000
    -25.995         0.00000     0.00000     0.00000     0.00000
    -25.845         0.00000     0.00000     0.00000     0.00000
    -25.695         0.00000     0.00000     0.00000     0.00000
    -25.545         0.00000     0.00000     0.00000     0.00000
    -25.395         0.00000     0.00000     0.00000     0.00000
    -25.245         0.00000     0.00000     0.00000     0.00000
    -25.095         0.00000     0.00000     0.00000     0.00000
    -24.945         0.00000     0.00000     0.00000     0.00000
    -24.795         0.00000     0.00000     0.00000     0.00000
    -24.645         0.00000     0.00000     0.00000     0.00000
    -24.495         0.00000     0.00000     0.00000     0.00000
    -24.345         0.00000     0.00000     0.00000     0.00000
    -24.195         0.00000     0.00000     0.00000     0.00000
    -24.045         0.00000     0.00000     0.00000     0.00000
    -23.895         0.00000     0.00000     0.00000     0.00000
    -23.745         0.00000     0.00000     0.00000     0.00000
    -23.595         0.00000     0.00000     0.00000     0.00000
    -23.445         0.00000     0.00000     0.00000     0.00000
    -23.295         0.00000     0.00000     0.00000     0.00000
    -23.145         0.00000     0.00000     0.00000     0.00000
    -22.995         0.00000     0.00000     0.00000     0.00000
    -22.845         0.00000     0.00000     0.00000     0.00000
    -22.695         0.00000     0.00000     0.00000     0.00000
    -22.545         0.00000     0.00000     0.00000     0.00000
    -22.395         0.00000     0.00000     0.00000     0.00000
    -22.245         0.00000     0.00000     0.00000     0.00000
    -22.095         0.00000     0.00000     0.00000     0.00000
    -21.945         0.00000     0.00000     0.00000     0.00000
    -21.795         0.00000     0.00000     0.00000     0.00000
    -21.645         0.00000     0.00000     0.00000     0.00000
    -21.495         0.00000     0.00000     0.00000     0.00000
    -21.345         0.00000     0.00000     0.00000     0.00000
    -21.195         0.00000     0.00000     0.00000     0.00000
    -21.045         0.00000     0.00000     0.00000     0.00000
    -20.895         0.00000     0.00000     0.00000     0.00000
    -20.745         0.00000     0.00000     0.00000     0.00000
    -20.595         0.00000     0.00000     0.00000     0.00000
    -20.445         0.00000     0.00000     0.00000     0.00000
    -20.295         0.00000     0.00000     0.00000     0.00000
    -20.145         0.00000     0.00000     0.00000     0.00000
    -19.995         0.00000     0.00000     0.00000     0.00000
    -19.845         0.00000     0.00000     0.00000     0.00000
    -19.695         0.00000     0.00000     0.00000     0.00000
    -19.545         0.00000     0.00000     0.00000     0.00000
    -19.395         0.00000     0.00000     0.00000     0.00000
    -19.245         0.00000     0.00000     0.00000     0.00000
    -19.095         0.00000     0.00000     0.00000     0.00000
    -18.945         0.00000     0.00000     0.00000     0.00000
    -18.795         0.00000     0.00000     0.00000     0.00000
    -18.645         0.00000     0.00000     0.00000     0.00000
    -18.495         0.00000     0.00000     0.00000     0.00000
    -18.345         0.00000     0.00000     0.00000     0.00000
    -18.195         0.00000     0.00000     0.00000     0.00000
    -18.045         0.00000     0.00000     0.00000     0.00000
    -17.895         0.00000     0.00000     0.00000     0.00000
    -17.745         0.00000     0.00000     0.00000     0.00000
    -17.595         0.00000     0.00000     0.00000     0.00000
    -17.445         0.00000     0.00000     0.00000     0.00000
    -17.295         0.00000     0.00000     0.00000     0.00000
    -17.145         0.00000     0.00000     0.00000     0.00000
    -16.995        -0.00000    -0.00000     0.00000     0.00000
    -16.845        -0.00000    -0.00000     0.00000     0.00000
    -16.695        -0.00000    -0.00000     0.00000     0.00000
    -16.545         0.00000     0.00000     0.00000     0.00000
    -16.395         0.00000     0.00000     0.00000     0.00000
    -16.245         0.00000     0.00000     0.00000     0.00000
    -16.095        -0.00285    -0.00285     0.00000     0.00000
    -15.945        -0.00433    -0.00433     0.00000     0.00000
    -15.795        -0.00585    -0.00585     0.00000     0.00000
    -15.645        -0.00668    -0.00668     0.00000     0.00000
    -15.495        -0.01381    -0.01381     0.00000     0.00000
    -15.345        -0.01616    -0.01616     0.00000     0.00000
    -15.195        -0.02542    -0.02542     0.00000     0.00000
    -15.045        -0.03406    -0.03406     0.00000     0.00000
    -14.895        -0.04136    -0.04136     0.00000     0.00000
    -14.745        -0.04665    -0.04665    -0.00000     0.00000
    -14.595        -0.05602    -0.05602    -0.00000     0.00000
    -14.445        -0.06470    -0.06470     0.00000     0.00000
    -14.295        -0.07792    -0.07792     0.00000     0.00000
    -14.145        -0.08715    -0.08652    -0.00064     0.00000
    -13.995        -0.09697    -0.09508    -0.00189     0.00000
    -13.845        -0.11428    -0.10992    -0.00436     0.00000
    -13.695        -0.12474    -0.11970    -0.00505     0.00000
    -13.545        -0.13625    -0.12812    -0.00813     0.00000
    -13.395        -0.15550    -0.14084    -0.01465     0.00000
    -13.245        -0.16921    -0.14919    -0.02003     0.00000
    -13.095        -0.18178    -0.15691    -0.02488     0.00000
    -12.945        -0.19539    -0.16457    -0.03082     0.00000
    -12.795        -0.20737    -0.17401    -0.03336     0.00000
    -12.645        -0.22318    -0.18336    -0.03982     0.00000
    -12.495        -0.23779    -0.19264    -0.04515     0.00000
    -12.345        -0.25548    -0.20129    -0.05419     0.00000
    -12.195        -0.27248    -0.20930    -0.06319     0.00000
    -12.045        -0.28506    -0.21610    -0.06896     0.00000
    -11.895        -0.29544    -0.22288    -0.07256     0.00000
    -11.745        -0.30900    -0.23127    -0.07772     0.00000
    -11.595        -0.31762    -0.23685    -0.08077     0.00000
    -11.445        -0.32998    -0.24514    -0.08485     0.00000
    -11.295        -0.34174    -0.25335    -0.08839     0.00000
    -11.145        -0.35396    -0.26257    -0.09139     0.00000
    -10.995        -0.36190    -0.26856    -0.09334     0.00000
    -10.845        -0.37070    -0.27240    -0.09831     0.00000
    -10.695        -0.38111    -0.27884    -0.10227     0.00000
    -10.545        -0.39347    -0.28826    -0.10521     0.00000
    -10.395        -0.40126    -0.29262    -0.10864     0.00000
    -10.245        -0.41100    -0.29946    -0.11154     0.00000
    -10.095        -0.41973    -0.30575    -0.11397     0.00000
    -9.9450        -0.42501    -0.30958    -0.11542     0.00000
    -9.7950        -0.43409    -0.31486    -0.11923     0.00000
    -9.6450        -0.44225    -0.32108    -0.12117     0.00000
    -9.4950        -0.44696    -0.32584    -0.12112     0.00000
    -9.3450        -0.45183    -0.32968    -0.12215     0.00000
    -9.1950        -0.45944    -0.33533    -0.12411     0.00000
    -9.0450        -0.46658    -0.34051    -0.12607     0.00000
    -8.8950        -0.47500    -0.34740    -0.12760     0.00000
    -8.7450        -0.48256    -0.35341    -0.12915     0.00000
    -8.5950        -0.48927    -0.35813    -0.13114     0.00000
    -8.4450        -0.49474    -0.36203    -0.13272     0.00000
    -8.2950        -0.50350    -0.36919    -0.13431     0.00000
    -8.1450        -0.51068    -0.37392    -0.13676     0.00000
    -7.9950        -0.51944    -0.37983    -0.13961     0.00000
    -7.8450        -0.52705    -0.38535    -0.14169     0.00000
    -7.6950        -0.53270    -0.38891    -0.14380     0.00000
    -7.5450        -0.53796    -0.39291    -0.14506     0.00000
    -7.3950        -0.54820    -0.40023    -0.14797     0.00000
    -7.2450        -0.55543    -0.40502    -0.15018    -0.00024
    -7.0950        -0.56330    -0.40985    -0.15204    -0.00141
    -6.9450        -0.57836    -0.41575    -0.15505    -0.00756
    -6.7950        -0.60681    -0.42266    -0.15698    -0.02717
    -6.6450        -0.66012    -0.42757    -0.15830    -0.07424
    -6.4950        -0.74958    -0.43414    -0.16176    -0.15368
    -6.3450        -0.87786    -0.44415    -0.16562    -0.26810
    -6.1950        -1.03511    -0.45289    -0.16858    -0.41364
    -6.0450        -1.22056    -0.46131    -0.17286    -0.58639
    -5.8950        -1.44391    -0.47029    -0.17783    -0.79579
    -5.7450        -1.69381    -0.48290    -0.18142    -1.02949
    -5.5950        -1.94900    -0.49243    -0.18572    -1.27085
    -5.4450        -2.21196    -0.50219    -0.19014    -1.51963
    -5.2950        -2.46904    -0.51297    -0.19632    -1.75976
    -5.1450        -2.73273    -0.52723    -0.20102    -2.00448
    -4.9950        -2.98736    -0.54516    -0.20846    -2.23373
    -4.8450        -3.24797    -0.56131    -0.21460    -2.47206
    -4.6950        -3.49007    -0.57575    -0.22281    -2.69151
    -4.5450        -3.72253    -0.59164    -0.23161    -2.89928
    -4.3950        -3.94210    -0.60591    -0.23923    -3.09696
    -4.2450        -4.15733    -0.61953    -0.25009    -3.28771
    -4.0950        -4.36996    -0.63735    -0.25882    -3.47380
    -3.9450        -4.57757    -0.65446    -0.26882    -3.65430
    -3.7950        -4.76255    -0.66947    -0.28285    -3.81023
    -3.6450        -4.96211    -0.68598    -0.29651    -3.97961
    -3.4950        -5.16213    -0.70661    -0.31034    -4.14518
    -3.3450        -5.35356    -0.72417    -0.32724    -4.30216
    -3.1950        -5.54090    -0.74103    -0.34495    -4.45492
    -3.0450        -5.73873    -0.76346    -0.36659    -4.60867
    -2.8950        -5.93994    -0.78402    -0.39072    -4.76519
    -2.7450        -6.14812    -0.80670    -0.41423    -4.92719
    -2.5950        -6.36986    -0.83542    -0.43931    -5.09513
    -2.4450        -6.60927    -0.86630    -0.46805    -5.27492
    -2.2950        -6.86081    -0.89819    -0.49704    -5.46558
    -2.1450        -7.13964    -0.93500    -0.52848    -5.67617
    -1.9950        -7.45436    -0.97490    -0.56233    -5.91713
    -1.8450        -7.81330    -1.02027    -0.59786    -6.19517
    -1.6950        -8.22590    -1.07151    -0.63752    -6.51687
    -1.5450        -8.72030    -1.12830    -0.68344    -6.90856
    -1.3950        -9.32684    -1.19009    -0.73854    -7.39821
    -1.2450       -10.06987    -1.26418    -0.80351    -8.00218
    -1.0950       -10.97574    -1.35242    -0.87987    -8.74346
   -0.94500       -12.06169    -1.45758    -0.97663    -9.62747
   -0.79500       -13.38092    -1.59029    -1.10168   -10.68895
   -0.64500       -14.98350    -1.76607    -1.26976   -11.94767
   -0.49500       -16.95964    -2.01697    -1.52723   -13.41545
   -0.34500       -19.74200    -2.42493    -1.95900   -15.35807
   -0.22700       -20.99560    -2.61887    -2.16957   -16.20716
   -0.21300       -21.16178    -2.64521    -2.19735   -16.31923
   -0.20700       -21.33199    -2.67245    -2.22577   -16.43378
   -0.20100       -21.50791    -2.70034    -2.25521   -16.55236
   -0.19500       -21.68818    -2.72951    -2.28576   -16.67291
   -0.18900       -21.87438    -2.75890    -2.31698   -16.79850
   -0.18300       -22.06526    -2.78991    -2.34913   -16.92621
   -0.17700       -22.26215    -2.82144    -2.38251   -17.05820
   -0.17100       -22.46370    -2.85326    -2.41647   -17.19397
   -0.16500       -22.67315    -2.88686    -2.45253   -17.33376
   -0.15900       -22.88868    -2.92118    -2.48867   -17.47882
   -0.15300       -23.11174    -2.95720    -2.52633   -17.62821
   -0.14700       -23.34284    -2.99404    -2.56500   -17.78380
   -0.14100       -23.58305    -3.03280    -2.60509   -17.94515
   -0.13500       -23.83352    -3.07232    -2.64784   -18.11335
   -0.12900       -24.09191    -3.11286    -2.69157   -18.28748
   -0.12300       -24.36076    -3.15509    -2.73742   -18.46825
   -0.11700       -24.64355    -3.19907    -2.78569   -18.65879
   -0.11100       -24.93933    -3.24416    -2.83582   -18.85935
   -0.10500       -25.24896    -3.29131    -2.88849   -19.06916
   -0.99000E-01   -25.57504    -3.34015    -2.94459   -19.29030
   -0.93000E-01   -25.91788    -3.39082    -3.00312   -19.52394
   -0.87000E-01   -26.28028    -3.44375    -3.06377   -19.77275
   -0.81000E-01   -26.66642    -3.49882    -3.12810   -20.03949
   -0.75000E-01   -27.07860    -3.55792    -3.19625   -20.32442
   -0.69000E-01   -27.51942    -3.61930    -3.26876   -20.63136
   -0.63000E-01   -27.99781    -3.68472    -3.34588   -20.96721
   -0.57000E-01   -28.52009    -3.75445    -3.43137   -21.33427
   -0.51000E-01   -29.09948    -3.82951    -3.52745   -21.74251
   -0.45000E-01   -29.74610    -3.91234    -3.63094   -22.20282
   -0.39000E-01   -30.47254    -4.00131    -3.73749   -22.73374
   -0.33000E-01   -31.29418    -4.09139    -3.84221   -23.36058
   -0.27000E-01   -32.24712    -4.17699    -3.94139   -24.12874
   -0.21300E-01   -33.00496    -4.23047    -4.00226   -24.77224
   -0.19500E-01   -33.12561    -4.23780    -4.01042   -24.87738
   -0.18900E-01   -33.24919    -4.24512    -4.01842   -24.98566
   -0.18300E-01   -33.37593    -4.25219    -4.02622   -25.09753
   -0.17700E-01   -33.50633    -4.25914    -4.03373   -25.21346
   -0.17100E-01   -33.64079    -4.26589    -4.04108   -25.33381
   -0.16500E-01   -33.77901    -4.27255    -4.04819   -25.45826
   -0.15900E-01   -33.92167    -4.27902    -4.05520   -25.58745
   -0.15300E-01   -34.06938    -4.28525    -4.06197   -25.72215
   -0.14700E-01   -34.22163    -4.29133    -4.06846   -25.86184
   -0.14100E-01   -34.37934    -4.29721    -4.07466   -26.00747
   -0.13500E-01   -34.54355    -4.30297    -4.08070   -26.15989
   -0.12900E-01   -34.71414    -4.30844    -4.08645   -26.31925
   -0.12300E-01   -34.89245    -4.31365    -4.09199   -26.48682
   -0.11700E-01   -35.07882    -4.31867    -4.09720   -26.66294
   -0.11100E-01   -35.27477    -4.32343    -4.10226   -26.84909
   -0.10500E-01   -35.48083    -4.32797    -4.10698   -27.04588
   -0.99000E-02   -35.69852    -4.33224    -4.11145   -27.25483
   -0.93000E-02   -35.93043    -4.33625    -4.11565   -27.47852
   -0.87000E-02   -36.17878    -4.34005    -4.11966   -27.71907
   -0.81000E-02   -36.44579    -4.34365    -4.12337   -27.97876
   -0.75000E-02   -36.73675    -4.34697    -4.12682   -28.26296
   -0.69000E-02   -37.05666    -4.35003    -4.12999   -28.57664
   -0.63000E-02   -37.41116    -4.35286    -4.13290   -28.92539
   -0.57000E-02   -37.80701    -4.35540    -4.13559   -29.31602
   -0.51000E-02   -38.25104    -4.35769    -4.13799   -29.75536
   -0.45000E-02   -38.75137    -4.35972    -4.14010   -30.25156
   -0.39000E-02   -39.31650    -4.36148    -4.14189   -30.81314
   -0.33000E-02   -39.95782    -4.36298    -4.14344   -31.45141
   -0.27000E-02   -40.68862    -4.36420    -4.14469   -32.17972
   -0.21000E-02   -41.53177    -4.36517    -4.14566   -33.02094
   -0.15000E-02   -42.52368    -4.36585    -4.14636   -34.01146
   -0.90000E-03   -43.51098    -4.36627    -4.14678   -34.99793
   -0.30000E-03   -43.92999    -4.36641    -4.14692   -35.41666
    0.30000E-03   -43.51203    -4.36628    -4.14678   -34.99898
    0.90000E-03   -42.52660    -4.36587    -4.14636   -34.01436
    0.15000E-02   -41.53609    -4.36518    -4.14567   -33.02524
    0.21000E-02   -40.69372    -4.36422    -4.14472   -32.18478
    0.27000E-02   -39.96292    -4.36300    -4.14348   -31.45645
    0.33000E-02   -39.32221    -4.36149    -4.14198   -30.81874
    0.39000E-02   -38.75703    -4.35969    -4.14020   -30.25715
    0.45000E-02   -38.25717    -4.35762    -4.13815   -29.76139
    0.51000E-02   -37.81418    -4.35530    -4.13584   -29.32304
    0.57000E-02   -37.41938    -4.35273    -4.13328   -28.93337
    0.63000E-02   -37.06598    -4.34984    -4.13047   -28.58567
    0.69000E-02   -36.74711    -4.34669    -4.12742   -28.27300
    0.75000E-02   -36.45731    -4.34329    -4.12405   -27.98996
    0.81000E-02   -36.19071    -4.33959    -4.12049   -27.73063
    0.87000E-02   -35.94268    -4.33563    -4.11658   -27.49047
    0.93000E-02   -35.71095    -4.33137    -4.11252   -27.26706
    0.99000E-02   -35.49334    -4.32693    -4.10819   -27.05822
    0.10500E-01   -35.28754    -4.32222    -4.10355   -26.86178
    0.11100E-01   -35.09199    -4.31719    -4.09871   -26.67609
    0.11700E-01   -34.90605    -4.31185    -4.09359   -26.50061
    0.12300E-01   -34.72831    -4.30632    -4.08837   -26.33362
    0.12900E-01   -34.55839    -4.30051    -4.08290   -26.17498
    0.13500E-01   -34.39519    -4.29451    -4.07718   -26.02349
    0.14100E-01   -34.23763    -4.28813    -4.07131   -25.87818
    0.14700E-01   -34.08602    -4.28163    -4.06520   -25.73918
    0.15300E-01   -33.93953    -4.27488    -4.05898   -25.60567
    0.15900E-01   -33.79760    -4.26796    -4.05243   -25.47721
    0.16500E-01   -33.66005    -4.26073    -4.04568   -25.35364
    0.17100E-01   -33.52653    -4.25335    -4.03882   -25.23436
    0.17700E-01   -33.39668    -4.24574    -4.03190   -25.11904
    0.18300E-01   -33.27021    -4.23787    -4.02474   -25.00760
    0.18900E-01   -33.14740    -4.22992    -4.01743   -24.90005
    0.19500E-01   -33.02702    -4.22159    -4.01011   -24.79531
    0.21300E-01   -32.27238    -4.16088    -3.95665   -24.15486
    0.27000E-01   -31.32222    -4.06224    -3.87040   -23.38958
    0.33000E-01   -30.50276    -3.95720    -3.78002   -22.76554
    0.39000E-01   -29.78150    -3.85013    -3.68984   -22.24153
    0.45000E-01   -29.14090    -3.74667    -3.60579   -21.78845
    0.51000E-01   -28.57591    -3.65256    -3.52985   -21.39350
    0.57000E-01   -28.06897    -3.56776    -3.45963   -21.04158
    0.63000E-01   -27.61031    -3.49058    -3.39491   -20.72482
    0.69000E-01   -27.18922    -3.41882    -3.33283   -20.43757
    0.75000E-01   -26.80198    -3.35157    -3.27410   -20.17631
    0.81000E-01   -26.44327    -3.28721    -3.21918   -19.93688
    0.87000E-01   -26.10633    -3.22603    -3.16562   -19.71468
    0.93000E-01   -25.79056    -3.16813    -3.11467   -19.50776
    0.99000E-01   -25.49505    -3.11293    -3.06508   -19.31703
    0.10500       -25.21403    -3.05988    -3.01789   -19.13626
    0.11100       -24.95087    -3.00903    -2.97319   -18.96864
    0.11700       -24.70018    -2.96057    -2.92898   -18.81062
    0.12300       -24.46229    -2.91405    -2.88717   -18.66107
    0.12900       -24.23499    -2.86876    -2.84641   -18.51982
    0.13500       -24.01940    -2.82496    -2.80783   -18.38660
    0.14100       -23.81284    -2.78283    -2.77046   -18.25954
    0.14700       -23.61538    -2.74270    -2.73404   -18.13864
    0.15300       -23.42639    -2.70357    -2.69842   -18.02440
    0.15900       -23.24546    -2.66549    -2.66493   -17.91504
    0.16500       -23.07213    -2.62882    -2.63257   -17.81074
    0.17100       -22.90543    -2.59310    -2.60088   -17.71145
    0.17700       -22.74440    -2.55860    -2.57028   -17.61551
    0.18300       -22.59007    -2.52641    -2.54028   -17.52339
    0.18900       -22.43987    -2.49415    -2.51099   -17.43473
    0.19500       -22.29577    -2.46356    -2.48248   -17.34973
    0.20100       -22.15626    -2.43430    -2.45460   -17.26737
    0.20700       -22.02089    -2.40530    -2.42798   -17.18761
    0.21300       -21.89178    -2.37771    -2.40154   -17.11253
    0.22700       -20.94633    -2.17250    -2.20885   -16.56498
    0.34500       -19.04801    -1.74456    -1.80842   -15.49503
    0.49500       -17.90294    -1.48737    -1.56965   -14.84592
    0.64500       -17.08282    -1.31568    -1.40409   -14.36304
    0.79500       -16.44619    -1.18753    -1.28454   -13.97412
    0.94500       -15.92841    -1.08891    -1.19008   -13.64942
     1.0950       -15.49634    -1.00832    -1.11475   -13.37327
     1.2450       -15.12947    -0.94277    -1.05160   -13.13509
     1.3950       -14.81451    -0.88781    -0.99644   -12.93027
     1.5450       -14.53246    -0.84083    -0.94973   -12.74191
     1.6950       -14.28138    -0.79841    -0.90982   -12.57315
     1.8450       -14.06627    -0.76246    -0.87542   -12.42838
     1.9950       -13.86812    -0.73081    -0.84545   -12.29185
     2.1450       -13.69124    -0.70367    -0.81851   -12.16906
     2.2950       -13.52531    -0.67840    -0.79419   -12.05272
     2.4450       -13.38461    -0.65613    -0.77292   -11.95556
     2.5950       -13.25171    -0.63613    -0.75432   -11.86126
     2.7450       -13.13229    -0.61828    -0.73652   -11.77749
     2.8950       -13.02364    -0.60217    -0.72138   -11.70009
     3.0450       -12.92362    -0.58795    -0.70671   -11.62896
     3.1950       -12.83297    -0.57481    -0.69284   -11.56532
     3.3450       -12.74942    -0.56325    -0.68061   -11.50556
     3.4950       -12.66679    -0.55359    -0.66938   -11.44382
     3.6450       -12.59545    -0.54373    -0.65766   -11.39406
     3.7950       -12.53018    -0.53598    -0.64756   -11.34664
     3.9450       -12.46557    -0.52750    -0.63783   -11.30024
     4.0950       -12.41098    -0.52071    -0.62813   -11.26214
     4.2450       -12.35426    -0.51413    -0.61907   -11.22106
     4.3950       -12.29839    -0.50910    -0.61069   -11.17860
     4.5450       -12.25293    -0.50531    -0.60328   -11.14434
     4.6950       -12.20715    -0.50154    -0.59569   -11.10993
     4.8450       -12.16339    -0.49717    -0.58824   -11.07798
     4.9950       -12.12349    -0.49341    -0.58163   -11.04844
     5.1450       -12.08828    -0.49274    -0.57583   -11.01972
     5.2950       -12.05161    -0.49212    -0.56994   -10.98955
     5.4450       -12.01777    -0.49018    -0.56396   -10.96363
     5.5950       -11.98769    -0.48821    -0.56166   -10.93782
     5.7450       -11.95317    -0.48525    -0.55642   -10.91151
     5.8950       -11.92329    -0.48328    -0.55229   -10.88771
     6.0450       -11.89343    -0.48281    -0.54820   -10.86242
     6.1950       -11.86487    -0.48083    -0.54417   -10.83987
     6.3450       -11.83814    -0.48040    -0.53984   -10.81790
     6.4950       -11.81185    -0.48000    -0.53543   -10.79643
     6.6450       -11.78703    -0.47961    -0.53316   -10.77426
     6.7950       -11.76296    -0.47924    -0.52990   -10.75382
     6.9450       -11.74199    -0.47888    -0.52932   -10.73379
     7.0950       -11.72157    -0.47854    -0.52877   -10.71425
     7.2450       -11.69985    -0.47822    -0.52652   -10.69512
     7.3950       -11.68040    -0.47793    -0.52603   -10.67645
     7.5450       -11.66133    -0.47764    -0.52555   -10.65814
     7.6950       -11.64266    -0.47736    -0.52510   -10.64020
     7.8450       -11.62438    -0.47710    -0.52466   -10.62262
     7.9950       -11.60648    -0.47684    -0.52424   -10.60540
     8.1450       -11.58894    -0.47659    -0.52385   -10.58849
     8.2950       -11.57175    -0.47636    -0.52347   -10.57193
     8.4450       -11.55494    -0.47613    -0.52310   -10.55571
     8.5950       -11.53671    -0.47422    -0.52274   -10.53975
     8.7450       -11.52051    -0.47401    -0.52240   -10.52410
     8.8950       -11.50462    -0.47381    -0.52207   -10.50874
     9.0450       -11.48907    -0.47361    -0.52176   -10.49370
     9.1950       -11.47375    -0.47342    -0.52145   -10.47888
     9.3450       -11.45864    -0.47323    -0.52116   -10.46425
     9.4950       -11.44384    -0.47305    -0.52088   -10.44991
     9.6450       -11.42926    -0.47287    -0.52061   -10.43579
     9.7950       -11.41492    -0.47270    -0.52034   -10.42189
     9.9450       -11.40086    -0.47253    -0.52008   -10.40825
     10.095       -11.38698    -0.47235    -0.51983   -10.39480
     10.245       -11.37336    -0.47219    -0.51959   -10.38158
     10.395       -11.35991    -0.47204    -0.51936   -10.36851
     10.545       -11.34664    -0.47189    -0.51912   -10.35562
     10.695       -11.33360    -0.47174    -0.51890   -10.34296
     10.845       -11.32080    -0.47160    -0.51868   -10.33051
     10.995       -11.30814    -0.47146    -0.51847   -10.31821
     11.145       -11.29569    -0.47133    -0.51826   -10.30611
     11.295       -11.28343    -0.47119    -0.51806   -10.29418
     11.445       -11.27130    -0.47106    -0.51787   -10.28238
     11.595       -11.25935    -0.47093    -0.51768   -10.27074
     11.745       -11.24760    -0.47080    -0.51749   -10.25931
     11.895       -11.23600    -0.47068    -0.51730   -10.24802
     12.045       -11.22450    -0.47056    -0.51711   -10.23682
     12.195       -11.21318    -0.47045    -0.51694   -10.22579
     12.345       -11.20200    -0.47034    -0.51677   -10.21490
     12.495       -11.19095    -0.47022    -0.51660   -10.20413
     12.645       -11.18003    -0.47011    -0.51643   -10.19348
     12.795       -11.16927    -0.47000    -0.51627   -10.18300
     12.945       -11.15868    -0.46990    -0.51610   -10.17268
     13.095       -11.14817    -0.46980    -0.51594   -10.16243
     13.245       -11.13784    -0.46970    -0.51579   -10.15235
     13.395       -11.12762    -0.46960    -0.51564   -10.14238
     13.545       -11.11753    -0.46950    -0.51549   -10.13253
     13.695       -11.10754    -0.46941    -0.51534   -10.12279
     13.845       -11.09771    -0.46931    -0.51520   -10.11320
     13.995       -11.08801    -0.46922    -0.51505   -10.10373
     14.145       -11.07836    -0.46912    -0.51491   -10.09432
     14.295       -11.06883    -0.46904    -0.51478   -10.08502
     14.445       -11.05942    -0.46895    -0.51464   -10.07583
     14.595       -11.05006    -0.46885    -0.51450   -10.06670
     14.745       -11.04082    -0.46877    -0.51437   -10.05768
     14.895       -11.03164    -0.46869    -0.51424   -10.04872
     15.045       -11.02261    -0.46860    -0.51411   -10.03990
     15.195       -11.01367    -0.46852    -0.51399   -10.03116
     15.345       -11.00479    -0.46843    -0.51386   -10.02250
     15.495       -10.99605    -0.46835    -0.51374   -10.01395
     15.645       -10.98743    -0.46827    -0.51363   -10.00553
     15.795       -10.97888    -0.46820    -0.51351    -9.99717
     15.945       -10.97037    -0.46812    -0.51339    -9.98886
     16.095       -10.96197    -0.46804    -0.51328    -9.98065
     16.245       -10.95367    -0.46797    -0.51316    -9.97254
     16.395       -10.94544    -0.46789    -0.51305    -9.96450
     16.545       -10.93729    -0.46782    -0.51294    -9.95653
     16.695       -10.92918    -0.46775    -0.51283    -9.94861
     16.845       -10.92119    -0.46767    -0.51272    -9.94080
     16.995       -10.91326    -0.46760    -0.51261    -9.93305
     17.145       -10.90540    -0.46753    -0.51250    -9.92537
     17.295       -10.89760    -0.46746    -0.51239    -9.91774
     17.445       -10.88990    -0.46740    -0.51229    -9.91021
     17.595       -10.88225    -0.46733    -0.51218    -9.90274
     17.745       -10.87467    -0.46727    -0.51208    -9.89532
     17.895       -10.86715    -0.46720    -0.51198    -9.88798
     18.045       -10.85973    -0.46713    -0.51188    -9.88072
     18.195       -10.85236    -0.46707    -0.51178    -9.87351
     18.345       -10.84506    -0.46701    -0.51168    -9.86637
     18.495       -10.83783    -0.46695    -0.51159    -9.85929
     18.645       -10.83066    -0.46689    -0.51149    -9.85228
     18.795       -10.82352    -0.46682    -0.51140    -9.84530
     18.945       -10.81648    -0.46676    -0.51131    -9.83842
     19.095       -10.80948    -0.46670    -0.51121    -9.83157
     19.245       -10.80258    -0.46665    -0.51112    -9.82482
     19.395       -10.79570    -0.46658    -0.51102    -9.81810
     19.545       -10.78890    -0.46652    -0.51093    -9.81144
     19.695       -10.78213    -0.46647    -0.51084    -9.80482
     19.845       -10.77541    -0.46641    -0.51075    -9.79825
     19.995       -10.76874    -0.46635    -0.51067    -9.79171
     20.145       -10.76214    -0.46630    -0.51058    -9.78526
     20.295       -10.75558    -0.46624    -0.51050    -9.77884
     20.445       -10.74908    -0.46619    -0.51041    -9.77248
     20.595       -10.74263    -0.46613    -0.51033    -9.76617
     20.745       -10.73622    -0.46607    -0.51025    -9.75990
     20.895       -10.72989    -0.46602    -0.51016    -9.75370
     21.045       -10.72361    -0.46597    -0.51008    -9.74755
     21.195       -10.71735    -0.46592    -0.51001    -9.74142
     21.345       -10.71113    -0.46587    -0.50993    -9.73534
     21.495       -10.70497    -0.46581    -0.50985    -9.72931
     21.645       -10.69885    -0.46576    -0.50977    -9.72332
     21.795       -10.69279    -0.46570    -0.50969    -9.71740
     21.945       -10.68677    -0.46566    -0.50962    -9.71150
     22.095       -10.68078    -0.46561    -0.50954    -9.70564
     22.245       -10.67482    -0.46556    -0.50946    -9.69980
     22.395       -10.66893    -0.46551    -0.50938    -9.69404
     22.545       -10.66307    -0.46546    -0.50931    -9.68830
     22.695       -10.65725    -0.46541    -0.50924    -9.68261
     22.845       -10.65149    -0.46536    -0.50916    -9.67697
     22.995       -10.64578    -0.46531    -0.50909    -9.67138
     23.145       -10.64008    -0.46527    -0.50901    -9.66580
     23.295       -10.63442    -0.46522    -0.50894    -9.66026
     23.445       -10.62881    -0.46517    -0.50887    -9.65477
     23.595       -10.62324    -0.46513    -0.50880    -9.64931
     23.745       -10.61768    -0.46508    -0.50873    -9.64386
     23.895       -10.61217    -0.46504    -0.50866    -9.63848
     24.045       -10.60673    -0.46499    -0.50859    -9.63314
     24.195       -10.60127    -0.46495    -0.50852    -9.62780
     24.345       -10.59587    -0.46491    -0.50845    -9.62252
     24.495       -10.59053    -0.46486    -0.50838    -9.61728
     24.645       -10.58521    -0.46482    -0.50832    -9.61207
     24.795       -10.57993    -0.46478    -0.50825    -9.60691
     24.945       -10.57470    -0.46473    -0.50818    -9.60179
     25.095       -10.56948    -0.46469    -0.50812    -9.59667
     25.245       -10.56428    -0.46464    -0.50805    -9.59158
     25.395       -10.55914    -0.46460    -0.50799    -9.58655
     25.545       -10.55404    -0.46456    -0.50792    -9.58156
     25.695       -10.54898    -0.46452    -0.50786    -9.57659
     25.845       -10.54394    -0.46448    -0.50780    -9.57166
     25.995       -10.53894    -0.46444    -0.50773    -9.56677
     26.145       -10.53396    -0.46440    -0.50767    -9.56189
     26.295       -10.52900    -0.46436    -0.50760    -9.55704
     26.445       -10.52408    -0.46432    -0.50754    -9.55222
     26.595       -10.51918    -0.46428    -0.50748    -9.54741
     26.745       -10.51430    -0.46424    -0.50742    -9.54263
     26.895       -10.50944    -0.46420    -0.50736    -9.53787
     27.045       -10.50463    -0.46417    -0.50730    -9.53316
     27.195       -10.49986    -0.46413    -0.50724    -9.52848
     27.345       -10.49513    -0.46409    -0.50718    -9.52385
     27.495       -10.49039    -0.46406    -0.50712    -9.51921
     27.645       -10.48570    -0.46402    -0.50706    -9.51462
     27.795       -10.48103    -0.46398    -0.50700    -9.51004
     27.945       -10.47638    -0.46394    -0.50694    -9.50550
     28.095       -10.47178    -0.46390    -0.50688    -9.50099
     28.245       -10.46720    -0.46387    -0.50683    -9.49651
     28.395       -10.46265    -0.46383    -0.50677    -9.49205
     28.545       -10.45812    -0.46379    -0.50671    -9.48762
     28.695       -10.45362    -0.46376    -0.50666    -9.48320
     28.845       -10.44914    -0.46372    -0.50660    -9.47882
     28.995       -10.44466    -0.46368    -0.50655    -9.47443
     29.145       -10.44023    -0.46365    -0.50649    -9.47009
     29.295       -10.43581    -0.46361    -0.50643    -9.46577
     29.445       -10.43143    -0.46358    -0.50638    -9.46147
     29.595       -10.42707    -0.46355    -0.50633    -9.45720
     29.745       -10.42272    -0.46351    -0.50627    -9.45293
     29.895       -10.41839    -0.46348    -0.50622    -9.44869
     30.045       -10.41410    -0.46344    -0.50616    -9.44449
     30.195       -10.40983    -0.46341    -0.50611    -9.44031
     30.345       -10.40557    -0.46337    -0.50606    -9.43614
     30.495       -10.40136    -0.46334    -0.50601    -9.43201
     30.645       -10.39715    -0.46331    -0.50595    -9.42789
     30.795       -10.39297    -0.46327    -0.50590    -9.42379
     30.945       -10.38881    -0.46324    -0.50585    -9.41972
     31.095       -10.38465    -0.46321    -0.50580    -9.41564
     31.245       -10.38054    -0.46318    -0.50575    -9.41162
     31.395       -10.37645    -0.46315    -0.50570    -9.40761
     31.545       -10.37240    -0.46312    -0.50564    -9.40364
     31.695       -10.36834    -0.46309    -0.50559    -9.39966
     31.845       -10.36429    -0.46306    -0.50554    -9.39569
     31.995       -10.36029    -0.46303    -0.50549    -9.39177
     32.145       -10.35630    -0.46300    -0.50544    -9.38786
     32.295       -10.35231    -0.46296    -0.50539    -9.38396
     32.445       -10.34836    -0.46293    -0.50534    -9.38008
     32.595       -10.34443    -0.46290    -0.50529    -9.37623
     32.745       -10.34053    -0.46287    -0.50524    -9.37241
     32.895       -10.33664    -0.46284    -0.50520    -9.36860
     33.045       -10.33279    -0.46282    -0.50515    -9.36482
     33.195       -10.32892    -0.46278    -0.50510    -9.36103
     33.345       -10.32509    -0.46275    -0.50505    -9.35728
     33.495       -10.32127    -0.46273    -0.50501    -9.35354
     33.645       -10.31745    -0.46270    -0.50496    -9.34979
     33.795       -10.31366    -0.46267    -0.50492    -9.34607
     33.945       -10.30988    -0.46264    -0.50487    -9.34237
     34.095       -10.30614    -0.46261    -0.50482    -9.33871
     34.245       -10.30242    -0.46258    -0.50478    -9.33506
     34.395       -10.29871    -0.46255    -0.50473    -9.33143
     34.545       -10.29500    -0.46252    -0.50469    -9.32779
     34.695       -10.29134    -0.46249    -0.50464    -9.32420
     34.845       -10.28769    -0.46247    -0.50460    -9.32063
     34.995       -10.28407    -0.46244    -0.50455    -9.31708
     35.145       -10.28045    -0.46241    -0.50451    -9.31353
     35.295       -10.27687    -0.46238    -0.50446    -9.31003
     35.445       -10.27330    -0.46236    -0.50442    -9.30653
     35.595       -10.26971    -0.46233    -0.50437    -9.30301
     35.745       -10.26616    -0.46230    -0.50433    -9.29953
     35.895       -10.26261    -0.46227    -0.50428    -9.29605
     36.045       -10.25908    -0.46224    -0.50424    -9.29260
     36.195       -10.25555    -0.46221    -0.50420    -9.28914
     36.345       -10.25207    -0.46219    -0.50415    -9.28574
     36.495       -10.24859    -0.46216    -0.50411    -9.28233
     36.645       -10.24514    -0.46213    -0.50406    -9.27894
     36.795       -10.24167    -0.46211    -0.50402    -9.27555
     36.945       -10.23825    -0.46208    -0.50398    -9.27219
     37.095       -10.23483    -0.46205    -0.50394    -9.26884
     37.245       -10.23142    -0.46203    -0.50389    -9.26550
     37.395       -10.22806    -0.46200    -0.50385    -9.26221
     37.545       -10.22467    -0.46197    -0.50381    -9.25889
     37.695       -10.22133    -0.46195    -0.50377    -9.25561
     37.845       -10.21798    -0.46192    -0.50373    -9.25233
     37.995       -10.21468    -0.46190    -0.50369    -9.24910
     38.145       -10.21136    -0.46187    -0.50365    -9.24585
     38.295       -10.20808    -0.46185    -0.50361    -9.24262
     38.445       -10.20479    -0.46182    -0.50356    -9.23940
     38.595       -10.20152    -0.46180    -0.50353    -9.23619
     38.745       -10.19826    -0.46177    -0.50349    -9.23301
     38.895       -10.19503    -0.46175    -0.50345    -9.22984
     39.045       -10.19180    -0.46172    -0.50341    -9.22667
     39.195       -10.18858    -0.46170    -0.50337    -9.22352
     39.345       -10.18539    -0.46167    -0.50333    -9.22039
     39.495       -10.18221    -0.46165    -0.50329    -9.21727
     39.645       -10.17904    -0.46163    -0.50325    -9.21416
     39.795       -10.17586    -0.46160    -0.50321    -9.21105
     39.945       -10.17271    -0.46158    -0.50317    -9.20796
     40.095       -10.16956    -0.46155    -0.50313    -9.20488
     40.245       -10.16643    -0.46153    -0.50309    -9.20181
     40.395       -10.16333    -0.46150    -0.50305    -9.19877
     40.545       -10.16021    -0.46148    -0.50302    -9.19571
     40.695       -10.15710    -0.46145    -0.50298    -9.19267
     40.845       -10.15401    -0.46143    -0.50294    -9.18964
     40.995       -10.15094    -0.46141    -0.50290    -9.18663
     41.145       -10.14788    -0.46138    -0.50287    -9.18363
     41.295       -10.14483    -0.46136    -0.50283    -9.18064
     41.445       -10.14180    -0.46134    -0.50280    -9.17767
     41.595       -10.13877    -0.46131    -0.50276    -9.17470
     41.745       -10.13577    -0.46129    -0.50272    -9.17176
     41.895       -10.13277    -0.46127    -0.50268    -9.16882
     42.045       -10.12980    -0.46125    -0.50265    -9.16591
     42.195       -10.12683    -0.46122    -0.50261    -9.16299
     42.345       -10.12385    -0.46120    -0.50257    -9.16007
     42.495       -10.12090    -0.46118    -0.50254    -9.15717
     42.645       -10.11797    -0.46116    -0.50250    -9.15430
     42.795       -10.11505    -0.46114    -0.50247    -9.15144
     42.945       -10.11212    -0.46112    -0.50243    -9.14857
     43.095       -10.10923    -0.46110    -0.50240    -9.14573
     43.245       -10.10633    -0.46107    -0.50236    -9.14290
     43.395       -10.10346    -0.46105    -0.50233    -9.14008
     43.545       -10.10059    -0.46103    -0.50229    -9.13727
     43.695       -10.09771    -0.46101    -0.50226    -9.13445
     43.845       -10.09486    -0.46098    -0.50222    -9.13165
     43.995       -10.09202    -0.46096    -0.50219    -9.12887
     44.145       -10.08918    -0.46094    -0.50215    -9.12609
     44.295       -10.08636    -0.46092    -0.50212    -9.12332
     44.445       -10.08356    -0.46090    -0.50209    -9.12057
     44.595       -10.08077    -0.46088    -0.50205    -9.11785
     44.745       -10.07799    -0.46085    -0.50202    -9.11512
     44.895       -10.07522    -0.46083    -0.50199    -9.11240
     45.045       -10.07246    -0.46081    -0.50195    -9.10969
     45.195       -10.06970    -0.46079    -0.50192    -9.10699
     45.345       -10.06696    -0.46077    -0.50189    -9.10430
     45.495       -10.06421    -0.46075    -0.50186    -9.10161
     45.645       -10.06149    -0.46073    -0.50182    -9.09894
     45.795       -10.05878    -0.46071    -0.50179    -9.09628
     45.945       -10.05607    -0.46068    -0.50176    -9.09363
     46.095       -10.05338    -0.46066    -0.50172    -9.09099
     46.245       -10.05069    -0.46064    -0.50169    -9.08836
     46.395       -10.04802    -0.46062    -0.50166    -9.08575
     46.545       -10.04537    -0.46060    -0.50162    -9.08314
     46.695       -10.04273    -0.46058    -0.50159    -9.08056
     46.845       -10.04008    -0.46056    -0.50156    -9.07796
     46.995       -10.03745    -0.46054    -0.50153    -9.07538
     47.145       -10.03483    -0.46052    -0.50149    -9.07282
     47.295       -10.03223    -0.46050    -0.50146    -9.07027
     47.445       -10.02964    -0.46048    -0.50143    -9.06773
     47.595       -10.02703    -0.46046    -0.50140    -9.06517
     47.745       -10.02444    -0.46044    -0.50137    -9.06263
     47.895       -10.02187    -0.46042    -0.50134    -9.06012
     48.045       -10.01929    -0.46040    -0.50131    -9.05758
     48.195       -10.01672    -0.46038    -0.50127    -9.05507
     48.345       -10.01417    -0.46036    -0.50124    -9.05257
     48.495       -10.01162    -0.46034    -0.50121    -9.05007
     48.645       -10.00909    -0.46032    -0.50118    -9.04759
     48.795       -10.00658    -0.46030    -0.50115    -9.04513
     48.945       -10.00406    -0.46028    -0.50112    -9.04266
     49.095       -10.00154    -0.46026    -0.50109    -9.04019
     49.245        -9.99903    -0.46024    -0.50106    -9.03773
     49.395        -9.99653    -0.46022    -0.50103    -9.03528
     49.545        -9.99404    -0.46020    -0.50100    -9.03283
     49.695        -9.99156    -0.46019    -0.50097    -9.03040
     49.845        -9.98909    -0.46016    -0.50094    -9.02798
     49.995        -9.98663    -0.46015    -0.50091    -9.02557
     50.145        -9.98416    -0.46013    -0.50088    -9.02315
     50.295        -9.98171    -0.46011    -0.50085    -9.02075
     50.445        -9.97927    -0.46009    -0.50082    -9.01836
     50.595        -9.97684    -0.46007    -0.50079    -9.01598
     50.745        -9.97441    -0.46005    -0.50076    -9.01360
     50.895        -9.97200    -0.46003    -0.50073    -9.01123
     51.045        -9.96960    -0.46002    -0.50070    -9.00888
     51.195        -9.96721    -0.46000    -0.50067    -9.00653
     51.345        -9.96481    -0.45998    -0.50065    -9.00418
     51.495        -9.96243    -0.45996    -0.50062    -9.00185
     51.645        -9.96004    -0.45994    -0.50059    -8.99951
     51.795        -9.95770    -0.45992    -0.50056    -8.99721
     51.945        -9.95533    -0.45991    -0.50053    -8.99489
     52.095        -9.95297    -0.45989    -0.50050    -8.99258
     52.245        -9.95063    -0.45987    -0.50048    -8.99029
     52.395        -9.94829    -0.45985    -0.50045    -8.98799
     52.545        -9.94595    -0.45983    -0.50042    -8.98570
     52.695        -9.94364    -0.45982    -0.50039    -8.98343
     52.845        -9.94132    -0.45980    -0.50036    -8.98116
     52.995        -9.93901    -0.45978    -0.50034    -8.97890
     53.145        -9.93671    -0.45976    -0.50031    -8.97664
     53.295        -9.93441    -0.45974    -0.50028    -8.97438
     53.445        -9.93212    -0.45973    -0.50025    -8.97215
     53.595        -9.92984    -0.45971    -0.50022    -8.96991
     53.745        -9.92757    -0.45969    -0.50019    -8.96768
     53.895        -9.92530    -0.45968    -0.50017    -8.96546
     54.045        -9.92303    -0.45966    -0.50014    -8.96323
     54.195        -9.92078    -0.45964    -0.50011    -8.96103
     54.345        -9.91854    -0.45963    -0.50009    -8.95882
     54.495        -9.91628    -0.45961    -0.50006    -8.95661
     54.645        -9.91406    -0.45959    -0.50003    -8.95444
     54.795        -9.91182    -0.45958    -0.50000    -8.95224
     54.945        -9.90959    -0.45956    -0.49998    -8.95005
     55.095        -9.90737    -0.45954    -0.49995    -8.94788
     59.433        -9.73412    -0.45824    -0.49785    -8.77803
     80.646        -9.48255    -0.45635    -0.49480    -8.53140
     111.21        -9.23972    -0.45453    -0.49186    -8.29333
     153.36        -9.00584    -0.45280    -0.48900    -8.06404
     211.49        -8.78080    -0.45111    -0.48626    -7.84343
     291.64        -8.56474    -0.44949    -0.48362    -7.63163
     402.18        -8.35729    -0.44792    -0.48109    -7.42828
     554.60        -8.15847    -0.44639    -0.47867    -7.23341
     764.80        -7.96811    -0.44495    -0.47637    -7.04679
     1054.7        -7.78578    -0.44355    -0.47415    -6.86808
     1454.4        -7.61126    -0.44221    -0.47204    -6.69701
     2005.6        -7.44441    -0.44091    -0.47001    -6.53349
     2765.8        -7.28487    -0.43967    -0.46806    -6.37714
     3814.0        -7.13247    -0.43848    -0.46620    -6.22779
     5259.5        -6.98685    -0.43736    -0.46445    -6.08505
     7252.9        -6.84741    -0.43626    -0.46276    -5.94838
     10002.        -6.71418    -0.43522    -0.46115    -5.81781
     13793.        -6.58696    -0.43423    -0.45962    -5.69311
     19020.        -6.46556    -0.43329    -0.45814    -5.57412
     26229.        -6.34960    -0.43238    -0.45674    -5.46048
     36170.        -6.23887    -0.43151    -0.45541    -5.35196
     49878.        -6.13331    -0.43068    -0.45412    -5.24851
     68782.        -6.03269    -0.42988    -0.45290    -5.14990
     94851.        -5.93676    -0.42913    -0.45174    -5.05590
    0.13080E+06    -5.84561    -0.42841    -0.45061    -4.96659
    0.18038E+06    -5.75885    -0.42773    -0.44956    -4.88157
    0.24874E+06    -5.67636    -0.42708    -0.44855    -4.80073
    0.34301E+06    -5.59792    -0.42647    -0.44757    -4.72388
    0.47302E+06    -5.52330    -0.42587    -0.44664    -4.65079
    0.65229E+06    -5.45243    -0.42532    -0.44576    -4.58135
    0.89952E+06    -5.38509    -0.42478    -0.44492    -4.51539
    0.12404E+07    -5.32114    -0.42428    -0.44413    -4.45274
    0.17106E+07    -5.26054    -0.42380    -0.44337    -4.39337
    0.23589E+07    -5.20284    -0.42333    -0.44266    -4.33685
    0.32529E+07    -5.14807    -0.42290    -0.44197    -4.28319
    0.44858E+07    -5.09609    -0.42249    -0.44132    -4.23228
    0.61860E+07    -5.04673    -0.42211    -0.44071    -4.18392
    0.85305E+07    -4.99987    -0.42174    -0.44013    -4.13801
    0.11764E+08    -4.95533    -0.42138    -0.43957    -4.09438
    0.16222E+08    -4.91304    -0.42104    -0.43904    -4.05296
    0.22370E+08    -4.87289    -0.42073    -0.43854    -4.01363
    0.30849E+08    -4.83478    -0.42043    -0.43806    -3.97628
    0.42541E+08    -4.79873    -0.42015    -0.43761    -3.94098
    0.58664E+08    -4.76491    -0.41988    -0.43718    -3.90785
    0.80898E+08    -4.73313    -0.41963    -0.43677    -3.87673
    0.11156E+09    -4.70343    -0.41940    -0.43639    -3.84764
    0.15384E+09    -4.67562    -0.41918    -0.43601    -3.82043
    0.21215E+09    -4.64956    -0.41898    -0.43565    -3.79492
    0.29255E+09    -4.62509    -0.41879    -0.43533    -3.77097
    0.40343E+09    -4.60207    -0.41861    -0.43502    -3.74845
    0.55633E+09    -4.58048    -0.41844    -0.43474    -3.72731
    0.76719E+09    -4.56038    -0.41828    -0.43446    -3.70764
    0.10580E+10    -4.54218    -0.41814    -0.43422    -3.68982
    0.14589E+10    -4.52548    -0.41800    -0.43397    -3.67351
    0.20119E+10    -4.51012    -0.41788    -0.43374    -3.65849
    0.27744E+10    -4.49594    -0.41777    -0.43353    -3.64464
    0.38259E+10    -4.48286    -0.41766    -0.43333    -3.63186
    0.52760E+10    -4.47080    -0.41757    -0.43316    -3.62007
    0.72756E+10    -4.45968    -0.41748    -0.43299    -3.60921
    0.10033E+11    -4.44937    -0.41740    -0.43285    -3.59912
    0.13836E+11    -4.43988    -0.41732    -0.43272    -3.58984
    0.19079E+11    -4.43112    -0.41725    -0.43259    -3.58128
    0.26311E+11    -4.42300    -0.41719    -0.43247    -3.57334
    0.36283E+11    -4.41555    -0.41713    -0.43236    -3.56606
    0.50034E+11    -4.40864    -0.41708    -0.43226    -3.55930
    0.68997E+11    -4.40226    -0.41703    -0.43217    -3.55306
    0.10000E+12    -4.32564    -0.41643    -0.43108    -3.47814
