    -99.945         0.00000     0.00000     0.00000     0.00000
    -99.795         0.00000     0.00000     0.00000     0.00000
    -99.645         0.00000     0.00000     0.00000     0.00000
    -99.495         0.00000     0.00000     0.00000     0.00000
    -99.345         0.00000     0.00000     0.00000     0.00000
    -99.195         0.00000     0.00000     0.00000     0.00000
    -99.045         0.00000     0.00000     0.00000     0.00000
    -98.895         0.00000     0.00000     0.00000     0.00000
    -98.745         0.00000     0.00000     0.00000     0.00000
    -98.595         0.00000     0.00000     0.00000     0.00000
    -98.445         0.00000     0.00000     0.00000     0.00000
    -98.295         0.00000     0.00000     0.00000     0.00000
    -98.145         0.00000     0.00000     0.00000     0.00000
    -97.995         0.00000     0.00000     0.00000     0.00000
    -97.845         0.00000     0.00000     0.00000     0.00000
    -97.695         0.00000     0.00000     0.00000     0.00000
    -97.545         0.00000     0.00000     0.00000     0.00000
    -97.395         0.00000     0.00000     0.00000     0.00000
    -97.245         0.00000     0.00000     0.00000     0.00000
    -97.095         0.00000     0.00000     0.00000     0.00000
    -96.945         0.00000     0.00000     0.00000     0.00000
    -96.795         0.00000     0.00000     0.00000     0.00000
    -96.645         0.00000     0.00000     0.00000     0.00000
    -96.495         0.00000     0.00000     0.00000     0.00000
    -96.345         0.00000     0.00000     0.00000     0.00000
    -96.195         0.00000     0.00000     0.00000     0.00000
    -96.045         0.00000     0.00000     0.00000     0.00000
    -95.895         0.00000     0.00000     0.00000     0.00000
    -95.745         0.00000     0.00000     0.00000     0.00000
    -95.595         0.00000     0.00000     0.00000     0.00000
    -95.445         0.00000     0.00000     0.00000     0.00000
    -95.295         0.00000     0.00000     0.00000     0.00000
    -95.145         0.00000     0.00000     0.00000     0.00000
    -94.995         0.00000     0.00000     0.00000     0.00000
    -94.845         0.00000     0.00000     0.00000     0.00000
    -94.695         0.00000     0.00000     0.00000     0.00000
    -94.545         0.00000     0.00000     0.00000     0.00000
    -94.395         0.00000     0.00000     0.00000     0.00000
    -94.245         0.00000     0.00000     0.00000     0.00000
    -94.095         0.00000     0.00000     0.00000     0.00000
    -93.945         0.00000     0.00000     0.00000     0.00000
    -93.795         0.00000     0.00000     0.00000     0.00000
    -93.645         0.00000     0.00000     0.00000     0.00000
    -93.495         0.00000     0.00000     0.00000     0.00000
    -93.345         0.00000     0.00000     0.00000     0.00000
    -93.195         0.00000     0.00000     0.00000     0.00000
    -93.045         0.00000     0.00000     0.00000     0.00000
    -92.895         0.00000     0.00000     0.00000     0.00000
    -92.745         0.00000     0.00000     0.00000     0.00000
    -92.595         0.00000     0.00000     0.00000     0.00000
    -92.445         0.00000     0.00000     0.00000     0.00000
    -92.295         0.00000     0.00000     0.00000     0.00000
    -92.145         0.00000     0.00000     0.00000     0.00000
    -91.995         0.00000     0.00000     0.00000     0.00000
    -91.845         0.00000     0.00000     0.00000     0.00000
    -91.695         0.00000     0.00000     0.00000     0.00000
    -91.545         0.00000     0.00000     0.00000     0.00000
    -91.395         0.00000     0.00000     0.00000     0.00000
    -91.245         0.00000     0.00000     0.00000     0.00000
    -91.095         0.00000     0.00000     0.00000     0.00000
    -90.945         0.00000     0.00000     0.00000     0.00000
    -90.795         0.00000     0.00000     0.00000     0.00000
    -90.645         0.00000     0.00000     0.00000     0.00000
    -90.495         0.00000     0.00000     0.00000     0.00000
    -90.345         0.00000     0.00000     0.00000     0.00000
    -90.195         0.00000     0.00000     0.00000     0.00000
    -90.045         0.00000     0.00000     0.00000     0.00000
    -89.895         0.00000     0.00000     0.00000     0.00000
    -89.745         0.00000     0.00000     0.00000     0.00000
    -89.595         0.00000     0.00000     0.00000     0.00000
    -89.445         0.00000     0.00000     0.00000     0.00000
    -89.295         0.00000     0.00000     0.00000     0.00000
    -89.145         0.00000     0.00000     0.00000     0.00000
    -88.995         0.00000     0.00000     0.00000     0.00000
    -88.845         0.00000     0.00000     0.00000     0.00000
    -88.695         0.00000     0.00000     0.00000     0.00000
    -88.545         0.00000     0.00000     0.00000     0.00000
    -88.395         0.00000     0.00000     0.00000     0.00000
    -88.245         0.00000     0.00000     0.00000     0.00000
    -88.095         0.00000     0.00000     0.00000     0.00000
    -87.945         0.00000     0.00000     0.00000     0.00000
    -87.795         0.00000     0.00000     0.00000     0.00000
    -87.645         0.00000     0.00000     0.00000     0.00000
    -87.495         0.00000     0.00000     0.00000     0.00000
    -87.345         0.00000     0.00000     0.00000     0.00000
    -87.195         0.00000     0.00000     0.00000     0.00000
    -87.045         0.00000     0.00000     0.00000     0.00000
    -86.895         0.00000     0.00000     0.00000     0.00000
    -86.745         0.00000     0.00000     0.00000     0.00000
    -86.595         0.00000     0.00000     0.00000     0.00000
    -86.445         0.00000     0.00000     0.00000     0.00000
    -86.295         0.00000     0.00000     0.00000     0.00000
    -86.145         0.00000     0.00000     0.00000     0.00000
    -85.995         0.00000     0.00000     0.00000     0.00000
    -85.845         0.00000     0.00000     0.00000     0.00000
    -85.695         0.00000     0.00000     0.00000     0.00000
    -85.545         0.00000     0.00000     0.00000     0.00000
    -85.395         0.00000     0.00000     0.00000     0.00000
    -85.245         0.00000     0.00000     0.00000     0.00000
    -85.095         0.00000     0.00000     0.00000     0.00000
    -84.945         0.00000     0.00000     0.00000     0.00000
    -84.795         0.00000     0.00000     0.00000     0.00000
    -84.645         0.00000     0.00000     0.00000     0.00000
    -84.495         0.00000     0.00000     0.00000     0.00000
    -84.345         0.00000     0.00000     0.00000     0.00000
    -84.195         0.00000     0.00000     0.00000     0.00000
    -84.045         0.00000     0.00000     0.00000     0.00000
    -83.895         0.00000     0.00000     0.00000     0.00000
    -83.745         0.00000     0.00000     0.00000     0.00000
    -83.595         0.00000     0.00000     0.00000     0.00000
    -83.445         0.00000     0.00000     0.00000     0.00000
    -83.295         0.00000     0.00000     0.00000     0.00000
    -83.145         0.00000     0.00000     0.00000     0.00000
    -82.995         0.00000     0.00000     0.00000     0.00000
    -82.845         0.00000     0.00000     0.00000     0.00000
    -82.695         0.00000     0.00000     0.00000     0.00000
    -82.545         0.00000     0.00000     0.00000     0.00000
    -82.395         0.00000     0.00000     0.00000     0.00000
    -82.245         0.00000     0.00000     0.00000     0.00000
    -82.095         0.00000     0.00000     0.00000     0.00000
    -81.945         0.00000     0.00000     0.00000     0.00000
    -81.795         0.00000     0.00000     0.00000     0.00000
    -81.645         0.00000     0.00000     0.00000     0.00000
    -81.495         0.00000     0.00000     0.00000     0.00000
    -81.345         0.00000     0.00000     0.00000     0.00000
    -81.195         0.00000     0.00000     0.00000     0.00000
    -81.045         0.00000     0.00000     0.00000     0.00000
    -80.895         0.00000     0.00000     0.00000     0.00000
    -80.745         0.00000     0.00000     0.00000     0.00000
    -80.595         0.00000     0.00000     0.00000     0.00000
    -80.445         0.00000     0.00000     0.00000     0.00000
    -80.295         0.00000     0.00000     0.00000     0.00000
    -80.145         0.00000     0.00000     0.00000     0.00000
    -79.995         0.00000     0.00000     0.00000     0.00000
    -79.845         0.00000     0.00000     0.00000     0.00000
    -79.695         0.00000     0.00000     0.00000     0.00000
    -79.545         0.00000     0.00000     0.00000     0.00000
    -79.395         0.00000     0.00000     0.00000     0.00000
    -79.245         0.00000     0.00000     0.00000     0.00000
    -79.095         0.00000     0.00000     0.00000     0.00000
    -78.945         0.00000     0.00000     0.00000     0.00000
    -78.795         0.00000     0.00000     0.00000     0.00000
    -78.645         0.00000     0.00000     0.00000     0.00000
    -78.495         0.00000     0.00000     0.00000     0.00000
    -78.345         0.00000     0.00000     0.00000     0.00000
    -78.195         0.00000     0.00000     0.00000     0.00000
    -78.045         0.00000     0.00000     0.00000     0.00000
    -77.895         0.00000     0.00000     0.00000     0.00000
    -77.745         0.00000     0.00000     0.00000     0.00000
    -77.595         0.00000     0.00000     0.00000     0.00000
    -77.445         0.00000     0.00000     0.00000     0.00000
    -77.295         0.00000     0.00000     0.00000     0.00000
    -77.145         0.00000     0.00000     0.00000     0.00000
    -76.995         0.00000     0.00000     0.00000     0.00000
    -76.845         0.00000     0.00000     0.00000     0.00000
    -76.695         0.00000     0.00000     0.00000     0.00000
    -76.545         0.00000     0.00000     0.00000     0.00000
    -76.395         0.00000     0.00000     0.00000     0.00000
    -76.245         0.00000     0.00000     0.00000     0.00000
    -76.095         0.00000     0.00000     0.00000     0.00000
    -75.945         0.00000     0.00000     0.00000     0.00000
    -75.795         0.00000     0.00000     0.00000     0.00000
    -75.645         0.00000     0.00000     0.00000     0.00000
    -75.495         0.00000     0.00000     0.00000     0.00000
    -75.345         0.00000     0.00000     0.00000     0.00000
    -75.195         0.00000     0.00000     0.00000     0.00000
    -75.045         0.00000     0.00000     0.00000     0.00000
    -74.895         0.00000     0.00000     0.00000     0.00000
    -74.745         0.00000     0.00000     0.00000     0.00000
    -74.595         0.00000     0.00000     0.00000     0.00000
    -74.445         0.00000     0.00000     0.00000     0.00000
    -74.295         0.00000     0.00000     0.00000     0.00000
    -74.145         0.00000     0.00000     0.00000     0.00000
    -73.995         0.00000     0.00000     0.00000     0.00000
    -73.845         0.00000     0.00000     0.00000     0.00000
    -73.695         0.00000     0.00000     0.00000     0.00000
    -73.545         0.00000     0.00000     0.00000     0.00000
    -73.395         0.00000     0.00000     0.00000     0.00000
    -73.245         0.00000     0.00000     0.00000     0.00000
    -73.095         0.00000     0.00000     0.00000     0.00000
    -72.945         0.00000     0.00000     0.00000     0.00000
    -72.795         0.00000     0.00000     0.00000     0.00000
    -72.645         0.00000     0.00000     0.00000     0.00000
    -72.495         0.00000     0.00000     0.00000     0.00000
    -72.345         0.00000     0.00000     0.00000     0.00000
    -72.195         0.00000     0.00000     0.00000     0.00000
    -72.045         0.00000     0.00000     0.00000     0.00000
    -71.895         0.00000     0.00000     0.00000     0.00000
    -71.745         0.00000     0.00000     0.00000     0.00000
    -71.595         0.00000     0.00000     0.00000     0.00000
    -71.445         0.00000     0.00000     0.00000     0.00000
    -71.295         0.00000     0.00000     0.00000     0.00000
    -71.145         0.00000     0.00000     0.00000     0.00000
    -70.995         0.00000     0.00000     0.00000     0.00000
    -70.845         0.00000     0.00000     0.00000     0.00000
    -70.695         0.00000     0.00000     0.00000     0.00000
    -70.545         0.00000     0.00000     0.00000     0.00000
    -70.395         0.00000     0.00000     0.00000     0.00000
    -70.245         0.00000     0.00000     0.00000     0.00000
    -70.095         0.00000     0.00000     0.00000     0.00000
    -69.945         0.00000     0.00000     0.00000     0.00000
    -69.795         0.00000     0.00000     0.00000     0.00000
    -69.645         0.00000     0.00000     0.00000     0.00000
    -69.495         0.00000     0.00000     0.00000     0.00000
    -69.345         0.00000     0.00000     0.00000     0.00000
    -69.195         0.00000     0.00000     0.00000     0.00000
    -69.045         0.00000     0.00000     0.00000     0.00000
    -68.895         0.00000     0.00000     0.00000     0.00000
    -68.745         0.00000     0.00000     0.00000     0.00000
    -68.595         0.00000     0.00000     0.00000     0.00000
    -68.445         0.00000     0.00000     0.00000     0.00000
    -68.295         0.00000     0.00000     0.00000     0.00000
    -68.145         0.00000     0.00000     0.00000     0.00000
    -67.995         0.00000     0.00000     0.00000     0.00000
    -67.845         0.00000     0.00000     0.00000     0.00000
    -67.695         0.00000     0.00000     0.00000     0.00000
    -67.545         0.00000     0.00000     0.00000     0.00000
    -67.395         0.00000     0.00000     0.00000     0.00000
    -67.245         0.00000     0.00000     0.00000     0.00000
    -67.095         0.00000     0.00000     0.00000     0.00000
    -66.945         0.00000     0.00000     0.00000     0.00000
    -66.795         0.00000     0.00000     0.00000     0.00000
    -66.645         0.00000     0.00000     0.00000     0.00000
    -66.495         0.00000     0.00000     0.00000     0.00000
    -66.345         0.00000     0.00000     0.00000     0.00000
    -66.195         0.00000     0.00000     0.00000     0.00000
    -66.045         0.00000     0.00000     0.00000     0.00000
    -65.895         0.00000     0.00000     0.00000     0.00000
    -65.745         0.00000     0.00000     0.00000     0.00000
    -65.595         0.00000     0.00000     0.00000     0.00000
    -65.445         0.00000     0.00000     0.00000     0.00000
    -65.295         0.00000     0.00000     0.00000     0.00000
    -65.145         0.00000     0.00000     0.00000     0.00000
    -64.995         0.00000     0.00000     0.00000     0.00000
    -64.845         0.00000     0.00000     0.00000     0.00000
    -64.695         0.00000     0.00000     0.00000     0.00000
    -64.545         0.00000     0.00000     0.00000     0.00000
    -64.395         0.00000     0.00000     0.00000     0.00000
    -64.245         0.00000     0.00000     0.00000     0.00000
    -64.095         0.00000     0.00000     0.00000     0.00000
    -63.945         0.00000     0.00000     0.00000     0.00000
    -63.795         0.00000     0.00000     0.00000     0.00000
    -63.645         0.00000     0.00000     0.00000     0.00000
    -63.495         0.00000     0.00000     0.00000     0.00000
    -63.345         0.00000     0.00000     0.00000     0.00000
    -63.195         0.00000     0.00000     0.00000     0.00000
    -63.045         0.00000     0.00000     0.00000     0.00000
    -62.895         0.00000     0.00000     0.00000     0.00000
    -62.745         0.00000     0.00000     0.00000     0.00000
    -62.595         0.00000     0.00000     0.00000     0.00000
    -62.445         0.00000     0.00000     0.00000     0.00000
    -62.295         0.00000     0.00000     0.00000     0.00000
    -62.145         0.00000     0.00000     0.00000     0.00000
    -61.995         0.00000     0.00000     0.00000     0.00000
    -61.845         0.00000     0.00000     0.00000     0.00000
    -61.695         0.00000     0.00000     0.00000     0.00000
    -61.545         0.00000     0.00000     0.00000     0.00000
    -61.395         0.00000     0.00000     0.00000     0.00000
    -61.245         0.00000     0.00000     0.00000     0.00000
    -61.095         0.00000     0.00000     0.00000     0.00000
    -60.945         0.00000     0.00000     0.00000     0.00000
    -60.795         0.00000     0.00000     0.00000     0.00000
    -60.645         0.00000     0.00000     0.00000     0.00000
    -60.495         0.00000     0.00000     0.00000     0.00000
    -60.345         0.00000     0.00000     0.00000     0.00000
    -60.195         0.00000     0.00000     0.00000     0.00000
    -60.045         0.00000     0.00000     0.00000     0.00000
    -59.895         0.00000     0.00000     0.00000     0.00000
    -59.745         0.00000     0.00000     0.00000     0.00000
    -59.595         0.00000     0.00000     0.00000     0.00000
    -59.445         0.00000     0.00000     0.00000     0.00000
    -59.295         0.00000     0.00000     0.00000     0.00000
    -59.145         0.00000     0.00000     0.00000     0.00000
    -58.995         0.00000     0.00000     0.00000     0.00000
    -58.845         0.00000     0.00000     0.00000     0.00000
    -58.695         0.00000     0.00000     0.00000     0.00000
    -58.545         0.00000     0.00000     0.00000     0.00000
    -58.395         0.00000     0.00000     0.00000     0.00000
    -58.245         0.00000     0.00000     0.00000     0.00000
    -58.095         0.00000     0.00000     0.00000     0.00000
    -57.945         0.00000     0.00000     0.00000     0.00000
    -57.795         0.00000     0.00000     0.00000     0.00000
    -57.645         0.00000     0.00000     0.00000     0.00000
    -57.495         0.00000     0.00000     0.00000     0.00000
    -57.345         0.00000     0.00000     0.00000     0.00000
    -57.195         0.00000     0.00000     0.00000     0.00000
    -57.045         0.00000     0.00000     0.00000     0.00000
    -56.895         0.00000     0.00000     0.00000     0.00000
    -56.745         0.00000     0.00000     0.00000     0.00000
    -56.595         0.00000     0.00000     0.00000     0.00000
    -56.445         0.00000     0.00000     0.00000     0.00000
    -56.295         0.00000     0.00000     0.00000     0.00000
    -56.145         0.00000     0.00000     0.00000     0.00000
    -55.995         0.00000     0.00000     0.00000     0.00000
    -55.845         0.00000     0.00000     0.00000     0.00000
    -55.695         0.00000     0.00000     0.00000     0.00000
    -55.545         0.00000     0.00000     0.00000     0.00000
    -55.395         0.00000     0.00000     0.00000     0.00000
    -55.245         0.00000     0.00000     0.00000     0.00000
    -55.095         0.00000     0.00000     0.00000     0.00000
    -54.945         0.00000     0.00000     0.00000     0.00000
    -54.795         0.00000     0.00000     0.00000     0.00000
    -54.645         0.00000     0.00000     0.00000     0.00000
    -54.495         0.00000     0.00000     0.00000     0.00000
    -54.345         0.00000     0.00000     0.00000     0.00000
    -54.195         0.00000     0.00000     0.00000     0.00000
    -54.045         0.00000     0.00000     0.00000     0.00000
    -53.895         0.00000     0.00000     0.00000     0.00000
    -53.745         0.00000     0.00000     0.00000     0.00000
    -53.595         0.00000     0.00000     0.00000     0.00000
    -53.445         0.00000     0.00000     0.00000     0.00000
    -53.295         0.00000     0.00000     0.00000     0.00000
    -53.145         0.00000     0.00000     0.00000     0.00000
    -52.995         0.00000     0.00000     0.00000     0.00000
    -52.845         0.00000     0.00000     0.00000     0.00000
    -52.695         0.00000     0.00000     0.00000     0.00000
    -52.545         0.00000     0.00000     0.00000     0.00000
    -52.395         0.00000     0.00000     0.00000     0.00000
    -52.245         0.00000     0.00000     0.00000     0.00000
    -52.095         0.00000     0.00000     0.00000     0.00000
    -51.945         0.00000     0.00000     0.00000     0.00000
    -51.795         0.00000     0.00000     0.00000     0.00000
    -51.645         0.00000     0.00000     0.00000     0.00000
    -51.495         0.00000     0.00000     0.00000     0.00000
    -51.345         0.00000     0.00000     0.00000     0.00000
    -51.195         0.00000     0.00000     0.00000     0.00000
    -51.045         0.00000     0.00000     0.00000     0.00000
    -50.895         0.00000     0.00000     0.00000     0.00000
    -50.745         0.00000     0.00000     0.00000     0.00000
    -50.595         0.00000     0.00000     0.00000     0.00000
    -50.445         0.00000     0.00000     0.00000     0.00000
    -50.295         0.00000     0.00000     0.00000     0.00000
    -50.145         0.00000     0.00000     0.00000     0.00000
    -49.995         0.00000     0.00000     0.00000     0.00000
    -49.845         0.00000     0.00000     0.00000     0.00000
    -49.695         0.00000     0.00000     0.00000     0.00000
    -49.545         0.00000     0.00000     0.00000     0.00000
    -49.395         0.00000     0.00000     0.00000     0.00000
    -49.245         0.00000     0.00000     0.00000     0.00000
    -49.095         0.00000     0.00000     0.00000     0.00000
    -48.945         0.00000     0.00000     0.00000     0.00000
    -48.795         0.00000     0.00000     0.00000     0.00000
    -48.645         0.00000     0.00000     0.00000     0.00000
    -48.495         0.00000     0.00000     0.00000     0.00000
    -48.345         0.00000     0.00000     0.00000     0.00000
    -48.195         0.00000     0.00000     0.00000     0.00000
    -48.045         0.00000     0.00000     0.00000     0.00000
    -47.895         0.00000     0.00000     0.00000     0.00000
    -47.745         0.00000     0.00000     0.00000     0.00000
    -47.595         0.00000     0.00000     0.00000     0.00000
    -47.445         0.00000     0.00000     0.00000     0.00000
    -47.295         0.00000     0.00000     0.00000     0.00000
    -47.145         0.00000     0.00000     0.00000     0.00000
    -46.995         0.00000     0.00000     0.00000     0.00000
    -46.845         0.00000     0.00000     0.00000     0.00000
    -46.695         0.00000     0.00000     0.00000     0.00000
    -46.545         0.00000     0.00000     0.00000     0.00000
    -46.395         0.00000     0.00000     0.00000     0.00000
    -46.245         0.00000     0.00000     0.00000     0.00000
    -46.095         0.00000     0.00000     0.00000     0.00000
    -45.945         0.00000     0.00000     0.00000     0.00000
    -45.795         0.00000     0.00000     0.00000     0.00000
    -45.645         0.00000     0.00000     0.00000     0.00000
    -45.495         0.00000     0.00000     0.00000     0.00000
    -45.345         0.00000     0.00000     0.00000     0.00000
    -45.195         0.00000     0.00000     0.00000     0.00000
    -45.045         0.00000     0.00000     0.00000     0.00000
    -44.895         0.00000     0.00000     0.00000     0.00000
    -44.745         0.00000     0.00000     0.00000     0.00000
    -44.595         0.00000     0.00000     0.00000     0.00000
    -44.445         0.00000     0.00000     0.00000     0.00000
    -44.295         0.00000     0.00000     0.00000     0.00000
    -44.145         0.00000     0.00000     0.00000     0.00000
    -43.995         0.00000     0.00000     0.00000     0.00000
    -43.845         0.00000     0.00000     0.00000     0.00000
    -43.695         0.00000     0.00000     0.00000     0.00000
    -43.545         0.00000     0.00000     0.00000     0.00000
    -43.395         0.00000     0.00000     0.00000     0.00000
    -43.245         0.00000     0.00000     0.00000     0.00000
    -43.095         0.00000     0.00000     0.00000     0.00000
    -42.945         0.00000     0.00000     0.00000     0.00000
    -42.795         0.00000     0.00000     0.00000     0.00000
    -42.645         0.00000     0.00000     0.00000     0.00000
    -42.495         0.00000     0.00000     0.00000     0.00000
    -42.345         0.00000     0.00000     0.00000     0.00000
    -42.195         0.00000     0.00000     0.00000     0.00000
    -42.045         0.00000     0.00000     0.00000     0.00000
    -41.895         0.00000     0.00000     0.00000     0.00000
    -41.745         0.00000     0.00000     0.00000     0.00000
    -41.595         0.00000     0.00000     0.00000     0.00000
    -41.445         0.00000     0.00000     0.00000     0.00000
    -41.295         0.00000     0.00000     0.00000     0.00000
    -41.145         0.00000     0.00000     0.00000     0.00000
    -40.995         0.00000     0.00000     0.00000     0.00000
    -40.845         0.00000     0.00000     0.00000     0.00000
    -40.695         0.00000     0.00000     0.00000     0.00000
    -40.545         0.00000     0.00000     0.00000     0.00000
    -40.395         0.00000     0.00000     0.00000     0.00000
    -40.245         0.00000     0.00000     0.00000     0.00000
    -40.095         0.00000     0.00000     0.00000     0.00000
    -39.945         0.00000     0.00000     0.00000     0.00000
    -39.795         0.00000     0.00000     0.00000     0.00000
    -39.645         0.00000     0.00000     0.00000     0.00000
    -39.495         0.00000     0.00000     0.00000     0.00000
    -39.345         0.00000     0.00000     0.00000     0.00000
    -39.195         0.00000     0.00000     0.00000     0.00000
    -39.045         0.00000     0.00000     0.00000     0.00000
    -38.895         0.00000     0.00000     0.00000     0.00000
    -38.745         0.00000     0.00000     0.00000     0.00000
    -38.595         0.00000     0.00000     0.00000     0.00000
    -38.445         0.00000     0.00000     0.00000     0.00000
    -38.295         0.00000     0.00000     0.00000     0.00000
    -38.145         0.00000     0.00000     0.00000     0.00000
    -37.995         0.00000     0.00000     0.00000     0.00000
    -37.845         0.00000     0.00000     0.00000     0.00000
    -37.695         0.00000     0.00000     0.00000     0.00000
    -37.545         0.00000     0.00000     0.00000     0.00000
    -37.395         0.00000     0.00000     0.00000     0.00000
    -37.245         0.00000     0.00000     0.00000     0.00000
    -37.095         0.00000     0.00000     0.00000     0.00000
    -36.945         0.00000     0.00000     0.00000     0.00000
    -36.795         0.00000     0.00000     0.00000     0.00000
    -36.645         0.00000     0.00000     0.00000     0.00000
    -36.495         0.00000     0.00000     0.00000     0.00000
    -36.345         0.00000     0.00000     0.00000     0.00000
    -36.195         0.00000     0.00000     0.00000     0.00000
    -36.045         0.00000     0.00000     0.00000     0.00000
    -35.895         0.00000     0.00000     0.00000     0.00000
    -35.745         0.00000     0.00000     0.00000     0.00000
    -35.595         0.00000     0.00000     0.00000     0.00000
    -35.445         0.00000     0.00000     0.00000     0.00000
    -35.295         0.00000     0.00000     0.00000     0.00000
    -35.145         0.00000     0.00000     0.00000     0.00000
    -34.995         0.00000     0.00000     0.00000     0.00000
    -34.845         0.00000     0.00000     0.00000     0.00000
    -34.695         0.00000     0.00000     0.00000     0.00000
    -34.545         0.00000     0.00000     0.00000     0.00000
    -34.395         0.00000     0.00000     0.00000     0.00000
    -34.245         0.00000     0.00000     0.00000     0.00000
    -34.095         0.00000     0.00000     0.00000     0.00000
    -33.945         0.00000     0.00000     0.00000     0.00000
    -33.795         0.00000     0.00000     0.00000     0.00000
    -33.645         0.00000     0.00000     0.00000     0.00000
    -33.495         0.00000     0.00000     0.00000     0.00000
    -33.345         0.00000     0.00000     0.00000     0.00000
    -33.195         0.00000     0.00000     0.00000     0.00000
    -33.045         0.00000     0.00000     0.00000     0.00000
    -32.895         0.00000     0.00000     0.00000     0.00000
    -32.745         0.00000     0.00000     0.00000     0.00000
    -32.595         0.00000     0.00000     0.00000     0.00000
    -32.445         0.00000     0.00000     0.00000     0.00000
    -32.295         0.00000     0.00000     0.00000     0.00000
    -32.145         0.00000     0.00000     0.00000     0.00000
    -31.995         0.00000     0.00000     0.00000     0.00000
    -31.845         0.00000     0.00000     0.00000     0.00000
    -31.695         0.00000     0.00000     0.00000     0.00000
    -31.545         0.00000     0.00000     0.00000     0.00000
    -31.395         0.00000     0.00000     0.00000     0.00000
    -31.245         0.00000     0.00000     0.00000     0.00000
    -31.095         0.00000     0.00000     0.00000     0.00000
    -30.945         0.00000     0.00000     0.00000     0.00000
    -30.795         0.00000     0.00000     0.00000     0.00000
    -30.645         0.00000     0.00000     0.00000     0.00000
    -30.495         0.00000     0.00000     0.00000     0.00000
    -30.345         0.00000     0.00000     0.00000     0.00000
    -30.195         0.00000     0.00000     0.00000     0.00000
    -30.045         0.00000     0.00000     0.00000     0.00000
    -29.895         0.00000     0.00000     0.00000     0.00000
    -29.745         0.00000     0.00000     0.00000     0.00000
    -29.595         0.00000     0.00000     0.00000     0.00000
    -29.445         0.00000     0.00000     0.00000     0.00000
    -29.295         0.00000     0.00000     0.00000     0.00000
    -29.145         0.00000     0.00000     0.00000     0.00000
    -28.995         0.00000     0.00000     0.00000     0.00000
    -28.845         0.00000     0.00000     0.00000     0.00000
    -28.695         0.00000     0.00000     0.00000     0.00000
    -28.545         0.00000     0.00000     0.00000     0.00000
    -28.395         0.00000     0.00000     0.00000     0.00000
    -28.245         0.00000     0.00000     0.00000     0.00000
    -28.095         0.00000     0.00000     0.00000     0.00000
    -27.945         0.00000     0.00000     0.00000     0.00000
    -27.795         0.00000     0.00000     0.00000     0.00000
    -27.645         0.00000     0.00000     0.00000     0.00000
    -27.495         0.00000     0.00000     0.00000     0.00000
    -27.345         0.00000     0.00000     0.00000     0.00000
    -27.195         0.00000     0.00000     0.00000     0.00000
    -27.045         0.00000     0.00000     0.00000     0.00000
    -26.895         0.00000     0.00000     0.00000     0.00000
    -26.745         0.00000     0.00000     0.00000     0.00000
    -26.595         0.00000     0.00000     0.00000     0.00000
    -26.445         0.00000     0.00000     0.00000     0.00000
    -26.295         0.00000     0.00000     0.00000     0.00000
    -26.145         0.00000     0.00000     0.00000     0.00000
    -25.995         0.00000     0.00000     0.00000     0.00000
    -25.845         0.00000     0.00000     0.00000     0.00000
    -25.695         0.00000     0.00000     0.00000     0.00000
    -25.545         0.00000     0.00000     0.00000     0.00000
    -25.395         0.00000     0.00000     0.00000     0.00000
    -25.245         0.00000     0.00000     0.00000     0.00000
    -25.095         0.00000     0.00000     0.00000     0.00000
    -24.945         0.00000     0.00000     0.00000     0.00000
    -24.795         0.00000     0.00000     0.00000     0.00000
    -24.645         0.00000     0.00000     0.00000     0.00000
    -24.495         0.00000     0.00000     0.00000     0.00000
    -24.345         0.00000     0.00000     0.00000     0.00000
    -24.195         0.00000     0.00000     0.00000     0.00000
    -24.045         0.00000     0.00000     0.00000     0.00000
    -23.895         0.00000     0.00000     0.00000     0.00000
    -23.745         0.00000     0.00000     0.00000     0.00000
    -23.595         0.00000     0.00000     0.00000     0.00000
    -23.445         0.00000     0.00000     0.00000     0.00000
    -23.295         0.00000     0.00000     0.00000     0.00000
    -23.145         0.00000     0.00000     0.00000     0.00000
    -22.995         0.00000     0.00000     0.00000     0.00000
    -22.845         0.00000     0.00000     0.00000     0.00000
    -22.695         0.00000     0.00000     0.00000     0.00000
    -22.545         0.00000     0.00000     0.00000     0.00000
    -22.395         0.00000     0.00000     0.00000     0.00000
    -22.245         0.00000     0.00000     0.00000     0.00000
    -22.095         0.00000     0.00000     0.00000     0.00000
    -21.945         0.00000     0.00000     0.00000     0.00000
    -21.795         0.00000     0.00000     0.00000     0.00000
    -21.645         0.00000     0.00000     0.00000     0.00000
    -21.495         0.00000     0.00000     0.00000     0.00000
    -21.345         0.00000     0.00000     0.00000     0.00000
    -21.195         0.00000     0.00000     0.00000     0.00000
    -21.045         0.00000     0.00000     0.00000     0.00000
    -20.895         0.00000     0.00000     0.00000     0.00000
    -20.745         0.00000     0.00000     0.00000     0.00000
    -20.595         0.00000     0.00000     0.00000     0.00000
    -20.445         0.00000     0.00000     0.00000     0.00000
    -20.295         0.00000     0.00000     0.00000     0.00000
    -20.145         0.00000     0.00000     0.00000     0.00000
    -19.995         0.00000     0.00000     0.00000     0.00000
    -19.845         0.00000     0.00000     0.00000     0.00000
    -19.695         0.00000     0.00000     0.00000     0.00000
    -19.545         0.00000     0.00000     0.00000     0.00000
    -19.395         0.00000     0.00000     0.00000     0.00000
    -19.245         0.00000     0.00000     0.00000     0.00000
    -19.095         0.00000     0.00000     0.00000     0.00000
    -18.945         0.00000     0.00000     0.00000     0.00000
    -18.795         0.00000     0.00000     0.00000     0.00000
    -18.645         0.00000     0.00000     0.00000     0.00000
    -18.495         0.00000     0.00000     0.00000     0.00000
    -18.345         0.00000     0.00000     0.00000     0.00000
    -18.195         0.00000     0.00000     0.00000     0.00000
    -18.045         0.00000     0.00000     0.00000     0.00000
    -17.895         0.00000     0.00000     0.00000     0.00000
    -17.745         0.00000     0.00000     0.00000     0.00000
    -17.595         0.00000     0.00000     0.00000     0.00000
    -17.445         0.00000     0.00000     0.00000     0.00000
    -17.295         0.00000     0.00000     0.00000     0.00000
    -17.145         0.00000     0.00000     0.00000     0.00000
    -16.995         0.00000     0.00000     0.00000     0.00000
    -16.845         0.00000     0.00000     0.00000     0.00000
    -16.695         0.00000     0.00000     0.00000     0.00000
    -16.545         0.00000     0.00000     0.00000     0.00000
    -16.395         0.00000     0.00000     0.00000     0.00000
    -16.245         0.00000     0.00000     0.00000     0.00000
    -16.095         0.00000     0.00000     0.00000     0.00000
    -15.945         0.00000     0.00000     0.00000     0.00000
    -15.795         0.00000     0.00000     0.00000     0.00000
    -15.645         0.00000     0.00000     0.00000     0.00000
    -15.495         0.00000     0.00000     0.00000     0.00000
    -15.345         0.00000     0.00000     0.00000     0.00000
    -15.195         0.00000     0.00000     0.00000     0.00000
    -15.045         0.00000     0.00000     0.00000     0.00000
    -14.895         0.00000     0.00000     0.00000     0.00000
    -14.745         0.00000     0.00000     0.00000     0.00000
    -14.595         0.00000     0.00000     0.00000     0.00000
    -14.445         0.00000     0.00000     0.00000     0.00000
    -14.295         0.00000     0.00000     0.00000     0.00000
    -14.145         0.00000     0.00000     0.00000     0.00000
    -13.995         0.00000     0.00000     0.00000     0.00000
    -13.845         0.00000     0.00000     0.00000     0.00000
    -13.695         0.00000     0.00000     0.00000     0.00000
    -13.545         0.00000     0.00000     0.00000     0.00000
    -13.395         0.00000     0.00000     0.00000     0.00000
    -13.245         0.00000     0.00000     0.00000     0.00000
    -13.095         0.00000     0.00000     0.00000     0.00000
    -12.945         0.00000     0.00000     0.00000     0.00000
    -12.795         0.00000     0.00000     0.00000     0.00000
    -12.645         0.00000     0.00000     0.00000     0.00000
    -12.495         0.00000     0.00000     0.00000     0.00000
    -12.345         0.00000     0.00000     0.00000     0.00000
    -12.195         0.00000     0.00000     0.00000     0.00000
    -12.045         0.00000     0.00000     0.00000     0.00000
    -11.895         0.00000     0.00000     0.00000     0.00000
    -11.745         0.00000     0.00000     0.00000     0.00000
    -11.595         0.00000     0.00000     0.00000     0.00000
    -11.445         0.00000     0.00000     0.00000     0.00000
    -11.295         0.00000     0.00000     0.00000     0.00000
    -11.145         0.00000     0.00000     0.00000     0.00000
    -10.995         0.00000     0.00000     0.00000     0.00000
    -10.845         0.00000     0.00000     0.00000     0.00000
    -10.695         0.00000     0.00000     0.00000     0.00000
    -10.545         0.00000     0.00000     0.00000     0.00000
    -10.395         0.00000     0.00000     0.00000     0.00000
    -10.245         0.00000     0.00000     0.00000     0.00000
    -10.095         0.00000     0.00000     0.00000     0.00000
    -9.9450         0.00000     0.00000     0.00000     0.00000
    -9.7950         0.00000     0.00000     0.00000     0.00000
    -9.6450         0.00000     0.00000     0.00000     0.00000
    -9.4950         0.00000     0.00000     0.00000     0.00000
    -9.3450         0.00000     0.00000     0.00000     0.00000
    -9.1950         0.00000     0.00000     0.00000     0.00000
    -9.0450         0.00000     0.00000     0.00000     0.00000
    -8.8950         0.00000     0.00000     0.00000     0.00000
    -8.7450         0.00000     0.00000     0.00000     0.00000
    -8.5950         0.00000     0.00000     0.00000     0.00000
    -8.4450         0.00000     0.00000     0.00000     0.00000
    -8.2950         0.00000     0.00000     0.00000     0.00000
    -8.1450         0.00000     0.00000     0.00000     0.00000
    -7.9950         0.00000     0.00000     0.00000     0.00000
    -7.8450         0.00000     0.00000     0.00000     0.00000
    -7.6950         0.00000     0.00000     0.00000     0.00000
    -7.5450         0.00000     0.00000     0.00000     0.00000
    -7.3950         0.00000     0.00000     0.00000     0.00000
    -7.2450         0.00000     0.00000     0.00000     0.00000
    -7.0950         0.00000     0.00000     0.00000     0.00000
    -6.9450         0.00000     0.00000     0.00000     0.00000
    -6.7950         0.00000     0.00000     0.00000     0.00000
    -6.6450         0.00000     0.00000     0.00000     0.00000
    -6.4950         0.00000     0.00000     0.00000     0.00000
    -6.3450         0.00000     0.00000     0.00000     0.00000
    -6.1950         0.00000     0.00000     0.00000     0.00000
    -6.0450         0.00000     0.00000     0.00000     0.00000
    -5.8950         0.00000     0.00000     0.00000     0.00000
    -5.7450         0.00000     0.00000     0.00000     0.00000
    -5.5950         0.00000     0.00000     0.00000     0.00000
    -5.4450         0.00000     0.00000     0.00000     0.00000
    -5.2950         0.00000     0.00000     0.00000     0.00000
    -5.1450         0.00000     0.00000     0.00000     0.00000
    -4.9950         0.00000     0.00000     0.00000     0.00000
    -4.8450         0.00000     0.00000     0.00000     0.00000
    -4.6950         0.00000     0.00000     0.00000     0.00000
    -4.5450         0.00000     0.00000     0.00000     0.00000
    -4.3950         0.00000     0.00000     0.00000     0.00000
    -4.2450         0.00000     0.00000     0.00000     0.00000
    -4.0950         0.00000     0.00000     0.00000     0.00000
    -3.9450         0.00000     0.00000     0.00000     0.00000
    -3.7950         0.00000     0.00000     0.00000     0.00000
    -3.6450         0.00000     0.00000     0.00000     0.00000
    -3.4950         0.00000     0.00000     0.00000     0.00000
    -3.3450         0.00000     0.00000     0.00000     0.00000
    -3.1950         0.00000     0.00000     0.00000     0.00000
    -3.0450         0.00000     0.00000     0.00000     0.00000
    -2.8950         0.00000     0.00000     0.00000     0.00000
    -2.7450        -0.00000    -0.00000     0.00000     0.00000
    -2.5950        -0.00000    -0.00000     0.00000     0.00000
    -2.4450        -0.00000    -0.00000     0.00000     0.00000
    -2.2950        -0.00000    -0.00000     0.00000     0.00000
    -2.1450        -0.00000    -0.00000     0.00000     0.00000
    -1.9950        -0.00000    -0.00000     0.00000     0.00000
    -1.8450        -0.00001    -0.00001     0.00000     0.00000
    -1.6950        -0.00002    -0.00002     0.00000     0.00000
    -1.5450        -0.00020    -0.00005     0.00000    -0.00015
    -1.3950        -0.00080    -0.00010     0.00000    -0.00070
    -1.2450        -0.00428    -0.00018     0.00000    -0.00411
    -1.0950        -0.01662    -0.00031     0.00000    -0.01631
   -0.94500        -0.06456    -0.00052     0.00000    -0.06404
   -0.79500        -0.27860    -0.00082     0.00002    -0.27779
   -0.64500        -1.22560    -0.00122     0.00014    -1.22451
   -0.49500        -3.48650    -0.00282     0.00042    -3.48411
   -0.34500        -6.39490    -0.00489     0.00140    -6.39141
   -0.22700        -7.17101    -0.00629    -0.00069    -7.16402
   -0.21300        -7.25730    -0.00576    -0.00111    -7.25043
   -0.20700        -7.34242    -0.00598    -0.00145    -7.33498
   -0.20100        -7.42671    -0.00630    -0.00162    -7.41879
   -0.19500        -7.51028    -0.00633    -0.00211    -7.50184
   -0.18900        -7.59291    -0.00646    -0.00196    -7.58448
   -0.18300        -7.67545    -0.00667    -0.00212    -7.66666
   -0.17700        -7.75836    -0.00674    -0.00275    -7.74887
   -0.17100        -7.84200    -0.00713    -0.00334    -7.83154
   -0.16500        -7.92481    -0.00738    -0.00366    -7.91376
   -0.15900        -8.00774    -0.00769    -0.00417    -7.99589
   -0.15300        -8.09079    -0.00805    -0.00454    -8.07820
   -0.14700        -8.17450    -0.00770    -0.00498    -8.16182
   -0.14100        -8.25947    -0.00812    -0.00576    -8.24559
   -0.13500        -8.34589    -0.00847    -0.00646    -8.33096
   -0.12900        -8.43269    -0.00894    -0.00727    -8.41647
   -0.12300        -8.52120    -0.00910    -0.00813    -8.50397
   -0.11700        -8.61101    -0.00943    -0.00898    -8.59260
   -0.11100        -8.70259    -0.00988    -0.00983    -8.68288
   -0.10500        -8.79681    -0.01043    -0.01085    -8.77553
   -0.99000E-01    -8.89339    -0.01043    -0.01190    -8.87107
   -0.93000E-01    -8.99317    -0.01066    -0.01298    -8.96954
   -0.87000E-01    -9.09748    -0.01074    -0.01419    -9.07255
   -0.81000E-01    -9.20696    -0.01128    -0.01552    -9.18016
   -0.75000E-01    -9.32296    -0.01181    -0.01695    -9.29420
   -0.69000E-01    -9.44673    -0.01269    -0.01859    -9.41545
   -0.63000E-01    -9.58028    -0.01373    -0.02038    -9.54617
   -0.57000E-01    -9.72568    -0.01498    -0.02238    -9.68833
   -0.51000E-01    -9.88321    -0.01605    -0.02470    -9.84246
   -0.45000E-01   -10.05513    -0.01749    -0.02735   -10.01029
   -0.39000E-01   -10.24107    -0.01929    -0.03054   -10.19125
   -0.33000E-01   -10.44340    -0.02164    -0.03460   -10.38716
   -0.27000E-01   -10.66330    -0.02476    -0.03992   -10.59862
   -0.21300E-01   -10.82672    -0.02752    -0.04480   -10.75439
   -0.19500E-01   -10.85185    -0.02800    -0.04565   -10.77820
   -0.18900E-01   -10.87714    -0.02847    -0.04654   -10.80213
   -0.18300E-01   -10.90291    -0.02898    -0.04747   -10.82645
   -0.17700E-01   -10.92911    -0.02950    -0.04846   -10.85115
   -0.17100E-01   -10.95542    -0.03005    -0.04951   -10.87587
   -0.16500E-01   -10.98223    -0.03061    -0.05062   -10.90100
   -0.15900E-01   -11.00944    -0.03118    -0.05180   -10.92645
   -0.15300E-01   -11.03725    -0.03180    -0.05306   -10.95238
   -0.14700E-01   -11.06563    -0.03244    -0.05441   -10.97878
   -0.14100E-01   -11.09459    -0.03311    -0.05586   -11.00562
   -0.13500E-01   -11.12418    -0.03381    -0.05742   -11.03294
   -0.12900E-01   -11.15416    -0.03454    -0.05911   -11.06051
   -0.12300E-01   -11.18494    -0.03531    -0.06094   -11.08869
   -0.11700E-01   -11.21627    -0.03611    -0.06294   -11.11723
   -0.11100E-01   -11.24832    -0.03695    -0.06512   -11.14625
   -0.10500E-01   -11.28118    -0.03783    -0.06753   -11.17582
   -0.99000E-02   -11.31484    -0.03876    -0.07020   -11.20589
   -0.93000E-02   -11.34938    -0.03973    -0.07318   -11.23647
   -0.87000E-02   -11.38484    -0.04075    -0.07656   -11.26753
   -0.81000E-02   -11.42138    -0.04184    -0.08040   -11.29915
   -0.75000E-02   -11.45916    -0.04297    -0.08484   -11.33135
   -0.69000E-02   -11.49832    -0.04417    -0.09006   -11.36409
   -0.63000E-02   -11.53894    -0.04543    -0.09633   -11.39717
   -0.57000E-02   -11.58161    -0.04677    -0.10413   -11.43071
   -0.51000E-02   -11.62708    -0.04819    -0.11432   -11.46457
   -0.45000E-02   -11.67716    -0.04967    -0.12856   -11.49893
   -0.39000E-02   -11.73458    -0.05122    -0.14988   -11.53348
   -0.33000E-02   -11.80428    -0.05282    -0.18297   -11.56850
   -0.27000E-02   -11.88839    -0.05445    -0.22965   -11.60429
   -0.21000E-02   -11.96413    -0.05611    -0.26533   -11.64269
   -0.15000E-02   -12.02702    -0.05762    -0.28003   -11.68938
   -0.90000E-03   -12.11171    -0.05889    -0.28484   -11.76799
   -0.30000E-03   -13.54952    -0.05952    -0.28577   -13.20423
    0.30000E-03   -12.11325    -0.05860    -0.28526   -11.76939
    0.90000E-03   -12.03847    -0.05378    -0.28420   -11.70049
    0.15000E-02   -11.99596    -0.03904    -0.28289   -11.67403
    0.21000E-02   -11.94829    -0.00347    -0.28153   -11.66329
    0.27000E-02   -11.89625     0.04300    -0.28022   -11.65904
    0.33000E-02   -11.86008     0.07616    -0.27890   -11.65734
    0.39000E-02   -11.83671     0.09752    -0.27756   -11.65666
    0.45000E-02   -11.82081     0.11188    -0.27630   -11.65639
    0.51000E-02   -11.80933     0.12205    -0.27510   -11.65628
    0.57000E-02   -11.80046     0.12973    -0.27396   -11.65624
    0.63000E-02   -11.79320     0.13587    -0.27286   -11.65622
    0.69000E-02   -11.78705     0.14100    -0.27184   -11.65620
    0.75000E-02   -11.78171     0.14531    -0.27083   -11.65618
    0.81000E-02   -11.77709     0.14898    -0.26990   -11.65617
    0.87000E-02   -11.77284     0.15228    -0.26897   -11.65615
    0.93000E-02   -11.76915     0.15512    -0.26814   -11.65613
    0.99000E-02   -11.76580     0.15768    -0.26737   -11.65612
    0.10500E-01   -11.76272     0.16001    -0.26663   -11.65610
    0.11100E-01   -11.75991     0.16208    -0.26590   -11.65608
    0.11700E-01   -11.75735     0.16391    -0.26520   -11.65606
    0.12300E-01   -11.75491     0.16565    -0.26453   -11.65604
    0.12900E-01   -11.75273     0.16718    -0.26390   -11.65602
    0.13500E-01   -11.75069     0.16866    -0.26335   -11.65600
    0.14100E-01   -11.74882     0.16995    -0.26279   -11.65598
    0.14700E-01   -11.74702     0.17117    -0.26224   -11.65595
    0.15300E-01   -11.74538     0.17228    -0.26173   -11.65593
    0.15900E-01   -11.74375     0.17336    -0.26122   -11.65589
    0.16500E-01   -11.74225     0.17432    -0.26071   -11.65586
    0.17100E-01   -11.74081     0.17530    -0.26028   -11.65583
    0.17700E-01   -11.73941     0.17623    -0.25985   -11.65580
    0.18300E-01   -11.73805     0.17708    -0.25936   -11.65577
    0.18900E-01   -11.73684     0.17781    -0.25892   -11.65574
    0.19500E-01   -11.73566     0.17856    -0.25852   -11.65571
    0.21300E-01   -11.72888     0.18267    -0.25608   -11.65547
    0.27000E-01   -11.72140     0.18677    -0.25312   -11.65505
    0.33000E-01   -11.71586     0.18965    -0.25099   -11.65452
    0.39000E-01   -11.71157     0.19179    -0.24944   -11.65392
    0.45000E-01   -11.70796     0.19343    -0.24816   -11.65323
    0.51000E-01   -11.70498     0.19472    -0.24724   -11.65247
    0.57000E-01   -11.70244     0.19583    -0.24665   -11.65161
    0.63000E-01   -11.69995     0.19684    -0.24607   -11.65072
    0.69000E-01   -11.69789     0.19759    -0.24569   -11.64978
    0.75000E-01   -11.69586     0.19829    -0.24539   -11.64876
    0.81000E-01   -11.69389     0.19886    -0.24508   -11.64767
    0.87000E-01   -11.69185     0.19930    -0.24482   -11.64633
    0.93000E-01   -11.69006     0.19970    -0.24462   -11.64514
    0.99000E-01   -11.68836     0.20002    -0.24447   -11.64391
    0.10500       -11.68645     0.20036    -0.24438   -11.64243
    0.11100       -11.68453     0.20072    -0.24432   -11.64093
    0.11700       -11.68265     0.20098    -0.24426   -11.63936
    0.12300       -11.68085     0.20112    -0.24422   -11.63775
    0.12900       -11.67901     0.20124    -0.24414   -11.63611
    0.13500       -11.67723     0.20137    -0.24409   -11.63451
    0.14100       -11.67528     0.20145    -0.24392   -11.63281
    0.14700       -11.67342     0.20155    -0.24391   -11.63106
    0.15300       -11.67158     0.20162    -0.24387   -11.62933
    0.15900       -11.66958     0.20167    -0.24378   -11.62747
    0.16500       -11.66781     0.20168    -0.24376   -11.62573
    0.17100       -11.66571     0.20170    -0.24371   -11.62371
    0.17700       -11.66370     0.20172    -0.24365   -11.62177
    0.18300       -11.66146     0.20196    -0.24362   -11.61980
    0.18900       -11.65940     0.20198    -0.24359   -11.61779
    0.19500       -11.65734     0.20202    -0.24356   -11.61580
    0.20100       -11.65529     0.20205    -0.24353   -11.61381
    0.20700       -11.65299     0.20206    -0.24351   -11.61154
    0.21300       -11.65078     0.20206    -0.24349   -11.60935
    0.22700       -11.63007     0.20201    -0.24334   -11.58874
    0.34500       -11.56049     0.20228    -0.24301   -11.51975
    0.49500       -11.48429     0.20237    -0.24270   -11.44396
    0.64500       -11.40339     0.20242    -0.24245   -11.36336
    0.79500       -11.31950     0.20245    -0.24219   -11.27976
    0.94500       -11.23397     0.20244    -0.24197   -11.19444
     1.0950       -11.14752     0.20247    -0.24175   -11.10824
     1.2450       -11.06075     0.20248    -0.24154   -11.02169
     1.3950       -10.97516     0.20250    -0.24138   -10.93628
     1.5450       -10.89015     0.20251    -0.24121   -10.85145
     1.6950       -10.80728     0.20251    -0.24106   -10.76873
     1.8450       -10.72707     0.20253    -0.24089   -10.68871
     1.9950       -10.64902     0.20253    -0.24073   -10.61083
     2.1450       -10.57286     0.20255    -0.24056   -10.53485
     2.2950       -10.50009     0.20254    -0.24043   -10.46220
     2.4450       -10.42968     0.20254    -0.24029   -10.39192
     2.5950       -10.36161     0.20255    -0.24016   -10.32401
     2.7450       -10.29610     0.20255    -0.24001   -10.25864
     2.8950       -10.23315     0.20256    -0.23989   -10.19582
     3.0450       -10.17229     0.20256    -0.23977   -10.13508
     3.1950       -10.11367     0.20257    -0.23967   -10.07657
     3.3450       -10.05706     0.20258    -0.23955   -10.02009
     3.4950       -10.00241     0.20258    -0.23944    -9.96555
     3.6450        -9.94912     0.20257    -0.23933    -9.91236
     3.7950        -9.89794     0.20257    -0.23921    -9.86130
     3.9450        -9.84830     0.20257    -0.23911    -9.81176
     4.0950        -9.80028     0.20257    -0.23901    -9.76384
     4.2450        -9.75374     0.20257    -0.23891    -9.71739
     4.3950        -9.70852     0.20256    -0.23883    -9.67224
     4.5450        -9.66458     0.20254    -0.23874    -9.62838
     4.6950        -9.62183     0.20254    -0.23866    -9.58571
     4.8450        -9.58036     0.20255    -0.23857    -9.54434
     4.9950        -9.54004     0.20254    -0.23849    -9.50409
     5.1450        -9.50066     0.20254    -0.23841    -9.46479
     5.2950        -9.46198     0.20254    -0.23833    -9.42619
     5.4450        -9.42464     0.20254    -0.23823    -9.38895
     5.5950        -9.38822     0.20254    -0.23815    -9.35261
     5.7450        -9.35263     0.20253    -0.23807    -9.31710
     5.8950        -9.31791     0.20253    -0.23798    -9.28245
     6.0450        -9.28397     0.20253    -0.23790    -9.24860
     6.1950        -9.25081     0.20253    -0.23783    -9.21551
     6.3450        -9.21837     0.20253    -0.23775    -9.18315
     6.4950        -9.18666     0.20254    -0.23768    -9.15151
     6.6450        -9.15557     0.20253    -0.23761    -9.12050
     6.7950        -9.12514     0.20254    -0.23753    -9.09015
     6.9450        -9.09534     0.20254    -0.23747    -9.06041
     7.0950        -9.06606     0.20254    -0.23740    -9.03119
     7.2450        -9.03739     0.20254    -0.23734    -9.00260
     7.3950        -9.00932     0.20254    -0.23728    -8.97458
     7.5450        -8.98172     0.20254    -0.23721    -8.94705
     7.6950        -8.95465     0.20253    -0.23715    -8.92003
     7.8450        -8.92805     0.20254    -0.23708    -8.89351
     7.9950        -8.90197     0.20254    -0.23701    -8.86750
     8.1450        -8.87637     0.20254    -0.23695    -8.84196
     8.2950        -8.85122     0.20254    -0.23689    -8.81687
     8.4450        -8.82649     0.20254    -0.23683    -8.79220
     8.5950        -8.80209     0.20254    -0.23677    -8.76786
     8.7450        -8.77815     0.20253    -0.23672    -8.74396
     8.8950        -8.75459     0.20252    -0.23665    -8.72047
     9.0450        -8.73141     0.20253    -0.23659    -8.69734
     9.1950        -8.70854     0.20252    -0.23654    -8.67453
     9.3450        -8.68609     0.20252    -0.23648    -8.65214
     9.4950        -8.66399     0.20252    -0.23642    -8.63009
     9.6450        -8.64222     0.20252    -0.23636    -8.60838
     9.7950        -8.62076     0.20252    -0.23630    -8.58697
     9.9450        -8.59957     0.20252    -0.23625    -8.56584
     10.095        -8.57873     0.20251    -0.23619    -8.54504
     10.245        -8.55817     0.20251    -0.23614    -8.52454
     10.395        -8.53796     0.20251    -0.23609    -8.50438
     10.545        -8.51795     0.20251    -0.23603    -8.48443
     10.695        -8.49823     0.20250    -0.23598    -8.46475
     10.845        -8.47879     0.20250    -0.23593    -8.44536
     10.995        -8.45963     0.20250    -0.23588    -8.42625
     11.145        -8.44074     0.20250    -0.23582    -8.40741
     11.295        -8.42205     0.20250    -0.23577    -8.38878
     11.445        -8.40359     0.20250    -0.23573    -8.37036
     11.595        -8.38542     0.20250    -0.23568    -8.35224
     11.745        -8.36747     0.20249    -0.23563    -8.33433
     11.895        -8.34973     0.20249    -0.23558    -8.31663
     12.045        -8.33220     0.20249    -0.23554    -8.29915
     12.195        -8.31491     0.20249    -0.23550    -8.28191
     12.345        -8.29780     0.20249    -0.23545    -8.26485
     12.495        -8.28089     0.20249    -0.23540    -8.24798
     12.645        -8.26420     0.20248    -0.23536    -8.23132
     12.795        -8.24764     0.20248    -0.23532    -8.21481
     12.945        -8.23131     0.20248    -0.23528    -8.19850
     13.095        -8.21521     0.20248    -0.23525    -8.18244
     13.245        -8.19926     0.20248    -0.23520    -8.16654
     13.395        -8.18350     0.20247    -0.23516    -8.15081
     13.545        -8.16788     0.20246    -0.23512    -8.13523
     13.695        -8.15251     0.20247    -0.23508    -8.11990
     13.845        -8.13727     0.20246    -0.23504    -8.10470
     13.995        -8.12218     0.20246    -0.23500    -8.08964
     14.145        -8.10726     0.20246    -0.23496    -8.07475
     14.295        -8.09247     0.20246    -0.23491    -8.06001
     14.445        -8.07783     0.20246    -0.23487    -8.04542
     14.595        -8.06336     0.20247    -0.23484    -8.03099
     14.745        -8.04902     0.20246    -0.23480    -8.01669
     14.895        -8.03486     0.20246    -0.23477    -8.00255
     15.045        -8.02079     0.20246    -0.23473    -7.98852
     15.195        -8.00689     0.20246    -0.23470    -7.97466
     15.345        -7.99315     0.20246    -0.23466    -7.96095
     15.495        -7.97953     0.20246    -0.23463    -7.94735
     15.645        -7.96600     0.20245    -0.23460    -7.93385
     15.795        -7.95267     0.20245    -0.23456    -7.92056
     15.945        -7.93942     0.20245    -0.23453    -7.90735
     16.095        -7.92631     0.20245    -0.23449    -7.89426
     16.245        -7.91331     0.20245    -0.23446    -7.88130
     16.395        -7.90043     0.20245    -0.23442    -7.86846
     16.545        -7.88764     0.20245    -0.23439    -7.85570
     16.695        -7.87501     0.20246    -0.23436    -7.84311
     16.845        -7.86245     0.20246    -0.23432    -7.83060
     16.995        -7.85003     0.20246    -0.23428    -7.81821
     17.145        -7.83773     0.20246    -0.23424    -7.80595
     17.295        -7.82556     0.20246    -0.23421    -7.79381
     17.445        -7.81347     0.20246    -0.23418    -7.78175
     17.595        -7.80151     0.20246    -0.23416    -7.76981
     17.745        -7.78963     0.20246    -0.23412    -7.75796
     17.895        -7.77783     0.20246    -0.23409    -7.74620
     18.045        -7.76620     0.20246    -0.23406    -7.73459
     18.195        -7.75462     0.20246    -0.23403    -7.72304
     18.345        -7.74315     0.20245    -0.23401    -7.71160
     18.495        -7.73178     0.20245    -0.23398    -7.70026
     18.645        -7.72048     0.20246    -0.23394    -7.68900
     18.795        -7.70927     0.20245    -0.23391    -7.67782
     18.945        -7.69816     0.20245    -0.23388    -7.66673
     19.095        -7.68713     0.20245    -0.23385    -7.65573
     19.245        -7.67616     0.20245    -0.23382    -7.64478
     19.395        -7.66531     0.20244    -0.23380    -7.63396
     19.545        -7.65457     0.20244    -0.23377    -7.62323
     19.695        -7.64388     0.20244    -0.23374    -7.61258
     19.845        -7.63328     0.20243    -0.23371    -7.60200
     19.995        -7.62278     0.20243    -0.23369    -7.59152
     20.145        -7.61231     0.20243    -0.23365    -7.58109
     20.295        -7.60197     0.20244    -0.23362    -7.57078
     20.445        -7.59169     0.20243    -0.23360    -7.56053
     20.595        -7.58146     0.20243    -0.23357    -7.55032
     20.745        -7.57134     0.20243    -0.23354    -7.54023
     20.895        -7.56129     0.20243    -0.23351    -7.53020
     21.045        -7.55134     0.20242    -0.23348    -7.52028
     21.195        -7.54144     0.20242    -0.23345    -7.51041
     21.345        -7.53161     0.20242    -0.23343    -7.50060
     21.495        -7.52184     0.20241    -0.23340    -7.49085
     21.645        -7.51214     0.20241    -0.23337    -7.48118
     21.795        -7.50252     0.20241    -0.23334    -7.47159
     21.945        -7.49292     0.20241    -0.23331    -7.46202
     22.095        -7.48345     0.20241    -0.23329    -7.45258
     22.245        -7.47402     0.20242    -0.23326    -7.44318
     22.395        -7.46467     0.20241    -0.23324    -7.43385
     22.545        -7.45536     0.20241    -0.23320    -7.42457
     22.695        -7.44610     0.20241    -0.23318    -7.41533
     22.845        -7.43689     0.20241    -0.23315    -7.40614
     22.995        -7.42781     0.20241    -0.23313    -7.39709
     23.145        -7.41874     0.20241    -0.23310    -7.38804
     23.295        -7.40977     0.20240    -0.23308    -7.37910
     23.445        -7.40082     0.20241    -0.23305    -7.37018
     23.595        -7.39194     0.20241    -0.23303    -7.36132
     23.745        -7.38313     0.20241    -0.23300    -7.35253
     23.895        -7.37440     0.20240    -0.23298    -7.34382
     24.045        -7.36571     0.20240    -0.23295    -7.33516
     24.195        -7.35707     0.20240    -0.23293    -7.32655
     24.345        -7.34849     0.20240    -0.23291    -7.31799
     24.495        -7.33995     0.20241    -0.23288    -7.30947
     24.645        -7.33146     0.20241    -0.23286    -7.30101
     24.795        -7.32302     0.20241    -0.23283    -7.29260
     24.945        -7.31465     0.20240    -0.23281    -7.28424
     25.095        -7.30635     0.20240    -0.23278    -7.27596
     25.245        -7.29810     0.20239    -0.23276    -7.26772
     25.395        -7.28987     0.20239    -0.23274    -7.25952
     25.545        -7.28171     0.20239    -0.23272    -7.25138
     25.695        -7.27360     0.20238    -0.23270    -7.24329
     25.845        -7.26555     0.20238    -0.23267    -7.23526
     25.995        -7.25754     0.20238    -0.23265    -7.22728
     26.145        -7.24957     0.20238    -0.23263    -7.21932
     26.295        -7.24164     0.20238    -0.23260    -7.21141
     26.445        -7.23377     0.20237    -0.23258    -7.20357
     26.595        -7.22593     0.20237    -0.23255    -7.19575
     26.745        -7.21815     0.20238    -0.23253    -7.18799
     26.895        -7.21041     0.20238    -0.23251    -7.18028
     27.045        -7.20271     0.20238    -0.23249    -7.17259
     27.195        -7.19504     0.20238    -0.23247    -7.16495
     27.345        -7.18742     0.20237    -0.23244    -7.15735
     27.495        -7.17985     0.20237    -0.23242    -7.14980
     27.645        -7.17232     0.20237    -0.23240    -7.14229
     27.795        -7.16482     0.20237    -0.23238    -7.13482
     27.945        -7.15740     0.20237    -0.23235    -7.12742
     28.095        -7.15001     0.20237    -0.23233    -7.12005
     28.245        -7.14266     0.20237    -0.23231    -7.11272
     28.395        -7.13534     0.20237    -0.23229    -7.10542
     28.545        -7.12806     0.20237    -0.23226    -7.09816
     28.695        -7.12082     0.20236    -0.23224    -7.09095
     28.845        -7.11365     0.20236    -0.23222    -7.08379
     28.995        -7.10649     0.20236    -0.23220    -7.07666
     29.145        -7.09939     0.20236    -0.23218    -7.06957
     29.295        -7.09231     0.20236    -0.23216    -7.06251
     29.445        -7.08526     0.20236    -0.23214    -7.05548
     29.595        -7.07823     0.20235    -0.23212    -7.04847
     29.745        -7.07126     0.20235    -0.23210    -7.04151
     29.895        -7.06433     0.20235    -0.23207    -7.03461
     30.045        -7.05744     0.20235    -0.23205    -7.02774
     30.195        -7.05059     0.20235    -0.23203    -7.02091
     30.345        -7.04376     0.20234    -0.23201    -7.01409
     30.495        -7.03698     0.20234    -0.23199    -7.00733
     30.645        -7.03023     0.20234    -0.23197    -7.00061
     30.795        -7.02351     0.20234    -0.23194    -6.99391
     30.945        -7.01682     0.20234    -0.23192    -6.98723
     31.095        -7.01016     0.20234    -0.23190    -6.98059
     31.245        -7.00356     0.20234    -0.23188    -6.97401
     31.395        -6.99696     0.20234    -0.23186    -6.96744
     31.545        -6.99043     0.20234    -0.23185    -6.96092
     31.695        -6.98391     0.20233    -0.23183    -6.95442
     31.845        -6.97742     0.20233    -0.23181    -6.94794
     31.995        -6.97094     0.20233    -0.23179    -6.94148
     32.145        -6.96452     0.20233    -0.23177    -6.93508
     32.295        -6.95815     0.20232    -0.23175    -6.92872
     32.445        -6.95177     0.20233    -0.23173    -6.92237
     32.595        -6.94544     0.20233    -0.23171    -6.91605
     32.745        -6.93914     0.20232    -0.23169    -6.90978
     32.895        -6.93285     0.20232    -0.23167    -6.90350
     33.045        -6.92660     0.20232    -0.23166    -6.89726
     33.195        -6.92041     0.20231    -0.23164    -6.89108
     33.345        -6.91420     0.20231    -0.23162    -6.88489
     33.495        -6.90805     0.20231    -0.23160    -6.87876
     33.645        -6.90190     0.20231    -0.23158    -6.87263
     33.795        -6.89580     0.20231    -0.23156    -6.86655
     33.945        -6.88973     0.20231    -0.23154    -6.86050
     34.095        -6.88368     0.20230    -0.23151    -6.85447
     34.245        -6.87769     0.20231    -0.23150    -6.84849
     34.395        -6.87170     0.20231    -0.23148    -6.84252
     34.545        -6.86574     0.20231    -0.23146    -6.83659
     34.695        -6.85981     0.20231    -0.23144    -6.83067
     34.845        -6.85391     0.20230    -0.23142    -6.82479
     34.995        -6.84803     0.20230    -0.23141    -6.81893
     35.145        -6.84220     0.20230    -0.23138    -6.81312
     35.295        -6.83635     0.20230    -0.23137    -6.80729
     35.445        -6.83055     0.20230    -0.23134    -6.80150
     35.595        -6.82478     0.20230    -0.23132    -6.79576
     35.745        -6.81904     0.20230    -0.23130    -6.79004
     35.895        -6.81335     0.20230    -0.23128    -6.78436
     36.045        -6.80765     0.20230    -0.23126    -6.77868
     36.195        -6.80197     0.20229    -0.23124    -6.77302
     36.345        -6.79632     0.20229    -0.23123    -6.76739
     36.495        -6.79070     0.20229    -0.23120    -6.76179
     36.645        -6.78508     0.20229    -0.23119    -6.75619
     36.795        -6.77953     0.20229    -0.23117    -6.75064
     36.945        -6.77396     0.20229    -0.23115    -6.74509
     37.095        -6.76843     0.20229    -0.23114    -6.73958
     37.245        -6.76292     0.20229    -0.23112    -6.73409
     37.395        -6.75745     0.20229    -0.23111    -6.72863
     37.545        -6.75200     0.20229    -0.23109    -6.72319
     37.695        -6.74655     0.20228    -0.23107    -6.71776
     37.845        -6.74114     0.20228    -0.23106    -6.71236
     37.995        -6.73576     0.20228    -0.23104    -6.70700
     38.145        -6.73037     0.20228    -0.23102    -6.70163
     38.295        -6.72503     0.20228    -0.23101    -6.69631
     38.445        -6.71972     0.20228    -0.23099    -6.69101
     38.595        -6.71443     0.20228    -0.23098    -6.68573
     38.745        -6.70914     0.20228    -0.23096    -6.68046
     38.895        -6.70387     0.20228    -0.23094    -6.67520
     39.045        -6.69865     0.20228    -0.23093    -6.67000
     39.195        -6.69345     0.20228    -0.23091    -6.66481
     39.345        -6.68822     0.20228    -0.23090    -6.65960
     39.495        -6.68305     0.20228    -0.23088    -6.65445
     39.645        -6.67790     0.20228    -0.23086    -6.64931
     39.795        -6.67278     0.20228    -0.23084    -6.64422
     39.945        -6.66764     0.20228    -0.23082    -6.63910
     40.095        -6.66255     0.20228    -0.23081    -6.63402
     40.245        -6.65748     0.20228    -0.23079    -6.62897
     40.395        -6.65244     0.20228    -0.23078    -6.62394
     40.545        -6.64742     0.20228    -0.23076    -6.61893
     40.695        -6.64240     0.20228    -0.23075    -6.61393
     40.845        -6.63742     0.20228    -0.23073    -6.60897
     40.995        -6.63246     0.20228    -0.23072    -6.60403
     41.145        -6.62749     0.20228    -0.23070    -6.59907
     41.295        -6.62256     0.20228    -0.23068    -6.59417
     41.445        -6.61765     0.20228    -0.23066    -6.58927
     41.595        -6.61273     0.20228    -0.23065    -6.58436
     41.745        -6.60787     0.20228    -0.23063    -6.57952
     41.895        -6.60303     0.20228    -0.23062    -6.57469
     42.045        -6.59820     0.20228    -0.23061    -6.56987
     42.195        -6.59337     0.20228    -0.23059    -6.56505
     42.345        -6.58857     0.20228    -0.23058    -6.56027
     42.495        -6.58381     0.20228    -0.23057    -6.55552
     42.645        -6.57907     0.20228    -0.23055    -6.55080
     42.795        -6.57432     0.20228    -0.23054    -6.54607
     42.945        -6.56958     0.20228    -0.23052    -6.54134
     43.095        -6.56487     0.20228    -0.23050    -6.53665
     43.245        -6.56018     0.20228    -0.23048    -6.53197
     43.395        -6.55548     0.20228    -0.23047    -6.52729
     43.545        -6.55084     0.20228    -0.23045    -6.52267
     43.695        -6.54620     0.20228    -0.23044    -6.51804
     43.845        -6.54157     0.20228    -0.23043    -6.51342
     43.995        -6.53696     0.20228    -0.23041    -6.50882
     44.145        -6.53235     0.20228    -0.23039    -6.50424
     44.295        -6.52777     0.20228    -0.23038    -6.49967
     44.445        -6.52318     0.20228    -0.23037    -6.49509
     44.595        -6.51864     0.20228    -0.23035    -6.49056
     44.745        -6.51411     0.20228    -0.23034    -6.48605
     44.895        -6.50961     0.20228    -0.23032    -6.48157
     45.045        -6.50511     0.20228    -0.23031    -6.47708
     45.195        -6.50062     0.20228    -0.23029    -6.47260
     45.345        -6.49616     0.20228    -0.23028    -6.46815
     45.495        -6.49169     0.20228    -0.23027    -6.46370
     45.645        -6.48728     0.20228    -0.23025    -6.45931
     45.795        -6.48287     0.20228    -0.23024    -6.45491
     45.945        -6.47845     0.20228    -0.23022    -6.45050
     46.095        -6.47404     0.20228    -0.23021    -6.44611
     46.245        -6.46963     0.20228    -0.23019    -6.44172
     46.395        -6.46528     0.20228    -0.23018    -6.43737
     46.545        -6.46093     0.20228    -0.23017    -6.43304
     46.695        -6.45661     0.20227    -0.23015    -6.42874
     46.845        -6.45230     0.20227    -0.23013    -6.42444
     46.995        -6.44799     0.20227    -0.23012    -6.42015
     47.145        -6.44370     0.20228    -0.23011    -6.41587
     47.295        -6.43944     0.20228    -0.23010    -6.41162
     47.445        -6.43517     0.20227    -0.23008    -6.40736
     47.595        -6.43092     0.20227    -0.23007    -6.40312
     47.745        -6.42671     0.20228    -0.23006    -6.39893
     47.895        -6.42250     0.20227    -0.23004    -6.39473
     48.045        -6.41831     0.20227    -0.23003    -6.39055
     48.195        -6.41412     0.20227    -0.23001    -6.38638
     48.345        -6.40995     0.20227    -0.23000    -6.38223
     48.495        -6.40579     0.20227    -0.22999    -6.37808
     48.645        -6.40166     0.20227    -0.22997    -6.37396
     48.795        -6.39755     0.20228    -0.22996    -6.36987
     48.945        -6.39344     0.20228    -0.22994    -6.36577
     49.095        -6.38932     0.20227    -0.22993    -6.36167
     49.245        -6.38522     0.20227    -0.22991    -6.35758
     49.395        -6.38117     0.20227    -0.22990    -6.35353
     49.545        -6.37710     0.20227    -0.22989    -6.34948
     49.695        -6.37306     0.20227    -0.22987    -6.34545
     49.845        -6.36903     0.20226    -0.22987    -6.34143
     49.995        -6.36501     0.20226    -0.22985    -6.33741
     50.145        -6.36098     0.20226    -0.22984    -6.33340
     50.295        -6.35699     0.20226    -0.22983    -6.32942
     50.445        -6.35301     0.20225    -0.22981    -6.32545
     50.595        -6.34904     0.20225    -0.22980    -6.32149
     50.745        -6.34508     0.20225    -0.22978    -6.31755
     50.895        -6.34112     0.20225    -0.22977    -6.31360
     51.045        -6.33717     0.20225    -0.22976    -6.30966
     51.195        -6.33324     0.20225    -0.22975    -6.30574
     51.345        -6.32932     0.20225    -0.22973    -6.30184
     51.495        -6.32542     0.20225    -0.22972    -6.29795
     51.645        -6.32155     0.20225    -0.22970    -6.29410
     51.795        -6.31768     0.20225    -0.22970    -6.29024
     51.945        -6.31383     0.20225    -0.22968    -6.28640
     52.095        -6.30998     0.20225    -0.22967    -6.28256
     52.245        -6.30613     0.20225    -0.22965    -6.27874
     52.395        -6.30229     0.20225    -0.22963    -6.27490
     52.545        -6.29849     0.20225    -0.22963    -6.27111
     52.695        -6.29468     0.20225    -0.22962    -6.26731
     52.845        -6.29088     0.20224    -0.22960    -6.26352
     52.995        -6.28712     0.20224    -0.22959    -6.25977
     53.145        -6.28335     0.20224    -0.22958    -6.25601
     53.295        -6.27956     0.20224    -0.22957    -6.25223
     53.445        -6.27583     0.20224    -0.22956    -6.24851
     53.595        -6.27209     0.20224    -0.22954    -6.24478
     53.745        -6.26839     0.20224    -0.22953    -6.24109
     53.895        -6.26467     0.20224    -0.22952    -6.23739
     54.045        -6.26097     0.20223    -0.22951    -6.23369
     54.195        -6.25728     0.20223    -0.22950    -6.23001
     54.345        -6.25361     0.20222    -0.22948    -6.22635
     54.495        -6.24993     0.20222    -0.22947    -6.22268
     54.645        -6.24625     0.20222    -0.22946    -6.21901
     54.795        -6.24262     0.20222    -0.22945    -6.21539
     54.945        -6.23897     0.20222    -0.22944    -6.21175
     55.095        -6.23536     0.20222    -0.22943    -6.20815
     59.433        -5.95083     0.20220    -0.22847    -5.92456
     80.646        -5.53478     0.20211    -0.22705    -5.50984
     111.21        -5.12980     0.20199    -0.22559    -5.10620
     153.36        -4.73690     0.20184    -0.22415    -4.71458
     211.49        -4.35596     0.20171    -0.22272    -4.33495
     291.64        -3.98726     0.20155    -0.22131    -3.96749
     402.18        -3.63060     0.20141    -0.21987    -3.61214
     554.60        -3.28585     0.20120    -0.21849    -3.26855
     764.80        -2.95287     0.20095    -0.21712    -2.93671
     1054.7        -2.63102     0.20072    -0.21579    -2.61595
     1454.4        -2.31994     0.20044    -0.21447    -2.30591
     2005.6        -2.01952     0.20016    -0.21322    -2.00646
     2765.8        -1.72890     0.19985    -0.21199    -1.71676
     3814.0        -1.44767     0.19952    -0.21082    -1.43638
     5259.5        -1.17545     0.19922    -0.20967    -1.16500
     7252.9        -0.91165     0.19891    -0.20854    -0.90202
     10002.        -0.65621     0.19859    -0.20746    -0.64734
     13793.        -0.40889     0.19826    -0.20643    -0.40072
     19020.        -0.16969     0.19794    -0.20540    -0.16223
     26229.         0.06089     0.19763    -0.20443     0.06769
     36170.         0.28204     0.19729    -0.20351     0.28825
     49878.         0.49400     0.19696    -0.20263     0.49967
     68782.         0.69661     0.19665    -0.20182     0.70178
     94851.         0.89005     0.19634    -0.20104     0.89475
    0.13080E+06     1.07465     0.19602    -0.20030     1.07893
    0.18038E+06     1.25058     0.19571    -0.19958     1.25445
    0.24874E+06     1.41824     0.19540    -0.19892     1.42175
    0.34301E+06     1.57818     0.19513    -0.19827     1.58132
    0.47302E+06     1.73054     0.19485    -0.19768     1.73337
    0.65229E+06     1.87555     0.19458    -0.19712     1.87808
    0.89952E+06     2.01359     0.19432    -0.19658     2.01585
    0.12404E+07     2.14497     0.19404    -0.19608     2.14701
    0.17106E+07     2.26992     0.19379    -0.19560     2.27173
    0.23589E+07     2.38886     0.19354    -0.19515     2.39047
    0.32529E+07     2.50203     0.19331    -0.19472     2.50344
    0.44858E+07     2.60967     0.19307    -0.19431     2.61091
    0.61860E+07     2.71194     0.19286    -0.19394     2.71302
    0.85305E+07     2.80944     0.19265    -0.19359     2.81037
    0.11764E+08     2.90217     0.19245    -0.19325     2.90297
    0.16222E+08     2.99034     0.19225    -0.19292     2.99101
    0.22370E+08     3.07413     0.19207    -0.19263     3.07468
    0.30849E+08     3.15367     0.19191    -0.19236     3.15412
    0.42541E+08     3.22873     0.19175    -0.19210     3.22908
    0.58664E+08     3.29894     0.19158    -0.19187     3.29922
    0.80898E+08     3.36464     0.19144    -0.19164     3.36484
    0.11156E+09     3.42626     0.19131    -0.19144     3.42640
    0.15384E+09     3.48426     0.19117    -0.19125     3.48434
    0.21215E+09     3.53883     0.19106    -0.19109     3.53885
    0.29255E+09     3.59031     0.19096    -0.19092     3.59027
    0.40343E+09     3.63872     0.19086    -0.19078     3.63864
    0.55633E+09     3.68432     0.19077    -0.19064     3.68419
    0.76719E+09     3.72691     0.19069    -0.19051     3.72674
    0.10580E+10     3.76530     0.19060    -0.19039     3.76508
    0.14589E+10     3.80032     0.19053    -0.19028     3.80007
    0.20119E+10     3.83249     0.19046    -0.19018     3.83221
    0.27744E+10     3.86217     0.19041    -0.19009     3.86185
    0.38259E+10     3.88947     0.19035    -0.19001     3.88913
    0.52760E+10     3.91465     0.19030    -0.18993     3.91429
    0.72756E+10     3.93789     0.19025    -0.18987     3.93751
    0.10033E+11     3.95937     0.19020    -0.18980     3.95897
    0.13836E+11     3.97922     0.19016    -0.18974     3.97880
    0.19079E+11     3.99752     0.19013    -0.18968     3.99708
    0.26311E+11     4.01438     0.19009    -0.18963     4.01393
    0.36283E+11     4.03000     0.19006    -0.18959     4.02952
    0.50034E+11     4.04434     0.19003    -0.18954     4.04385
    0.68997E+11     4.05760     0.19000    -0.18950     4.05710
    0.10000E+12     4.21640     0.18964    -0.18900     4.21575
