    -99.945         0.00000     0.00000     0.00000     0.00000
    -99.795         0.00000     0.00000     0.00000     0.00000
    -99.645         0.00000     0.00000     0.00000     0.00000
    -99.495         0.00000     0.00000     0.00000     0.00000
    -99.345         0.00000     0.00000     0.00000     0.00000
    -99.195         0.00000     0.00000     0.00000     0.00000
    -99.045         0.00000     0.00000     0.00000     0.00000
    -98.895         0.00000     0.00000     0.00000     0.00000
    -98.745         0.00000     0.00000     0.00000     0.00000
    -98.595         0.00000     0.00000     0.00000     0.00000
    -98.445         0.00000     0.00000     0.00000     0.00000
    -98.295         0.00000     0.00000     0.00000     0.00000
    -98.145         0.00000     0.00000     0.00000     0.00000
    -97.995         0.00000     0.00000     0.00000     0.00000
    -97.845         0.00000     0.00000     0.00000     0.00000
    -97.695         0.00000     0.00000     0.00000     0.00000
    -97.545         0.00000     0.00000     0.00000     0.00000
    -97.395         0.00000     0.00000     0.00000     0.00000
    -97.245         0.00000     0.00000     0.00000     0.00000
    -97.095         0.00000     0.00000     0.00000     0.00000
    -96.945         0.00000     0.00000     0.00000     0.00000
    -96.795         0.00000     0.00000     0.00000     0.00000
    -96.645         0.00000     0.00000     0.00000     0.00000
    -96.495         0.00000     0.00000     0.00000     0.00000
    -96.345         0.00000     0.00000     0.00000     0.00000
    -96.195         0.00000     0.00000     0.00000     0.00000
    -96.045         0.00000     0.00000     0.00000     0.00000
    -95.895         0.00000     0.00000     0.00000     0.00000
    -95.745         0.00000     0.00000     0.00000     0.00000
    -95.595         0.00000     0.00000     0.00000     0.00000
    -95.445         0.00000     0.00000     0.00000     0.00000
    -95.295         0.00000     0.00000     0.00000     0.00000
    -95.145         0.00000     0.00000     0.00000     0.00000
    -94.995         0.00000     0.00000     0.00000     0.00000
    -94.845         0.00000     0.00000     0.00000     0.00000
    -94.695         0.00000     0.00000     0.00000     0.00000
    -94.545         0.00000     0.00000     0.00000     0.00000
    -94.395         0.00000     0.00000     0.00000     0.00000
    -94.245         0.00000     0.00000     0.00000     0.00000
    -94.095         0.00000     0.00000     0.00000     0.00000
    -93.945         0.00000     0.00000     0.00000     0.00000
    -93.795         0.00000     0.00000     0.00000     0.00000
    -93.645         0.00000     0.00000     0.00000     0.00000
    -93.495         0.00000     0.00000     0.00000     0.00000
    -93.345         0.00000     0.00000     0.00000     0.00000
    -93.195         0.00000     0.00000     0.00000     0.00000
    -93.045         0.00000     0.00000     0.00000     0.00000
    -92.895         0.00000     0.00000     0.00000     0.00000
    -92.745         0.00000     0.00000     0.00000     0.00000
    -92.595         0.00000     0.00000     0.00000     0.00000
    -92.445         0.00000     0.00000     0.00000     0.00000
    -92.295         0.00000     0.00000     0.00000     0.00000
    -92.145         0.00000     0.00000     0.00000     0.00000
    -91.995         0.00000     0.00000     0.00000     0.00000
    -91.845         0.00000     0.00000     0.00000     0.00000
    -91.695         0.00000     0.00000     0.00000     0.00000
    -91.545         0.00000     0.00000     0.00000     0.00000
    -91.395         0.00000     0.00000     0.00000     0.00000
    -91.245         0.00000     0.00000     0.00000     0.00000
    -91.095         0.00000     0.00000     0.00000     0.00000
    -90.945         0.00000     0.00000     0.00000     0.00000
    -90.795         0.00000     0.00000     0.00000     0.00000
    -90.645         0.00000     0.00000     0.00000     0.00000
    -90.495         0.00000     0.00000     0.00000     0.00000
    -90.345         0.00000     0.00000     0.00000     0.00000
    -90.195         0.00000     0.00000     0.00000     0.00000
    -90.045         0.00000     0.00000     0.00000     0.00000
    -89.895         0.00000     0.00000     0.00000     0.00000
    -89.745         0.00000     0.00000     0.00000     0.00000
    -89.595         0.00000     0.00000     0.00000     0.00000
    -89.445         0.00000     0.00000     0.00000     0.00000
    -89.295         0.00000     0.00000     0.00000     0.00000
    -89.145         0.00000     0.00000     0.00000     0.00000
    -88.995         0.00000     0.00000     0.00000     0.00000
    -88.845         0.00000     0.00000     0.00000     0.00000
    -88.695         0.00000     0.00000     0.00000     0.00000
    -88.545         0.00000     0.00000     0.00000     0.00000
    -88.395         0.00000     0.00000     0.00000     0.00000
    -88.245         0.00000     0.00000     0.00000     0.00000
    -88.095         0.00000     0.00000     0.00000     0.00000
    -87.945         0.00000     0.00000     0.00000     0.00000
    -87.795         0.00000     0.00000     0.00000     0.00000
    -87.645         0.00000     0.00000     0.00000     0.00000
    -87.495         0.00000     0.00000     0.00000     0.00000
    -87.345         0.00000     0.00000     0.00000     0.00000
    -87.195         0.00000     0.00000     0.00000     0.00000
    -87.045         0.00000     0.00000     0.00000     0.00000
    -86.895         0.00000     0.00000     0.00000     0.00000
    -86.745         0.00000     0.00000     0.00000     0.00000
    -86.595         0.00000     0.00000     0.00000     0.00000
    -86.445         0.00000     0.00000     0.00000     0.00000
    -86.295         0.00000     0.00000     0.00000     0.00000
    -86.145         0.00000     0.00000     0.00000     0.00000
    -85.995         0.00000     0.00000     0.00000     0.00000
    -85.845         0.00000     0.00000     0.00000     0.00000
    -85.695         0.00000     0.00000     0.00000     0.00000
    -85.545         0.00000     0.00000     0.00000     0.00000
    -85.395         0.00000     0.00000     0.00000     0.00000
    -85.245         0.00000     0.00000     0.00000     0.00000
    -85.095         0.00000     0.00000     0.00000     0.00000
    -84.945         0.00000     0.00000     0.00000     0.00000
    -84.795         0.00000     0.00000     0.00000     0.00000
    -84.645         0.00000     0.00000     0.00000     0.00000
    -84.495         0.00000     0.00000     0.00000     0.00000
    -84.345         0.00000     0.00000     0.00000     0.00000
    -84.195         0.00000     0.00000     0.00000     0.00000
    -84.045         0.00000     0.00000     0.00000     0.00000
    -83.895         0.00000     0.00000     0.00000     0.00000
    -83.745         0.00000     0.00000     0.00000     0.00000
    -83.595         0.00000     0.00000     0.00000     0.00000
    -83.445         0.00000     0.00000     0.00000     0.00000
    -83.295         0.00000     0.00000     0.00000     0.00000
    -83.145         0.00000     0.00000     0.00000     0.00000
    -82.995         0.00000     0.00000     0.00000     0.00000
    -82.845         0.00000     0.00000     0.00000     0.00000
    -82.695         0.00000     0.00000     0.00000     0.00000
    -82.545         0.00000     0.00000     0.00000     0.00000
    -82.395         0.00000     0.00000     0.00000     0.00000
    -82.245         0.00000     0.00000     0.00000     0.00000
    -82.095         0.00000     0.00000     0.00000     0.00000
    -81.945         0.00000     0.00000     0.00000     0.00000
    -81.795         0.00000     0.00000     0.00000     0.00000
    -81.645         0.00000     0.00000     0.00000     0.00000
    -81.495         0.00000     0.00000     0.00000     0.00000
    -81.345         0.00000     0.00000     0.00000     0.00000
    -81.195         0.00000     0.00000     0.00000     0.00000
    -81.045         0.00000     0.00000     0.00000     0.00000
    -80.895         0.00000     0.00000     0.00000     0.00000
    -80.745         0.00000     0.00000     0.00000     0.00000
    -80.595         0.00000     0.00000     0.00000     0.00000
    -80.445         0.00000     0.00000     0.00000     0.00000
    -80.295         0.00000     0.00000     0.00000     0.00000
    -80.145         0.00000     0.00000     0.00000     0.00000
    -79.995         0.00000     0.00000     0.00000     0.00000
    -79.845         0.00000     0.00000     0.00000     0.00000
    -79.695         0.00000     0.00000     0.00000     0.00000
    -79.545         0.00000     0.00000     0.00000     0.00000
    -79.395         0.00000     0.00000     0.00000     0.00000
    -79.245         0.00000     0.00000     0.00000     0.00000
    -79.095         0.00000     0.00000     0.00000     0.00000
    -78.945         0.00000     0.00000     0.00000     0.00000
    -78.795         0.00000     0.00000     0.00000     0.00000
    -78.645         0.00000     0.00000     0.00000     0.00000
    -78.495         0.00000     0.00000     0.00000     0.00000
    -78.345         0.00000     0.00000     0.00000     0.00000
    -78.195         0.00000     0.00000     0.00000     0.00000
    -78.045         0.00000     0.00000     0.00000     0.00000
    -77.895         0.00000     0.00000     0.00000     0.00000
    -77.745         0.00000     0.00000     0.00000     0.00000
    -77.595         0.00000     0.00000     0.00000     0.00000
    -77.445         0.00000     0.00000     0.00000     0.00000
    -77.295         0.00000     0.00000     0.00000     0.00000
    -77.145         0.00000     0.00000     0.00000     0.00000
    -76.995         0.00000     0.00000     0.00000     0.00000
    -76.845         0.00000     0.00000     0.00000     0.00000
    -76.695         0.00000     0.00000     0.00000     0.00000
    -76.545         0.00000     0.00000     0.00000     0.00000
    -76.395         0.00000     0.00000     0.00000     0.00000
    -76.245         0.00000     0.00000     0.00000     0.00000
    -76.095         0.00000     0.00000     0.00000     0.00000
    -75.945         0.00000     0.00000     0.00000     0.00000
    -75.795         0.00000     0.00000     0.00000     0.00000
    -75.645         0.00000     0.00000     0.00000     0.00000
    -75.495         0.00000     0.00000     0.00000     0.00000
    -75.345         0.00000     0.00000     0.00000     0.00000
    -75.195         0.00000     0.00000     0.00000     0.00000
    -75.045         0.00000     0.00000     0.00000     0.00000
    -74.895         0.00000     0.00000     0.00000     0.00000
    -74.745         0.00000     0.00000     0.00000     0.00000
    -74.595         0.00000     0.00000     0.00000     0.00000
    -74.445         0.00000     0.00000     0.00000     0.00000
    -74.295         0.00000     0.00000     0.00000     0.00000
    -74.145         0.00000     0.00000     0.00000     0.00000
    -73.995         0.00000     0.00000     0.00000     0.00000
    -73.845         0.00000     0.00000     0.00000     0.00000
    -73.695         0.00000     0.00000     0.00000     0.00000
    -73.545         0.00000     0.00000     0.00000     0.00000
    -73.395         0.00000     0.00000     0.00000     0.00000
    -73.245         0.00000     0.00000     0.00000     0.00000
    -73.095         0.00000     0.00000     0.00000     0.00000
    -72.945         0.00000     0.00000     0.00000     0.00000
    -72.795         0.00000     0.00000     0.00000     0.00000
    -72.645         0.00000     0.00000     0.00000     0.00000
    -72.495         0.00000     0.00000     0.00000     0.00000
    -72.345         0.00000     0.00000     0.00000     0.00000
    -72.195         0.00000     0.00000     0.00000     0.00000
    -72.045         0.00000     0.00000     0.00000     0.00000
    -71.895         0.00000     0.00000     0.00000     0.00000
    -71.745         0.00000     0.00000     0.00000     0.00000
    -71.595         0.00000     0.00000     0.00000     0.00000
    -71.445         0.00000     0.00000     0.00000     0.00000
    -71.295         0.00000     0.00000     0.00000     0.00000
    -71.145         0.00000     0.00000     0.00000     0.00000
    -70.995         0.00000     0.00000     0.00000     0.00000
    -70.845         0.00000     0.00000     0.00000     0.00000
    -70.695         0.00000     0.00000     0.00000     0.00000
    -70.545         0.00000     0.00000     0.00000     0.00000
    -70.395         0.00000     0.00000     0.00000     0.00000
    -70.245         0.00000     0.00000     0.00000     0.00000
    -70.095         0.00000     0.00000     0.00000     0.00000
    -69.945         0.00000     0.00000     0.00000     0.00000
    -69.795         0.00000     0.00000     0.00000     0.00000
    -69.645         0.00000     0.00000     0.00000     0.00000
    -69.495         0.00000     0.00000     0.00000     0.00000
    -69.345         0.00000     0.00000     0.00000     0.00000
    -69.195         0.00000     0.00000     0.00000     0.00000
    -69.045         0.00000     0.00000     0.00000     0.00000
    -68.895         0.00000     0.00000     0.00000     0.00000
    -68.745         0.00000     0.00000     0.00000     0.00000
    -68.595         0.00000     0.00000     0.00000     0.00000
    -68.445         0.00000     0.00000     0.00000     0.00000
    -68.295         0.00000     0.00000     0.00000     0.00000
    -68.145         0.00000     0.00000     0.00000     0.00000
    -67.995         0.00000     0.00000     0.00000     0.00000
    -67.845         0.00000     0.00000     0.00000     0.00000
    -67.695         0.00000     0.00000     0.00000     0.00000
    -67.545         0.00000     0.00000     0.00000     0.00000
    -67.395         0.00000     0.00000     0.00000     0.00000
    -67.245         0.00000     0.00000     0.00000     0.00000
    -67.095         0.00000     0.00000     0.00000     0.00000
    -66.945         0.00000     0.00000     0.00000     0.00000
    -66.795         0.00000     0.00000     0.00000     0.00000
    -66.645         0.00000     0.00000     0.00000     0.00000
    -66.495         0.00000     0.00000     0.00000     0.00000
    -66.345         0.00000     0.00000     0.00000     0.00000
    -66.195         0.00000     0.00000     0.00000     0.00000
    -66.045         0.00000     0.00000     0.00000     0.00000
    -65.895         0.00000     0.00000     0.00000     0.00000
    -65.745         0.00000     0.00000     0.00000     0.00000
    -65.595         0.00000     0.00000     0.00000     0.00000
    -65.445         0.00000     0.00000     0.00000     0.00000
    -65.295         0.00000     0.00000     0.00000     0.00000
    -65.145         0.00000     0.00000     0.00000     0.00000
    -64.995         0.00000     0.00000     0.00000     0.00000
    -64.845         0.00000     0.00000     0.00000     0.00000
    -64.695         0.00000     0.00000     0.00000     0.00000
    -64.545         0.00000     0.00000     0.00000     0.00000
    -64.395         0.00000     0.00000     0.00000     0.00000
    -64.245         0.00000     0.00000     0.00000     0.00000
    -64.095         0.00000     0.00000     0.00000     0.00000
    -63.945         0.00000     0.00000     0.00000     0.00000
    -63.795         0.00000     0.00000     0.00000     0.00000
    -63.645         0.00000     0.00000     0.00000     0.00000
    -63.495         0.00000     0.00000     0.00000     0.00000
    -63.345         0.00000     0.00000     0.00000     0.00000
    -63.195         0.00000     0.00000     0.00000     0.00000
    -63.045         0.00000     0.00000     0.00000     0.00000
    -62.895         0.00000     0.00000     0.00000     0.00000
    -62.745         0.00000     0.00000     0.00000     0.00000
    -62.595         0.00000     0.00000     0.00000     0.00000
    -62.445         0.00000     0.00000     0.00000     0.00000
    -62.295         0.00000     0.00000     0.00000     0.00000
    -62.145         0.00000     0.00000     0.00000     0.00000
    -61.995         0.00000     0.00000     0.00000     0.00000
    -61.845         0.00000     0.00000     0.00000     0.00000
    -61.695         0.00000     0.00000     0.00000     0.00000
    -61.545         0.00000     0.00000     0.00000     0.00000
    -61.395         0.00000     0.00000     0.00000     0.00000
    -61.245         0.00000     0.00000     0.00000     0.00000
    -61.095         0.00000     0.00000     0.00000     0.00000
    -60.945         0.00000     0.00000     0.00000     0.00000
    -60.795         0.00000     0.00000     0.00000     0.00000
    -60.645         0.00000     0.00000     0.00000     0.00000
    -60.495         0.00000     0.00000     0.00000     0.00000
    -60.345         0.00000     0.00000     0.00000     0.00000
    -60.195         0.00000     0.00000     0.00000     0.00000
    -60.045         0.00000     0.00000     0.00000     0.00000
    -59.895         0.00000     0.00000     0.00000     0.00000
    -59.745         0.00000     0.00000     0.00000     0.00000
    -59.595         0.00000     0.00000     0.00000     0.00000
    -59.445         0.00000     0.00000     0.00000     0.00000
    -59.295         0.00000     0.00000     0.00000     0.00000
    -59.145         0.00000     0.00000     0.00000     0.00000
    -58.995         0.00000     0.00000     0.00000     0.00000
    -58.845         0.00000     0.00000     0.00000     0.00000
    -58.695         0.00000     0.00000     0.00000     0.00000
    -58.545         0.00000     0.00000     0.00000     0.00000
    -58.395         0.00000     0.00000     0.00000     0.00000
    -58.245         0.00000     0.00000     0.00000     0.00000
    -58.095         0.00000     0.00000     0.00000     0.00000
    -57.945         0.00000     0.00000     0.00000     0.00000
    -57.795         0.00000     0.00000     0.00000     0.00000
    -57.645         0.00000     0.00000     0.00000     0.00000
    -57.495         0.00000     0.00000     0.00000     0.00000
    -57.345         0.00000     0.00000     0.00000     0.00000
    -57.195         0.00000     0.00000     0.00000     0.00000
    -57.045         0.00000     0.00000     0.00000     0.00000
    -56.895         0.00000     0.00000     0.00000     0.00000
    -56.745         0.00000     0.00000     0.00000     0.00000
    -56.595         0.00000     0.00000     0.00000     0.00000
    -56.445         0.00000     0.00000     0.00000     0.00000
    -56.295         0.00000     0.00000     0.00000     0.00000
    -56.145         0.00000     0.00000     0.00000     0.00000
    -55.995         0.00000     0.00000     0.00000     0.00000
    -55.845         0.00000     0.00000     0.00000     0.00000
    -55.695         0.00000     0.00000     0.00000     0.00000
    -55.545         0.00000     0.00000     0.00000     0.00000
    -55.395         0.00000     0.00000     0.00000     0.00000
    -55.245         0.00000     0.00000     0.00000     0.00000
    -55.095         0.00000     0.00000     0.00000     0.00000
    -54.945         0.00000     0.00000     0.00000     0.00000
    -54.795         0.00000     0.00000     0.00000     0.00000
    -54.645         0.00000     0.00000     0.00000     0.00000
    -54.495         0.00000     0.00000     0.00000     0.00000
    -54.345         0.00000     0.00000     0.00000     0.00000
    -54.195         0.00000     0.00000     0.00000     0.00000
    -54.045         0.00000     0.00000     0.00000     0.00000
    -53.895         0.00000     0.00000     0.00000     0.00000
    -53.745         0.00000     0.00000     0.00000     0.00000
    -53.595         0.00000     0.00000     0.00000     0.00000
    -53.445         0.00000     0.00000     0.00000     0.00000
    -53.295         0.00000     0.00000     0.00000     0.00000
    -53.145         0.00000     0.00000     0.00000     0.00000
    -52.995         0.00000     0.00000     0.00000     0.00000
    -52.845         0.00000     0.00000     0.00000     0.00000
    -52.695         0.00000     0.00000     0.00000     0.00000
    -52.545         0.00000     0.00000     0.00000     0.00000
    -52.395         0.00000     0.00000     0.00000     0.00000
    -52.245         0.00000     0.00000     0.00000     0.00000
    -52.095         0.00000     0.00000     0.00000     0.00000
    -51.945         0.00000     0.00000     0.00000     0.00000
    -51.795         0.00000     0.00000     0.00000     0.00000
    -51.645         0.00000     0.00000     0.00000     0.00000
    -51.495         0.00000     0.00000     0.00000     0.00000
    -51.345         0.00000     0.00000     0.00000     0.00000
    -51.195         0.00000     0.00000     0.00000     0.00000
    -51.045         0.00000     0.00000     0.00000     0.00000
    -50.895         0.00000     0.00000     0.00000     0.00000
    -50.745         0.00000     0.00000     0.00000     0.00000
    -50.595         0.00000     0.00000     0.00000     0.00000
    -50.445         0.00000     0.00000     0.00000     0.00000
    -50.295         0.00000     0.00000     0.00000     0.00000
    -50.145         0.00000     0.00000     0.00000     0.00000
    -49.995         0.00000     0.00000     0.00000     0.00000
    -49.845         0.00000     0.00000     0.00000     0.00000
    -49.695         0.00000     0.00000     0.00000     0.00000
    -49.545         0.00000     0.00000     0.00000     0.00000
    -49.395         0.00000     0.00000     0.00000     0.00000
    -49.245         0.00000     0.00000     0.00000     0.00000
    -49.095         0.00000     0.00000     0.00000     0.00000
    -48.945         0.00000     0.00000     0.00000     0.00000
    -48.795         0.00000     0.00000     0.00000     0.00000
    -48.645         0.00000     0.00000     0.00000     0.00000
    -48.495         0.00000     0.00000     0.00000     0.00000
    -48.345         0.00000     0.00000     0.00000     0.00000
    -48.195         0.00000     0.00000     0.00000     0.00000
    -48.045         0.00000     0.00000     0.00000     0.00000
    -47.895         0.00000     0.00000     0.00000     0.00000
    -47.745         0.00000     0.00000     0.00000     0.00000
    -47.595         0.00000     0.00000     0.00000     0.00000
    -47.445         0.00000     0.00000     0.00000     0.00000
    -47.295         0.00000     0.00000     0.00000     0.00000
    -47.145         0.00000     0.00000     0.00000     0.00000
    -46.995         0.00000     0.00000     0.00000     0.00000
    -46.845         0.00000     0.00000     0.00000     0.00000
    -46.695         0.00000     0.00000     0.00000     0.00000
    -46.545         0.00000     0.00000     0.00000     0.00000
    -46.395         0.00000     0.00000     0.00000     0.00000
    -46.245         0.00000     0.00000     0.00000     0.00000
    -46.095         0.00000     0.00000     0.00000     0.00000
    -45.945         0.00000     0.00000     0.00000     0.00000
    -45.795         0.00000     0.00000     0.00000     0.00000
    -45.645         0.00000     0.00000     0.00000     0.00000
    -45.495         0.00000     0.00000     0.00000     0.00000
    -45.345         0.00000     0.00000     0.00000     0.00000
    -45.195         0.00000     0.00000     0.00000     0.00000
    -45.045         0.00000     0.00000     0.00000     0.00000
    -44.895         0.00000     0.00000     0.00000     0.00000
    -44.745         0.00000     0.00000     0.00000     0.00000
    -44.595         0.00000     0.00000     0.00000     0.00000
    -44.445         0.00000     0.00000     0.00000     0.00000
    -44.295         0.00000     0.00000     0.00000     0.00000
    -44.145         0.00000     0.00000     0.00000     0.00000
    -43.995         0.00000     0.00000     0.00000     0.00000
    -43.845         0.00000     0.00000     0.00000     0.00000
    -43.695         0.00000     0.00000     0.00000     0.00000
    -43.545         0.00000     0.00000     0.00000     0.00000
    -43.395         0.00000     0.00000     0.00000     0.00000
    -43.245         0.00000     0.00000     0.00000     0.00000
    -43.095         0.00000     0.00000     0.00000     0.00000
    -42.945         0.00000     0.00000     0.00000     0.00000
    -42.795         0.00000     0.00000     0.00000     0.00000
    -42.645         0.00000     0.00000     0.00000     0.00000
    -42.495         0.00000     0.00000     0.00000     0.00000
    -42.345         0.00000     0.00000     0.00000     0.00000
    -42.195         0.00000     0.00000     0.00000     0.00000
    -42.045         0.00000     0.00000     0.00000     0.00000
    -41.895         0.00000     0.00000     0.00000     0.00000
    -41.745         0.00000     0.00000     0.00000     0.00000
    -41.595         0.00000     0.00000     0.00000     0.00000
    -41.445         0.00000     0.00000     0.00000     0.00000
    -41.295         0.00000     0.00000     0.00000     0.00000
    -41.145         0.00000     0.00000     0.00000     0.00000
    -40.995         0.00000     0.00000     0.00000     0.00000
    -40.845         0.00000     0.00000     0.00000     0.00000
    -40.695         0.00000     0.00000     0.00000     0.00000
    -40.545         0.00000     0.00000     0.00000     0.00000
    -40.395         0.00000     0.00000     0.00000     0.00000
    -40.245         0.00000     0.00000     0.00000     0.00000
    -40.095         0.00000     0.00000     0.00000     0.00000
    -39.945         0.00000     0.00000     0.00000     0.00000
    -39.795         0.00000     0.00000     0.00000     0.00000
    -39.645         0.00000     0.00000     0.00000     0.00000
    -39.495         0.00000     0.00000     0.00000     0.00000
    -39.345         0.00000     0.00000     0.00000     0.00000
    -39.195         0.00000     0.00000     0.00000     0.00000
    -39.045         0.00000     0.00000     0.00000     0.00000
    -38.895         0.00000     0.00000     0.00000     0.00000
    -38.745         0.00000     0.00000     0.00000     0.00000
    -38.595         0.00000     0.00000     0.00000     0.00000
    -38.445         0.00000     0.00000     0.00000     0.00000
    -38.295         0.00000     0.00000     0.00000     0.00000
    -38.145         0.00000     0.00000     0.00000     0.00000
    -37.995         0.00000     0.00000     0.00000     0.00000
    -37.845         0.00000     0.00000     0.00000     0.00000
    -37.695         0.00000     0.00000     0.00000     0.00000
    -37.545         0.00000     0.00000     0.00000     0.00000
    -37.395         0.00000     0.00000     0.00000     0.00000
    -37.245         0.00000     0.00000     0.00000     0.00000
    -37.095         0.00000     0.00000     0.00000     0.00000
    -36.945         0.00000     0.00000     0.00000     0.00000
    -36.795         0.00000     0.00000     0.00000     0.00000
    -36.645         0.00000     0.00000     0.00000     0.00000
    -36.495         0.00000     0.00000     0.00000     0.00000
    -36.345         0.00000     0.00000     0.00000     0.00000
    -36.195         0.00000     0.00000     0.00000     0.00000
    -36.045         0.00000     0.00000     0.00000     0.00000
    -35.895         0.00000     0.00000     0.00000     0.00000
    -35.745         0.00000     0.00000     0.00000     0.00000
    -35.595         0.00000     0.00000     0.00000     0.00000
    -35.445         0.00000     0.00000     0.00000     0.00000
    -35.295         0.00000     0.00000     0.00000     0.00000
    -35.145         0.00000     0.00000     0.00000     0.00000
    -34.995         0.00000     0.00000     0.00000     0.00000
    -34.845         0.00000     0.00000     0.00000     0.00000
    -34.695         0.00000     0.00000     0.00000     0.00000
    -34.545         0.00000     0.00000     0.00000     0.00000
    -34.395         0.00000     0.00000     0.00000     0.00000
    -34.245         0.00000     0.00000     0.00000     0.00000
    -34.095         0.00000     0.00000     0.00000     0.00000
    -33.945         0.00000     0.00000     0.00000     0.00000
    -33.795         0.00000     0.00000     0.00000     0.00000
    -33.645         0.00000     0.00000     0.00000     0.00000
    -33.495         0.00000     0.00000     0.00000     0.00000
    -33.345         0.00000     0.00000     0.00000     0.00000
    -33.195         0.00000     0.00000     0.00000     0.00000
    -33.045         0.00000     0.00000     0.00000     0.00000
    -32.895         0.00000     0.00000     0.00000     0.00000
    -32.745         0.00000     0.00000     0.00000     0.00000
    -32.595         0.00000     0.00000     0.00000     0.00000
    -32.445         0.00000     0.00000     0.00000     0.00000
    -32.295         0.00000     0.00000     0.00000     0.00000
    -32.145         0.00000     0.00000     0.00000     0.00000
    -31.995         0.00000     0.00000     0.00000     0.00000
    -31.845         0.00000     0.00000     0.00000     0.00000
    -31.695         0.00000     0.00000     0.00000     0.00000
    -31.545         0.00000     0.00000     0.00000     0.00000
    -31.395         0.00000     0.00000     0.00000     0.00000
    -31.245         0.00000     0.00000     0.00000     0.00000
    -31.095         0.00000     0.00000     0.00000     0.00000
    -30.945         0.00000     0.00000     0.00000     0.00000
    -30.795         0.00000     0.00000     0.00000     0.00000
    -30.645         0.00000     0.00000     0.00000     0.00000
    -30.495         0.00000     0.00000     0.00000     0.00000
    -30.345         0.00000     0.00000     0.00000     0.00000
    -30.195         0.00000     0.00000     0.00000     0.00000
    -30.045         0.00000     0.00000     0.00000     0.00000
    -29.895         0.00000     0.00000     0.00000     0.00000
    -29.745         0.00000     0.00000     0.00000     0.00000
    -29.595         0.00000     0.00000     0.00000     0.00000
    -29.445         0.00000     0.00000     0.00000     0.00000
    -29.295         0.00000     0.00000     0.00000     0.00000
    -29.145         0.00000     0.00000     0.00000     0.00000
    -28.995         0.00000     0.00000     0.00000     0.00000
    -28.845         0.00000     0.00000     0.00000     0.00000
    -28.695         0.00000     0.00000     0.00000     0.00000
    -28.545         0.00000     0.00000     0.00000     0.00000
    -28.395         0.00000     0.00000     0.00000     0.00000
    -28.245         0.00000     0.00000     0.00000     0.00000
    -28.095         0.00000     0.00000     0.00000     0.00000
    -27.945         0.00000     0.00000     0.00000     0.00000
    -27.795         0.00000     0.00000     0.00000     0.00000
    -27.645         0.00000     0.00000     0.00000     0.00000
    -27.495         0.00000     0.00000     0.00000     0.00000
    -27.345         0.00000     0.00000     0.00000     0.00000
    -27.195         0.00000     0.00000     0.00000     0.00000
    -27.045         0.00000     0.00000     0.00000     0.00000
    -26.895         0.00000     0.00000     0.00000     0.00000
    -26.745         0.00000     0.00000     0.00000     0.00000
    -26.595         0.00000     0.00000     0.00000     0.00000
    -26.445         0.00000     0.00000     0.00000     0.00000
    -26.295         0.00000     0.00000     0.00000     0.00000
    -26.145         0.00000     0.00000     0.00000     0.00000
    -25.995         0.00000     0.00000     0.00000     0.00000
    -25.845         0.00000     0.00000     0.00000     0.00000
    -25.695         0.00000     0.00000     0.00000     0.00000
    -25.545         0.00000     0.00000     0.00000     0.00000
    -25.395         0.00000     0.00000     0.00000     0.00000
    -25.245         0.00000     0.00000     0.00000     0.00000
    -25.095         0.00000     0.00000     0.00000     0.00000
    -24.945         0.00000     0.00000     0.00000     0.00000
    -24.795         0.00000     0.00000     0.00000     0.00000
    -24.645         0.00000     0.00000     0.00000     0.00000
    -24.495         0.00000     0.00000     0.00000     0.00000
    -24.345         0.00000     0.00000     0.00000     0.00000
    -24.195         0.00000     0.00000     0.00000     0.00000
    -24.045         0.00000     0.00000     0.00000     0.00000
    -23.895         0.00000     0.00000     0.00000     0.00000
    -23.745         0.00000     0.00000     0.00000     0.00000
    -23.595         0.00000     0.00000     0.00000     0.00000
    -23.445         0.00000     0.00000     0.00000     0.00000
    -23.295         0.00000     0.00000     0.00000     0.00000
    -23.145         0.00000     0.00000     0.00000     0.00000
    -22.995         0.00000     0.00000     0.00000     0.00000
    -22.845         0.00000     0.00000     0.00000     0.00000
    -22.695         0.00000     0.00000     0.00000     0.00000
    -22.545         0.00000     0.00000     0.00000     0.00000
    -22.395         0.00000     0.00000     0.00000     0.00000
    -22.245         0.00000     0.00000     0.00000     0.00000
    -22.095         0.00000     0.00000     0.00000     0.00000
    -21.945         0.00000     0.00000     0.00000     0.00000
    -21.795         0.00000     0.00000     0.00000     0.00000
    -21.645         0.00000     0.00000     0.00000     0.00000
    -21.495         0.00000     0.00000     0.00000     0.00000
    -21.345         0.00000     0.00000     0.00000     0.00000
    -21.195         0.00000     0.00000     0.00000     0.00000
    -21.045         0.00000     0.00000     0.00000     0.00000
    -20.895         0.00000     0.00000     0.00000     0.00000
    -20.745         0.00000     0.00000     0.00000     0.00000
    -20.595         0.00000     0.00000     0.00000     0.00000
    -20.445         0.00000     0.00000     0.00000     0.00000
    -20.295         0.00000     0.00000     0.00000     0.00000
    -20.145         0.00000     0.00000     0.00000     0.00000
    -19.995         0.00000     0.00000     0.00000     0.00000
    -19.845         0.00000     0.00000     0.00000     0.00000
    -19.695         0.00000     0.00000     0.00000     0.00000
    -19.545         0.00000     0.00000     0.00000     0.00000
    -19.395         0.00000     0.00000     0.00000     0.00000
    -19.245         0.00000     0.00000     0.00000     0.00000
    -19.095         0.00000     0.00000     0.00000     0.00000
    -18.945         0.00000     0.00000     0.00000     0.00000
    -18.795         0.00000     0.00000     0.00000     0.00000
    -18.645         0.00000     0.00000     0.00000     0.00000
    -18.495         0.00000     0.00000     0.00000     0.00000
    -18.345         0.00000     0.00000     0.00000     0.00000
    -18.195         0.00000     0.00000     0.00000     0.00000
    -18.045         0.00000     0.00000     0.00000     0.00000
    -17.895         0.00000     0.00000     0.00000     0.00000
    -17.745         0.00000     0.00000     0.00000     0.00000
    -17.595         0.00000     0.00000     0.00000     0.00000
    -17.445         0.00000     0.00000     0.00000     0.00000
    -17.295         0.00000     0.00000     0.00000     0.00000
    -17.145         0.00000     0.00000     0.00000     0.00000
    -16.995         0.00000     0.00000     0.00000     0.00000
    -16.845         0.00000     0.00000     0.00000     0.00000
    -16.695         0.00000     0.00000     0.00000     0.00000
    -16.545         0.00000     0.00000     0.00000     0.00000
    -16.395         0.00000     0.00000     0.00000     0.00000
    -16.245         0.00000     0.00000     0.00000     0.00000
    -16.095         0.00000     0.00000     0.00000     0.00000
    -15.945         0.00000     0.00000     0.00000     0.00000
    -15.795         0.00000     0.00000     0.00000     0.00000
    -15.645         0.00000     0.00000     0.00000     0.00000
    -15.495         0.00000     0.00000     0.00000     0.00000
    -15.345         0.00000     0.00000     0.00000     0.00000
    -15.195         0.00000     0.00000     0.00000     0.00000
    -15.045         0.00000     0.00000     0.00000     0.00000
    -14.895         0.00000     0.00000     0.00000     0.00000
    -14.745         0.00000     0.00000     0.00000     0.00000
    -14.595         0.00000     0.00000     0.00000     0.00000
    -14.445         0.00000     0.00000     0.00000     0.00000
    -14.295         0.00000     0.00000     0.00000     0.00000
    -14.145         0.00000     0.00000     0.00000     0.00000
    -13.995         0.00000     0.00000     0.00000     0.00000
    -13.845         0.00000     0.00000     0.00000     0.00000
    -13.695         0.00000     0.00000     0.00000     0.00000
    -13.545         0.00000     0.00000     0.00000     0.00000
    -13.395         0.00000     0.00000     0.00000     0.00000
    -13.245         0.00000     0.00000     0.00000     0.00000
    -13.095         0.00000     0.00000     0.00000     0.00000
    -12.945         0.00000     0.00000     0.00000     0.00000
    -12.795         0.00000     0.00000     0.00000     0.00000
    -12.645         0.00000     0.00000     0.00000     0.00000
    -12.495         0.00000     0.00000     0.00000     0.00000
    -12.345         0.00000     0.00000     0.00000     0.00000
    -12.195         0.00000     0.00000     0.00000     0.00000
    -12.045         0.00000     0.00000     0.00000     0.00000
    -11.895         0.00000     0.00000     0.00000     0.00000
    -11.745         0.00000     0.00000     0.00000     0.00000
    -11.595         0.00000     0.00000     0.00000     0.00000
    -11.445         0.00000     0.00000     0.00000     0.00000
    -11.295         0.00000     0.00000     0.00000     0.00000
    -11.145         0.00000     0.00000     0.00000     0.00000
    -10.995         0.00000     0.00000     0.00000     0.00000
    -10.845         0.00000     0.00000     0.00000     0.00000
    -10.695         0.00000     0.00000     0.00000     0.00000
    -10.545         0.00000     0.00000     0.00000     0.00000
    -10.395         0.00000     0.00000     0.00000     0.00000
    -10.245         0.00000     0.00000     0.00000     0.00000
    -10.095         0.00000     0.00000     0.00000     0.00000
    -9.9450         0.00000     0.00000     0.00000     0.00000
    -9.7950         0.00000     0.00000     0.00000     0.00000
    -9.6450         0.00000     0.00000     0.00000     0.00000
    -9.4950         0.00000     0.00000     0.00000     0.00000
    -9.3450         0.00000     0.00000     0.00000     0.00000
    -9.1950         0.00000     0.00000     0.00000     0.00000
    -9.0450         0.00000     0.00000     0.00000     0.00000
    -8.8950         0.00000     0.00000     0.00000     0.00000
    -8.7450         0.00000     0.00000     0.00000     0.00000
    -8.5950         0.00000     0.00000     0.00000     0.00000
    -8.4450         0.00000     0.00000     0.00000     0.00000
    -8.2950         0.00000     0.00000     0.00000     0.00000
    -8.1450         0.00000     0.00000     0.00000     0.00000
    -7.9950         0.00000     0.00000     0.00000     0.00000
    -7.8450         0.00000     0.00000     0.00000     0.00000
    -7.6950         0.00000     0.00000     0.00000     0.00000
    -7.5450         0.00000     0.00000     0.00000     0.00000
    -7.3950         0.00000     0.00000     0.00000     0.00000
    -7.2450         0.00000     0.00000     0.00000     0.00000
    -7.0950         0.00000     0.00000     0.00000     0.00000
    -6.9450         0.00000     0.00000     0.00000     0.00000
    -6.7950         0.00000     0.00000     0.00000     0.00000
    -6.6450         0.00000     0.00000     0.00000     0.00000
    -6.4950         0.00000     0.00000     0.00000     0.00000
    -6.3450         0.00000     0.00000     0.00000     0.00000
    -6.1950         0.00000     0.00000     0.00000     0.00000
    -6.0450         0.00000     0.00000     0.00000     0.00000
    -5.8950         0.00000     0.00000     0.00000     0.00000
    -5.7450         0.00000     0.00000     0.00000     0.00000
    -5.5950         0.00000     0.00000     0.00000     0.00000
    -5.4450         0.00000     0.00000     0.00000     0.00000
    -5.2950         0.00000     0.00000     0.00000     0.00000
    -5.1450         0.00000     0.00000     0.00000     0.00000
    -4.9950         0.00000     0.00000     0.00000     0.00000
    -4.8450         0.00000     0.00000     0.00000     0.00000
    -4.6950         0.00000     0.00000     0.00000     0.00000
    -4.5450         0.00000     0.00000     0.00000     0.00000
    -4.3950         0.00000     0.00000     0.00000     0.00000
    -4.2450         0.00000     0.00000     0.00000     0.00000
    -4.0950         0.00000     0.00000     0.00000     0.00000
    -3.9450         0.00000     0.00000     0.00000     0.00000
    -3.7950         0.00000     0.00000     0.00000     0.00000
    -3.6450         0.00000     0.00000     0.00000     0.00000
    -3.4950         0.00000     0.00000     0.00000     0.00000
    -3.3450         0.00000     0.00000     0.00000     0.00000
    -3.1950         0.00000     0.00000     0.00000     0.00000
    -3.0450        -0.00000    -0.00000     0.00000     0.00000
    -2.8950        -0.00000    -0.00000     0.00000     0.00000
    -2.7450         0.00000     0.00000     0.00000     0.00000
    -2.5950        -0.00000    -0.00000     0.00000     0.00000
    -2.4450        -0.00000    -0.00000     0.00000     0.00000
    -2.2950        -0.00000    -0.00000     0.00000     0.00000
    -2.1450        -0.00012    -0.00001    -0.00012     0.00000
    -1.9950        -0.00063    -0.00002    -0.00061     0.00000
    -1.8450        -0.00320    -0.00003    -0.00312    -0.00004
    -1.6950        -0.00891    -0.00007    -0.00883    -0.00001
    -1.5450        -0.02260    -0.00015    -0.02178    -0.00067
    -1.3950        -0.04472    -0.00027    -0.04115    -0.00330
    -1.2450        -0.08068    -0.00050    -0.06779    -0.01239
    -1.0950        -0.14338    -0.00083    -0.09873    -0.04382
   -0.94500        -0.29037    -0.00136    -0.13448    -0.15453
   -0.79500        -0.75454    -0.00209    -0.16471    -0.58775
   -0.64500        -2.13932    -0.00322    -0.18676    -1.94933
   -0.49500        -4.73323    -0.00559    -0.20562    -4.52202
   -0.34500        -7.79837    -0.01206    -0.22556    -7.56075
   -0.22700        -8.62652    -0.01542    -0.23414    -8.37695
   -0.21300        -8.71886    -0.01587    -0.23525    -8.46774
   -0.20700        -8.81039    -0.01631    -0.23668    -8.55740
   -0.20100        -8.90240    -0.01678    -0.23808    -8.64754
   -0.19500        -8.99355    -0.01727    -0.23952    -8.73675
   -0.18900        -9.08466    -0.01778    -0.24090    -8.82598
   -0.18300        -9.17531    -0.01830    -0.24238    -8.91463
   -0.17700        -9.26536    -0.01885    -0.24404    -9.00247
   -0.17100        -9.35686    -0.01941    -0.24571    -9.09174
   -0.16500        -9.44744    -0.01998    -0.24731    -9.18015
   -0.15900        -9.53880    -0.02057    -0.24909    -9.26914
   -0.15300        -9.63135    -0.02123    -0.25100    -9.35913
   -0.14700        -9.72404    -0.02189    -0.25287    -9.44928
   -0.14100        -9.81811    -0.02259    -0.25477    -9.54076
   -0.13500        -9.91265    -0.02332    -0.25666    -9.63267
   -0.12900       -10.00885    -0.02409    -0.25871    -9.72606
   -0.12300       -10.10583    -0.02486    -0.26081    -9.82017
   -0.11700       -10.20587    -0.02567    -0.26298    -9.91722
   -0.11100       -10.30842    -0.02654    -0.26534   -10.01654
   -0.10500       -10.41394    -0.02753    -0.26756   -10.11885
   -0.99000E-01   -10.52231    -0.02858    -0.26990   -10.22382
   -0.93000E-01   -10.63420    -0.02974    -0.27234   -10.33211
   -0.87000E-01   -10.75197    -0.03092    -0.27492   -10.44613
   -0.81000E-01   -10.87572    -0.03223    -0.27751   -10.56598
   -0.75000E-01   -11.00678    -0.03354    -0.28021   -10.69303
   -0.69000E-01   -11.14628    -0.03503    -0.28297   -10.82828
   -0.63000E-01   -11.29551    -0.03672    -0.28598   -10.97281
   -0.57000E-01   -11.45579    -0.03864    -0.28907   -11.12808
   -0.51000E-01   -11.63038    -0.04073    -0.29258   -11.29708
   -0.45000E-01   -11.81780    -0.04312    -0.29631   -11.47838
   -0.39000E-01   -12.01989    -0.04596    -0.30044   -11.67348
   -0.33000E-01   -12.23848    -0.04948    -0.30528   -11.88372
   -0.27000E-01   -12.47499    -0.05392    -0.31161   -12.10946
   -0.21300E-01   -12.64995    -0.05764    -0.31748   -12.27483
   -0.19500E-01   -12.67694    -0.05824    -0.31853   -12.30017
   -0.18900E-01   -12.70431    -0.05886    -0.31962   -12.32583
   -0.18300E-01   -12.73199    -0.05951    -0.32083   -12.35165
   -0.17700E-01   -12.76017    -0.06018    -0.32208   -12.37791
   -0.17100E-01   -12.78856    -0.06087    -0.32341   -12.40427
   -0.16500E-01   -12.81728    -0.06161    -0.32478   -12.43090
   -0.15900E-01   -12.84650    -0.06235    -0.32627   -12.45788
   -0.15300E-01   -12.87645    -0.06312    -0.32788   -12.48545
   -0.14700E-01   -12.90678    -0.06393    -0.32959   -12.51327
   -0.14100E-01   -12.93765    -0.06473    -0.33143   -12.54149
   -0.13500E-01   -12.96919    -0.06558    -0.33345   -12.57016
   -0.12900E-01   -13.00118    -0.06646    -0.33563   -12.59909
   -0.12300E-01   -13.03396    -0.06738    -0.33794   -12.62864
   -0.11700E-01   -13.06729    -0.06834    -0.34059   -12.65836
   -0.11100E-01   -13.10160    -0.06934    -0.34350   -12.68876
   -0.10500E-01   -13.13659    -0.07037    -0.34670   -12.71951
   -0.99000E-02   -13.17241    -0.07143    -0.35028   -12.75070
   -0.93000E-02   -13.20921    -0.07252    -0.35427   -12.78241
   -0.87000E-02   -13.24728    -0.07371    -0.35890   -12.81466
   -0.81000E-02   -13.28641    -0.07492    -0.36421   -12.84727
   -0.75000E-02   -13.32693    -0.07617    -0.37046   -12.88030
   -0.69000E-02   -13.36912    -0.07750    -0.37793   -12.91370
   -0.63000E-02   -13.41375    -0.07886    -0.38732   -12.94756
   -0.57000E-02   -13.46178    -0.08027    -0.39954   -12.98196
   -0.51000E-02   -13.51438    -0.08174    -0.41607   -13.01657
   -0.45000E-02   -13.57457    -0.08327    -0.43961   -13.05169
   -0.39000E-02   -13.64645    -0.08481    -0.47446   -13.08718
   -0.33000E-02   -13.73303    -0.08636    -0.52325   -13.12342
   -0.27000E-02   -13.81484    -0.08790    -0.56589   -13.16105
   -0.21000E-02   -13.87872    -0.08939    -0.58723   -13.20209
   -0.15000E-02   -13.94037    -0.09073    -0.59608   -13.25356
   -0.90000E-03   -14.03170    -0.09178    -0.59930   -13.34061
   -0.30000E-03   -15.46147    -0.09226    -0.59999   -14.76922
    0.30000E-03   -14.03153    -0.09157    -0.59951   -13.34044
    0.90000E-03   -13.94807    -0.08834    -0.59847   -13.26126
    0.15000E-02   -13.90432    -0.07951    -0.59715   -13.22765
    0.21000E-02   -13.86652    -0.05825    -0.59570   -13.21256
    0.27000E-02   -13.81599    -0.01605    -0.59420   -13.20574
    0.33000E-02   -13.76321     0.03218    -0.59268   -13.20270
    0.39000E-02   -13.72566     0.06691    -0.59120   -13.20137
    0.45000E-02   -13.70015     0.09039    -0.58977   -13.20077
    0.51000E-02   -13.68205     0.10684    -0.58837   -13.20052
    0.57000E-02   -13.66852     0.11894    -0.58705   -13.20041
    0.63000E-02   -13.65774     0.12839    -0.58578   -13.20035
    0.69000E-02   -13.64894     0.13595    -0.58458   -13.20032
    0.75000E-02   -13.64143     0.14230    -0.58343   -13.20030
    0.81000E-02   -13.63491     0.14769    -0.58232   -13.20028
    0.87000E-02   -13.62909     0.15244    -0.58127   -13.20026
    0.93000E-02   -13.62386     0.15663    -0.58025   -13.20024
    0.99000E-02   -13.61924     0.16030    -0.57931   -13.20022
    0.10500E-01   -13.61501     0.16361    -0.57842   -13.20020
    0.11100E-01   -13.61120     0.16656    -0.57758   -13.20019
    0.11700E-01   -13.60765     0.16928    -0.57676   -13.20016
    0.12300E-01   -13.60435     0.17181    -0.57601   -13.20015
    0.12900E-01   -13.60131     0.17410    -0.57528   -13.20013
    0.13500E-01   -13.59845     0.17622    -0.57456   -13.20010
    0.14100E-01   -13.59579     0.17818    -0.57389   -13.20008
    0.14700E-01   -13.59326     0.18007    -0.57327   -13.20006
    0.15300E-01   -13.59089     0.18179    -0.57265   -13.20003
    0.15900E-01   -13.58866     0.18345    -0.57211   -13.20000
    0.16500E-01   -13.58655     0.18500    -0.57158   -13.19997
    0.17100E-01   -13.58458     0.18642    -0.57106   -13.19994
    0.17700E-01   -13.58276     0.18774    -0.57058   -13.19992
    0.18300E-01   -13.58100     0.18901    -0.57012   -13.19989
    0.18900E-01   -13.57934     0.19021    -0.56969   -13.19986
    0.19500E-01   -13.57781     0.19132    -0.56930   -13.19983
    0.21300E-01   -13.56884     0.19770    -0.56698   -13.19956
    0.27000E-01   -13.55943     0.20434    -0.56465   -13.19912
    0.33000E-01   -13.55286     0.20898    -0.56326   -13.19859
    0.39000E-01   -13.54816     0.21229    -0.56246   -13.19799
    0.45000E-01   -13.54411     0.21515    -0.56200   -13.19726
    0.51000E-01   -13.54102     0.21721    -0.56178   -13.19645
    0.57000E-01   -13.53824     0.21899    -0.56166   -13.19557
    0.63000E-01   -13.53569     0.22046    -0.56157   -13.19458
    0.69000E-01   -13.53353     0.22154    -0.56154   -13.19353
    0.75000E-01   -13.53130     0.22254    -0.56151   -13.19233
    0.81000E-01   -13.52933     0.22333    -0.56149   -13.19116
    0.87000E-01   -13.52719     0.22410    -0.56136   -13.18992
    0.93000E-01   -13.52508     0.22474    -0.56125   -13.18856
    0.99000E-01   -13.52321     0.22523    -0.56115   -13.18729
    0.10500       -13.52129     0.22552    -0.56105   -13.18576
    0.11100       -13.51940     0.22587    -0.56096   -13.18432
    0.11700       -13.51760     0.22606    -0.56086   -13.18280
    0.12300       -13.51560     0.22627    -0.56076   -13.18111
    0.12900       -13.51365     0.22644    -0.56067   -13.17942
    0.13500       -13.51172     0.22656    -0.56057   -13.17771
    0.14100       -13.50981     0.22659    -0.56047   -13.17593
    0.14700       -13.50791     0.22673    -0.56038   -13.17425
    0.15300       -13.50602     0.22671    -0.56029   -13.17245
    0.15900       -13.50393     0.22671    -0.56019   -13.17045
    0.16500       -13.50177     0.22677    -0.56010   -13.16843
    0.17100       -13.49958     0.22693    -0.56001   -13.16650
    0.17700       -13.49749     0.22691    -0.55991   -13.16449
    0.18300       -13.49511     0.22708    -0.55982   -13.16237
    0.18900       -13.49290     0.22704    -0.55973   -13.16020
    0.19500       -13.49077     0.22701    -0.55964   -13.15814
    0.20100       -13.48828     0.22710    -0.55955   -13.15582
    0.20700       -13.48598     0.22716    -0.55946   -13.15368
    0.21300       -13.48345     0.22721    -0.55937   -13.15129
    0.22700       -13.46177     0.22699    -0.55857   -13.13020
    0.34500       -13.39038     0.22667    -0.55714   -13.05991
    0.49500       -13.30696     0.22647    -0.55518   -12.97824
    0.64500       -13.22021     0.22629    -0.55337   -12.89314
    0.79500       -13.12941     0.22614    -0.55167   -12.80388
    0.94500       -13.03720     0.22597    -0.55007   -12.71311
     1.0950       -12.94356     0.22581    -0.54856   -12.62081
     1.2450       -12.85032     0.22571    -0.54715   -12.52888
     1.3950       -12.75744     0.22559    -0.54578   -12.43725
     1.5450       -12.66569     0.22549    -0.54450   -12.34669
     1.6950       -12.57648     0.22541    -0.54329   -12.25860
     1.8450       -12.48925     0.22532    -0.54213   -12.17244
     1.9950       -12.40352     0.22526    -0.54101   -12.08777
     2.1450       -12.32169     0.22517    -0.53994   -12.00692
     2.2950       -12.24218     0.22510    -0.53891   -11.92837
     2.4450       -12.16591     0.22503    -0.53792   -11.85302
     2.5950       -12.09230     0.22496    -0.53696   -11.78030
     2.7450       -12.02096     0.22490    -0.53604   -11.70982
     2.8950       -11.95199     0.22482    -0.53515   -11.64166
     3.0450       -11.88561     0.22475    -0.53428   -11.57608
     3.1950       -11.82172     0.22471    -0.53346   -11.51298
     3.3450       -11.75980     0.22465    -0.53265   -11.45181
     3.4950       -11.69967     0.22460    -0.53186   -11.39241
     3.6450       -11.64206     0.22457    -0.53110   -11.33553
     3.7950       -11.58628     0.22452    -0.53036   -11.28043
     3.9450       -11.53228     0.22448    -0.52964   -11.22712
     4.0950       -11.47975     0.22444    -0.52894   -11.17525
     4.2450       -11.42889     0.22438    -0.52825   -11.12502
     4.3950       -11.37954     0.22433    -0.52760   -11.07627
     4.5450       -11.33155     0.22429    -0.52695   -11.02889
     4.6950       -11.28489     0.22427    -0.52631   -10.98285
     4.8450       -11.23952     0.22424    -0.52570   -10.93806
     4.9950       -11.19539     0.22420    -0.52510   -10.89450
     5.1450       -11.15237     0.22417    -0.52450   -10.85203
     5.2950       -11.11045     0.22414    -0.52392   -10.81067
     5.4450       -11.06967     0.22411    -0.52336   -10.77041
     5.5950       -11.02982     0.22407    -0.52281   -10.73108
     5.7450       -10.99095     0.22403    -0.52226   -10.69272
     5.8950       -10.95294     0.22401    -0.52172   -10.65522
     6.0450       -10.91583     0.22397    -0.52121   -10.61859
     6.1950       -10.87958     0.22393    -0.52070   -10.58281
     6.3450       -10.84399     0.22390    -0.52019   -10.54770
     6.4950       -10.80918     0.22388    -0.51970   -10.51336
     6.6450       -10.77509     0.22385    -0.51921   -10.47972
     6.7950       -10.74181     0.22382    -0.51875   -10.44689
     6.9450       -10.70916     0.22379    -0.51828   -10.41466
     7.0950       -10.67719     0.22376    -0.51782   -10.38313
     7.2450       -10.64574     0.22373    -0.51738   -10.35209
     7.3950       -10.61484     0.22371    -0.51693   -10.32162
     7.5450       -10.58461     0.22369    -0.51650   -10.29181
     7.6950       -10.55488     0.22366    -0.51607   -10.26248
     7.8450       -10.52579     0.22364    -0.51565   -10.23378
     7.9950       -10.49716     0.22361    -0.51524   -10.20554
     8.1450       -10.46900     0.22359    -0.51483   -10.17775
     8.2950       -10.44137     0.22356    -0.51443   -10.15050
     8.4450       -10.41419     0.22354    -0.51404   -10.12370
     8.5950       -10.38741     0.22351    -0.51365   -10.09728
     8.7450       -10.36110     0.22348    -0.51326   -10.07132
     8.8950       -10.33524     0.22346    -0.51288   -10.04582
     9.0450       -10.30979     0.22344    -0.51251   -10.02072
     9.1950       -10.28474     0.22343    -0.51214    -9.99603
     9.3450       -10.26005     0.22340    -0.51178    -9.97167
     9.4950       -10.23573     0.22339    -0.51143    -9.94769
     9.6450       -10.21177     0.22337    -0.51108    -9.92406
     9.7950       -10.18818     0.22335    -0.51073    -9.90080
     9.9450       -10.16492     0.22333    -0.51038    -9.87787
     10.095       -10.14199     0.22331    -0.51004    -9.85526
     10.245       -10.11937     0.22329    -0.50971    -9.83295
     10.395       -10.09710     0.22328    -0.50938    -9.81100
     10.545       -10.07509     0.22326    -0.50905    -9.78930
     10.695       -10.05340     0.22324    -0.50872    -9.76792
     10.845       -10.03206     0.22322    -0.50840    -9.74688
     10.995       -10.01099     0.22320    -0.50809    -9.72611
     11.145        -9.99015     0.22318    -0.50778    -9.70555
     11.295        -9.96968     0.22316    -0.50747    -9.68537
     11.445        -9.94934     0.22314    -0.50716    -9.66532
     11.595        -9.92932     0.22312    -0.50686    -9.64558
     11.745        -9.90951     0.22311    -0.50656    -9.62606
     11.895        -9.88998     0.22309    -0.50627    -9.60681
     12.045        -9.87067     0.22308    -0.50598    -9.58777
     12.195        -9.85163     0.22306    -0.50569    -9.56901
     12.345        -9.83280     0.22305    -0.50540    -9.55045
     12.495        -9.81418     0.22303    -0.50512    -9.53210
     12.645        -9.79580     0.22301    -0.50485    -9.51396
     12.795        -9.77761     0.22299    -0.50457    -9.49603
     12.945        -9.75959     0.22297    -0.50429    -9.47827
     13.095        -9.74184     0.22296    -0.50402    -9.46078
     13.245        -9.72424     0.22295    -0.50375    -9.44344
     13.395        -9.70685     0.22294    -0.50349    -9.42629
     13.545        -9.68964     0.22292    -0.50323    -9.40933
     13.695        -9.67268     0.22291    -0.50298    -9.39261
     13.845        -9.65584     0.22290    -0.50272    -9.37601
     13.995        -9.63920     0.22289    -0.50247    -9.35962
     14.145        -9.62273     0.22287    -0.50222    -9.34338
     14.295        -9.60644     0.22286    -0.50197    -9.32732
     14.445        -9.59034     0.22284    -0.50173    -9.31145
     14.595        -9.57440     0.22283    -0.50149    -9.29574
     14.745        -9.55862     0.22282    -0.50125    -9.28019
     14.895        -9.54300     0.22280    -0.50101    -9.26480
     15.045        -9.52751     0.22278    -0.50077    -9.24953
     15.195        -9.51211     0.22277    -0.50053    -9.23435
     15.345        -9.49691     0.22274    -0.50030    -9.21936
     15.495        -9.48189     0.22273    -0.50007    -9.20456
     15.645        -9.46700     0.22272    -0.49984    -9.18989
     15.795        -9.45226     0.22272    -0.49960    -9.17538
     15.945        -9.43767     0.22270    -0.49938    -9.16100
     16.095        -9.42324     0.22269    -0.49915    -9.14677
     16.245        -9.40893     0.22267    -0.49894    -9.13267
     16.395        -9.39472     0.22265    -0.49873    -9.11865
     16.545        -9.38062     0.22264    -0.49851    -9.10475
     16.695        -9.36668     0.22262    -0.49829    -9.09101
     16.845        -9.35284     0.22262    -0.49808    -9.07737
     16.995        -9.33916     0.22260    -0.49787    -9.06389
     17.145        -9.32555     0.22259    -0.49767    -9.05048
     17.295        -9.31206     0.22258    -0.49746    -9.03717
     17.445        -9.29870     0.22257    -0.49726    -9.02402
     17.595        -9.28548     0.22256    -0.49705    -9.01098
     17.745        -9.27241     0.22255    -0.49685    -8.99811
     17.895        -9.25944     0.22255    -0.49665    -8.98533
     18.045        -9.24655     0.22253    -0.49645    -8.97263
     18.195        -9.23380     0.22252    -0.49625    -8.96007
     18.345        -9.22115     0.22251    -0.49606    -8.94760
     18.495        -9.20860     0.22249    -0.49586    -8.93523
     18.645        -9.19615     0.22248    -0.49567    -8.92295
     18.795        -9.18379     0.22247    -0.49548    -8.91078
     18.945        -9.17154     0.22245    -0.49529    -8.89871
     19.095        -9.15936     0.22244    -0.49510    -8.88671
     19.245        -9.14728     0.22243    -0.49491    -8.87480
     19.395        -9.13531     0.22241    -0.49473    -8.86300
     19.545        -9.12343     0.22240    -0.49454    -8.85129
     19.695        -9.11166     0.22239    -0.49436    -8.83969
     19.845        -9.09996     0.22238    -0.49418    -8.82815
     19.995        -9.08837     0.22237    -0.49400    -8.81674
     20.145        -9.07684     0.22235    -0.49382    -8.80538
     20.295        -9.06539     0.22234    -0.49364    -8.79409
     20.445        -9.05405     0.22234    -0.49347    -8.78292
     20.595        -9.04276     0.22232    -0.49329    -8.77180
     20.745        -9.03157     0.22232    -0.49311    -8.76078
     20.895        -9.02047     0.22231    -0.49294    -8.74984
     21.045        -9.00945     0.22229    -0.49276    -8.73898
     21.195        -8.99850     0.22229    -0.49260    -8.72819
     21.345        -8.98763     0.22228    -0.49243    -8.71748
     21.495        -8.97682     0.22226    -0.49226    -8.70682
     21.645        -8.96611     0.22226    -0.49210    -8.69627
     21.795        -8.95548     0.22225    -0.49193    -8.68580
     21.945        -8.94494     0.22224    -0.49177    -8.67541
     22.095        -8.93447     0.22222    -0.49161    -8.66509
     22.245        -8.92405     0.22222    -0.49144    -8.65482
     22.395        -8.91368     0.22221    -0.49128    -8.64461
     22.545        -8.90344     0.22220    -0.49112    -8.63452
     22.695        -8.89325     0.22219    -0.49096    -8.62448
     22.845        -8.88312     0.22218    -0.49081    -8.61450
     22.995        -8.87309     0.22217    -0.49065    -8.60461
     23.145        -8.86308     0.22216    -0.49049    -8.59475
     23.295        -8.85315     0.22215    -0.49034    -8.58496
     23.445        -8.84329     0.22214    -0.49019    -8.57525
     23.595        -8.83349     0.22213    -0.49003    -8.56559
     23.745        -8.82372     0.22213    -0.48988    -8.55597
     23.895        -8.81407     0.22212    -0.48972    -8.54646
     24.045        -8.80447     0.22211    -0.48957    -8.53700
     24.195        -8.79488     0.22210    -0.48942    -8.52755
     24.345        -8.78538     0.22209    -0.48928    -8.51819
     24.495        -8.77597     0.22208    -0.48913    -8.50892
     24.645        -8.76661     0.22208    -0.48899    -8.49970
     24.795        -8.75733     0.22207    -0.48884    -8.49055
     24.945        -8.74809     0.22206    -0.48870    -8.48145
     25.095        -8.73887     0.22205    -0.48855    -8.47237
     25.245        -8.72971     0.22205    -0.48841    -8.46335
     25.395        -8.72062     0.22204    -0.48827    -8.45439
     25.545        -8.71156     0.22203    -0.48812    -8.44547
     25.695        -8.70258     0.22203    -0.48798    -8.43663
     25.845        -8.69367     0.22202    -0.48784    -8.42785
     25.995        -8.68483     0.22201    -0.48770    -8.41914
     26.145        -8.67601     0.22200    -0.48756    -8.41045
     26.295        -8.66726     0.22199    -0.48742    -8.40184
     26.445        -8.65854     0.22198    -0.48728    -8.39324
     26.595        -8.64990     0.22198    -0.48714    -8.38473
     26.745        -8.64126     0.22197    -0.48701    -8.37622
     26.895        -8.63271     0.22196    -0.48687    -8.36780
     27.045        -8.62419     0.22195    -0.48674    -8.35941
     27.195        -8.61574     0.22194    -0.48660    -8.35108
     27.345        -8.60734     0.22194    -0.48647    -8.34280
     27.495        -8.59896     0.22193    -0.48634    -8.33455
     27.645        -8.59063     0.22192    -0.48621    -8.32634
     27.795        -8.58233     0.22192    -0.48608    -8.31817
     27.945        -8.57410     0.22191    -0.48595    -8.31006
     28.095        -8.56588     0.22191    -0.48582    -8.30197
     28.245        -8.55774     0.22190    -0.48569    -8.29395
     28.395        -8.54963     0.22189    -0.48556    -8.28597
     28.545        -8.54158     0.22189    -0.48544    -8.27803
     28.695        -8.53355     0.22188    -0.48531    -8.27012
     28.845        -8.52560     0.22188    -0.48518    -8.26230
     28.995        -8.51766     0.22187    -0.48506    -8.25448
     29.145        -8.50978     0.22187    -0.48493    -8.24671
     29.295        -8.50193     0.22186    -0.48481    -8.23898
     29.445        -8.49414     0.22185    -0.48469    -8.23131
     29.595        -8.48639     0.22184    -0.48456    -8.22367
     29.745        -8.47868     0.22183    -0.48444    -8.21607
     29.895        -8.47100     0.22183    -0.48432    -8.20851
     30.045        -8.46342     0.22182    -0.48420    -8.20103
     30.195        -8.45582     0.22182    -0.48408    -8.19356
     30.345        -8.44828     0.22181    -0.48397    -8.18612
     30.495        -8.44079     0.22180    -0.48385    -8.17875
     30.645        -8.43332     0.22180    -0.48373    -8.17139
     30.795        -8.42589     0.22180    -0.48361    -8.16407
     30.945        -8.41849     0.22179    -0.48349    -8.15679
     31.095        -8.41113     0.22178    -0.48338    -8.14954
     31.245        -8.40383     0.22178    -0.48326    -8.14235
     31.395        -8.39654     0.22177    -0.48314    -8.13516
     31.545        -8.38930     0.22176    -0.48303    -8.12804
     31.695        -8.38210     0.22176    -0.48291    -8.12095
     31.845        -8.37490     0.22176    -0.48280    -8.11387
     31.995        -8.36775     0.22176    -0.48268    -8.10683
     32.145        -8.36065     0.22175    -0.48257    -8.09983
     32.295        -8.35359     0.22174    -0.48246    -8.09287
     32.445        -8.34655     0.22174    -0.48235    -8.08594
     32.595        -8.33955     0.22173    -0.48223    -8.07905
     32.745        -8.33260     0.22172    -0.48212    -8.07220
     32.895        -8.32564     0.22172    -0.48201    -8.06534
     33.045        -8.31874     0.22171    -0.48190    -8.05855
     33.195        -8.31185     0.22171    -0.48179    -8.05176
     33.345        -8.30499     0.22170    -0.48169    -8.04501
     33.495        -8.29819     0.22169    -0.48158    -8.03830
     33.645        -8.29140     0.22169    -0.48147    -8.03162
     33.795        -8.28463     0.22168    -0.48136    -8.02495
     33.945        -8.27791     0.22168    -0.48126    -8.01833
     34.095        -8.27121     0.22167    -0.48115    -8.01174
     34.245        -8.26458     0.22167    -0.48105    -8.00520
     34.395        -8.25795     0.22166    -0.48094    -7.99868
     34.545        -8.25132     0.22166    -0.48083    -7.99215
     34.695        -8.24473     0.22165    -0.48073    -7.98566
     34.845        -8.23820     0.22165    -0.48062    -7.97924
     34.995        -8.23168     0.22165    -0.48051    -7.97282
     35.145        -8.22521     0.22164    -0.48041    -7.96644
     35.295        -8.21877     0.22163    -0.48031    -7.96010
     35.445        -8.21238     0.22163    -0.48020    -7.95380
     35.595        -8.20598     0.22162    -0.48010    -7.94750
     35.745        -8.19960     0.22161    -0.48000    -7.94121
     35.895        -8.19324     0.22161    -0.47990    -7.93494
     36.045        -8.18691     0.22160    -0.47980    -7.92871
     36.195        -8.18062     0.22159    -0.47970    -7.92251
     36.345        -8.17436     0.22159    -0.47960    -7.91635
     36.495        -8.16814     0.22159    -0.47950    -7.91022
     36.645        -8.16195     0.22158    -0.47940    -7.90412
     36.795        -8.15573     0.22157    -0.47931    -7.89800
     36.945        -8.14959     0.22157    -0.47921    -7.89195
     37.095        -8.14348     0.22156    -0.47911    -7.88592
     37.245        -8.13737     0.22155    -0.47902    -7.87990
     37.395        -8.13131     0.22155    -0.47892    -7.87393
     37.545        -8.12528     0.22154    -0.47883    -7.86799
     37.695        -8.11925     0.22153    -0.47873    -7.86205
     37.845        -8.11323     0.22152    -0.47864    -7.85612
     37.995        -8.10727     0.22152    -0.47855    -7.85024
     38.145        -8.10131     0.22151    -0.47845    -7.84437
     38.295        -8.09540     0.22151    -0.47835    -7.83856
     38.445        -8.08950     0.22150    -0.47826    -7.83274
     38.595        -8.08361     0.22150    -0.47817    -7.82693
     38.745        -8.07774     0.22149    -0.47808    -7.82115
     38.895        -8.07191     0.22149    -0.47798    -7.81541
     39.045        -8.06610     0.22148    -0.47789    -7.80969
     39.195        -8.06030     0.22148    -0.47780    -7.80398
     39.345        -8.05455     0.22147    -0.47771    -7.79832
     39.495        -8.04883     0.22147    -0.47761    -7.79268
     39.645        -8.04312     0.22146    -0.47752    -7.78705
     39.795        -8.03739     0.22145    -0.47743    -7.78142
     39.945        -8.03174     0.22145    -0.47734    -7.77585
     40.095        -8.02612     0.22144    -0.47725    -7.77031
     40.245        -8.02050     0.22144    -0.47716    -7.76478
     40.395        -8.01492     0.22143    -0.47707    -7.75928
     40.545        -8.00934     0.22142    -0.47698    -7.75378
     40.695        -8.00377     0.22142    -0.47689    -7.74830
     40.845        -7.99823     0.22142    -0.47680    -7.74285
     40.995        -7.99271     0.22141    -0.47671    -7.73741
     41.145        -7.98721     0.22140    -0.47662    -7.73199
     41.295        -7.98172     0.22140    -0.47653    -7.72658
     41.445        -7.97626     0.22139    -0.47644    -7.72121
     41.595        -7.97082     0.22139    -0.47635    -7.71585
     41.745        -7.96539     0.22138    -0.47627    -7.71051
     41.895        -7.96001     0.22138    -0.47618    -7.70521
     42.045        -7.95463     0.22137    -0.47609    -7.69991
     42.195        -7.94929     0.22137    -0.47600    -7.69466
     42.345        -7.94397     0.22137    -0.47592    -7.68942
     42.495        -7.93867     0.22136    -0.47583    -7.68420
     42.645        -7.93339     0.22136    -0.47575    -7.67900
     42.795        -7.92812     0.22135    -0.47567    -7.67381
     42.945        -7.92288     0.22134    -0.47558    -7.66864
     43.095        -7.91766     0.22134    -0.47550    -7.66351
     43.245        -7.91245     0.22133    -0.47541    -7.65837
     43.395        -7.90727     0.22132    -0.47532    -7.65327
     43.545        -7.90210     0.22132    -0.47524    -7.64818
     43.695        -7.89694     0.22131    -0.47516    -7.64309
     43.845        -7.89180     0.22131    -0.47508    -7.63804
     43.995        -7.88668     0.22130    -0.47499    -7.63299
     44.145        -7.88160     0.22130    -0.47491    -7.62798
     44.295        -7.87653     0.22129    -0.47483    -7.62299
     44.445        -7.87147     0.22129    -0.47475    -7.61800
     44.595        -7.86640     0.22128    -0.47467    -7.61301
     44.745        -7.86136     0.22128    -0.47459    -7.60804
     44.895        -7.85636     0.22127    -0.47451    -7.60312
     45.045        -7.85137     0.22127    -0.47443    -7.59821
     45.195        -7.84642     0.22126    -0.47435    -7.59333
     45.345        -7.84147     0.22126    -0.47427    -7.58846
     45.495        -7.83652     0.22126    -0.47419    -7.58359
     45.645        -7.83161     0.22125    -0.47411    -7.57874
     45.795        -7.82669     0.22124    -0.47403    -7.57390
     45.945        -7.82181     0.22124    -0.47396    -7.56910
     46.095        -7.81694     0.22124    -0.47388    -7.56430
     46.245        -7.81208     0.22123    -0.47380    -7.55952
     46.395        -7.80725     0.22123    -0.47372    -7.55477
     46.545        -7.80243     0.22122    -0.47364    -7.55002
     46.695        -7.79762     0.22122    -0.47356    -7.54528
     46.845        -7.79283     0.22122    -0.47349    -7.54056
     46.995        -7.78809     0.22121    -0.47341    -7.53590
     47.145        -7.78334     0.22121    -0.47333    -7.53122
     47.295        -7.77859     0.22121    -0.47325    -7.52654
     47.445        -7.77385     0.22120    -0.47318    -7.52188
     47.595        -7.76914     0.22120    -0.47310    -7.51724
     47.745        -7.76445     0.22119    -0.47302    -7.51262
     47.895        -7.75977     0.22119    -0.47295    -7.50802
     48.045        -7.75512     0.22119    -0.47287    -7.50343
     48.195        -7.75047     0.22118    -0.47280    -7.49885
     48.345        -7.74584     0.22118    -0.47273    -7.49429
     48.495        -7.74122     0.22117    -0.47265    -7.48974
     48.645        -7.73662     0.22117    -0.47258    -7.48520
     48.795        -7.73203     0.22116    -0.47251    -7.48069
     48.945        -7.72744     0.22116    -0.47244    -7.47616
     49.095        -7.72288     0.22116    -0.47236    -7.47167
     49.245        -7.71835     0.22115    -0.47229    -7.46721
     49.395        -7.71383     0.22114    -0.47221    -7.46275
     49.545        -7.70932     0.22114    -0.47215    -7.45831
     49.695        -7.70483     0.22113    -0.47207    -7.45389
     49.845        -7.70036     0.22113    -0.47200    -7.44949
     49.995        -7.69591     0.22113    -0.47193    -7.44511
     50.145        -7.69147     0.22112    -0.47186    -7.44073
     50.295        -7.68704     0.22112    -0.47179    -7.43636
     50.445        -7.68261     0.22111    -0.47172    -7.43200
     50.595        -7.67821     0.22111    -0.47165    -7.42767
     50.745        -7.67382     0.22110    -0.47157    -7.42335
     50.895        -7.66946     0.22110    -0.47150    -7.41906
     51.045        -7.66510     0.22110    -0.47143    -7.41477
     51.195        -7.66074     0.22110    -0.47136    -7.41048
     51.345        -7.65641     0.22109    -0.47129    -7.40621
     51.495        -7.65210     0.22109    -0.47122    -7.40197
     51.645        -7.64779     0.22109    -0.47115    -7.39773
     51.795        -7.64349     0.22108    -0.47108    -7.39348
     51.945        -7.63918     0.22107    -0.47102    -7.38924
     52.095        -7.63492     0.22107    -0.47095    -7.38504
     52.245        -7.63066     0.22106    -0.47088    -7.38084
     52.395        -7.62643     0.22106    -0.47081    -7.37667
     52.545        -7.62219     0.22106    -0.47075    -7.37250
     52.695        -7.61797     0.22105    -0.47068    -7.36834
     52.845        -7.61376     0.22105    -0.47061    -7.36419
     52.995        -7.60956     0.22104    -0.47054    -7.36006
     53.145        -7.60541     0.22104    -0.47048    -7.35596
     53.295        -7.60123     0.22103    -0.47041    -7.35186
     53.445        -7.59707     0.22103    -0.47034    -7.34775
     53.595        -7.59294     0.22102    -0.47027    -7.34368
     53.745        -7.58881     0.22102    -0.47021    -7.33962
     53.895        -7.58471     0.22101    -0.47014    -7.33558
     54.045        -7.58061     0.22100    -0.47008    -7.33153
     54.195        -7.57649     0.22100    -0.47001    -7.32748
     54.345        -7.57241     0.22099    -0.46994    -7.32346
     54.495        -7.56835     0.22099    -0.46988    -7.31946
     54.645        -7.56428     0.22098    -0.46981    -7.31545
     54.795        -7.56022     0.22098    -0.46975    -7.31146
     54.945        -7.55619     0.22098    -0.46968    -7.30749
     55.095        -7.55217     0.22097    -0.46962    -7.30353
     59.433        -7.23623     0.22066    -0.46450    -6.99238
     80.646        -6.77350     0.22017    -0.45697    -6.53671
     111.21        -6.32255     0.21968    -0.44961    -6.09262
     153.36        -5.88440     0.21918    -0.44243    -5.66115
     211.49        -5.45854     0.21868    -0.43545    -5.24178
     291.64        -5.04607     0.21817    -0.42870    -4.83554
     402.18        -4.64655     0.21764    -0.42218    -4.44201
     554.60        -4.25959     0.21707    -0.41587    -4.06079
     764.80        -3.88522     0.21649    -0.40981    -3.69190
     1054.7        -3.52287     0.21591    -0.40398    -3.33480
     1454.4        -3.17225     0.21528    -0.39838    -2.98915
     2005.6        -2.83269     0.21466    -0.39297    -2.65437
     2765.8        -2.50371     0.21402    -0.38779    -2.32994
     3814.0        -2.18484     0.21337    -0.38280    -2.01541
     5259.5        -1.87548     0.21271    -0.37799    -1.71021
     7252.9        -1.57532     0.21206    -0.37335    -1.41403
     10002.        -1.28388     0.21145    -0.36890    -1.12642
     13793.        -1.00132     0.21084    -0.36464    -0.84752
     19020.        -0.72774     0.21025    -0.36051    -0.57748
     26229.        -0.46367     0.20967    -0.35652    -0.31682
     36170.        -0.20970     0.20911    -0.35266    -0.06615
     49878.         0.03370     0.20855    -0.34895     0.17410
     68782.         0.26666     0.20800    -0.34534     0.40400
     94851.         0.48921     0.20745    -0.34186     0.62361
    0.13080E+06     0.70181     0.20694    -0.33845     0.83332
    0.18038E+06     0.90465     0.20643    -0.33516     1.03338
    0.24874E+06     1.09818     0.20594    -0.33199     1.22424
    0.34301E+06     1.28260     0.20544    -0.32891     1.40607
    0.47302E+06     1.45843     0.20497    -0.32595     1.57941
    0.65229E+06     1.62607     0.20452    -0.32308     1.74464
    0.89952E+06     1.78567     0.20409    -0.32036     1.90194
    0.12404E+07     1.93774     0.20369    -0.31773     2.05178
    0.17106E+07     2.08242     0.20327    -0.31524     2.19438
    0.23589E+07     2.22024     0.20288    -0.31285     2.33021
    0.32529E+07     2.35127     0.20249    -0.31058     2.45936
    0.44858E+07     2.47615     0.20215    -0.30841     2.58241
    0.61860E+07     2.59494     0.20180    -0.30634     2.69947
    0.85305E+07     2.70798     0.20149    -0.30437     2.81086
    0.11764E+08     2.81545     0.20119    -0.30249     2.91675
    0.16222E+08     2.91781     0.20090    -0.30070     3.01761
    0.22370E+08     3.01509     0.20063    -0.29900     3.11346
    0.30849E+08     3.10745     0.20037    -0.29737     3.20445
    0.42541E+08     3.19465     0.20012    -0.29582     3.29035
    0.58664E+08     3.27608     0.19988    -0.29435     3.37054
    0.80898E+08     3.35237     0.19966    -0.29294     3.44565
    0.11156E+09     3.42393     0.19945    -0.29161     3.51608
    0.15384E+09     3.49128     0.19927    -0.29033     3.58234
    0.21215E+09     3.55473     0.19911    -0.28912     3.64474
    0.29255E+09     3.61441     0.19896    -0.28796     3.70341
    0.40343E+09     3.67061     0.19881    -0.28686     3.75866
    0.55633E+09     3.72355     0.19869    -0.28582     3.81068
    0.76719E+09     3.77291     0.19857    -0.28484     3.85918
    0.10580E+10     3.81743     0.19845    -0.28392     3.90290
    0.14589E+10     3.85817     0.19835    -0.28306     3.94287
    0.20119E+10     3.89557     0.19825    -0.28226     3.97958
    0.27744E+10     3.92998     0.19816    -0.28150     4.01332
    0.38259E+10     3.96180     0.19808    -0.28080     4.04452
    0.52760E+10     3.99115     0.19800    -0.28012     4.07327
    0.72756E+10     4.01825     0.19792    -0.27948     4.09981
    0.10033E+11     4.04322     0.19785    -0.27888     4.12425
    0.13836E+11     4.06631     0.19778    -0.27833     4.14685
    0.19079E+11     4.08764     0.19772    -0.27783     4.16774
    0.26311E+11     4.10731     0.19767    -0.27737     4.18700
    0.36283E+11     4.12541     0.19762    -0.27696     4.20475
    0.50034E+11     4.14214     0.19757    -0.27657     4.22114
    0.68997E+11     4.15754     0.19753    -0.27621     4.23623
    0.10000E+12     4.34254     0.19701    -0.27196     4.41748
