    -99.945         0.00000     0.00000     0.00000     0.00000
    -99.795         0.00000     0.00000     0.00000     0.00000
    -99.645         0.00000     0.00000     0.00000     0.00000
    -99.495         0.00000     0.00000     0.00000     0.00000
    -99.345         0.00000     0.00000     0.00000     0.00000
    -99.195         0.00000     0.00000     0.00000     0.00000
    -99.045         0.00000     0.00000     0.00000     0.00000
    -98.895         0.00000     0.00000     0.00000     0.00000
    -98.745         0.00000     0.00000     0.00000     0.00000
    -98.595         0.00000     0.00000     0.00000     0.00000
    -98.445         0.00000     0.00000     0.00000     0.00000
    -98.295         0.00000     0.00000     0.00000     0.00000
    -98.145         0.00000     0.00000     0.00000     0.00000
    -97.995         0.00000     0.00000     0.00000     0.00000
    -97.845         0.00000     0.00000     0.00000     0.00000
    -97.695         0.00000     0.00000     0.00000     0.00000
    -97.545         0.00000     0.00000     0.00000     0.00000
    -97.395         0.00000     0.00000     0.00000     0.00000
    -97.245         0.00000     0.00000     0.00000     0.00000
    -97.095         0.00000     0.00000     0.00000     0.00000
    -96.945         0.00000     0.00000     0.00000     0.00000
    -96.795         0.00000     0.00000     0.00000     0.00000
    -96.645         0.00000     0.00000     0.00000     0.00000
    -96.495         0.00000     0.00000     0.00000     0.00000
    -96.345         0.00000     0.00000     0.00000     0.00000
    -96.195         0.00000     0.00000     0.00000     0.00000
    -96.045         0.00000     0.00000     0.00000     0.00000
    -95.895         0.00000     0.00000     0.00000     0.00000
    -95.745         0.00000     0.00000     0.00000     0.00000
    -95.595         0.00000     0.00000     0.00000     0.00000
    -95.445         0.00000     0.00000     0.00000     0.00000
    -95.295         0.00000     0.00000     0.00000     0.00000
    -95.145         0.00000     0.00000     0.00000     0.00000
    -94.995         0.00000     0.00000     0.00000     0.00000
    -94.845         0.00000     0.00000     0.00000     0.00000
    -94.695         0.00000     0.00000     0.00000     0.00000
    -94.545         0.00000     0.00000     0.00000     0.00000
    -94.395         0.00000     0.00000     0.00000     0.00000
    -94.245         0.00000     0.00000     0.00000     0.00000
    -94.095         0.00000     0.00000     0.00000     0.00000
    -93.945         0.00000     0.00000     0.00000     0.00000
    -93.795         0.00000     0.00000     0.00000     0.00000
    -93.645         0.00000     0.00000     0.00000     0.00000
    -93.495         0.00000     0.00000     0.00000     0.00000
    -93.345         0.00000     0.00000     0.00000     0.00000
    -93.195         0.00000     0.00000     0.00000     0.00000
    -93.045         0.00000     0.00000     0.00000     0.00000
    -92.895         0.00000     0.00000     0.00000     0.00000
    -92.745         0.00000     0.00000     0.00000     0.00000
    -92.595         0.00000     0.00000     0.00000     0.00000
    -92.445         0.00000     0.00000     0.00000     0.00000
    -92.295         0.00000     0.00000     0.00000     0.00000
    -92.145         0.00000     0.00000     0.00000     0.00000
    -91.995         0.00000     0.00000     0.00000     0.00000
    -91.845         0.00000     0.00000     0.00000     0.00000
    -91.695         0.00000     0.00000     0.00000     0.00000
    -91.545         0.00000     0.00000     0.00000     0.00000
    -91.395         0.00000     0.00000     0.00000     0.00000
    -91.245         0.00000     0.00000     0.00000     0.00000
    -91.095         0.00000     0.00000     0.00000     0.00000
    -90.945         0.00000     0.00000     0.00000     0.00000
    -90.795         0.00000     0.00000     0.00000     0.00000
    -90.645         0.00000     0.00000     0.00000     0.00000
    -90.495         0.00000     0.00000     0.00000     0.00000
    -90.345         0.00000     0.00000     0.00000     0.00000
    -90.195         0.00000     0.00000     0.00000     0.00000
    -90.045         0.00000     0.00000     0.00000     0.00000
    -89.895         0.00000     0.00000     0.00000     0.00000
    -89.745         0.00000     0.00000     0.00000     0.00000
    -89.595         0.00000     0.00000     0.00000     0.00000
    -89.445         0.00000     0.00000     0.00000     0.00000
    -89.295         0.00000     0.00000     0.00000     0.00000
    -89.145         0.00000     0.00000     0.00000     0.00000
    -88.995         0.00000     0.00000     0.00000     0.00000
    -88.845         0.00000     0.00000     0.00000     0.00000
    -88.695         0.00000     0.00000     0.00000     0.00000
    -88.545         0.00000     0.00000     0.00000     0.00000
    -88.395         0.00000     0.00000     0.00000     0.00000
    -88.245         0.00000     0.00000     0.00000     0.00000
    -88.095         0.00000     0.00000     0.00000     0.00000
    -87.945         0.00000     0.00000     0.00000     0.00000
    -87.795         0.00000     0.00000     0.00000     0.00000
    -87.645         0.00000     0.00000     0.00000     0.00000
    -87.495         0.00000     0.00000     0.00000     0.00000
    -87.345         0.00000     0.00000     0.00000     0.00000
    -87.195         0.00000     0.00000     0.00000     0.00000
    -87.045         0.00000     0.00000     0.00000     0.00000
    -86.895         0.00000     0.00000     0.00000     0.00000
    -86.745         0.00000     0.00000     0.00000     0.00000
    -86.595         0.00000     0.00000     0.00000     0.00000
    -86.445         0.00000     0.00000     0.00000     0.00000
    -86.295         0.00000     0.00000     0.00000     0.00000
    -86.145         0.00000     0.00000     0.00000     0.00000
    -85.995         0.00000     0.00000     0.00000     0.00000
    -85.845         0.00000     0.00000     0.00000     0.00000
    -85.695         0.00000     0.00000     0.00000     0.00000
    -85.545         0.00000     0.00000     0.00000     0.00000
    -85.395         0.00000     0.00000     0.00000     0.00000
    -85.245         0.00000     0.00000     0.00000     0.00000
    -85.095         0.00000     0.00000     0.00000     0.00000
    -84.945         0.00000     0.00000     0.00000     0.00000
    -84.795         0.00000     0.00000     0.00000     0.00000
    -84.645         0.00000     0.00000     0.00000     0.00000
    -84.495         0.00000     0.00000     0.00000     0.00000
    -84.345         0.00000     0.00000     0.00000     0.00000
    -84.195         0.00000     0.00000     0.00000     0.00000
    -84.045         0.00000     0.00000     0.00000     0.00000
    -83.895         0.00000     0.00000     0.00000     0.00000
    -83.745         0.00000     0.00000     0.00000     0.00000
    -83.595         0.00000     0.00000     0.00000     0.00000
    -83.445         0.00000     0.00000     0.00000     0.00000
    -83.295         0.00000     0.00000     0.00000     0.00000
    -83.145         0.00000     0.00000     0.00000     0.00000
    -82.995         0.00000     0.00000     0.00000     0.00000
    -82.845         0.00000     0.00000     0.00000     0.00000
    -82.695         0.00000     0.00000     0.00000     0.00000
    -82.545         0.00000     0.00000     0.00000     0.00000
    -82.395         0.00000     0.00000     0.00000     0.00000
    -82.245         0.00000     0.00000     0.00000     0.00000
    -82.095         0.00000     0.00000     0.00000     0.00000
    -81.945         0.00000     0.00000     0.00000     0.00000
    -81.795         0.00000     0.00000     0.00000     0.00000
    -81.645         0.00000     0.00000     0.00000     0.00000
    -81.495         0.00000     0.00000     0.00000     0.00000
    -81.345         0.00000     0.00000     0.00000     0.00000
    -81.195         0.00000     0.00000     0.00000     0.00000
    -81.045         0.00000     0.00000     0.00000     0.00000
    -80.895         0.00000     0.00000     0.00000     0.00000
    -80.745         0.00000     0.00000     0.00000     0.00000
    -80.595         0.00000     0.00000     0.00000     0.00000
    -80.445         0.00000     0.00000     0.00000     0.00000
    -80.295         0.00000     0.00000     0.00000     0.00000
    -80.145         0.00000     0.00000     0.00000     0.00000
    -79.995         0.00000     0.00000     0.00000     0.00000
    -79.845         0.00000     0.00000     0.00000     0.00000
    -79.695         0.00000     0.00000     0.00000     0.00000
    -79.545         0.00000     0.00000     0.00000     0.00000
    -79.395         0.00000     0.00000     0.00000     0.00000
    -79.245         0.00000     0.00000     0.00000     0.00000
    -79.095         0.00000     0.00000     0.00000     0.00000
    -78.945         0.00000     0.00000     0.00000     0.00000
    -78.795         0.00000     0.00000     0.00000     0.00000
    -78.645         0.00000     0.00000     0.00000     0.00000
    -78.495         0.00000     0.00000     0.00000     0.00000
    -78.345         0.00000     0.00000     0.00000     0.00000
    -78.195         0.00000     0.00000     0.00000     0.00000
    -78.045         0.00000     0.00000     0.00000     0.00000
    -77.895         0.00000     0.00000     0.00000     0.00000
    -77.745         0.00000     0.00000     0.00000     0.00000
    -77.595         0.00000     0.00000     0.00000     0.00000
    -77.445         0.00000     0.00000     0.00000     0.00000
    -77.295         0.00000     0.00000     0.00000     0.00000
    -77.145         0.00000     0.00000     0.00000     0.00000
    -76.995         0.00000     0.00000     0.00000     0.00000
    -76.845         0.00000     0.00000     0.00000     0.00000
    -76.695         0.00000     0.00000     0.00000     0.00000
    -76.545         0.00000     0.00000     0.00000     0.00000
    -76.395         0.00000     0.00000     0.00000     0.00000
    -76.245         0.00000     0.00000     0.00000     0.00000
    -76.095         0.00000     0.00000     0.00000     0.00000
    -75.945         0.00000     0.00000     0.00000     0.00000
    -75.795         0.00000     0.00000     0.00000     0.00000
    -75.645         0.00000     0.00000     0.00000     0.00000
    -75.495         0.00000     0.00000     0.00000     0.00000
    -75.345         0.00000     0.00000     0.00000     0.00000
    -75.195         0.00000     0.00000     0.00000     0.00000
    -75.045         0.00000     0.00000     0.00000     0.00000
    -74.895         0.00000     0.00000     0.00000     0.00000
    -74.745         0.00000     0.00000     0.00000     0.00000
    -74.595         0.00000     0.00000     0.00000     0.00000
    -74.445         0.00000     0.00000     0.00000     0.00000
    -74.295         0.00000     0.00000     0.00000     0.00000
    -74.145         0.00000     0.00000     0.00000     0.00000
    -73.995         0.00000     0.00000     0.00000     0.00000
    -73.845         0.00000     0.00000     0.00000     0.00000
    -73.695         0.00000     0.00000     0.00000     0.00000
    -73.545         0.00000     0.00000     0.00000     0.00000
    -73.395         0.00000     0.00000     0.00000     0.00000
    -73.245         0.00000     0.00000     0.00000     0.00000
    -73.095         0.00000     0.00000     0.00000     0.00000
    -72.945         0.00000     0.00000     0.00000     0.00000
    -72.795         0.00000     0.00000     0.00000     0.00000
    -72.645         0.00000     0.00000     0.00000     0.00000
    -72.495         0.00000     0.00000     0.00000     0.00000
    -72.345         0.00000     0.00000     0.00000     0.00000
    -72.195         0.00000     0.00000     0.00000     0.00000
    -72.045         0.00000     0.00000     0.00000     0.00000
    -71.895         0.00000     0.00000     0.00000     0.00000
    -71.745         0.00000     0.00000     0.00000     0.00000
    -71.595         0.00000     0.00000     0.00000     0.00000
    -71.445         0.00000     0.00000     0.00000     0.00000
    -71.295         0.00000     0.00000     0.00000     0.00000
    -71.145         0.00000     0.00000     0.00000     0.00000
    -70.995         0.00000     0.00000     0.00000     0.00000
    -70.845         0.00000     0.00000     0.00000     0.00000
    -70.695         0.00000     0.00000     0.00000     0.00000
    -70.545         0.00000     0.00000     0.00000     0.00000
    -70.395         0.00000     0.00000     0.00000     0.00000
    -70.245         0.00000     0.00000     0.00000     0.00000
    -70.095         0.00000     0.00000     0.00000     0.00000
    -69.945         0.00000     0.00000     0.00000     0.00000
    -69.795         0.00000     0.00000     0.00000     0.00000
    -69.645         0.00000     0.00000     0.00000     0.00000
    -69.495         0.00000     0.00000     0.00000     0.00000
    -69.345         0.00000     0.00000     0.00000     0.00000
    -69.195         0.00000     0.00000     0.00000     0.00000
    -69.045         0.00000     0.00000     0.00000     0.00000
    -68.895         0.00000     0.00000     0.00000     0.00000
    -68.745         0.00000     0.00000     0.00000     0.00000
    -68.595         0.00000     0.00000     0.00000     0.00000
    -68.445         0.00000     0.00000     0.00000     0.00000
    -68.295         0.00000     0.00000     0.00000     0.00000
    -68.145         0.00000     0.00000     0.00000     0.00000
    -67.995         0.00000     0.00000     0.00000     0.00000
    -67.845         0.00000     0.00000     0.00000     0.00000
    -67.695         0.00000     0.00000     0.00000     0.00000
    -67.545         0.00000     0.00000     0.00000     0.00000
    -67.395         0.00000     0.00000     0.00000     0.00000
    -67.245         0.00000     0.00000     0.00000     0.00000
    -67.095         0.00000     0.00000     0.00000     0.00000
    -66.945         0.00000     0.00000     0.00000     0.00000
    -66.795         0.00000     0.00000     0.00000     0.00000
    -66.645         0.00000     0.00000     0.00000     0.00000
    -66.495         0.00000     0.00000     0.00000     0.00000
    -66.345         0.00000     0.00000     0.00000     0.00000
    -66.195         0.00000     0.00000     0.00000     0.00000
    -66.045         0.00000     0.00000     0.00000     0.00000
    -65.895         0.00000     0.00000     0.00000     0.00000
    -65.745         0.00000     0.00000     0.00000     0.00000
    -65.595         0.00000     0.00000     0.00000     0.00000
    -65.445         0.00000     0.00000     0.00000     0.00000
    -65.295         0.00000     0.00000     0.00000     0.00000
    -65.145         0.00000     0.00000     0.00000     0.00000
    -64.995         0.00000     0.00000     0.00000     0.00000
    -64.845         0.00000     0.00000     0.00000     0.00000
    -64.695         0.00000     0.00000     0.00000     0.00000
    -64.545         0.00000     0.00000     0.00000     0.00000
    -64.395         0.00000     0.00000     0.00000     0.00000
    -64.245         0.00000     0.00000     0.00000     0.00000
    -64.095         0.00000     0.00000     0.00000     0.00000
    -63.945         0.00000     0.00000     0.00000     0.00000
    -63.795         0.00000     0.00000     0.00000     0.00000
    -63.645         0.00000     0.00000     0.00000     0.00000
    -63.495         0.00000     0.00000     0.00000     0.00000
    -63.345         0.00000     0.00000     0.00000     0.00000
    -63.195         0.00000     0.00000     0.00000     0.00000
    -63.045         0.00000     0.00000     0.00000     0.00000
    -62.895         0.00000     0.00000     0.00000     0.00000
    -62.745         0.00000     0.00000     0.00000     0.00000
    -62.595         0.00000     0.00000     0.00000     0.00000
    -62.445         0.00000     0.00000     0.00000     0.00000
    -62.295         0.00000     0.00000     0.00000     0.00000
    -62.145         0.00000     0.00000     0.00000     0.00000
    -61.995         0.00000     0.00000     0.00000     0.00000
    -61.845         0.00000     0.00000     0.00000     0.00000
    -61.695         0.00000     0.00000     0.00000     0.00000
    -61.545         0.00000     0.00000     0.00000     0.00000
    -61.395         0.00000     0.00000     0.00000     0.00000
    -61.245         0.00000     0.00000     0.00000     0.00000
    -61.095         0.00000     0.00000     0.00000     0.00000
    -60.945         0.00000     0.00000     0.00000     0.00000
    -60.795         0.00000     0.00000     0.00000     0.00000
    -60.645         0.00000     0.00000     0.00000     0.00000
    -60.495         0.00000     0.00000     0.00000     0.00000
    -60.345         0.00000     0.00000     0.00000     0.00000
    -60.195         0.00000     0.00000     0.00000     0.00000
    -60.045         0.00000     0.00000     0.00000     0.00000
    -59.895         0.00000     0.00000     0.00000     0.00000
    -59.745         0.00000     0.00000     0.00000     0.00000
    -59.595         0.00000     0.00000     0.00000     0.00000
    -59.445         0.00000     0.00000     0.00000     0.00000
    -59.295         0.00000     0.00000     0.00000     0.00000
    -59.145         0.00000     0.00000     0.00000     0.00000
    -58.995         0.00000     0.00000     0.00000     0.00000
    -58.845         0.00000     0.00000     0.00000     0.00000
    -58.695         0.00000     0.00000     0.00000     0.00000
    -58.545         0.00000     0.00000     0.00000     0.00000
    -58.395         0.00000     0.00000     0.00000     0.00000
    -58.245         0.00000     0.00000     0.00000     0.00000
    -58.095         0.00000     0.00000     0.00000     0.00000
    -57.945         0.00000     0.00000     0.00000     0.00000
    -57.795         0.00000     0.00000     0.00000     0.00000
    -57.645         0.00000     0.00000     0.00000     0.00000
    -57.495         0.00000     0.00000     0.00000     0.00000
    -57.345         0.00000     0.00000     0.00000     0.00000
    -57.195         0.00000     0.00000     0.00000     0.00000
    -57.045         0.00000     0.00000     0.00000     0.00000
    -56.895         0.00000     0.00000     0.00000     0.00000
    -56.745         0.00000     0.00000     0.00000     0.00000
    -56.595         0.00000     0.00000     0.00000     0.00000
    -56.445         0.00000     0.00000     0.00000     0.00000
    -56.295         0.00000     0.00000     0.00000     0.00000
    -56.145         0.00000     0.00000     0.00000     0.00000
    -55.995         0.00000     0.00000     0.00000     0.00000
    -55.845         0.00000     0.00000     0.00000     0.00000
    -55.695         0.00000     0.00000     0.00000     0.00000
    -55.545         0.00000     0.00000     0.00000     0.00000
    -55.395         0.00000     0.00000     0.00000     0.00000
    -55.245         0.00000     0.00000     0.00000     0.00000
    -55.095         0.00000     0.00000     0.00000     0.00000
    -54.945         0.00000     0.00000     0.00000     0.00000
    -54.795         0.00000     0.00000     0.00000     0.00000
    -54.645         0.00000     0.00000     0.00000     0.00000
    -54.495         0.00000     0.00000     0.00000     0.00000
    -54.345         0.00000     0.00000     0.00000     0.00000
    -54.195         0.00000     0.00000     0.00000     0.00000
    -54.045         0.00000     0.00000     0.00000     0.00000
    -53.895         0.00000     0.00000     0.00000     0.00000
    -53.745         0.00000     0.00000     0.00000     0.00000
    -53.595         0.00000     0.00000     0.00000     0.00000
    -53.445         0.00000     0.00000     0.00000     0.00000
    -53.295         0.00000     0.00000     0.00000     0.00000
    -53.145         0.00000     0.00000     0.00000     0.00000
    -52.995         0.00000     0.00000     0.00000     0.00000
    -52.845         0.00000     0.00000     0.00000     0.00000
    -52.695         0.00000     0.00000     0.00000     0.00000
    -52.545         0.00000     0.00000     0.00000     0.00000
    -52.395         0.00000     0.00000     0.00000     0.00000
    -52.245         0.00000     0.00000     0.00000     0.00000
    -52.095         0.00000     0.00000     0.00000     0.00000
    -51.945         0.00000     0.00000     0.00000     0.00000
    -51.795         0.00000     0.00000     0.00000     0.00000
    -51.645         0.00000     0.00000     0.00000     0.00000
    -51.495         0.00000     0.00000     0.00000     0.00000
    -51.345         0.00000     0.00000     0.00000     0.00000
    -51.195         0.00000     0.00000     0.00000     0.00000
    -51.045         0.00000     0.00000     0.00000     0.00000
    -50.895         0.00000     0.00000     0.00000     0.00000
    -50.745         0.00000     0.00000     0.00000     0.00000
    -50.595         0.00000     0.00000     0.00000     0.00000
    -50.445         0.00000     0.00000     0.00000     0.00000
    -50.295         0.00000     0.00000     0.00000     0.00000
    -50.145         0.00000     0.00000     0.00000     0.00000
    -49.995         0.00000     0.00000     0.00000     0.00000
    -49.845         0.00000     0.00000     0.00000     0.00000
    -49.695         0.00000     0.00000     0.00000     0.00000
    -49.545         0.00000     0.00000     0.00000     0.00000
    -49.395         0.00000     0.00000     0.00000     0.00000
    -49.245         0.00000     0.00000     0.00000     0.00000
    -49.095         0.00000     0.00000     0.00000     0.00000
    -48.945         0.00000     0.00000     0.00000     0.00000
    -48.795         0.00000     0.00000     0.00000     0.00000
    -48.645         0.00000     0.00000     0.00000     0.00000
    -48.495         0.00000     0.00000     0.00000     0.00000
    -48.345         0.00000     0.00000     0.00000     0.00000
    -48.195         0.00000     0.00000     0.00000     0.00000
    -48.045         0.00000     0.00000     0.00000     0.00000
    -47.895         0.00000     0.00000     0.00000     0.00000
    -47.745         0.00000     0.00000     0.00000     0.00000
    -47.595         0.00000     0.00000     0.00000     0.00000
    -47.445         0.00000     0.00000     0.00000     0.00000
    -47.295         0.00000     0.00000     0.00000     0.00000
    -47.145         0.00000     0.00000     0.00000     0.00000
    -46.995         0.00000     0.00000     0.00000     0.00000
    -46.845         0.00000     0.00000     0.00000     0.00000
    -46.695         0.00000     0.00000     0.00000     0.00000
    -46.545         0.00000     0.00000     0.00000     0.00000
    -46.395         0.00000     0.00000     0.00000     0.00000
    -46.245         0.00000     0.00000     0.00000     0.00000
    -46.095         0.00000     0.00000     0.00000     0.00000
    -45.945         0.00000     0.00000     0.00000     0.00000
    -45.795         0.00000     0.00000     0.00000     0.00000
    -45.645         0.00000     0.00000     0.00000     0.00000
    -45.495         0.00000     0.00000     0.00000     0.00000
    -45.345         0.00000     0.00000     0.00000     0.00000
    -45.195         0.00000     0.00000     0.00000     0.00000
    -45.045         0.00000     0.00000     0.00000     0.00000
    -44.895         0.00000     0.00000     0.00000     0.00000
    -44.745         0.00000     0.00000     0.00000     0.00000
    -44.595         0.00000     0.00000     0.00000     0.00000
    -44.445         0.00000     0.00000     0.00000     0.00000
    -44.295         0.00000     0.00000     0.00000     0.00000
    -44.145         0.00000     0.00000     0.00000     0.00000
    -43.995         0.00000     0.00000     0.00000     0.00000
    -43.845         0.00000     0.00000     0.00000     0.00000
    -43.695         0.00000     0.00000     0.00000     0.00000
    -43.545         0.00000     0.00000     0.00000     0.00000
    -43.395         0.00000     0.00000     0.00000     0.00000
    -43.245         0.00000     0.00000     0.00000     0.00000
    -43.095         0.00000     0.00000     0.00000     0.00000
    -42.945         0.00000     0.00000     0.00000     0.00000
    -42.795         0.00000     0.00000     0.00000     0.00000
    -42.645         0.00000     0.00000     0.00000     0.00000
    -42.495         0.00000     0.00000     0.00000     0.00000
    -42.345         0.00000     0.00000     0.00000     0.00000
    -42.195         0.00000     0.00000     0.00000     0.00000
    -42.045         0.00000     0.00000     0.00000     0.00000
    -41.895         0.00000     0.00000     0.00000     0.00000
    -41.745         0.00000     0.00000     0.00000     0.00000
    -41.595         0.00000     0.00000     0.00000     0.00000
    -41.445         0.00000     0.00000     0.00000     0.00000
    -41.295         0.00000     0.00000     0.00000     0.00000
    -41.145         0.00000     0.00000     0.00000     0.00000
    -40.995         0.00000     0.00000     0.00000     0.00000
    -40.845         0.00000     0.00000     0.00000     0.00000
    -40.695         0.00000     0.00000     0.00000     0.00000
    -40.545         0.00000     0.00000     0.00000     0.00000
    -40.395         0.00000     0.00000     0.00000     0.00000
    -40.245         0.00000     0.00000     0.00000     0.00000
    -40.095         0.00000     0.00000     0.00000     0.00000
    -39.945         0.00000     0.00000     0.00000     0.00000
    -39.795         0.00000     0.00000     0.00000     0.00000
    -39.645         0.00000     0.00000     0.00000     0.00000
    -39.495         0.00000     0.00000     0.00000     0.00000
    -39.345         0.00000     0.00000     0.00000     0.00000
    -39.195         0.00000     0.00000     0.00000     0.00000
    -39.045         0.00000     0.00000     0.00000     0.00000
    -38.895         0.00000     0.00000     0.00000     0.00000
    -38.745         0.00000     0.00000     0.00000     0.00000
    -38.595         0.00000     0.00000     0.00000     0.00000
    -38.445         0.00000     0.00000     0.00000     0.00000
    -38.295         0.00000     0.00000     0.00000     0.00000
    -38.145         0.00000     0.00000     0.00000     0.00000
    -37.995         0.00000     0.00000     0.00000     0.00000
    -37.845         0.00000     0.00000     0.00000     0.00000
    -37.695         0.00000     0.00000     0.00000     0.00000
    -37.545         0.00000     0.00000     0.00000     0.00000
    -37.395         0.00000     0.00000     0.00000     0.00000
    -37.245         0.00000     0.00000     0.00000     0.00000
    -37.095         0.00000     0.00000     0.00000     0.00000
    -36.945         0.00000     0.00000     0.00000     0.00000
    -36.795         0.00000     0.00000     0.00000     0.00000
    -36.645         0.00000     0.00000     0.00000     0.00000
    -36.495         0.00000     0.00000     0.00000     0.00000
    -36.345         0.00000     0.00000     0.00000     0.00000
    -36.195         0.00000     0.00000     0.00000     0.00000
    -36.045         0.00000     0.00000     0.00000     0.00000
    -35.895         0.00000     0.00000     0.00000     0.00000
    -35.745         0.00000     0.00000     0.00000     0.00000
    -35.595         0.00000     0.00000     0.00000     0.00000
    -35.445         0.00000     0.00000     0.00000     0.00000
    -35.295         0.00000     0.00000     0.00000     0.00000
    -35.145         0.00000     0.00000     0.00000     0.00000
    -34.995         0.00000     0.00000     0.00000     0.00000
    -34.845         0.00000     0.00000     0.00000     0.00000
    -34.695         0.00000     0.00000     0.00000     0.00000
    -34.545         0.00000     0.00000     0.00000     0.00000
    -34.395         0.00000     0.00000     0.00000     0.00000
    -34.245         0.00000     0.00000     0.00000     0.00000
    -34.095         0.00000     0.00000     0.00000     0.00000
    -33.945         0.00000     0.00000     0.00000     0.00000
    -33.795         0.00000     0.00000     0.00000     0.00000
    -33.645         0.00000     0.00000     0.00000     0.00000
    -33.495         0.00000     0.00000     0.00000     0.00000
    -33.345         0.00000     0.00000     0.00000     0.00000
    -33.195         0.00000     0.00000     0.00000     0.00000
    -33.045         0.00000     0.00000     0.00000     0.00000
    -32.895         0.00000     0.00000     0.00000     0.00000
    -32.745         0.00000     0.00000     0.00000     0.00000
    -32.595         0.00000     0.00000     0.00000     0.00000
    -32.445         0.00000     0.00000     0.00000     0.00000
    -32.295         0.00000     0.00000     0.00000     0.00000
    -32.145         0.00000     0.00000     0.00000     0.00000
    -31.995         0.00000     0.00000     0.00000     0.00000
    -31.845         0.00000     0.00000     0.00000     0.00000
    -31.695         0.00000     0.00000     0.00000     0.00000
    -31.545         0.00000     0.00000     0.00000     0.00000
    -31.395         0.00000     0.00000     0.00000     0.00000
    -31.245         0.00000     0.00000     0.00000     0.00000
    -31.095         0.00000     0.00000     0.00000     0.00000
    -30.945         0.00000     0.00000     0.00000     0.00000
    -30.795         0.00000     0.00000     0.00000     0.00000
    -30.645         0.00000     0.00000     0.00000     0.00000
    -30.495         0.00000     0.00000     0.00000     0.00000
    -30.345         0.00000     0.00000     0.00000     0.00000
    -30.195         0.00000     0.00000     0.00000     0.00000
    -30.045         0.00000     0.00000     0.00000     0.00000
    -29.895         0.00000     0.00000     0.00000     0.00000
    -29.745         0.00000     0.00000     0.00000     0.00000
    -29.595         0.00000     0.00000     0.00000     0.00000
    -29.445         0.00000     0.00000     0.00000     0.00000
    -29.295         0.00000     0.00000     0.00000     0.00000
    -29.145         0.00000     0.00000     0.00000     0.00000
    -28.995         0.00000     0.00000     0.00000     0.00000
    -28.845         0.00000     0.00000     0.00000     0.00000
    -28.695         0.00000     0.00000     0.00000     0.00000
    -28.545         0.00000     0.00000     0.00000     0.00000
    -28.395         0.00000     0.00000     0.00000     0.00000
    -28.245         0.00000     0.00000     0.00000     0.00000
    -28.095         0.00000     0.00000     0.00000     0.00000
    -27.945         0.00000     0.00000     0.00000     0.00000
    -27.795         0.00000     0.00000     0.00000     0.00000
    -27.645         0.00000     0.00000     0.00000     0.00000
    -27.495         0.00000     0.00000     0.00000     0.00000
    -27.345         0.00000     0.00000     0.00000     0.00000
    -27.195         0.00000     0.00000     0.00000     0.00000
    -27.045         0.00000     0.00000     0.00000     0.00000
    -26.895         0.00000     0.00000     0.00000     0.00000
    -26.745         0.00000     0.00000     0.00000     0.00000
    -26.595         0.00000     0.00000     0.00000     0.00000
    -26.445         0.00000     0.00000     0.00000     0.00000
    -26.295         0.00000     0.00000     0.00000     0.00000
    -26.145         0.00000     0.00000     0.00000     0.00000
    -25.995         0.00000     0.00000     0.00000     0.00000
    -25.845         0.00000     0.00000     0.00000     0.00000
    -25.695         0.00000     0.00000     0.00000     0.00000
    -25.545         0.00000     0.00000     0.00000     0.00000
    -25.395         0.00000     0.00000     0.00000     0.00000
    -25.245         0.00000     0.00000     0.00000     0.00000
    -25.095         0.00000     0.00000     0.00000     0.00000
    -24.945         0.00000     0.00000     0.00000     0.00000
    -24.795         0.00000     0.00000     0.00000     0.00000
    -24.645         0.00000     0.00000     0.00000     0.00000
    -24.495         0.00000     0.00000     0.00000     0.00000
    -24.345         0.00000     0.00000     0.00000     0.00000
    -24.195         0.00000     0.00000     0.00000     0.00000
    -24.045         0.00000     0.00000     0.00000     0.00000
    -23.895         0.00000     0.00000     0.00000     0.00000
    -23.745         0.00000     0.00000     0.00000     0.00000
    -23.595         0.00000     0.00000     0.00000     0.00000
    -23.445         0.00000     0.00000     0.00000     0.00000
    -23.295         0.00000     0.00000     0.00000     0.00000
    -23.145         0.00000     0.00000     0.00000     0.00000
    -22.995         0.00000     0.00000     0.00000     0.00000
    -22.845         0.00000     0.00000     0.00000     0.00000
    -22.695         0.00000     0.00000     0.00000     0.00000
    -22.545         0.00000     0.00000     0.00000     0.00000
    -22.395         0.00000     0.00000     0.00000     0.00000
    -22.245         0.00000     0.00000     0.00000     0.00000
    -22.095         0.00000     0.00000     0.00000     0.00000
    -21.945         0.00000     0.00000     0.00000     0.00000
    -21.795         0.00000     0.00000     0.00000     0.00000
    -21.645         0.00000     0.00000     0.00000     0.00000
    -21.495         0.00000     0.00000     0.00000     0.00000
    -21.345         0.00000     0.00000     0.00000     0.00000
    -21.195         0.00000     0.00000     0.00000     0.00000
    -21.045         0.00000     0.00000     0.00000     0.00000
    -20.895         0.00000     0.00000     0.00000     0.00000
    -20.745         0.00000     0.00000     0.00000     0.00000
    -20.595         0.00000     0.00000     0.00000     0.00000
    -20.445         0.00000     0.00000     0.00000     0.00000
    -20.295         0.00000     0.00000     0.00000     0.00000
    -20.145         0.00000     0.00000     0.00000     0.00000
    -19.995         0.00000     0.00000     0.00000     0.00000
    -19.845         0.00000     0.00000     0.00000     0.00000
    -19.695         0.00000     0.00000     0.00000     0.00000
    -19.545         0.00000     0.00000     0.00000     0.00000
    -19.395         0.00000     0.00000     0.00000     0.00000
    -19.245         0.00000     0.00000     0.00000     0.00000
    -19.095         0.00000     0.00000     0.00000     0.00000
    -18.945         0.00000     0.00000     0.00000     0.00000
    -18.795         0.00000     0.00000     0.00000     0.00000
    -18.645         0.00000     0.00000     0.00000     0.00000
    -18.495         0.00000     0.00000     0.00000     0.00000
    -18.345         0.00000     0.00000     0.00000     0.00000
    -18.195         0.00000     0.00000     0.00000     0.00000
    -18.045         0.00000     0.00000     0.00000     0.00000
    -17.895         0.00000     0.00000     0.00000     0.00000
    -17.745         0.00000     0.00000     0.00000     0.00000
    -17.595         0.00000     0.00000     0.00000     0.00000
    -17.445         0.00000     0.00000     0.00000     0.00000
    -17.295         0.00000     0.00000     0.00000     0.00000
    -17.145         0.00000     0.00000     0.00000     0.00000
    -16.995         0.00000     0.00000     0.00000     0.00000
    -16.845         0.00000     0.00000     0.00000     0.00000
    -16.695         0.00000     0.00000     0.00000     0.00000
    -16.545         0.00000     0.00000     0.00000     0.00000
    -16.395         0.00000     0.00000     0.00000     0.00000
    -16.245         0.00000     0.00000     0.00000     0.00000
    -16.095         0.00000     0.00000     0.00000     0.00000
    -15.945         0.00000     0.00000     0.00000     0.00000
    -15.795         0.00000     0.00000     0.00000     0.00000
    -15.645         0.00000     0.00000     0.00000     0.00000
    -15.495         0.00000     0.00000     0.00000     0.00000
    -15.345         0.00000     0.00000     0.00000     0.00000
    -15.195         0.00000     0.00000     0.00000     0.00000
    -15.045         0.00000     0.00000     0.00000     0.00000
    -14.895         0.00000     0.00000     0.00000     0.00000
    -14.745         0.00000     0.00000     0.00000     0.00000
    -14.595         0.00000     0.00000     0.00000     0.00000
    -14.445         0.00000     0.00000     0.00000     0.00000
    -14.295         0.00000     0.00000     0.00000     0.00000
    -14.145         0.00000     0.00000     0.00000     0.00000
    -13.995         0.00000     0.00000     0.00000     0.00000
    -13.845         0.00000     0.00000     0.00000     0.00000
    -13.695         0.00000     0.00000     0.00000     0.00000
    -13.545         0.00000     0.00000     0.00000     0.00000
    -13.395         0.00000     0.00000     0.00000     0.00000
    -13.245         0.00000     0.00000     0.00000     0.00000
    -13.095         0.00000     0.00000     0.00000     0.00000
    -12.945         0.00000     0.00000     0.00000     0.00000
    -12.795         0.00000     0.00000     0.00000     0.00000
    -12.645         0.00000     0.00000     0.00000     0.00000
    -12.495         0.00000     0.00000     0.00000     0.00000
    -12.345         0.00000     0.00000     0.00000     0.00000
    -12.195         0.00000     0.00000     0.00000     0.00000
    -12.045         0.00000     0.00000     0.00000     0.00000
    -11.895         0.00000     0.00000     0.00000     0.00000
    -11.745         0.00000     0.00000     0.00000     0.00000
    -11.595         0.00000     0.00000     0.00000     0.00000
    -11.445         0.00000     0.00000     0.00000     0.00000
    -11.295         0.00000     0.00000     0.00000     0.00000
    -11.145         0.00000     0.00000     0.00000     0.00000
    -10.995         0.00000     0.00000     0.00000     0.00000
    -10.845         0.00000     0.00000     0.00000     0.00000
    -10.695         0.00000     0.00000     0.00000     0.00000
    -10.545         0.00000     0.00000     0.00000     0.00000
    -10.395         0.00000     0.00000     0.00000     0.00000
    -10.245         0.00000     0.00000     0.00000     0.00000
    -10.095         0.00000     0.00000     0.00000     0.00000
    -9.9450         0.00000     0.00000     0.00000     0.00000
    -9.7950         0.00000     0.00000     0.00000     0.00000
    -9.6450         0.00000     0.00000     0.00000     0.00000
    -9.4950         0.00000     0.00000     0.00000     0.00000
    -9.3450         0.00000     0.00000     0.00000     0.00000
    -9.1950         0.00000     0.00000     0.00000     0.00000
    -9.0450         0.00000     0.00000     0.00000     0.00000
    -8.8950         0.00000     0.00000     0.00000     0.00000
    -8.7450         0.00000     0.00000     0.00000     0.00000
    -8.5950         0.00000     0.00000     0.00000     0.00000
    -8.4450         0.00000     0.00000     0.00000     0.00000
    -8.2950         0.00000     0.00000     0.00000     0.00000
    -8.1450         0.00000     0.00000     0.00000     0.00000
    -7.9950         0.00000     0.00000     0.00000     0.00000
    -7.8450         0.00000     0.00000     0.00000     0.00000
    -7.6950         0.00000     0.00000     0.00000     0.00000
    -7.5450         0.00000     0.00000     0.00000     0.00000
    -7.3950         0.00000     0.00000     0.00000     0.00000
    -7.2450         0.00000     0.00000     0.00000     0.00000
    -7.0950         0.00000     0.00000     0.00000     0.00000
    -6.9450         0.00000     0.00000     0.00000     0.00000
    -6.7950         0.00000     0.00000     0.00000     0.00000
    -6.6450         0.00000     0.00000     0.00000     0.00000
    -6.4950         0.00000     0.00000     0.00000     0.00000
    -6.3450         0.00000     0.00000     0.00000     0.00000
    -6.1950         0.00000     0.00000     0.00000     0.00000
    -6.0450         0.00000     0.00000     0.00000     0.00000
    -5.8950         0.00000     0.00000     0.00000     0.00000
    -5.7450         0.00000     0.00000     0.00000     0.00000
    -5.5950         0.00000     0.00000     0.00000     0.00000
    -5.4450         0.00000     0.00000     0.00000     0.00000
    -5.2950         0.00000     0.00000     0.00000     0.00000
    -5.1450         0.00000     0.00000     0.00000     0.00000
    -4.9950         0.00000     0.00000     0.00000     0.00000
    -4.8450         0.00000     0.00000     0.00000     0.00000
    -4.6950         0.00000     0.00000     0.00000     0.00000
    -4.5450         0.00000     0.00000     0.00000     0.00000
    -4.3950         0.00000     0.00000     0.00000     0.00000
    -4.2450         0.00000     0.00000     0.00000     0.00000
    -4.0950         0.00000     0.00000     0.00000     0.00000
    -3.9450         0.00000     0.00000     0.00000     0.00000
    -3.7950         0.00000     0.00000     0.00000     0.00000
    -3.6450         0.00000     0.00000     0.00000     0.00000
    -3.4950         0.00000     0.00000     0.00000     0.00000
    -3.3450         0.00000     0.00000     0.00000     0.00000
    -3.1950         0.00000     0.00000     0.00000     0.00000
    -3.0450        -0.00000    -0.00000     0.00000     0.00000
    -2.8950        -0.00000    -0.00000     0.00000     0.00000
    -2.7450         0.00000     0.00000     0.00000     0.00000
    -2.5950        -0.00000    -0.00000     0.00000     0.00000
    -2.4450        -0.00000    -0.00000     0.00000     0.00000
    -2.2950        -0.00000    -0.00000     0.00000     0.00000
    -2.1450         0.00000    -0.00001     0.00001     0.00000
    -1.9950        -0.00096    -0.00002    -0.00094     0.00000
    -1.8450        -0.00415    -0.00003    -0.00412     0.00000
    -1.6950        -0.01540    -0.00006    -0.01517    -0.00017
    -1.5450        -0.04269    -0.00012    -0.04166    -0.00090
    -1.3950        -0.08620    -0.00022    -0.08232    -0.00367
    -1.2450        -0.14812    -0.00039    -0.13490    -0.01283
    -1.0950        -0.23266    -0.00063    -0.18816    -0.04387
   -0.94500        -0.39768    -0.00100    -0.24351    -0.15316
   -0.79500        -0.87523    -0.00144    -0.28788    -0.58591
   -0.64500        -2.26695    -0.00204    -0.32166    -1.94325
   -0.49500        -4.85048    -0.00225    -0.35168    -4.49656
   -0.34500        -7.90080    -0.00381    -0.38427    -7.51272
   -0.22700        -8.72265    -0.00549    -0.39773    -8.31943
   -0.21300        -8.81479    -0.00566    -0.39956    -8.40957
   -0.20700        -8.90644    -0.00595    -0.40145    -8.49905
   -0.20100        -8.99775    -0.00622    -0.40330    -8.58822
   -0.19500        -9.08832    -0.00655    -0.40528    -8.67649
   -0.18900        -9.17995    -0.00667    -0.40741    -8.76587
   -0.18300        -9.27047    -0.00699    -0.40958    -8.85389
   -0.17700        -9.36105    -0.00731    -0.41189    -8.94184
   -0.17100        -9.45262    -0.00772    -0.41427    -9.03063
   -0.16500        -9.54400    -0.00810    -0.41663    -9.11927
   -0.15900        -9.63646    -0.00854    -0.41922    -9.20871
   -0.15300        -9.72953    -0.00899    -0.42187    -9.29867
   -0.14700        -9.82228    -0.00954    -0.42454    -9.38821
   -0.14100        -9.91618    -0.00998    -0.42729    -9.47891
   -0.13500       -10.01162    -0.01063    -0.43014    -9.57085
   -0.12900       -10.10864    -0.01124    -0.43317    -9.66423
   -0.12300       -10.20691    -0.01197    -0.43625    -9.75869
   -0.11700       -10.30744    -0.01271    -0.43936    -9.85537
   -0.11100       -10.40972    -0.01331    -0.44254    -9.95387
   -0.10500       -10.51546    -0.01405    -0.44560   -10.05581
   -0.99000E-01   -10.62474    -0.01493    -0.44889   -10.16092
   -0.93000E-01   -10.73751    -0.01583    -0.45221   -10.26946
   -0.87000E-01   -10.85518    -0.01693    -0.45554   -10.38271
   -0.81000E-01   -10.97919    -0.01808    -0.45907   -10.50204
   -0.75000E-01   -11.11029    -0.01939    -0.46268   -10.62822
   -0.69000E-01   -11.24920    -0.02075    -0.46651   -10.76193
   -0.63000E-01   -11.39837    -0.02237    -0.47046   -10.90554
   -0.57000E-01   -11.55836    -0.02420    -0.47463   -11.05954
   -0.51000E-01   -11.73180    -0.02620    -0.47884   -11.22676
   -0.45000E-01   -11.91835    -0.02877    -0.48325   -11.40633
   -0.39000E-01   -12.12019    -0.03187    -0.48812   -11.60020
   -0.33000E-01   -12.33647    -0.03560    -0.49357   -11.80731
   -0.27000E-01   -12.57239    -0.04040    -0.50049   -12.03150
   -0.21300E-01   -12.74664    -0.04439    -0.50669   -12.19557
   -0.19500E-01   -12.77363    -0.04506    -0.50774   -12.22083
   -0.18900E-01   -12.80076    -0.04574    -0.50889   -12.24613
   -0.18300E-01   -12.82833    -0.04641    -0.51010   -12.27182
   -0.17700E-01   -12.85644    -0.04710    -0.51135   -12.29799
   -0.17100E-01   -12.88463    -0.04781    -0.51266   -12.32415
   -0.16500E-01   -12.91348    -0.04856    -0.51410   -12.35083
   -0.15900E-01   -12.94270    -0.04933    -0.51559   -12.37778
   -0.15300E-01   -12.97238    -0.05013    -0.51721   -12.40504
   -0.14700E-01   -13.00266    -0.05095    -0.51892   -12.43279
   -0.14100E-01   -13.03343    -0.05176    -0.52073   -12.46094
   -0.13500E-01   -13.06487    -0.05262    -0.52273   -12.48951
   -0.12900E-01   -13.09684    -0.05350    -0.52491   -12.51842
   -0.12300E-01   -13.12939    -0.05441    -0.52730   -12.54769
   -0.11700E-01   -13.16276    -0.05535    -0.52988   -12.57753
   -0.11100E-01   -13.19677    -0.05634    -0.53276   -12.60767
   -0.10500E-01   -13.23156    -0.05736    -0.53595   -12.63824
   -0.99000E-02   -13.26719    -0.05842    -0.53946   -12.66932
   -0.93000E-02   -13.30383    -0.05950    -0.54344   -12.70088
   -0.87000E-02   -13.34166    -0.06064    -0.54798   -12.73304
   -0.81000E-02   -13.38067    -0.06182    -0.55321   -12.76564
   -0.75000E-02   -13.42096    -0.06304    -0.55931   -12.79862
   -0.69000E-02   -13.46301    -0.06431    -0.56673   -12.83197
   -0.63000E-02   -13.50719    -0.06562    -0.57596   -12.86561
   -0.57000E-02   -13.55468    -0.06698    -0.58783   -12.89986
   -0.51000E-02   -13.60688    -0.06839    -0.60415   -12.93434
   -0.45000E-02   -13.66667    -0.06983    -0.62758   -12.96926
   -0.39000E-02   -13.73851    -0.07132    -0.66250   -13.00470
   -0.33000E-02   -13.82491    -0.07280    -0.71128   -13.04082
   -0.27000E-02   -13.90629    -0.07428    -0.75385   -13.07816
   -0.21000E-02   -13.96995    -0.07572    -0.77506   -13.11917
   -0.15000E-02   -14.03144    -0.07700    -0.78388   -13.17055
   -0.90000E-03   -14.12274    -0.07802    -0.78704   -13.25768
   -0.30000E-03   -15.55277    -0.07849    -0.78772   -14.68656
    0.30000E-03   -14.12280    -0.07781    -0.78725   -13.25774
    0.90000E-03   -14.03935    -0.07464    -0.78623   -13.17848
    0.15000E-02   -13.99554    -0.06581    -0.78493   -13.14480
    0.21000E-02   -13.95759    -0.04442    -0.78349   -13.12968
    0.27000E-02   -13.90668    -0.00170    -0.78201   -13.12297
    0.33000E-02   -13.85345     0.04715    -0.78053   -13.12007
    0.39000E-02   -13.81574     0.08211    -0.77906   -13.11879
    0.45000E-02   -13.79027     0.10562    -0.77764   -13.11825
    0.51000E-02   -13.77237     0.12190    -0.77627   -13.11801
    0.57000E-02   -13.75903     0.13383    -0.77496   -13.11790
    0.63000E-02   -13.74857     0.14300    -0.77371   -13.11785
    0.69000E-02   -13.73999     0.15033    -0.77250   -13.11782
    0.75000E-02   -13.73270     0.15646    -0.77137   -13.11780
    0.81000E-02   -13.72636     0.16170    -0.77028   -13.11778
    0.87000E-02   -13.72080     0.16622    -0.76925   -13.11776
    0.93000E-02   -13.71579     0.17021    -0.76825   -13.11774
    0.99000E-02   -13.71130     0.17376    -0.76734   -13.11773
    0.10500E-01   -13.70715     0.17701    -0.76646   -13.11771
    0.11100E-01   -13.70338     0.17992    -0.76562   -13.11769
    0.11700E-01   -13.69991     0.18258    -0.76482   -13.11767
    0.12300E-01   -13.69674     0.18497    -0.76407   -13.11765
    0.12900E-01   -13.69371     0.18726    -0.76335   -13.11763
    0.13500E-01   -13.69094     0.18934    -0.76267   -13.11761
    0.14100E-01   -13.68830     0.19130    -0.76202   -13.11758
    0.14700E-01   -13.68582     0.19312    -0.76139   -13.11756
    0.15300E-01   -13.68348     0.19485    -0.76080   -13.11753
    0.15900E-01   -13.68130     0.19643    -0.76022   -13.11751
    0.16500E-01   -13.67923     0.19793    -0.75967   -13.11748
    0.17100E-01   -13.67727     0.19936    -0.75918   -13.11745
    0.17700E-01   -13.67539     0.20073    -0.75869   -13.11743
    0.18300E-01   -13.67363     0.20200    -0.75823   -13.11740
    0.18900E-01   -13.67195     0.20322    -0.75781   -13.11737
    0.19500E-01   -13.67034     0.20440    -0.75740   -13.11733
    0.21300E-01   -13.66088     0.21111    -0.75490   -13.11708
    0.27000E-01   -13.65063     0.21849    -0.75246   -13.11666
    0.33000E-01   -13.64352     0.22365    -0.75105   -13.11612
    0.39000E-01   -13.63802     0.22766    -0.75020   -13.11549
    0.45000E-01   -13.63365     0.23086    -0.74971   -13.11480
    0.51000E-01   -13.63004     0.23343    -0.74949   -13.11399
    0.57000E-01   -13.62711     0.23545    -0.74938   -13.11318
    0.63000E-01   -13.62437     0.23710    -0.74927   -13.11221
    0.69000E-01   -13.62194     0.23842    -0.74923   -13.11112
    0.75000E-01   -13.61959     0.23959    -0.74920   -13.10998
    0.81000E-01   -13.61741     0.24055    -0.74919   -13.10877
    0.87000E-01   -13.61528     0.24143    -0.74906   -13.10764
    0.93000E-01   -13.61316     0.24217    -0.74896   -13.10636
    0.99000E-01   -13.61109     0.24283    -0.74886   -13.10507
    0.10500       -13.60909     0.24334    -0.74876   -13.10366
    0.11100       -13.60697     0.24384    -0.74867   -13.10214
    0.11700       -13.60507     0.24419    -0.74866   -13.10060
    0.12300       -13.60309     0.24455    -0.74857   -13.09907
    0.12900       -13.60110     0.24482    -0.74848   -13.09744
    0.13500       -13.59909     0.24504    -0.74838   -13.09575
    0.14100       -13.59716     0.24521    -0.74829   -13.09409
    0.14700       -13.59510     0.24534    -0.74820   -13.09224
    0.15300       -13.59310     0.24543    -0.74811   -13.09042
    0.15900       -13.59116     0.24554    -0.74802   -13.08868
    0.16500       -13.58899     0.24563    -0.74793   -13.08669
    0.17100       -13.58665     0.24571    -0.74784   -13.08452
    0.17700       -13.58458     0.24576    -0.74775   -13.08259
    0.18300       -13.58228     0.24582    -0.74766   -13.08043
    0.18900       -13.57995     0.24585    -0.74758   -13.07823
    0.19500       -13.57757     0.24589    -0.74749   -13.07597
    0.20100       -13.57535     0.24590    -0.74740   -13.07385
    0.20700       -13.57314     0.24593    -0.74731   -13.07175
    0.21300       -13.57079     0.24593    -0.74723   -13.06950
    0.22700       -13.54976     0.24592    -0.74645   -13.04923
    0.34500       -13.47636     0.24625    -0.74507   -12.97754
    0.49500       -13.39532     0.24640    -0.74381   -12.89791
    0.64500       -13.30888     0.24649    -0.74262   -12.81275
    0.79500       -13.21886     0.24655    -0.74098   -12.72444
    0.94500       -13.12718     0.24655    -0.73989   -12.63384
     1.0950       -13.03400     0.24654    -0.73844   -12.54210
     1.2450       -12.94044     0.24658    -0.73706   -12.44996
     1.3950       -12.84792     0.24659    -0.73574   -12.35876
     1.5450       -12.75709     0.24659    -0.73450   -12.26918
     1.6950       -12.66725     0.24661    -0.73333   -12.18053
     1.8450       -12.58066     0.24661    -0.73220   -12.09506
     1.9950       -12.49651     0.24663    -0.73111   -12.01202
     2.1450       -12.41386     0.24661    -0.73007   -11.93041
     2.2950       -12.33445     0.24662    -0.72907   -11.85201
     2.4450       -12.25839     0.24662    -0.72811   -11.77690
     2.5950       -12.18447     0.24662    -0.72718   -11.70391
     2.7450       -12.11333     0.24661    -0.72628   -11.63366
     2.8950       -12.04489     0.24660    -0.72541   -11.56607
     3.0450       -11.97869     0.24658    -0.72457   -11.50070
     3.1950       -11.91507     0.24660    -0.72377   -11.43790
     3.3450       -11.85352     0.24658    -0.72299   -11.37712
     3.4950       -11.79412     0.24657    -0.72222   -11.31847
     3.6450       -11.73658     0.24659    -0.72148   -11.26169
     3.7950       -11.68064     0.24659    -0.72076   -11.20647
     3.9450       -11.62514     0.24659    -0.72006   -11.15167
     4.0950       -11.57293     0.24659    -0.71938   -11.10014
     4.2450       -11.52220     0.24657    -0.71871   -11.05006
     4.3950       -11.47297     0.24656    -0.71807   -11.00146
     4.5450       -11.42511     0.24656    -0.71744   -10.95423
     4.6950       -11.37857     0.24657    -0.71682   -10.90833
     4.8450       -11.33318     0.24658    -0.71622   -10.86353
     4.9950       -11.28916     0.24657    -0.71564   -10.82010
     5.1450       -11.24624     0.24657    -0.71506   -10.77775
     5.2950       -11.20442     0.24658    -0.71449   -10.73651
     5.4450       -11.16374     0.24657    -0.71395   -10.69637
     5.5950       -11.12348     0.24656    -0.71340   -10.65663
     5.7450       -11.08412     0.24655    -0.71288   -10.61779
     5.8950       -11.04619     0.24655    -0.71235   -10.58039
     6.0450       -11.00917     0.24654    -0.71184   -10.54386
     6.1950       -10.97300     0.24654    -0.71135   -10.50819
     6.3450       -10.93750     0.24653    -0.71086   -10.47317
     6.4950       -10.90277     0.24653    -0.71037   -10.43893
     6.6450       -10.86875     0.24653    -0.70990   -10.40538
     6.7950       -10.83555     0.24653    -0.70945   -10.37263
     6.9450       -10.80296     0.24651    -0.70899   -10.34048
     7.0950       -10.77106     0.24651    -0.70855   -10.30903
     7.2450       -10.73968     0.24650    -0.70811   -10.27807
     7.3950       -10.70885     0.24650    -0.70767   -10.24768
     7.5450       -10.67869     0.24651    -0.70725   -10.21795
     7.6950       -10.64903     0.24650    -0.70683   -10.18869
     7.8450       -10.62000     0.24650    -0.70643   -10.16008
     7.9950       -10.59143     0.24650    -0.70602   -10.13190
     8.1450       -10.56332     0.24649    -0.70562   -10.10419
     8.2950       -10.53575     0.24648    -0.70523   -10.07700
     8.4450       -10.50863     0.24648    -0.70485   -10.05026
     8.5950       -10.48191     0.24647    -0.70447   -10.02391
     8.7450       -10.45565     0.24646    -0.70409    -9.99802
     8.8950       -10.42986     0.24645    -0.70372    -9.97259
     9.0450       -10.40446     0.24645    -0.70336    -9.94756
     9.1950       -10.37946     0.24646    -0.70300    -9.92292
     9.3450       -10.35483     0.24645    -0.70265    -9.89863
     9.4950       -10.33056     0.24645    -0.70230    -9.87471
     9.6450       -10.30665     0.24645    -0.70196    -9.85114
     9.7950       -10.28311     0.24645    -0.70162    -9.82793
     9.9450       -10.25990     0.24644    -0.70128    -9.80506
     10.095       -10.23702     0.24644    -0.70095    -9.78251
     10.245       -10.21444     0.24643    -0.70062    -9.76026
     10.395       -10.19222     0.24643    -0.70030    -9.73836
     10.545       -10.17025     0.24643    -0.69998    -9.71670
     10.695       -10.14860     0.24643    -0.69966    -9.69537
     10.845       -10.12731     0.24643    -0.69934    -9.67439
     10.995       -10.10629     0.24642    -0.69904    -9.65367
     11.145       -10.08548     0.24641    -0.69873    -9.63316
     11.295       -10.06505     0.24640    -0.69843    -9.61303
     11.445       -10.04476     0.24639    -0.69813    -9.59303
     11.595       -10.02478     0.24639    -0.69783    -9.57334
     11.745       -10.00501     0.24639    -0.69754    -9.55386
     11.895        -9.98552     0.24639    -0.69726    -9.53465
     12.045        -9.96624     0.24639    -0.69697    -9.51566
     12.195        -9.94724     0.24638    -0.69669    -9.49694
     12.345        -9.92845     0.24638    -0.69641    -9.47842
     12.495        -9.90987     0.24638    -0.69613    -9.46011
     12.645        -9.89151     0.24637    -0.69587    -9.44202
     12.795        -9.87335     0.24636    -0.69560    -9.42412
     12.945        -9.85538     0.24635    -0.69532    -9.40640
     13.095        -9.83766     0.24635    -0.69506    -9.38895
     13.245        -9.82010     0.24636    -0.69480    -9.37166
     13.395        -9.80274     0.24636    -0.69454    -9.35455
     13.545        -9.78557     0.24635    -0.69429    -9.33763
     13.695        -9.76864     0.24635    -0.69404    -9.32095
     13.845        -9.75183     0.24636    -0.69379    -9.30439
     13.995        -9.73523     0.24635    -0.69354    -9.28803
     14.145        -9.71879     0.24635    -0.69330    -9.27183
     14.295        -9.70252     0.24634    -0.69306    -9.25581
     14.445        -9.68645     0.24634    -0.69282    -9.23997
     14.595        -9.67054     0.24633    -0.69258    -9.22430
     14.745        -9.65479     0.24633    -0.69234    -9.20878
     14.895        -9.63921     0.24633    -0.69211    -9.19343
     15.045        -9.62374     0.24632    -0.69187    -9.17819
     15.195        -9.60837     0.24632    -0.69164    -9.16304
     15.345        -9.59320     0.24631    -0.69141    -9.14809
     15.495        -9.57821     0.24630    -0.69119    -9.13332
     15.645        -9.56334     0.24630    -0.69096    -9.11868
     15.795        -9.54863     0.24630    -0.69074    -9.10420
     15.945        -9.53407     0.24630    -0.69051    -9.08985
     16.095        -9.51966     0.24629    -0.69029    -9.07566
     16.245        -9.50538     0.24629    -0.69008    -9.06158
     16.395        -9.49119     0.24628    -0.68988    -9.04759
     16.545        -9.47712     0.24627    -0.68966    -9.03373
     16.695        -9.46320     0.24627    -0.68945    -9.02002
     16.845        -9.44938     0.24627    -0.68925    -9.00640
     16.995        -9.43572     0.24626    -0.68904    -8.99295
     17.145        -9.42215     0.24626    -0.68884    -8.97957
     17.295        -9.40867     0.24626    -0.68864    -8.96629
     17.445        -9.39534     0.24626    -0.68844    -8.95316
     17.595        -9.38214     0.24626    -0.68824    -8.94016
     17.745        -9.36909     0.24626    -0.68804    -8.92731
     17.895        -9.35614     0.24626    -0.68784    -8.91456
     18.045        -9.34328     0.24626    -0.68765    -8.90188
     18.195        -9.33055     0.24625    -0.68745    -8.88935
     18.345        -9.31792     0.24625    -0.68726    -8.87690
     18.495        -9.30539     0.24624    -0.68707    -8.86456
     18.645        -9.29296     0.24624    -0.68689    -8.85231
     18.795        -9.28063     0.24623    -0.68670    -8.84016
     18.945        -9.26840     0.24622    -0.68651    -8.82812
     19.095        -9.25624     0.24622    -0.68632    -8.81614
     19.245        -9.24418     0.24622    -0.68614    -8.80426
     19.395        -9.23223     0.24621    -0.68596    -8.79248
     19.545        -9.22037     0.24621    -0.68578    -8.78080
     19.695        -9.20862     0.24620    -0.68560    -8.76923
     19.845        -9.19694     0.24620    -0.68543    -8.75771
     19.995        -9.18538     0.24619    -0.68525    -8.74632
     20.145        -9.17387     0.24619    -0.68507    -8.73498
     20.295        -9.16243     0.24619    -0.68490    -8.72372
     20.445        -9.15111     0.24619    -0.68472    -8.71257
     20.595        -9.13984     0.24618    -0.68455    -8.70147
     20.745        -9.12868     0.24618    -0.68438    -8.69048
     20.895        -9.11759     0.24618    -0.68421    -8.67956
     21.045        -9.10659     0.24617    -0.68403    -8.66873
     21.195        -9.09565     0.24617    -0.68387    -8.65795
     21.345        -9.08480     0.24617    -0.68371    -8.64726
     21.495        -9.07401     0.24616    -0.68355    -8.63663
     21.645        -9.06332     0.24617    -0.68338    -8.62610
     21.795        -9.05270     0.24617    -0.68322    -8.61565
     21.945        -9.04217     0.24616    -0.68306    -8.60528
     22.095        -9.03172     0.24615    -0.68290    -8.59498
     22.245        -9.02132     0.24615    -0.68274    -8.58473
     22.395        -9.01097     0.24615    -0.68258    -8.57454
     22.545        -9.00074     0.24615    -0.68242    -8.56447
     22.695        -8.99057     0.24615    -0.68227    -8.55445
     22.845        -8.98047     0.24614    -0.68212    -8.54449
     22.995        -8.97045     0.24614    -0.68197    -8.53462
     23.145        -8.96046     0.24614    -0.68181    -8.52478
     23.295        -8.95054     0.24613    -0.68166    -8.51501
     23.445        -8.94070     0.24613    -0.68151    -8.50533
     23.595        -8.93091     0.24613    -0.68136    -8.49568
     23.745        -8.92116     0.24613    -0.68121    -8.48608
     23.895        -8.91152     0.24613    -0.68106    -8.47660
     24.045        -8.90194     0.24613    -0.68091    -8.46716
     24.195        -8.89237     0.24612    -0.68076    -8.45772
     24.345        -8.88288     0.24612    -0.68062    -8.44838
     24.495        -8.87348     0.24611    -0.68048    -8.43912
     24.645        -8.86414     0.24612    -0.68033    -8.42993
     24.795        -8.85487     0.24611    -0.68019    -8.42079
     24.945        -8.84565     0.24611    -0.68005    -8.41171
     25.095        -8.83644     0.24611    -0.67991    -8.40265
     25.245        -8.82730     0.24611    -0.67977    -8.39364
     25.395        -8.81823     0.24611    -0.67963    -8.38471
     25.545        -8.80918     0.24611    -0.67948    -8.37581
     25.695        -8.80022     0.24611    -0.67935    -8.36698
     25.845        -8.79132     0.24610    -0.67920    -8.35822
     25.995        -8.78250     0.24610    -0.67907    -8.34953
     26.145        -8.77369     0.24610    -0.67893    -8.34086
     26.295        -8.76496     0.24609    -0.67880    -8.33226
     26.445        -8.75625     0.24609    -0.67866    -8.32368
     26.595        -8.74762     0.24609    -0.67853    -8.31518
     26.745        -8.73899     0.24609    -0.67839    -8.30669
     26.895        -8.73046     0.24609    -0.67826    -8.29828
     27.045        -8.72195     0.24608    -0.67813    -8.28990
     27.195        -8.71351     0.24608    -0.67800    -8.28160
     27.345        -8.70512     0.24608    -0.67786    -8.27334
     27.495        -8.69676     0.24607    -0.67774    -8.26509
     27.645        -8.68844     0.24608    -0.67761    -8.25691
     27.795        -8.68015     0.24608    -0.67748    -8.24875
     27.945        -8.67193     0.24608    -0.67735    -8.24066
     28.095        -8.66373     0.24608    -0.67723    -8.23258
     28.245        -8.65560     0.24608    -0.67710    -8.22457
     28.395        -8.64750     0.24608    -0.67697    -8.21661
     28.545        -8.63946     0.24607    -0.67685    -8.20868
     28.695        -8.63144     0.24607    -0.67673    -8.20079
     28.845        -8.62350     0.24607    -0.67660    -8.19298
     28.995        -8.61557     0.24608    -0.67648    -8.18517
     29.145        -8.60771     0.24607    -0.67636    -8.17742
     29.295        -8.59987     0.24607    -0.67623    -8.16971
     29.445        -8.59209     0.24607    -0.67611    -8.16204
     29.595        -8.58435     0.24606    -0.67599    -8.15442
     29.745        -8.57665     0.24606    -0.67588    -8.14683
     29.895        -8.56898     0.24606    -0.67576    -8.13928
     30.045        -8.56141     0.24606    -0.67564    -8.13183
     30.195        -8.55383     0.24606    -0.67552    -8.12437
     30.345        -8.54629     0.24606    -0.67541    -8.11695
     30.495        -8.53882     0.24605    -0.67529    -8.10958
     30.645        -8.53136     0.24605    -0.67517    -8.10224
     30.795        -8.52394     0.24606    -0.67506    -8.09494
     30.945        -8.51655     0.24605    -0.67494    -8.08766
     31.095        -8.50920     0.24605    -0.67483    -8.08043
     31.245        -8.50191     0.24605    -0.67472    -8.07325
     31.395        -8.49463     0.24605    -0.67460    -8.06608
     31.545        -8.48740     0.24605    -0.67448    -8.05896
     31.695        -8.48022     0.24605    -0.67437    -8.05189
     31.845        -8.47303     0.24605    -0.67426    -8.04482
     31.995        -8.46589     0.24606    -0.67415    -8.03780
     32.145        -8.45880     0.24605    -0.67404    -8.03081
     32.295        -8.45174     0.24605    -0.67393    -8.02386
     32.445        -8.44472     0.24605    -0.67382    -8.01695
     32.595        -8.43773     0.24604    -0.67371    -8.01007
     32.745        -8.43079     0.24604    -0.67360    -8.00323
     32.895        -8.42384     0.24604    -0.67349    -7.99639
     33.045        -8.41695     0.24604    -0.67338    -7.98960
     33.195        -8.41007     0.24604    -0.67328    -7.98283
     33.345        -8.40322     0.24604    -0.67317    -7.97609
     33.495        -8.39643     0.24603    -0.67306    -7.96939
     33.645        -8.38965     0.24603    -0.67296    -7.96273
     33.795        -8.38289     0.24603    -0.67285    -7.95607
     33.945        -8.37617     0.24603    -0.67275    -7.94946
     34.095        -8.36949     0.24603    -0.67264    -7.94288
     34.245        -8.36286     0.24603    -0.67254    -7.93635
     34.395        -8.35624     0.24603    -0.67243    -7.92984
     34.545        -8.34963     0.24603    -0.67233    -7.92333
     34.695        -8.34304     0.24603    -0.67223    -7.91684
     34.845        -8.33652     0.24603    -0.67212    -7.91043
     34.995        -8.33001     0.24603    -0.67202    -7.90403
     35.145        -8.32355     0.24603    -0.67192    -7.89766
     35.295        -8.31712     0.24603    -0.67181    -7.89133
     35.445        -8.31073     0.24602    -0.67171    -7.88504
     35.595        -8.30435     0.24602    -0.67161    -7.87876
     35.745        -8.29798     0.24602    -0.67152    -7.87248
     35.895        -8.29162     0.24601    -0.67142    -7.86622
     36.045        -8.28530     0.24601    -0.67132    -7.86000
     36.195        -8.27902     0.24601    -0.67122    -7.85381
     36.345        -8.27277     0.24601    -0.67112    -7.84765
     36.495        -8.26655     0.24601    -0.67103    -7.84154
     36.645        -8.26037     0.24601    -0.67093    -7.83545
     36.795        -8.25417     0.24601    -0.67083    -7.82934
     36.945        -8.24803     0.24600    -0.67074    -7.82329
     37.095        -8.24192     0.24600    -0.67064    -7.81728
     37.245        -8.23582     0.24600    -0.67055    -7.81127
     37.395        -8.22977     0.24599    -0.67046    -7.80531
     37.545        -8.22375     0.24599    -0.67036    -7.79938
     37.695        -8.21774     0.24599    -0.67027    -7.79345
     37.845        -8.21172     0.24598    -0.67018    -7.78753
     37.995        -8.20577     0.24598    -0.67009    -7.78166
     38.145        -8.19982     0.24598    -0.66999    -7.77581
     38.295        -8.19392     0.24598    -0.66990    -7.77000
     38.445        -8.18802     0.24598    -0.66981    -7.76419
     38.595        -8.18214     0.24598    -0.66972    -7.75840
     38.745        -8.17628     0.24598    -0.66962    -7.75263
     38.895        -8.17045     0.24598    -0.66953    -7.74690
     39.045        -8.16465     0.24597    -0.66944    -7.74119
     39.195        -8.15887     0.24597    -0.66935    -7.73549
     39.345        -8.15312     0.24597    -0.66926    -7.72984
     39.495        -8.14741     0.24597    -0.66917    -7.72421
     39.645        -8.14170     0.24596    -0.66908    -7.71859
     39.795        -8.13599     0.24596    -0.66899    -7.71296
     39.945        -8.13034     0.24596    -0.66890    -7.70740
     40.095        -8.12473     0.24596    -0.66881    -7.70188
     40.245        -8.11912     0.24596    -0.66872    -7.69635
     40.395        -8.11354     0.24595    -0.66863    -7.69086
     40.545        -8.10797     0.24595    -0.66855    -7.68537
     40.695        -8.10240     0.24595    -0.66846    -7.67990
     40.845        -8.09688     0.24595    -0.66837    -7.67446
     40.995        -8.09136     0.24595    -0.66828    -7.66902
     41.145        -8.08587     0.24595    -0.66820    -7.66362
     41.295        -8.08039     0.24594    -0.66811    -7.65822
     41.445        -8.07493     0.24594    -0.66802    -7.65285
     41.595        -8.06949     0.24594    -0.66793    -7.64750
     41.745        -8.06407     0.24594    -0.66785    -7.64216
     41.895        -8.05870     0.24594    -0.66776    -7.63687
     42.045        -8.05333     0.24593    -0.66767    -7.63158
     42.195        -8.04800     0.24593    -0.66759    -7.62634
     42.345        -8.04268     0.24593    -0.66751    -7.62111
     42.495        -8.03739     0.24593    -0.66742    -7.61590
     42.645        -8.03212     0.24593    -0.66734    -7.61071
     42.795        -8.02686     0.24593    -0.66726    -7.60553
     42.945        -8.02162     0.24592    -0.66717    -7.60037
     43.095        -8.01641     0.24592    -0.66709    -7.59524
     43.245        -8.01121     0.24591    -0.66700    -7.59012
     43.395        -8.00604     0.24591    -0.66692    -7.58503
     43.545        -8.00088     0.24591    -0.66684    -7.57995
     43.695        -7.99571     0.24591    -0.66676    -7.57486
     43.845        -7.99059     0.24591    -0.66668    -7.56982
     43.995        -7.98547     0.24591    -0.66660    -7.56478
     44.145        -7.98040     0.24590    -0.66652    -7.55978
     44.295        -7.97534     0.24590    -0.66644    -7.55480
     44.445        -7.97028     0.24590    -0.66636    -7.54982
     44.595        -7.96522     0.24590    -0.66628    -7.54484
     44.745        -7.96018     0.24589    -0.66620    -7.53988
     44.895        -7.95519     0.24589    -0.66612    -7.53496
     45.045        -7.95021     0.24589    -0.66604    -7.53006
     45.195        -7.94527     0.24589    -0.66597    -7.52519
     45.345        -7.94033     0.24589    -0.66589    -7.52033
     45.495        -7.93538     0.24589    -0.66581    -7.51546
     45.645        -7.93048     0.24589    -0.66573    -7.51063
     45.795        -7.92557     0.24588    -0.66565    -7.50580
     45.945        -7.92069     0.24588    -0.66558    -7.50100
     46.095        -7.91583     0.24588    -0.66550    -7.49621
     46.245        -7.91098     0.24588    -0.66542    -7.49144
     46.395        -7.90615     0.24588    -0.66534    -7.48669
     46.545        -7.90133     0.24588    -0.66527    -7.48195
     46.695        -7.89653     0.24588    -0.66519    -7.47722
     46.845        -7.89174     0.24588    -0.66512    -7.47251
     46.995        -7.88701     0.24588    -0.66504    -7.46785
     47.145        -7.88227     0.24588    -0.66496    -7.46319
     47.295        -7.87752     0.24588    -0.66488    -7.45851
     47.445        -7.87279     0.24588    -0.66481    -7.45386
     47.595        -7.86809     0.24588    -0.66474    -7.44923
     47.745        -7.86340     0.24587    -0.66466    -7.44462
     47.895        -7.85873     0.24587    -0.66459    -7.44002
     48.045        -7.85409     0.24587    -0.66451    -7.43545
     48.195        -7.84944     0.24587    -0.66444    -7.43087
     48.345        -7.84482     0.24587    -0.66437    -7.42632
     48.495        -7.84021     0.24587    -0.66430    -7.42178
     48.645        -7.83560     0.24587    -0.66423    -7.41724
     48.795        -7.83103     0.24587    -0.66416    -7.41274
     48.945        -7.82644     0.24586    -0.66408    -7.40822
     49.095        -7.82188     0.24586    -0.66401    -7.40373
     49.245        -7.81736     0.24586    -0.66394    -7.39928
     49.395        -7.81284     0.24586    -0.66387    -7.39483
     49.545        -7.80834     0.24586    -0.66380    -7.39040
     49.695        -7.80385     0.24585    -0.66373    -7.38598
     49.845        -7.79939     0.24585    -0.66366    -7.38158
     49.995        -7.79494     0.24585    -0.66359    -7.37721
     50.145        -7.79051     0.24585    -0.66352    -7.37284
     50.295        -7.78608     0.24585    -0.66345    -7.36848
     50.445        -7.78166     0.24585    -0.66338    -7.36413
     50.595        -7.77727     0.24584    -0.66331    -7.35981
     50.745        -7.77289     0.24584    -0.66324    -7.35549
     50.895        -7.76853     0.24584    -0.66317    -7.35120
     51.045        -7.76417     0.24584    -0.66310    -7.34692
     51.195        -7.75982     0.24584    -0.66303    -7.34263
     51.345        -7.75550     0.24584    -0.66296    -7.33838
     51.495        -7.75119     0.24584    -0.66289    -7.33414
     51.645        -7.74688     0.24584    -0.66282    -7.32990
     51.795        -7.74259     0.24584    -0.66275    -7.32567
     51.945        -7.73829     0.24583    -0.66269    -7.32143
     52.095        -7.73404     0.24583    -0.66262    -7.31724
     52.245        -7.72978     0.24583    -0.66256    -7.31305
     52.395        -7.72555     0.24583    -0.66249    -7.30889
     52.545        -7.72132     0.24582    -0.66242    -7.30472
     52.695        -7.71710     0.24582    -0.66236    -7.30057
     52.845        -7.71290     0.24582    -0.66229    -7.29643
     52.995        -7.70871     0.24582    -0.66222    -7.29230
     53.145        -7.70455     0.24582    -0.66216    -7.28821
     53.295        -7.70039     0.24581    -0.66209    -7.28411
     53.445        -7.69623     0.24581    -0.66202    -7.28001
     53.595        -7.69210     0.24581    -0.66196    -7.27595
     53.745        -7.68799     0.24581    -0.66189    -7.27190
     53.895        -7.68389     0.24580    -0.66183    -7.26786
     54.045        -7.67979     0.24580    -0.66176    -7.26383
     54.195        -7.67568     0.24580    -0.66170    -7.25978
     54.345        -7.67161     0.24579    -0.66163    -7.25577
     54.495        -7.66755     0.24579    -0.66157    -7.25177
     54.645        -7.66348     0.24579    -0.66150    -7.24777
     54.795        -7.65943     0.24579    -0.66144    -7.24378
     54.945        -7.65540     0.24579    -0.66138    -7.23982
     55.095        -7.65139     0.24578    -0.66131    -7.23586
     59.433        -7.33582     0.24566    -0.65628    -6.92520
     80.646        -6.87360     0.24546    -0.64886    -6.47020
     111.21        -6.42307     0.24525    -0.64162    -6.02670
     153.36        -5.98529     0.24502    -0.63454    -5.59577
     211.49        -5.55977     0.24478    -0.62765    -5.17690
     291.64        -5.14757     0.24452    -0.62099    -4.77110
     402.18        -4.74828     0.24422    -0.61455    -4.37795
     554.60        -4.36151     0.24389    -0.60831    -3.99709
     764.80        -3.98729     0.24354    -0.60232    -3.62851
     1054.7        -3.62506     0.24319    -0.59655    -3.27170
     1454.4        -3.27454     0.24278    -0.59101    -2.92630
     2005.6        -2.93504     0.24236    -0.58566    -2.59175
     2765.8        -2.60613     0.24192    -0.58052    -2.26753
     3814.0        -2.28728     0.24146    -0.57557    -1.95317
     5259.5        -1.97793     0.24100    -0.57081    -1.64812
     7252.9        -1.67776     0.24052    -0.56621    -1.35208
     10002.        -1.38632     0.24008    -0.56180    -1.06460
     13793.        -1.10374     0.23964    -0.55757    -0.78581
     19020.        -0.83014     0.23920    -0.55347    -0.51587
     26229.        -0.56603     0.23877    -0.54951    -0.25529
     36170.        -0.31202     0.23835    -0.54568    -0.00469
     49878.        -0.06858     0.23793    -0.54199     0.23549
     68782.         0.16444     0.23751    -0.53841     0.46534
     94851.         0.38703     0.23708    -0.53495     0.68490
    0.13080E+06     0.59968     0.23668    -0.53156     0.89456
    0.18038E+06     0.80258     0.23628    -0.52829     1.09458
    0.24874E+06     0.99617     0.23589    -0.52514     1.28541
    0.34301E+06     1.18064     0.23550    -0.52208     1.46722
    0.47302E+06     1.35653     0.23512    -0.51913     1.64054
    0.65229E+06     1.52423     0.23476    -0.51629     1.80575
    0.89952E+06     1.68388     0.23443    -0.51358     1.96303
    0.12404E+07     1.83601     0.23411    -0.51096     2.11286
    0.17106E+07     1.98074     0.23377    -0.50848     2.25545
    0.23589E+07     2.11861     0.23345    -0.50610     2.39126
    0.32529E+07     2.24970     0.23314    -0.50384     2.52040
    0.44858E+07     2.37462     0.23287    -0.50169     2.64345
    0.61860E+07     2.49345     0.23258    -0.49963     2.76051
    0.85305E+07     2.60654     0.23233    -0.49767     2.87189
    0.11764E+08     2.71405     0.23208    -0.49580     2.97777
    0.16222E+08     2.81646     0.23184    -0.49401     3.07863
    0.22370E+08     2.91377     0.23162    -0.49232     3.17447
    0.30849E+08     3.00617     0.23141    -0.49070     3.26547
    0.42541E+08     3.09341     0.23120    -0.48916     3.35136
    0.58664E+08     3.17486     0.23100    -0.48769     3.43155
    0.80898E+08     3.25118     0.23081    -0.48629     3.50666
    0.11156E+09     3.32277     0.23064    -0.48497     3.57709
    0.15384E+09     3.39015     0.23050    -0.48370     3.64335
    0.21215E+09     3.45362     0.23036    -0.48249     3.70575
    0.29255E+09     3.51332     0.23023    -0.48133     3.76441
    0.40343E+09     3.56953     0.23011    -0.48024     3.81966
    0.55633E+09     3.62249     0.23001    -0.47920     3.87169
    0.76719E+09     3.67186     0.22991    -0.47823     3.92018
    0.10580E+10     3.71640     0.22981    -0.47731     3.96390
    0.14589E+10     3.75715     0.22973    -0.47645     4.00387
    0.20119E+10     3.79457     0.22964    -0.47566     4.04058
    0.27744E+10     3.82898     0.22957    -0.47490     4.07432
    0.38259E+10     3.86081     0.22950    -0.47420     4.10552
    0.52760E+10     3.89017     0.22943    -0.47352     4.13427
    0.72756E+10     3.91728     0.22937    -0.47289     4.16080
    0.10033E+11     3.94226     0.22931    -0.47230     4.18524
    0.13836E+11     3.96535     0.22925    -0.47174     4.20784
    0.19079E+11     3.98669     0.22920    -0.47124     4.22874
    0.26311E+11     4.00637     0.22916    -0.47079     4.24799
    0.36283E+11     4.02447     0.22911    -0.47038     4.26574
    0.50034E+11     4.04122     0.22907    -0.46999     4.28213
    0.68997E+11     4.05662     0.22903    -0.46963     4.29722
    0.10000E+12     4.24168     0.22860    -0.46540     4.47848
