    -99.945         0.00000     0.00000     0.00000     0.00000
    -99.795         0.00000     0.00000     0.00000     0.00000
    -99.645         0.00000     0.00000     0.00000     0.00000
    -99.495         0.00000     0.00000     0.00000     0.00000
    -99.345         0.00000     0.00000     0.00000     0.00000
    -99.195         0.00000     0.00000     0.00000     0.00000
    -99.045         0.00000     0.00000     0.00000     0.00000
    -98.895         0.00000     0.00000     0.00000     0.00000
    -98.745         0.00000     0.00000     0.00000     0.00000
    -98.595         0.00000     0.00000     0.00000     0.00000
    -98.445         0.00000     0.00000     0.00000     0.00000
    -98.295         0.00000     0.00000     0.00000     0.00000
    -98.145         0.00000     0.00000     0.00000     0.00000
    -97.995         0.00000     0.00000     0.00000     0.00000
    -97.845         0.00000     0.00000     0.00000     0.00000
    -97.695         0.00000     0.00000     0.00000     0.00000
    -97.545         0.00000     0.00000     0.00000     0.00000
    -97.395         0.00000     0.00000     0.00000     0.00000
    -97.245         0.00000     0.00000     0.00000     0.00000
    -97.095         0.00000     0.00000     0.00000     0.00000
    -96.945         0.00000     0.00000     0.00000     0.00000
    -96.795         0.00000     0.00000     0.00000     0.00000
    -96.645         0.00000     0.00000     0.00000     0.00000
    -96.495         0.00000     0.00000     0.00000     0.00000
    -96.345         0.00000     0.00000     0.00000     0.00000
    -96.195         0.00000     0.00000     0.00000     0.00000
    -96.045         0.00000     0.00000     0.00000     0.00000
    -95.895         0.00000     0.00000     0.00000     0.00000
    -95.745         0.00000     0.00000     0.00000     0.00000
    -95.595         0.00000     0.00000     0.00000     0.00000
    -95.445         0.00000     0.00000     0.00000     0.00000
    -95.295         0.00000     0.00000     0.00000     0.00000
    -95.145         0.00000     0.00000     0.00000     0.00000
    -94.995         0.00000     0.00000     0.00000     0.00000
    -94.845         0.00000     0.00000     0.00000     0.00000
    -94.695         0.00000     0.00000     0.00000     0.00000
    -94.545         0.00000     0.00000     0.00000     0.00000
    -94.395         0.00000     0.00000     0.00000     0.00000
    -94.245         0.00000     0.00000     0.00000     0.00000
    -94.095         0.00000     0.00000     0.00000     0.00000
    -93.945         0.00000     0.00000     0.00000     0.00000
    -93.795         0.00000     0.00000     0.00000     0.00000
    -93.645         0.00000     0.00000     0.00000     0.00000
    -93.495         0.00000     0.00000     0.00000     0.00000
    -93.345         0.00000     0.00000     0.00000     0.00000
    -93.195         0.00000     0.00000     0.00000     0.00000
    -93.045         0.00000     0.00000     0.00000     0.00000
    -92.895         0.00000     0.00000     0.00000     0.00000
    -92.745         0.00000     0.00000     0.00000     0.00000
    -92.595         0.00000     0.00000     0.00000     0.00000
    -92.445         0.00000     0.00000     0.00000     0.00000
    -92.295         0.00000     0.00000     0.00000     0.00000
    -92.145         0.00000     0.00000     0.00000     0.00000
    -91.995         0.00000     0.00000     0.00000     0.00000
    -91.845         0.00000     0.00000     0.00000     0.00000
    -91.695         0.00000     0.00000     0.00000     0.00000
    -91.545         0.00000     0.00000     0.00000     0.00000
    -91.395         0.00000     0.00000     0.00000     0.00000
    -91.245         0.00000     0.00000     0.00000     0.00000
    -91.095         0.00000     0.00000     0.00000     0.00000
    -90.945         0.00000     0.00000     0.00000     0.00000
    -90.795         0.00000     0.00000     0.00000     0.00000
    -90.645         0.00000     0.00000     0.00000     0.00000
    -90.495         0.00000     0.00000     0.00000     0.00000
    -90.345         0.00000     0.00000     0.00000     0.00000
    -90.195         0.00000     0.00000     0.00000     0.00000
    -90.045         0.00000     0.00000     0.00000     0.00000
    -89.895         0.00000     0.00000     0.00000     0.00000
    -89.745         0.00000     0.00000     0.00000     0.00000
    -89.595         0.00000     0.00000     0.00000     0.00000
    -89.445         0.00000     0.00000     0.00000     0.00000
    -89.295         0.00000     0.00000     0.00000     0.00000
    -89.145         0.00000     0.00000     0.00000     0.00000
    -88.995         0.00000     0.00000     0.00000     0.00000
    -88.845         0.00000     0.00000     0.00000     0.00000
    -88.695         0.00000     0.00000     0.00000     0.00000
    -88.545         0.00000     0.00000     0.00000     0.00000
    -88.395         0.00000     0.00000     0.00000     0.00000
    -88.245         0.00000     0.00000     0.00000     0.00000
    -88.095         0.00000     0.00000     0.00000     0.00000
    -87.945         0.00000     0.00000     0.00000     0.00000
    -87.795         0.00000     0.00000     0.00000     0.00000
    -87.645         0.00000     0.00000     0.00000     0.00000
    -87.495         0.00000     0.00000     0.00000     0.00000
    -87.345         0.00000     0.00000     0.00000     0.00000
    -87.195         0.00000     0.00000     0.00000     0.00000
    -87.045         0.00000     0.00000     0.00000     0.00000
    -86.895         0.00000     0.00000     0.00000     0.00000
    -86.745         0.00000     0.00000     0.00000     0.00000
    -86.595         0.00000     0.00000     0.00000     0.00000
    -86.445         0.00000     0.00000     0.00000     0.00000
    -86.295         0.00000     0.00000     0.00000     0.00000
    -86.145         0.00000     0.00000     0.00000     0.00000
    -85.995         0.00000     0.00000     0.00000     0.00000
    -85.845         0.00000     0.00000     0.00000     0.00000
    -85.695         0.00000     0.00000     0.00000     0.00000
    -85.545         0.00000     0.00000     0.00000     0.00000
    -85.395         0.00000     0.00000     0.00000     0.00000
    -85.245         0.00000     0.00000     0.00000     0.00000
    -85.095         0.00000     0.00000     0.00000     0.00000
    -84.945         0.00000     0.00000     0.00000     0.00000
    -84.795         0.00000     0.00000     0.00000     0.00000
    -84.645         0.00000     0.00000     0.00000     0.00000
    -84.495         0.00000     0.00000     0.00000     0.00000
    -84.345         0.00000     0.00000     0.00000     0.00000
    -84.195         0.00000     0.00000     0.00000     0.00000
    -84.045         0.00000     0.00000     0.00000     0.00000
    -83.895         0.00000     0.00000     0.00000     0.00000
    -83.745         0.00000     0.00000     0.00000     0.00000
    -83.595         0.00000     0.00000     0.00000     0.00000
    -83.445         0.00000     0.00000     0.00000     0.00000
    -83.295         0.00000     0.00000     0.00000     0.00000
    -83.145         0.00000     0.00000     0.00000     0.00000
    -82.995         0.00000     0.00000     0.00000     0.00000
    -82.845         0.00000     0.00000     0.00000     0.00000
    -82.695         0.00000     0.00000     0.00000     0.00000
    -82.545         0.00000     0.00000     0.00000     0.00000
    -82.395         0.00000     0.00000     0.00000     0.00000
    -82.245         0.00000     0.00000     0.00000     0.00000
    -82.095         0.00000     0.00000     0.00000     0.00000
    -81.945         0.00000     0.00000     0.00000     0.00000
    -81.795         0.00000     0.00000     0.00000     0.00000
    -81.645         0.00000     0.00000     0.00000     0.00000
    -81.495         0.00000     0.00000     0.00000     0.00000
    -81.345         0.00000     0.00000     0.00000     0.00000
    -81.195         0.00000     0.00000     0.00000     0.00000
    -81.045         0.00000     0.00000     0.00000     0.00000
    -80.895         0.00000     0.00000     0.00000     0.00000
    -80.745         0.00000     0.00000     0.00000     0.00000
    -80.595         0.00000     0.00000     0.00000     0.00000
    -80.445         0.00000     0.00000     0.00000     0.00000
    -80.295         0.00000     0.00000     0.00000     0.00000
    -80.145         0.00000     0.00000     0.00000     0.00000
    -79.995         0.00000     0.00000     0.00000     0.00000
    -79.845         0.00000     0.00000     0.00000     0.00000
    -79.695         0.00000     0.00000     0.00000     0.00000
    -79.545         0.00000     0.00000     0.00000     0.00000
    -79.395         0.00000     0.00000     0.00000     0.00000
    -79.245         0.00000     0.00000     0.00000     0.00000
    -79.095         0.00000     0.00000     0.00000     0.00000
    -78.945         0.00000     0.00000     0.00000     0.00000
    -78.795         0.00000     0.00000     0.00000     0.00000
    -78.645         0.00000     0.00000     0.00000     0.00000
    -78.495         0.00000     0.00000     0.00000     0.00000
    -78.345         0.00000     0.00000     0.00000     0.00000
    -78.195         0.00000     0.00000     0.00000     0.00000
    -78.045         0.00000     0.00000     0.00000     0.00000
    -77.895         0.00000     0.00000     0.00000     0.00000
    -77.745         0.00000     0.00000     0.00000     0.00000
    -77.595         0.00000     0.00000     0.00000     0.00000
    -77.445         0.00000     0.00000     0.00000     0.00000
    -77.295         0.00000     0.00000     0.00000     0.00000
    -77.145         0.00000     0.00000     0.00000     0.00000
    -76.995         0.00000     0.00000     0.00000     0.00000
    -76.845         0.00000     0.00000     0.00000     0.00000
    -76.695         0.00000     0.00000     0.00000     0.00000
    -76.545         0.00000     0.00000     0.00000     0.00000
    -76.395         0.00000     0.00000     0.00000     0.00000
    -76.245         0.00000     0.00000     0.00000     0.00000
    -76.095         0.00000     0.00000     0.00000     0.00000
    -75.945         0.00000     0.00000     0.00000     0.00000
    -75.795         0.00000     0.00000     0.00000     0.00000
    -75.645         0.00000     0.00000     0.00000     0.00000
    -75.495         0.00000     0.00000     0.00000     0.00000
    -75.345         0.00000     0.00000     0.00000     0.00000
    -75.195         0.00000     0.00000     0.00000     0.00000
    -75.045         0.00000     0.00000     0.00000     0.00000
    -74.895         0.00000     0.00000     0.00000     0.00000
    -74.745         0.00000     0.00000     0.00000     0.00000
    -74.595         0.00000     0.00000     0.00000     0.00000
    -74.445         0.00000     0.00000     0.00000     0.00000
    -74.295         0.00000     0.00000     0.00000     0.00000
    -74.145         0.00000     0.00000     0.00000     0.00000
    -73.995         0.00000     0.00000     0.00000     0.00000
    -73.845         0.00000     0.00000     0.00000     0.00000
    -73.695         0.00000     0.00000     0.00000     0.00000
    -73.545         0.00000     0.00000     0.00000     0.00000
    -73.395         0.00000     0.00000     0.00000     0.00000
    -73.245         0.00000     0.00000     0.00000     0.00000
    -73.095         0.00000     0.00000     0.00000     0.00000
    -72.945         0.00000     0.00000     0.00000     0.00000
    -72.795         0.00000     0.00000     0.00000     0.00000
    -72.645         0.00000     0.00000     0.00000     0.00000
    -72.495         0.00000     0.00000     0.00000     0.00000
    -72.345         0.00000     0.00000     0.00000     0.00000
    -72.195         0.00000     0.00000     0.00000     0.00000
    -72.045         0.00000     0.00000     0.00000     0.00000
    -71.895         0.00000     0.00000     0.00000     0.00000
    -71.745         0.00000     0.00000     0.00000     0.00000
    -71.595         0.00000     0.00000     0.00000     0.00000
    -71.445         0.00000     0.00000     0.00000     0.00000
    -71.295         0.00000     0.00000     0.00000     0.00000
    -71.145         0.00000     0.00000     0.00000     0.00000
    -70.995         0.00000     0.00000     0.00000     0.00000
    -70.845         0.00000     0.00000     0.00000     0.00000
    -70.695         0.00000     0.00000     0.00000     0.00000
    -70.545         0.00000     0.00000     0.00000     0.00000
    -70.395         0.00000     0.00000     0.00000     0.00000
    -70.245         0.00000     0.00000     0.00000     0.00000
    -70.095         0.00000     0.00000     0.00000     0.00000
    -69.945         0.00000     0.00000     0.00000     0.00000
    -69.795         0.00000     0.00000     0.00000     0.00000
    -69.645         0.00000     0.00000     0.00000     0.00000
    -69.495         0.00000     0.00000     0.00000     0.00000
    -69.345         0.00000     0.00000     0.00000     0.00000
    -69.195         0.00000     0.00000     0.00000     0.00000
    -69.045         0.00000     0.00000     0.00000     0.00000
    -68.895         0.00000     0.00000     0.00000     0.00000
    -68.745         0.00000     0.00000     0.00000     0.00000
    -68.595         0.00000     0.00000     0.00000     0.00000
    -68.445         0.00000     0.00000     0.00000     0.00000
    -68.295         0.00000     0.00000     0.00000     0.00000
    -68.145         0.00000     0.00000     0.00000     0.00000
    -67.995         0.00000     0.00000     0.00000     0.00000
    -67.845         0.00000     0.00000     0.00000     0.00000
    -67.695         0.00000     0.00000     0.00000     0.00000
    -67.545         0.00000     0.00000     0.00000     0.00000
    -67.395         0.00000     0.00000     0.00000     0.00000
    -67.245         0.00000     0.00000     0.00000     0.00000
    -67.095         0.00000     0.00000     0.00000     0.00000
    -66.945         0.00000     0.00000     0.00000     0.00000
    -66.795         0.00000     0.00000     0.00000     0.00000
    -66.645         0.00000     0.00000     0.00000     0.00000
    -66.495         0.00000     0.00000     0.00000     0.00000
    -66.345         0.00000     0.00000     0.00000     0.00000
    -66.195         0.00000     0.00000     0.00000     0.00000
    -66.045         0.00000     0.00000     0.00000     0.00000
    -65.895         0.00000     0.00000     0.00000     0.00000
    -65.745         0.00000     0.00000     0.00000     0.00000
    -65.595         0.00000     0.00000     0.00000     0.00000
    -65.445         0.00000     0.00000     0.00000     0.00000
    -65.295         0.00000     0.00000     0.00000     0.00000
    -65.145         0.00000     0.00000     0.00000     0.00000
    -64.995         0.00000     0.00000     0.00000     0.00000
    -64.845         0.00000     0.00000     0.00000     0.00000
    -64.695         0.00000     0.00000     0.00000     0.00000
    -64.545         0.00000     0.00000     0.00000     0.00000
    -64.395         0.00000     0.00000     0.00000     0.00000
    -64.245         0.00000     0.00000     0.00000     0.00000
    -64.095         0.00000     0.00000     0.00000     0.00000
    -63.945         0.00000     0.00000     0.00000     0.00000
    -63.795         0.00000     0.00000     0.00000     0.00000
    -63.645         0.00000     0.00000     0.00000     0.00000
    -63.495         0.00000     0.00000     0.00000     0.00000
    -63.345         0.00000     0.00000     0.00000     0.00000
    -63.195         0.00000     0.00000     0.00000     0.00000
    -63.045         0.00000     0.00000     0.00000     0.00000
    -62.895         0.00000     0.00000     0.00000     0.00000
    -62.745         0.00000     0.00000     0.00000     0.00000
    -62.595         0.00000     0.00000     0.00000     0.00000
    -62.445         0.00000     0.00000     0.00000     0.00000
    -62.295         0.00000     0.00000     0.00000     0.00000
    -62.145         0.00000     0.00000     0.00000     0.00000
    -61.995         0.00000     0.00000     0.00000     0.00000
    -61.845         0.00000     0.00000     0.00000     0.00000
    -61.695         0.00000     0.00000     0.00000     0.00000
    -61.545         0.00000     0.00000     0.00000     0.00000
    -61.395         0.00000     0.00000     0.00000     0.00000
    -61.245         0.00000     0.00000     0.00000     0.00000
    -61.095         0.00000     0.00000     0.00000     0.00000
    -60.945         0.00000     0.00000     0.00000     0.00000
    -60.795         0.00000     0.00000     0.00000     0.00000
    -60.645         0.00000     0.00000     0.00000     0.00000
    -60.495         0.00000     0.00000     0.00000     0.00000
    -60.345         0.00000     0.00000     0.00000     0.00000
    -60.195         0.00000     0.00000     0.00000     0.00000
    -60.045         0.00000     0.00000     0.00000     0.00000
    -59.895         0.00000     0.00000     0.00000     0.00000
    -59.745         0.00000     0.00000     0.00000     0.00000
    -59.595         0.00000     0.00000     0.00000     0.00000
    -59.445         0.00000     0.00000     0.00000     0.00000
    -59.295         0.00000     0.00000     0.00000     0.00000
    -59.145         0.00000     0.00000     0.00000     0.00000
    -58.995         0.00000     0.00000     0.00000     0.00000
    -58.845         0.00000     0.00000     0.00000     0.00000
    -58.695         0.00000     0.00000     0.00000     0.00000
    -58.545         0.00000     0.00000     0.00000     0.00000
    -58.395         0.00000     0.00000     0.00000     0.00000
    -58.245         0.00000     0.00000     0.00000     0.00000
    -58.095         0.00000     0.00000     0.00000     0.00000
    -57.945         0.00000     0.00000     0.00000     0.00000
    -57.795         0.00000     0.00000     0.00000     0.00000
    -57.645         0.00000     0.00000     0.00000     0.00000
    -57.495         0.00000     0.00000     0.00000     0.00000
    -57.345         0.00000     0.00000     0.00000     0.00000
    -57.195         0.00000     0.00000     0.00000     0.00000
    -57.045         0.00000     0.00000     0.00000     0.00000
    -56.895         0.00000     0.00000     0.00000     0.00000
    -56.745         0.00000     0.00000     0.00000     0.00000
    -56.595         0.00000     0.00000     0.00000     0.00000
    -56.445         0.00000     0.00000     0.00000     0.00000
    -56.295         0.00000     0.00000     0.00000     0.00000
    -56.145         0.00000     0.00000     0.00000     0.00000
    -55.995         0.00000     0.00000     0.00000     0.00000
    -55.845         0.00000     0.00000     0.00000     0.00000
    -55.695         0.00000     0.00000     0.00000     0.00000
    -55.545         0.00000     0.00000     0.00000     0.00000
    -55.395         0.00000     0.00000     0.00000     0.00000
    -55.245         0.00000     0.00000     0.00000     0.00000
    -55.095         0.00000     0.00000     0.00000     0.00000
    -54.945         0.00000     0.00000     0.00000     0.00000
    -54.795         0.00000     0.00000     0.00000     0.00000
    -54.645         0.00000     0.00000     0.00000     0.00000
    -54.495         0.00000     0.00000     0.00000     0.00000
    -54.345         0.00000     0.00000     0.00000     0.00000
    -54.195         0.00000     0.00000     0.00000     0.00000
    -54.045         0.00000     0.00000     0.00000     0.00000
    -53.895         0.00000     0.00000     0.00000     0.00000
    -53.745         0.00000     0.00000     0.00000     0.00000
    -53.595         0.00000     0.00000     0.00000     0.00000
    -53.445         0.00000     0.00000     0.00000     0.00000
    -53.295         0.00000     0.00000     0.00000     0.00000
    -53.145         0.00000     0.00000     0.00000     0.00000
    -52.995         0.00000     0.00000     0.00000     0.00000
    -52.845         0.00000     0.00000     0.00000     0.00000
    -52.695         0.00000     0.00000     0.00000     0.00000
    -52.545         0.00000     0.00000     0.00000     0.00000
    -52.395         0.00000     0.00000     0.00000     0.00000
    -52.245         0.00000     0.00000     0.00000     0.00000
    -52.095         0.00000     0.00000     0.00000     0.00000
    -51.945         0.00000     0.00000     0.00000     0.00000
    -51.795         0.00000     0.00000     0.00000     0.00000
    -51.645         0.00000     0.00000     0.00000     0.00000
    -51.495         0.00000     0.00000     0.00000     0.00000
    -51.345         0.00000     0.00000     0.00000     0.00000
    -51.195         0.00000     0.00000     0.00000     0.00000
    -51.045         0.00000     0.00000     0.00000     0.00000
    -50.895         0.00000     0.00000     0.00000     0.00000
    -50.745         0.00000     0.00000     0.00000     0.00000
    -50.595         0.00000     0.00000     0.00000     0.00000
    -50.445         0.00000     0.00000     0.00000     0.00000
    -50.295         0.00000     0.00000     0.00000     0.00000
    -50.145         0.00000     0.00000     0.00000     0.00000
    -49.995         0.00000     0.00000     0.00000     0.00000
    -49.845         0.00000     0.00000     0.00000     0.00000
    -49.695         0.00000     0.00000     0.00000     0.00000
    -49.545         0.00000     0.00000     0.00000     0.00000
    -49.395         0.00000     0.00000     0.00000     0.00000
    -49.245         0.00000     0.00000     0.00000     0.00000
    -49.095         0.00000     0.00000     0.00000     0.00000
    -48.945         0.00000     0.00000     0.00000     0.00000
    -48.795         0.00000     0.00000     0.00000     0.00000
    -48.645         0.00000     0.00000     0.00000     0.00000
    -48.495         0.00000     0.00000     0.00000     0.00000
    -48.345         0.00000     0.00000     0.00000     0.00000
    -48.195         0.00000     0.00000     0.00000     0.00000
    -48.045         0.00000     0.00000     0.00000     0.00000
    -47.895         0.00000     0.00000     0.00000     0.00000
    -47.745         0.00000     0.00000     0.00000     0.00000
    -47.595         0.00000     0.00000     0.00000     0.00000
    -47.445         0.00000     0.00000     0.00000     0.00000
    -47.295         0.00000     0.00000     0.00000     0.00000
    -47.145         0.00000     0.00000     0.00000     0.00000
    -46.995         0.00000     0.00000     0.00000     0.00000
    -46.845         0.00000     0.00000     0.00000     0.00000
    -46.695         0.00000     0.00000     0.00000     0.00000
    -46.545         0.00000     0.00000     0.00000     0.00000
    -46.395         0.00000     0.00000     0.00000     0.00000
    -46.245         0.00000     0.00000     0.00000     0.00000
    -46.095         0.00000     0.00000     0.00000     0.00000
    -45.945         0.00000     0.00000     0.00000     0.00000
    -45.795         0.00000     0.00000     0.00000     0.00000
    -45.645         0.00000     0.00000     0.00000     0.00000
    -45.495         0.00000     0.00000     0.00000     0.00000
    -45.345         0.00000     0.00000     0.00000     0.00000
    -45.195         0.00000     0.00000     0.00000     0.00000
    -45.045         0.00000     0.00000     0.00000     0.00000
    -44.895         0.00000     0.00000     0.00000     0.00000
    -44.745         0.00000     0.00000     0.00000     0.00000
    -44.595         0.00000     0.00000     0.00000     0.00000
    -44.445         0.00000     0.00000     0.00000     0.00000
    -44.295         0.00000     0.00000     0.00000     0.00000
    -44.145         0.00000     0.00000     0.00000     0.00000
    -43.995         0.00000     0.00000     0.00000     0.00000
    -43.845         0.00000     0.00000     0.00000     0.00000
    -43.695         0.00000     0.00000     0.00000     0.00000
    -43.545         0.00000     0.00000     0.00000     0.00000
    -43.395         0.00000     0.00000     0.00000     0.00000
    -43.245         0.00000     0.00000     0.00000     0.00000
    -43.095         0.00000     0.00000     0.00000     0.00000
    -42.945         0.00000     0.00000     0.00000     0.00000
    -42.795         0.00000     0.00000     0.00000     0.00000
    -42.645         0.00000     0.00000     0.00000     0.00000
    -42.495         0.00000     0.00000     0.00000     0.00000
    -42.345         0.00000     0.00000     0.00000     0.00000
    -42.195         0.00000     0.00000     0.00000     0.00000
    -42.045         0.00000     0.00000     0.00000     0.00000
    -41.895         0.00000     0.00000     0.00000     0.00000
    -41.745         0.00000     0.00000     0.00000     0.00000
    -41.595         0.00000     0.00000     0.00000     0.00000
    -41.445         0.00000     0.00000     0.00000     0.00000
    -41.295         0.00000     0.00000     0.00000     0.00000
    -41.145         0.00000     0.00000     0.00000     0.00000
    -40.995         0.00000     0.00000     0.00000     0.00000
    -40.845         0.00000     0.00000     0.00000     0.00000
    -40.695         0.00000     0.00000     0.00000     0.00000
    -40.545         0.00000     0.00000     0.00000     0.00000
    -40.395         0.00000     0.00000     0.00000     0.00000
    -40.245         0.00000     0.00000     0.00000     0.00000
    -40.095         0.00000     0.00000     0.00000     0.00000
    -39.945         0.00000     0.00000     0.00000     0.00000
    -39.795         0.00000     0.00000     0.00000     0.00000
    -39.645         0.00000     0.00000     0.00000     0.00000
    -39.495         0.00000     0.00000     0.00000     0.00000
    -39.345         0.00000     0.00000     0.00000     0.00000
    -39.195         0.00000     0.00000     0.00000     0.00000
    -39.045         0.00000     0.00000     0.00000     0.00000
    -38.895         0.00000     0.00000     0.00000     0.00000
    -38.745         0.00000     0.00000     0.00000     0.00000
    -38.595         0.00000     0.00000     0.00000     0.00000
    -38.445         0.00000     0.00000     0.00000     0.00000
    -38.295         0.00000     0.00000     0.00000     0.00000
    -38.145         0.00000     0.00000     0.00000     0.00000
    -37.995         0.00000     0.00000     0.00000     0.00000
    -37.845         0.00000     0.00000     0.00000     0.00000
    -37.695         0.00000     0.00000     0.00000     0.00000
    -37.545         0.00000     0.00000     0.00000     0.00000
    -37.395         0.00000     0.00000     0.00000     0.00000
    -37.245         0.00000     0.00000     0.00000     0.00000
    -37.095         0.00000     0.00000     0.00000     0.00000
    -36.945         0.00000     0.00000     0.00000     0.00000
    -36.795         0.00000     0.00000     0.00000     0.00000
    -36.645         0.00000     0.00000     0.00000     0.00000
    -36.495         0.00000     0.00000     0.00000     0.00000
    -36.345         0.00000     0.00000     0.00000     0.00000
    -36.195         0.00000     0.00000     0.00000     0.00000
    -36.045         0.00000     0.00000     0.00000     0.00000
    -35.895         0.00000     0.00000     0.00000     0.00000
    -35.745         0.00000     0.00000     0.00000     0.00000
    -35.595         0.00000     0.00000     0.00000     0.00000
    -35.445         0.00000     0.00000     0.00000     0.00000
    -35.295         0.00000     0.00000     0.00000     0.00000
    -35.145         0.00000     0.00000     0.00000     0.00000
    -34.995         0.00000     0.00000     0.00000     0.00000
    -34.845         0.00000     0.00000     0.00000     0.00000
    -34.695         0.00000     0.00000     0.00000     0.00000
    -34.545         0.00000     0.00000     0.00000     0.00000
    -34.395         0.00000     0.00000     0.00000     0.00000
    -34.245         0.00000     0.00000     0.00000     0.00000
    -34.095         0.00000     0.00000     0.00000     0.00000
    -33.945         0.00000     0.00000     0.00000     0.00000
    -33.795         0.00000     0.00000     0.00000     0.00000
    -33.645         0.00000     0.00000     0.00000     0.00000
    -33.495         0.00000     0.00000     0.00000     0.00000
    -33.345         0.00000     0.00000     0.00000     0.00000
    -33.195         0.00000     0.00000     0.00000     0.00000
    -33.045         0.00000     0.00000     0.00000     0.00000
    -32.895         0.00000     0.00000     0.00000     0.00000
    -32.745         0.00000     0.00000     0.00000     0.00000
    -32.595         0.00000     0.00000     0.00000     0.00000
    -32.445         0.00000     0.00000     0.00000     0.00000
    -32.295         0.00000     0.00000     0.00000     0.00000
    -32.145         0.00000     0.00000     0.00000     0.00000
    -31.995         0.00000     0.00000     0.00000     0.00000
    -31.845         0.00000     0.00000     0.00000     0.00000
    -31.695         0.00000     0.00000     0.00000     0.00000
    -31.545         0.00000     0.00000     0.00000     0.00000
    -31.395         0.00000     0.00000     0.00000     0.00000
    -31.245         0.00000     0.00000     0.00000     0.00000
    -31.095         0.00000     0.00000     0.00000     0.00000
    -30.945         0.00000     0.00000     0.00000     0.00000
    -30.795         0.00000     0.00000     0.00000     0.00000
    -30.645         0.00000     0.00000     0.00000     0.00000
    -30.495         0.00000     0.00000     0.00000     0.00000
    -30.345         0.00000     0.00000     0.00000     0.00000
    -30.195         0.00000     0.00000     0.00000     0.00000
    -30.045         0.00000     0.00000     0.00000     0.00000
    -29.895         0.00000     0.00000     0.00000     0.00000
    -29.745         0.00000     0.00000     0.00000     0.00000
    -29.595         0.00000     0.00000     0.00000     0.00000
    -29.445         0.00000     0.00000     0.00000     0.00000
    -29.295         0.00000     0.00000     0.00000     0.00000
    -29.145         0.00000     0.00000     0.00000     0.00000
    -28.995         0.00000     0.00000     0.00000     0.00000
    -28.845         0.00000     0.00000     0.00000     0.00000
    -28.695         0.00000     0.00000     0.00000     0.00000
    -28.545         0.00000     0.00000     0.00000     0.00000
    -28.395         0.00000     0.00000     0.00000     0.00000
    -28.245         0.00000     0.00000     0.00000     0.00000
    -28.095         0.00000     0.00000     0.00000     0.00000
    -27.945         0.00000     0.00000     0.00000     0.00000
    -27.795         0.00000     0.00000     0.00000     0.00000
    -27.645         0.00000     0.00000     0.00000     0.00000
    -27.495         0.00000     0.00000     0.00000     0.00000
    -27.345         0.00000     0.00000     0.00000     0.00000
    -27.195         0.00000     0.00000     0.00000     0.00000
    -27.045         0.00000     0.00000     0.00000     0.00000
    -26.895         0.00000     0.00000     0.00000     0.00000
    -26.745         0.00000     0.00000     0.00000     0.00000
    -26.595         0.00000     0.00000     0.00000     0.00000
    -26.445         0.00000     0.00000     0.00000     0.00000
    -26.295         0.00000     0.00000     0.00000     0.00000
    -26.145         0.00000     0.00000     0.00000     0.00000
    -25.995         0.00000     0.00000     0.00000     0.00000
    -25.845         0.00000     0.00000     0.00000     0.00000
    -25.695         0.00000     0.00000     0.00000     0.00000
    -25.545         0.00000     0.00000     0.00000     0.00000
    -25.395         0.00000     0.00000     0.00000     0.00000
    -25.245         0.00000     0.00000     0.00000     0.00000
    -25.095         0.00000     0.00000     0.00000     0.00000
    -24.945         0.00000     0.00000     0.00000     0.00000
    -24.795         0.00000     0.00000     0.00000     0.00000
    -24.645         0.00000     0.00000     0.00000     0.00000
    -24.495         0.00000     0.00000     0.00000     0.00000
    -24.345         0.00000     0.00000     0.00000     0.00000
    -24.195         0.00000     0.00000     0.00000     0.00000
    -24.045         0.00000     0.00000     0.00000     0.00000
    -23.895         0.00000     0.00000     0.00000     0.00000
    -23.745         0.00000     0.00000     0.00000     0.00000
    -23.595         0.00000     0.00000     0.00000     0.00000
    -23.445         0.00000     0.00000     0.00000     0.00000
    -23.295         0.00000     0.00000     0.00000     0.00000
    -23.145         0.00000     0.00000     0.00000     0.00000
    -22.995         0.00000     0.00000     0.00000     0.00000
    -22.845         0.00000     0.00000     0.00000     0.00000
    -22.695         0.00000     0.00000     0.00000     0.00000
    -22.545         0.00000     0.00000     0.00000     0.00000
    -22.395         0.00000     0.00000     0.00000     0.00000
    -22.245         0.00000     0.00000     0.00000     0.00000
    -22.095         0.00000     0.00000     0.00000     0.00000
    -21.945         0.00000     0.00000     0.00000     0.00000
    -21.795         0.00000     0.00000     0.00000     0.00000
    -21.645         0.00000     0.00000     0.00000     0.00000
    -21.495         0.00000     0.00000     0.00000     0.00000
    -21.345         0.00000     0.00000     0.00000     0.00000
    -21.195         0.00000     0.00000     0.00000     0.00000
    -21.045         0.00000     0.00000     0.00000     0.00000
    -20.895         0.00000     0.00000     0.00000     0.00000
    -20.745         0.00000     0.00000     0.00000     0.00000
    -20.595         0.00000     0.00000     0.00000     0.00000
    -20.445         0.00000     0.00000     0.00000     0.00000
    -20.295         0.00000     0.00000     0.00000     0.00000
    -20.145         0.00000     0.00000     0.00000     0.00000
    -19.995         0.00000     0.00000     0.00000     0.00000
    -19.845         0.00000     0.00000     0.00000     0.00000
    -19.695         0.00000     0.00000     0.00000     0.00000
    -19.545         0.00000     0.00000     0.00000     0.00000
    -19.395         0.00000     0.00000     0.00000     0.00000
    -19.245         0.00000     0.00000     0.00000     0.00000
    -19.095         0.00000     0.00000     0.00000     0.00000
    -18.945         0.00000     0.00000     0.00000     0.00000
    -18.795         0.00000     0.00000     0.00000     0.00000
    -18.645         0.00000     0.00000     0.00000     0.00000
    -18.495         0.00000     0.00000     0.00000     0.00000
    -18.345         0.00000     0.00000     0.00000     0.00000
    -18.195         0.00000     0.00000     0.00000     0.00000
    -18.045         0.00000     0.00000     0.00000     0.00000
    -17.895         0.00000     0.00000     0.00000     0.00000
    -17.745         0.00000     0.00000     0.00000     0.00000
    -17.595         0.00000     0.00000     0.00000     0.00000
    -17.445         0.00000     0.00000     0.00000     0.00000
    -17.295         0.00000     0.00000     0.00000     0.00000
    -17.145         0.00000     0.00000     0.00000     0.00000
    -16.995         0.00000     0.00000     0.00000     0.00000
    -16.845         0.00000     0.00000     0.00000     0.00000
    -16.695         0.00000     0.00000     0.00000     0.00000
    -16.545         0.00000     0.00000     0.00000     0.00000
    -16.395         0.00000     0.00000     0.00000     0.00000
    -16.245         0.00000     0.00000     0.00000     0.00000
    -16.095         0.00000     0.00000     0.00000     0.00000
    -15.945         0.00000     0.00000     0.00000     0.00000
    -15.795         0.00000     0.00000     0.00000     0.00000
    -15.645         0.00000     0.00000     0.00000     0.00000
    -15.495         0.00000     0.00000     0.00000     0.00000
    -15.345         0.00000     0.00000     0.00000     0.00000
    -15.195         0.00000     0.00000     0.00000     0.00000
    -15.045         0.00000     0.00000     0.00000     0.00000
    -14.895         0.00000     0.00000     0.00000     0.00000
    -14.745         0.00000     0.00000     0.00000     0.00000
    -14.595         0.00000     0.00000     0.00000     0.00000
    -14.445         0.00000     0.00000     0.00000     0.00000
    -14.295         0.00000     0.00000     0.00000     0.00000
    -14.145         0.00000     0.00000     0.00000     0.00000
    -13.995         0.00000     0.00000     0.00000     0.00000
    -13.845         0.00000     0.00000     0.00000     0.00000
    -13.695         0.00000     0.00000     0.00000     0.00000
    -13.545         0.00000     0.00000     0.00000     0.00000
    -13.395         0.00000     0.00000     0.00000     0.00000
    -13.245         0.00000     0.00000     0.00000     0.00000
    -13.095         0.00000     0.00000     0.00000     0.00000
    -12.945         0.00000     0.00000     0.00000     0.00000
    -12.795         0.00000     0.00000     0.00000     0.00000
    -12.645         0.00000     0.00000     0.00000     0.00000
    -12.495         0.00000     0.00000     0.00000     0.00000
    -12.345         0.00000     0.00000     0.00000     0.00000
    -12.195         0.00000     0.00000     0.00000     0.00000
    -12.045         0.00000     0.00000     0.00000     0.00000
    -11.895         0.00000     0.00000     0.00000     0.00000
    -11.745         0.00000     0.00000     0.00000     0.00000
    -11.595         0.00000     0.00000     0.00000     0.00000
    -11.445         0.00000     0.00000     0.00000     0.00000
    -11.295         0.00000     0.00000     0.00000     0.00000
    -11.145         0.00000     0.00000     0.00000     0.00000
    -10.995         0.00000     0.00000     0.00000     0.00000
    -10.845         0.00000     0.00000     0.00000     0.00000
    -10.695         0.00000     0.00000     0.00000     0.00000
    -10.545         0.00000     0.00000     0.00000     0.00000
    -10.395         0.00000     0.00000     0.00000     0.00000
    -10.245         0.00000     0.00000     0.00000     0.00000
    -10.095         0.00000     0.00000     0.00000     0.00000
    -9.9450         0.00000     0.00000     0.00000     0.00000
    -9.7950         0.00000     0.00000     0.00000     0.00000
    -9.6450         0.00000     0.00000     0.00000     0.00000
    -9.4950         0.00000     0.00000     0.00000     0.00000
    -9.3450         0.00000     0.00000     0.00000     0.00000
    -9.1950         0.00000     0.00000     0.00000     0.00000
    -9.0450         0.00000     0.00000     0.00000     0.00000
    -8.8950         0.00000     0.00000     0.00000     0.00000
    -8.7450         0.00000     0.00000     0.00000     0.00000
    -8.5950         0.00000     0.00000     0.00000     0.00000
    -8.4450         0.00000     0.00000     0.00000     0.00000
    -8.2950         0.00000     0.00000     0.00000     0.00000
    -8.1450         0.00000     0.00000     0.00000     0.00000
    -7.9950         0.00000     0.00000     0.00000     0.00000
    -7.8450         0.00000     0.00000     0.00000     0.00000
    -7.6950         0.00000     0.00000     0.00000     0.00000
    -7.5450         0.00000     0.00000     0.00000     0.00000
    -7.3950         0.00000     0.00000     0.00000     0.00000
    -7.2450         0.00000     0.00000     0.00000     0.00000
    -7.0950         0.00000     0.00000     0.00000     0.00000
    -6.9450         0.00000     0.00000     0.00000     0.00000
    -6.7950         0.00000     0.00000     0.00000     0.00000
    -6.6450         0.00000     0.00000     0.00000     0.00000
    -6.4950         0.00000     0.00000     0.00000     0.00000
    -6.3450         0.00000     0.00000     0.00000     0.00000
    -6.1950         0.00000     0.00000     0.00000     0.00000
    -6.0450         0.00000     0.00000     0.00000     0.00000
    -5.8950         0.00000     0.00000     0.00000     0.00000
    -5.7450         0.00000     0.00000     0.00000     0.00000
    -5.5950         0.00000     0.00000     0.00000     0.00000
    -5.4450         0.00000     0.00000     0.00000     0.00000
    -5.2950         0.00000     0.00000     0.00000     0.00000
    -5.1450         0.00000     0.00000     0.00000     0.00000
    -4.9950         0.00000     0.00000     0.00000     0.00000
    -4.8450         0.00000     0.00000     0.00000     0.00000
    -4.6950         0.00000     0.00000     0.00000     0.00000
    -4.5450         0.00000     0.00000     0.00000     0.00000
    -4.3950         0.00000     0.00000     0.00000     0.00000
    -4.2450         0.00000     0.00000     0.00000     0.00000
    -4.0950         0.00000     0.00000     0.00000     0.00000
    -3.9450         0.00000     0.00000     0.00000     0.00000
    -3.7950         0.00000     0.00000     0.00000     0.00000
    -3.6450         0.00000     0.00000     0.00000     0.00000
    -3.4950         0.00000     0.00000     0.00000     0.00000
    -3.3450         0.00000     0.00000     0.00000     0.00000
    -3.1950         0.00000     0.00000     0.00000     0.00000
    -3.0450         0.00000     0.00000     0.00000     0.00000
    -2.8950         0.00000     0.00000     0.00000     0.00000
    -2.7450         0.00000     0.00000     0.00000     0.00000
    -2.5950         0.00000     0.00000     0.00000     0.00000
    -2.4450        -0.00000    -0.00000     0.00000     0.00000
    -2.2950        -0.00000    -0.00000     0.00000     0.00000
    -2.1450        -0.00000    -0.00000     0.00000     0.00000
    -1.9950         0.00000     0.00000     0.00000     0.00000
    -1.8450         0.00000     0.00000     0.00000     0.00000
    -1.6950         0.00001     0.00001     0.00000     0.00000
    -1.5450        -0.00014    -0.00014     0.00000     0.00000
    -1.3950        -0.00000    -0.00004     0.00001     0.00003
    -1.2450        -0.00130    -0.00053    -0.00030    -0.00047
    -1.0950        -0.00842    -0.00172    -0.00325    -0.00344
   -0.94500        -0.03985    -0.00409    -0.01666    -0.01910
   -0.79500        -0.15380    -0.00764    -0.04832    -0.09784
   -0.64500        -0.67145    -0.01505    -0.09182    -0.56458
   -0.49500        -2.44274    -0.02881    -0.12952    -2.28442
   -0.34500        -5.15363    -0.04936    -0.16281    -4.94146
   -0.22700        -5.87558    -0.05829    -0.17554    -5.64175
   -0.21300        -5.95360    -0.05930    -0.17730    -5.71701
   -0.20700        -6.03269    -0.06055    -0.17895    -5.79319
   -0.20100        -6.11078    -0.06171    -0.18080    -5.86828
   -0.19500        -6.18948    -0.06296    -0.18268    -5.94384
   -0.18900        -6.26539    -0.06429    -0.18439    -6.01670
   -0.18300        -6.34141    -0.06569    -0.18630    -6.08942
   -0.17700        -6.41708    -0.06715    -0.18810    -6.16183
   -0.17100        -6.49341    -0.06857    -0.19015    -6.23469
   -0.16500        -6.56919    -0.07010    -0.19220    -6.30689
   -0.15900        -6.64520    -0.07163    -0.19435    -6.37921
   -0.15300        -6.72142    -0.07327    -0.19659    -6.45155
   -0.14700        -6.79733    -0.07487    -0.19889    -6.52357
   -0.14100        -6.87439    -0.07645    -0.20132    -6.59662
   -0.13500        -6.95158    -0.07811    -0.20385    -6.66963
   -0.12900        -7.03000    -0.07985    -0.20648    -6.74367
   -0.12300        -7.11004    -0.08185    -0.20913    -6.81906
   -0.11700        -7.19075    -0.08378    -0.21204    -6.89492
   -0.11100        -7.27364    -0.08585    -0.21518    -6.97261
   -0.10500        -7.35819    -0.08794    -0.21842    -7.05183
   -0.99000E-01    -7.44482    -0.09011    -0.22203    -7.13268
   -0.93000E-01    -7.53432    -0.09246    -0.22557    -7.21630
   -0.87000E-01    -7.62725    -0.09487    -0.22935    -7.30303
   -0.81000E-01    -7.72365    -0.09734    -0.23317    -7.39313
   -0.75000E-01    -7.82548    -0.09997    -0.23728    -7.48822
   -0.69000E-01    -7.93408    -0.10289    -0.24174    -7.58946
   -0.63000E-01    -8.05127    -0.10602    -0.24632    -7.69893
   -0.57000E-01    -8.17732    -0.10945    -0.25123    -7.81664
   -0.51000E-01    -8.31570    -0.11314    -0.25660    -7.94596
   -0.45000E-01    -8.46799    -0.11736    -0.26247    -8.08817
   -0.39000E-01    -8.63506    -0.12196    -0.26885    -8.24425
   -0.33000E-01    -8.81831    -0.12724    -0.27625    -8.41482
   -0.27000E-01    -9.01809    -0.13368    -0.28515    -8.59925
   -0.21300E-01    -9.16740    -0.13912    -0.29276    -8.73552
   -0.19500E-01    -9.19053    -0.13996    -0.29405    -8.75652
   -0.18900E-01    -9.21402    -0.14083    -0.29539    -8.77780
   -0.18300E-01    -9.23785    -0.14172    -0.29683    -8.79929
   -0.17700E-01    -9.26186    -0.14269    -0.29830    -8.82087
   -0.17100E-01    -9.28626    -0.14368    -0.29985    -8.84273
   -0.16500E-01    -9.31105    -0.14469    -0.30146    -8.86490
   -0.15900E-01    -9.33642    -0.14577    -0.30319    -8.88746
   -0.15300E-01    -9.36232    -0.14690    -0.30505    -8.91036
   -0.14700E-01    -9.38874    -0.14804    -0.30700    -8.93369
   -0.14100E-01    -9.41573    -0.14926    -0.30908    -8.95739
   -0.13500E-01    -9.44321    -0.15049    -0.31130    -8.98141
   -0.12900E-01    -9.47128    -0.15181    -0.31368    -9.00579
   -0.12300E-01    -9.50015    -0.15320    -0.31625    -9.03070
   -0.11700E-01    -9.52988    -0.15467    -0.31905    -9.05616
   -0.11100E-01    -9.56037    -0.15619    -0.32212    -9.08206
   -0.10500E-01    -9.59177    -0.15778    -0.32548    -9.10851
   -0.99000E-02    -9.62411    -0.15949    -0.32921    -9.13540
   -0.93000E-02    -9.65747    -0.16129    -0.33332    -9.16286
   -0.87000E-02    -9.69202    -0.16316    -0.33795    -9.19090
   -0.81000E-02    -9.72789    -0.16516    -0.34320    -9.21953
   -0.75000E-02    -9.76548    -0.16731    -0.34923    -9.24894
   -0.69000E-02    -9.80458    -0.16961    -0.35620    -9.27877
   -0.63000E-02    -9.84569    -0.17205    -0.36445    -9.30919
   -0.57000E-02    -9.88914    -0.17466    -0.37429    -9.34020
   -0.51000E-02    -9.93562    -0.17745    -0.38648    -9.37170
   -0.45000E-02    -9.98629    -0.18043    -0.40222    -9.40363
   -0.39000E-02   -10.04318    -0.18362    -0.42382    -9.43575
   -0.33000E-02   -10.11152    -0.18701    -0.45642    -9.46809
   -0.27000E-02   -10.20064    -0.19058    -0.50937    -9.50069
   -0.21000E-02   -10.31756    -0.19425    -0.58867    -9.53465
   -0.15000E-02   -10.41779    -0.19785    -0.64604    -9.57390
   -0.90000E-03   -10.50240    -0.20100    -0.66405    -9.63735
   -0.30000E-03   -11.95469    -0.20267    -0.66706   -11.08497
    0.30000E-03   -10.50422    -0.19967    -0.66538    -9.63917
    0.90000E-03   -10.43115    -0.18165    -0.66222    -9.58728
    0.15000E-02   -10.35269    -0.12401    -0.65860    -9.57007
    0.21000E-02   -10.26353    -0.04449    -0.65492    -9.56412
    0.27000E-02   -10.20497     0.00851    -0.65137    -9.56211
    0.33000E-02   -10.16845     0.04099    -0.64801    -9.56144
    0.39000E-02   -10.14359     0.06247    -0.64484    -9.56122
    0.45000E-02   -10.12504     0.07803    -0.64192    -9.56115
    0.51000E-02   -10.11017     0.09014    -0.63919    -9.56112
    0.57000E-02   -10.09790     0.09988    -0.63667    -9.56111
    0.63000E-02   -10.08730     0.10813    -0.63434    -9.56109
    0.69000E-02   -10.07818     0.11510    -0.63219    -9.56108
    0.75000E-02   -10.07012     0.12117    -0.63022    -9.56107
    0.81000E-02   -10.06304     0.12637    -0.62836    -9.56106
    0.87000E-02   -10.05660     0.13101    -0.62657    -9.56105
    0.93000E-02   -10.05087     0.13510    -0.62494    -9.56103
    0.99000E-02   -10.04562     0.13882    -0.62343    -9.56101
    0.10500E-01   -10.04069     0.14226    -0.62195    -9.56100
    0.11100E-01   -10.03635     0.14527    -0.62064    -9.56098
    0.11700E-01   -10.03228     0.14804    -0.61935    -9.56096
    0.12300E-01   -10.02844     0.15064    -0.61813    -9.56094
    0.12900E-01   -10.02488     0.15299    -0.61695    -9.56092
    0.13500E-01   -10.02162     0.15517    -0.61588    -9.56090
    0.14100E-01   -10.01848     0.15722    -0.61482    -9.56088
    0.14700E-01   -10.01565     0.15905    -0.61385    -9.56085
    0.15300E-01   -10.01291     0.16082    -0.61291    -9.56082
    0.15900E-01   -10.01037     0.16244    -0.61202    -9.56079
    0.16500E-01   -10.00797     0.16400    -0.61120    -9.56077
    0.17100E-01   -10.00572     0.16545    -0.61043    -9.56074
    0.17700E-01   -10.00361     0.16682    -0.60972    -9.56072
    0.18300E-01   -10.00162     0.16808    -0.60900    -9.56069
    0.18900E-01    -9.99970     0.16932    -0.60835    -9.56067
    0.19500E-01    -9.99791     0.17045    -0.60772    -9.56063
    0.21300E-01    -9.98787     0.17681    -0.60426    -9.56041
    0.27000E-01    -9.97792     0.18301    -0.60093    -9.56001
    0.33000E-01    -9.97145     0.18706    -0.59902    -9.55950
    0.39000E-01    -9.96707     0.18979    -0.59794    -9.55892
    0.45000E-01    -9.96393     0.19163    -0.59728    -9.55828
    0.51000E-01    -9.96156     0.19289    -0.59690    -9.55754
    0.57000E-01    -9.95971     0.19377    -0.59672    -9.55676
    0.63000E-01    -9.95806     0.19439    -0.59659    -9.55586
    0.69000E-01    -9.95665     0.19481    -0.59652    -9.55493
    0.75000E-01    -9.95534     0.19507    -0.59648    -9.55393
    0.81000E-01    -9.95406     0.19533    -0.59645    -9.55294
    0.87000E-01    -9.95270     0.19547    -0.59642    -9.55175
    0.93000E-01    -9.95130     0.19556    -0.59640    -9.55046
    0.99000E-01    -9.94981     0.19564    -0.59622    -9.54922
    0.10500        -9.94831     0.19570    -0.59604    -9.54796
    0.11100        -9.94681     0.19575    -0.59587    -9.54668
    0.11700        -9.94523     0.19580    -0.59586    -9.54517
    0.12300        -9.94338     0.19602    -0.59570    -9.54370
    0.12900        -9.94178     0.19605    -0.59554    -9.54229
    0.13500        -9.94006     0.19608    -0.59539    -9.54075
    0.14100        -9.93809     0.19627    -0.59524    -9.53913
    0.14700        -9.93638     0.19630    -0.59521    -9.53747
    0.15300        -9.93454     0.19632    -0.59506    -9.53580
    0.15900        -9.93252     0.19649    -0.59491    -9.53409
    0.16500        -9.93047     0.19664    -0.59477    -9.53235
    0.17100        -9.92864     0.19679    -0.59475    -9.53069
    0.17700        -9.92667     0.19682    -0.59460    -9.52889
    0.18300        -9.92458     0.19685    -0.59445    -9.52697
    0.18900        -9.92239     0.19701    -0.59430    -9.52510
    0.19500        -9.92019     0.19715    -0.59416    -9.52319
    0.20100        -9.91774     0.19730    -0.59401    -9.52103
    0.20700        -9.91549     0.19745    -0.59387    -9.51908
    0.21300        -9.91309     0.19760    -0.59372    -9.51697
    0.22700        -9.89374     0.19836    -0.59325    -9.49884
    0.34500        -9.82706     0.20075    -0.59174    -9.43607
    0.49500        -9.75462     0.20209    -0.59015    -9.36655
    0.64500        -9.67849     0.20355    -0.58815    -9.29389
    0.79500        -9.59988     0.20556    -0.58630    -9.21913
    0.94500        -9.51999     0.20738    -0.58459    -9.14278
     1.0950        -9.43984     0.20904    -0.58252    -9.06636
     1.2450        -9.36060     0.21057    -0.58099    -8.99018
     1.3950        -9.28220     0.21173    -0.57953    -8.91439
     1.5450        -9.20481     0.21305    -0.57783    -8.84002
     1.6950        -9.12933     0.21428    -0.57624    -8.76737
     1.8450        -9.05618     0.21542    -0.57472    -8.69689
     1.9950        -8.98504     0.21651    -0.57326    -8.62828
     2.1450        -8.91647     0.21754    -0.57189    -8.56212
     2.2950        -8.84993     0.21852    -0.57055    -8.49789
     2.4450        -8.78593     0.21944    -0.56927    -8.43610
     2.5950        -8.72385     0.22033    -0.56806    -8.37612
     2.7450        -8.66437     0.22118    -0.56691    -8.31864
     2.8950        -8.60719     0.22199    -0.56579    -8.26340
     3.0450        -8.55153     0.22276    -0.56471    -8.20958
     3.1950        -8.49841     0.22349    -0.56366    -8.15824
     3.3450        -8.44695     0.22421    -0.56265    -8.10850
     3.4950        -8.39745     0.22490    -0.56168    -8.06068
     3.6450        -8.34930     0.22557    -0.56074    -8.01412
     3.7950        -8.30306     0.22621    -0.55983    -7.96945
     3.9450        -8.25836     0.22683    -0.55894    -7.92625
     4.0950        -8.21490     0.22743    -0.55808    -7.88426
     4.2450        -8.17278     0.22802    -0.55724    -7.84356
     4.3950        -8.13196     0.22858    -0.55642    -7.80412
     4.5450        -8.09239     0.22914    -0.55563    -7.76589
     4.6950        -8.05392     0.22967    -0.55486    -7.72873
     4.8450        -8.01643     0.23020    -0.55411    -7.69252
     4.9950        -7.98005     0.23070    -0.55338    -7.65737
     5.1450        -7.94463     0.23120    -0.55267    -7.62316
     5.2950        -7.91015     0.23168    -0.55196    -7.58987
     5.4450        -7.87655     0.23215    -0.55128    -7.55742
     5.5950        -7.84380     0.23261    -0.55062    -7.52579
     5.7450        -7.81178     0.23306    -0.54997    -7.49487
     5.8950        -7.78049     0.23350    -0.54932    -7.46466
     6.0450        -7.75002     0.23392    -0.54871    -7.43523
     6.1950        -7.72017     0.23434    -0.54810    -7.40642
     6.3450        -7.69097     0.23475    -0.54749    -7.37823
     6.4950        -7.66243     0.23515    -0.54691    -7.35066
     6.6450        -7.63447     0.23554    -0.54634    -7.32367
     6.7950        -7.60714     0.23593    -0.54578    -7.29729
     6.9450        -7.58032     0.23631    -0.54521    -7.27142
     7.0950        -7.55406     0.23668    -0.54468    -7.24606
     7.2450        -7.52839     0.23704    -0.54414    -7.22129
     7.3950        -7.50315     0.23741    -0.54362    -7.19694
     7.5450        -7.47847     0.23776    -0.54310    -7.17312
     7.6950        -7.45421     0.23809    -0.54260    -7.14970
     7.8450        -7.43046     0.23842    -0.54210    -7.12678
     7.9950        -7.40701     0.23876    -0.54162    -7.10415
     8.1450        -7.38401     0.23908    -0.54114    -7.08195
     8.2950        -7.36143     0.23940    -0.54066    -7.06016
     8.4450        -7.33920     0.23971    -0.54020    -7.03871
     8.5950        -7.31737     0.24003    -0.53975    -7.01764
     8.7450        -7.29593     0.24032    -0.53931    -6.99695
     8.8950        -7.27487     0.24062    -0.53886    -6.97663
     9.0450        -7.25410     0.24091    -0.53843    -6.95659
     9.1950        -7.23367     0.24121    -0.53800    -6.93688
     9.3450        -7.21359     0.24150    -0.53758    -6.91751
     9.4950        -7.19378     0.24178    -0.53717    -6.89840
     9.6450        -7.17428     0.24205    -0.53676    -6.87958
     9.7950        -7.15510     0.24233    -0.53635    -6.86108
     9.9450        -7.13612     0.24259    -0.53595    -6.84277
     10.095        -7.11745     0.24287    -0.53556    -6.82476
     10.245        -7.09906     0.24313    -0.53517    -6.80701
     10.395        -7.08092     0.24338    -0.53478    -6.78953
     10.545        -7.06306     0.24364    -0.53439    -6.77231
     10.695        -7.04550     0.24389    -0.53402    -6.75536
     10.845        -7.02810     0.24413    -0.53366    -6.73857
     10.995        -7.01095     0.24438    -0.53329    -6.72204
     11.145        -6.99403     0.24463    -0.53293    -6.70572
     11.295        -6.97733     0.24486    -0.53258    -6.68962
     11.445        -6.96087     0.24511    -0.53223    -6.67375
     11.595        -6.94465     0.24533    -0.53188    -6.65810
     11.745        -6.92864     0.24556    -0.53154    -6.64266
     11.895        -6.91275     0.24579    -0.53120    -6.62734
     12.045        -6.89716     0.24601    -0.53086    -6.61230
     12.195        -6.88172     0.24622    -0.53053    -6.59741
     12.345        -6.86647     0.24644    -0.53021    -6.58270
     12.495        -6.85141     0.24666    -0.52989    -6.56817
     12.645        -6.83654     0.24686    -0.52957    -6.55383
     12.795        -6.82185     0.24708    -0.52925    -6.53967
     12.945        -6.80731     0.24728    -0.52894    -6.52565
     13.095        -6.79297     0.24749    -0.52864    -6.51182
     13.245        -6.77874     0.24769    -0.52832    -6.49811
     13.395        -6.76467     0.24790    -0.52802    -6.48455
     13.545        -6.75075     0.24809    -0.52772    -6.47112
     13.695        -6.73699     0.24829    -0.52743    -6.45785
     13.845        -6.72338     0.24848    -0.52714    -6.44473
     13.995        -6.70992     0.24868    -0.52684    -6.43175
     14.145        -6.69656     0.24887    -0.52656    -6.41887
     14.295        -6.68339     0.24906    -0.52628    -6.40617
     14.445        -6.67034     0.24925    -0.52600    -6.39358
     14.595        -6.65747     0.24944    -0.52573    -6.38118
     14.745        -6.64467     0.24962    -0.52546    -6.36884
     14.895        -6.63205     0.24980    -0.52519    -6.35667
     15.045        -6.61958     0.24998    -0.52492    -6.34464
     15.195        -6.60721     0.25016    -0.52465    -6.33272
     15.345        -6.59501     0.25033    -0.52439    -6.32095
     15.495        -6.58286     0.25051    -0.52413    -6.30924
     15.645        -6.57085     0.25068    -0.52387    -6.29767
     15.795        -6.55893     0.25086    -0.52362    -6.28617
     15.945        -6.54714     0.25103    -0.52336    -6.27480
     16.095        -6.53547     0.25119    -0.52311    -6.26355
     16.245        -6.52390     0.25136    -0.52286    -6.25240
     16.395        -6.51243     0.25153    -0.52261    -6.24135
     16.545        -6.50112     0.25169    -0.52237    -6.23044
     16.695        -6.48987     0.25186    -0.52213    -6.21960
     16.845        -6.47875     0.25202    -0.52189    -6.20889
     16.995        -6.46767     0.25217    -0.52165    -6.19820
     17.145        -6.45671     0.25233    -0.52142    -6.18763
     17.295        -6.44584     0.25249    -0.52118    -6.17715
     17.445        -6.43510     0.25264    -0.52095    -6.16680
     17.595        -6.42445     0.25279    -0.52072    -6.15653
     17.745        -6.41388     0.25295    -0.52049    -6.14635
     17.895        -6.40340     0.25310    -0.52025    -6.13624
     18.045        -6.39300     0.25325    -0.52003    -6.12621
     18.195        -6.38274     0.25339    -0.51981    -6.11632
     18.345        -6.37254     0.25354    -0.51959    -6.10649
     18.495        -6.36239     0.25368    -0.51937    -6.09671
     18.645        -6.35233     0.25383    -0.51915    -6.08701
     18.795        -6.34237     0.25397    -0.51893    -6.07741
     18.945        -6.33248     0.25412    -0.51872    -6.06787
     19.095        -6.32267     0.25426    -0.51851    -6.05842
     19.245        -6.31298     0.25440    -0.51830    -6.04908
     19.395        -6.30337     0.25454    -0.51809    -6.03982
     19.545        -6.29382     0.25468    -0.51788    -6.03062
     19.695        -6.28435     0.25481    -0.51767    -6.02149
     19.845        -6.27496     0.25495    -0.51747    -6.01244
     19.995        -6.26560     0.25508    -0.51726    -6.00342
     20.145        -6.25635     0.25521    -0.51706    -5.99451
     20.295        -6.24716     0.25535    -0.51685    -5.98565
     20.445        -6.23801     0.25548    -0.51665    -5.97684
     20.595        -6.22895     0.25561    -0.51645    -5.96811
     20.745        -6.21996     0.25574    -0.51626    -5.95944
     20.895        -6.21104     0.25586    -0.51607    -5.95083
     21.045        -6.20219     0.25599    -0.51587    -5.94231
     21.195        -6.19340     0.25612    -0.51568    -5.93383
     21.345        -6.18468     0.25624    -0.51549    -5.92543
     21.495        -6.17600     0.25636    -0.51530    -5.91706
     21.645        -6.16738     0.25649    -0.51511    -5.90875
     21.795        -6.15882     0.25661    -0.51492    -5.90050
     21.945        -6.15034     0.25674    -0.51474    -5.89234
     22.095        -6.14191     0.25686    -0.51455    -5.88421
     22.245        -6.13358     0.25697    -0.51437    -5.87618
     22.395        -6.12529     0.25710    -0.51419    -5.86820
     22.545        -6.11704     0.25722    -0.51401    -5.86024
     22.695        -6.10883     0.25734    -0.51383    -5.85234
     22.845        -6.10069     0.25746    -0.51366    -5.84449
     22.995        -6.09262     0.25757    -0.51348    -5.83671
     23.145        -6.08458     0.25769    -0.51331    -5.82896
     23.295        -6.07662     0.25781    -0.51313    -5.82129
     23.445        -6.06872     0.25792    -0.51296    -5.81368
     23.595        -6.06087     0.25804    -0.51279    -5.80611
     23.745        -6.05308     0.25816    -0.51262    -5.79861
     23.895        -6.04532     0.25827    -0.51245    -5.79114
     24.045        -6.03761     0.25838    -0.51228    -5.78372
     24.195        -6.02994     0.25849    -0.51211    -5.77632
     24.345        -6.02233     0.25860    -0.51194    -5.76899
     24.495        -6.01477     0.25871    -0.51178    -5.76170
     24.645        -6.00724     0.25882    -0.51162    -5.75444
     24.795        -5.99980     0.25893    -0.51145    -5.74727
     24.945        -5.99235     0.25904    -0.51129    -5.74009
     25.095        -5.98501     0.25914    -0.51113    -5.73303
     25.245        -5.97766     0.25925    -0.51097    -5.72595
     25.395        -5.97039     0.25936    -0.51081    -5.71894
     25.545        -5.96316     0.25946    -0.51065    -5.71198
     25.695        -5.95597     0.25957    -0.51049    -5.70505
     25.845        -5.94882     0.25968    -0.51033    -5.69816
     25.995        -5.94171     0.25978    -0.51018    -5.69131
     26.145        -5.93465     0.25988    -0.51002    -5.68451
     26.295        -5.92763     0.25998    -0.50987    -5.67774
     26.445        -5.92065     0.26008    -0.50972    -5.67101
     26.595        -5.91371     0.26018    -0.50957    -5.66432
     26.745        -5.90682     0.26028    -0.50942    -5.65769
     26.895        -5.89997     0.26038    -0.50926    -5.65108
     27.045        -5.89313     0.26048    -0.50911    -5.64451
     27.195        -5.88636     0.26058    -0.50895    -5.63798
     27.345        -5.87962     0.26067    -0.50881    -5.63149
     27.495        -5.87292     0.26077    -0.50865    -5.62503
     27.645        -5.86624     0.26086    -0.50851    -5.61860
     27.795        -5.85961     0.26096    -0.50836    -5.61221
     27.945        -5.85302     0.26105    -0.50822    -5.60585
     28.095        -5.84646     0.26115    -0.50807    -5.59953
     28.245        -5.83997     0.26124    -0.50793    -5.59328
     28.395        -5.83348     0.26134    -0.50779    -5.58703
     28.545        -5.82704     0.26143    -0.50764    -5.58083
     28.695        -5.82063     0.26152    -0.50750    -5.57465
     28.845        -5.81423     0.26161    -0.50736    -5.56848
     28.995        -5.80786     0.26171    -0.50722    -5.56235
     29.145        -5.80156     0.26180    -0.50708    -5.55628
     29.295        -5.79528     0.26189    -0.50694    -5.55023
     29.445        -5.78905     0.26198    -0.50680    -5.54423
     29.595        -5.78285     0.26208    -0.50667    -5.53826
     29.745        -5.77671     0.26216    -0.50653    -5.53234
     29.895        -5.77057     0.26226    -0.50639    -5.52644
     30.045        -5.76446     0.26235    -0.50626    -5.52054
     30.195        -5.75839     0.26244    -0.50612    -5.51470
     30.345        -5.75235     0.26252    -0.50599    -5.50889
     30.495        -5.74632     0.26261    -0.50585    -5.50308
     30.645        -5.74034     0.26270    -0.50572    -5.49732
     30.795        -5.73441     0.26279    -0.50559    -5.49161
     30.945        -5.72849     0.26288    -0.50546    -5.48591
     31.095        -5.72262     0.26297    -0.50533    -5.48026
     31.245        -5.71675     0.26305    -0.50519    -5.47461
     31.395        -5.71090     0.26314    -0.50507    -5.46897
     31.545        -5.70511     0.26322    -0.50494    -5.46340
     31.695        -5.69936     0.26330    -0.50481    -5.45785
     31.845        -5.69364     0.26339    -0.50468    -5.45234
     31.995        -5.68794     0.26347    -0.50456    -5.44685
     32.145        -5.68224     0.26355    -0.50443    -5.44136
     32.295        -5.67655     0.26364    -0.50431    -5.43588
     32.445        -5.67094     0.26372    -0.50418    -5.43048
     32.595        -5.66535     0.26380    -0.50406    -5.42509
     32.745        -5.65975     0.26388    -0.50393    -5.41970
     32.895        -5.65420     0.26396    -0.50381    -5.41435
     33.045        -5.64868     0.26404    -0.50369    -5.40903
     33.195        -5.64318     0.26412    -0.50357    -5.40373
     33.345        -5.63770     0.26420    -0.50345    -5.39845
     33.495        -5.63228     0.26428    -0.50333    -5.39323
     33.645        -5.62687     0.26436    -0.50321    -5.38802
     33.795        -5.62147     0.26444    -0.50309    -5.38282
     33.945        -5.61614     0.26451    -0.50297    -5.37768
     34.095        -5.61079     0.26459    -0.50286    -5.37253
     34.245        -5.60548     0.26467    -0.50274    -5.36741
     34.395        -5.60019     0.26475    -0.50262    -5.36231
     34.545        -5.59491     0.26482    -0.50250    -5.35723
     34.695        -5.58968     0.26490    -0.50239    -5.35219
     34.845        -5.58447     0.26498    -0.50227    -5.34717
     34.995        -5.57927     0.26505    -0.50216    -5.34216
     35.145        -5.57410     0.26513    -0.50205    -5.33718
     35.295        -5.56895     0.26521    -0.50193    -5.33222
     35.445        -5.56381     0.26528    -0.50181    -5.32728
     35.595        -5.55874     0.26535    -0.50170    -5.32239
     35.745        -5.55367     0.26543    -0.50159    -5.31751
     35.895        -5.54864     0.26550    -0.50148    -5.31266
     36.045        -5.54360     0.26558    -0.50137    -5.30781
     36.195        -5.53860     0.26565    -0.50125    -5.30300
     36.345        -5.53362     0.26572    -0.50114    -5.29820
     36.495        -5.52864     0.26579    -0.50103    -5.29341
     36.645        -5.52370     0.26587    -0.50092    -5.28865
     36.795        -5.51875     0.26594    -0.50081    -5.28388
     36.945        -5.51385     0.26601    -0.50070    -5.27916
     37.095        -5.50896     0.26608    -0.50059    -5.27445
     37.245        -5.50411     0.26615    -0.50048    -5.26978
     37.395        -5.49927     0.26622    -0.50038    -5.26512
     37.545        -5.49444     0.26630    -0.50027    -5.26047
     37.695        -5.48965     0.26637    -0.50016    -5.25586
     37.845        -5.48489     0.26644    -0.50005    -5.25127
     37.995        -5.48014     0.26651    -0.49995    -5.24670
     38.145        -5.47541     0.26657    -0.49984    -5.24214
     38.295        -5.47068     0.26664    -0.49974    -5.23759
     38.445        -5.46600     0.26671    -0.49963    -5.23307
     38.595        -5.46132     0.26678    -0.49953    -5.22857
     38.745        -5.45666     0.26684    -0.49943    -5.22407
     38.895        -5.45200     0.26691    -0.49932    -5.21958
     39.045        -5.44739     0.26698    -0.49922    -5.21514
     39.195        -5.44278     0.26705    -0.49912    -5.21070
     39.345        -5.43819     0.26711    -0.49902    -5.20628
     39.495        -5.43362     0.26718    -0.49891    -5.20189
     39.645        -5.42908     0.26724    -0.49881    -5.19752
     39.795        -5.42454     0.26731    -0.49871    -5.19315
     39.945        -5.42005     0.26738    -0.49861    -5.18882
     40.095        -5.41556     0.26744    -0.49851    -5.18450
     40.245        -5.41107     0.26751    -0.49840    -5.18018
     40.395        -5.40661     0.26757    -0.49830    -5.17588
     40.545        -5.40218     0.26764    -0.49821    -5.17161
     40.695        -5.39773     0.26770    -0.49811    -5.16732
     40.845        -5.39333     0.26777    -0.49801    -5.16309
     40.995        -5.38894     0.26783    -0.49792    -5.15886
     41.145        -5.38458     0.26790    -0.49782    -5.15466
     41.295        -5.38025     0.26796    -0.49772    -5.15049
     41.445        -5.37591     0.26802    -0.49762    -5.14631
     41.595        -5.37161     0.26809    -0.49753    -5.14217
     41.745        -5.36731     0.26815    -0.49743    -5.13803
     41.895        -5.36302     0.26821    -0.49733    -5.13390
     42.045        -5.35875     0.26827    -0.49723    -5.12979
     42.195        -5.35449     0.26833    -0.49714    -5.12568
     42.345        -5.35023     0.26839    -0.49705    -5.12158
     42.495        -5.34602     0.26845    -0.49695    -5.11752
     42.645        -5.34181     0.26852    -0.49686    -5.11347
     42.795        -5.33763     0.26858    -0.49676    -5.10945
     42.945        -5.33348     0.26864    -0.49667    -5.10544
     43.095        -5.32930     0.26870    -0.49658    -5.10143
     43.245        -5.32515     0.26876    -0.49649    -5.09743
     43.395        -5.32104     0.26882    -0.49639    -5.09346
     43.545        -5.31692     0.26888    -0.49630    -5.08950
     43.695        -5.31282     0.26894    -0.49621    -5.08556
     43.845        -5.30872     0.26901    -0.49612    -5.08161
     43.995        -5.30466     0.26906    -0.49603    -5.07770
     44.145        -5.30062     0.26912    -0.49594    -5.07381
     44.295        -5.29659     0.26918    -0.49584    -5.06993
     44.445        -5.29256     0.26924    -0.49576    -5.06605
     44.595        -5.28854     0.26930    -0.49567    -5.06218
     44.745        -5.28454     0.26936    -0.49558    -5.05832
     44.895        -5.28057     0.26942    -0.49549    -5.05450
     45.045        -5.27659     0.26947    -0.49540    -5.05067
     45.195        -5.27265     0.26953    -0.49531    -5.04687
     45.345        -5.26872     0.26959    -0.49522    -5.04308
     45.495        -5.26479     0.26964    -0.49514    -5.03930
     45.645        -5.26088     0.26970    -0.49505    -5.03553
     45.795        -5.25699     0.26976    -0.49496    -5.03179
     45.945        -5.25313     0.26982    -0.49488    -5.02807
     46.095        -5.24924     0.26987    -0.49479    -5.02432
     46.245        -5.24543     0.26993    -0.49471    -5.02065
     46.395        -5.24157     0.26998    -0.49462    -5.01693
     46.545        -5.23776     0.27004    -0.49454    -5.01326
     46.695        -5.23394     0.27010    -0.49446    -5.00958
     46.845        -5.23013     0.27015    -0.49437    -5.00591
     46.995        -5.22634     0.27021    -0.49429    -5.00226
     47.145        -5.22256     0.27026    -0.49420    -4.99862
     47.295        -5.21880     0.27032    -0.49412    -4.99500
     47.445        -5.21505     0.27037    -0.49404    -4.99138
     47.595        -5.21128     0.27043    -0.49395    -4.98776
     47.745        -5.20758     0.27049    -0.49387    -4.98419
     47.895        -5.20386     0.27054    -0.49379    -4.98062
     48.045        -5.20016     0.27060    -0.49370    -4.97706
     48.195        -5.19647     0.27065    -0.49362    -4.97350
     48.345        -5.19280     0.27070    -0.49354    -4.96996
     48.495        -5.18914     0.27076    -0.49345    -4.96645
     48.645        -5.18549     0.27081    -0.49337    -4.96293
     48.795        -5.18186     0.27087    -0.49329    -4.95944
     48.945        -5.17824     0.27092    -0.49321    -4.95596
     49.095        -5.17462     0.27098    -0.49313    -4.95247
     49.245        -5.17103     0.27103    -0.49305    -4.94901
     49.395        -5.16744     0.27108    -0.49297    -4.94555
     49.545        -5.16387     0.27113    -0.49289    -4.94211
     49.695        -5.16031     0.27118    -0.49281    -4.93868
     49.845        -5.15676     0.27124    -0.49273    -4.93526
     49.995        -5.15322     0.27129    -0.49265    -4.93185
     50.145        -5.14968     0.27134    -0.49257    -4.92845
     50.295        -5.14616     0.27139    -0.49250    -4.92505
     50.445        -5.14265     0.27145    -0.49242    -4.92167
     50.595        -5.13915     0.27150    -0.49234    -4.91831
     50.745        -5.13566     0.27155    -0.49226    -4.91495
     50.895        -5.13219     0.27161    -0.49219    -4.91161
     51.045        -5.12872     0.27166    -0.49211    -4.90827
     51.195        -5.12527     0.27170    -0.49203    -4.90494
     51.345        -5.12184     0.27176    -0.49196    -4.90164
     51.495        -5.11840     0.27180    -0.49188    -4.89832
     51.645        -5.11499     0.27185    -0.49180    -4.89503
     51.795        -5.11156     0.27190    -0.49173    -4.89173
     51.945        -5.10816     0.27195    -0.49165    -4.88846
     52.095        -5.10475     0.27200    -0.49158    -4.88518
     52.245        -5.10139     0.27205    -0.49150    -4.88194
     52.395        -5.09802     0.27210    -0.49143    -4.87870
     52.545        -5.09466     0.27215    -0.49135    -4.87545
     52.695        -5.09130     0.27220    -0.49128    -4.87222
     52.845        -5.08798     0.27225    -0.49121    -4.86902
     52.995        -5.08464     0.27230    -0.49113    -4.86581
     53.145        -5.08133     0.27235    -0.49106    -4.86262
     53.295        -5.07803     0.27240    -0.49099    -4.85945
     53.445        -5.07471     0.27245    -0.49091    -4.85625
     53.595        -5.07144     0.27250    -0.49084    -4.85310
     53.745        -5.06816     0.27255    -0.49076    -4.84994
     53.895        -5.06488     0.27259    -0.49069    -4.84678
     54.045        -5.06163     0.27264    -0.49062    -4.84365
     54.195        -5.05839     0.27269    -0.49055    -4.84053
     54.345        -5.05517     0.27273    -0.49048    -4.83743
     54.495        -5.05195     0.27278    -0.49041    -4.83433
     54.645        -5.04873     0.27283    -0.49033    -4.83123
     54.795        -5.04551     0.27287    -0.49026    -4.82813
     54.945        -5.04231     0.27292    -0.49019    -4.82504
     55.095        -5.03911     0.27297    -0.49012    -4.82196
     59.433        -4.78894     0.27666    -0.48450    -4.58110
     80.646        -4.42391     0.28209    -0.47628    -4.22971
     111.21        -4.06973     0.28738    -0.46821    -3.88889
     153.36        -3.72650     0.29255    -0.46042    -3.55863
     211.49        -3.39490     0.29754    -0.45288    -3.23956
     291.64        -3.07453     0.30239    -0.44558    -2.93134
     402.18        -2.76556     0.30707    -0.43853    -2.63410
     554.60        -2.46767     0.31161    -0.43173    -2.34756
     764.80        -2.18074     0.31598    -0.42515    -2.07157
     1054.7        -1.90429     0.32020    -0.41884    -1.80565
     1454.4        -1.63787     0.32429    -0.41278    -1.54937
     2005.6        -1.38101     0.32824    -0.40697    -1.30228
     2765.8        -1.13349     0.33203    -0.40135    -1.06417
     3814.0        -0.89458     0.33570    -0.39595    -0.83434
     5259.5        -0.66415     0.33923    -0.39076    -0.61262
     7252.9        -0.44174     0.34265    -0.38577    -0.39861
     10002.        -0.22706     0.34594    -0.38097    -0.19203
     13793.        -0.01979     0.34914    -0.37635     0.00742
     19020.         0.17985     0.35225    -0.37188     0.19948
     26229.         0.37164     0.35523    -0.36761     0.38402
     36170.         0.55553     0.35807    -0.36346     0.56092
     49878.         0.73151     0.36079    -0.35944     0.73016
     68782.         0.89974     0.36339    -0.35556     0.89191
     94851.         1.06023     0.36588    -0.35183     1.04619
    0.13080E+06     1.21339     0.36824    -0.34825     1.19340
    0.18038E+06     1.35934     0.37048    -0.34480     1.33366
    0.24874E+06     1.49842     0.37263    -0.34151     1.46731
    0.34301E+06     1.63091     0.37467    -0.33838     1.59461
    0.47302E+06     1.75696     0.37662    -0.33537     1.71570
    0.65229E+06     1.87707     0.37848    -0.33252     1.83111
    0.89952E+06     1.99126     0.38024    -0.32979     1.94081
    0.12404E+07     2.09988     0.38189    -0.32718     2.04517
    0.17106E+07     2.20329     0.38348    -0.32470     2.14451
    0.23589E+07     2.30162     0.38499    -0.32232     2.23895
    0.32529E+07     2.39513     0.38642    -0.32008     2.32879
    0.44858E+07     2.48404     0.38779    -0.31795     2.41421
    0.61860E+07     2.56856     0.38908    -0.31591     2.49538
    0.85305E+07     2.64894     0.39031    -0.31396     2.57259
    0.11764E+08     2.72538     0.39147    -0.31212     2.64603
    0.16222E+08     2.79804     0.39257    -0.31037     2.71584
    0.22370E+08     2.86721     0.39362    -0.30872     2.78230
    0.30849E+08     2.93280     0.39462    -0.30712     2.84530
    0.42541E+08     2.99471     0.39556    -0.30563     2.90478
    0.58664E+08     3.05271     0.39644    -0.30419     2.96045
    0.80898E+08     3.10702     0.39727    -0.30283     3.01258
    0.11156E+09     3.15812     0.39805    -0.30154     3.06161
    0.15384E+09     3.20617     0.39878    -0.30030     3.10769
    0.21215E+09     3.25138     0.39947    -0.29913     3.15104
    0.29255E+09     3.29402     0.40011    -0.29805     3.19195
    0.40343E+09     3.33408     0.40072    -0.29703     3.23039
    0.55633E+09     3.37185     0.40130    -0.29607     3.26663
    0.76719E+09     3.40714     0.40184    -0.29517     3.30047
    0.10580E+10     3.43905     0.40233    -0.29432     3.33104
    0.14589E+10     3.46816     0.40278    -0.29352     3.35890
    0.20119E+10     3.49501     0.40318    -0.29277     3.38459
    0.27744E+10     3.51971     0.40357    -0.29205     3.40819
    0.38259E+10     3.54251     0.40392    -0.29139     3.42998
    0.52760E+10     3.56354     0.40424    -0.29079     3.45009
    0.72756E+10     3.58289     0.40453    -0.29024     3.46860
    0.10033E+11     3.60074     0.40481    -0.28974     3.48567
    0.13836E+11     3.61721     0.40506    -0.28928     3.50144
    0.19079E+11     3.63243     0.40529    -0.28885     3.51600
    0.26311E+11     3.64645     0.40550    -0.28846     3.52941
    0.36283E+11     3.65947     0.40570    -0.28809     3.54186
    0.50034E+11     3.67144     0.40588    -0.28775     3.55331
    0.68997E+11     3.68248     0.40604    -0.28744     3.56388
    0.10000E+12     3.81465     0.40802    -0.28374     3.69036
