    -99.945         0.00000     0.00000     0.00000     0.00000
    -99.795         0.00000     0.00000     0.00000     0.00000
    -99.645         0.00000     0.00000     0.00000     0.00000
    -99.495         0.00000     0.00000     0.00000     0.00000
    -99.345         0.00000     0.00000     0.00000     0.00000
    -99.195         0.00000     0.00000     0.00000     0.00000
    -99.045         0.00000     0.00000     0.00000     0.00000
    -98.895         0.00000     0.00000     0.00000     0.00000
    -98.745         0.00000     0.00000     0.00000     0.00000
    -98.595         0.00000     0.00000     0.00000     0.00000
    -98.445         0.00000     0.00000     0.00000     0.00000
    -98.295         0.00000     0.00000     0.00000     0.00000
    -98.145         0.00000     0.00000     0.00000     0.00000
    -97.995         0.00000     0.00000     0.00000     0.00000
    -97.845         0.00000     0.00000     0.00000     0.00000
    -97.695         0.00000     0.00000     0.00000     0.00000
    -97.545         0.00000     0.00000     0.00000     0.00000
    -97.395         0.00000     0.00000     0.00000     0.00000
    -97.245         0.00000     0.00000     0.00000     0.00000
    -97.095         0.00000     0.00000     0.00000     0.00000
    -96.945         0.00000     0.00000     0.00000     0.00000
    -96.795         0.00000     0.00000     0.00000     0.00000
    -96.645         0.00000     0.00000     0.00000     0.00000
    -96.495         0.00000     0.00000     0.00000     0.00000
    -96.345         0.00000     0.00000     0.00000     0.00000
    -96.195         0.00000     0.00000     0.00000     0.00000
    -96.045         0.00000     0.00000     0.00000     0.00000
    -95.895         0.00000     0.00000     0.00000     0.00000
    -95.745         0.00000     0.00000     0.00000     0.00000
    -95.595         0.00000     0.00000     0.00000     0.00000
    -95.445         0.00000     0.00000     0.00000     0.00000
    -95.295         0.00000     0.00000     0.00000     0.00000
    -95.145         0.00000     0.00000     0.00000     0.00000
    -94.995         0.00000     0.00000     0.00000     0.00000
    -94.845         0.00000     0.00000     0.00000     0.00000
    -94.695         0.00000     0.00000     0.00000     0.00000
    -94.545         0.00000     0.00000     0.00000     0.00000
    -94.395         0.00000     0.00000     0.00000     0.00000
    -94.245         0.00000     0.00000     0.00000     0.00000
    -94.095         0.00000     0.00000     0.00000     0.00000
    -93.945         0.00000     0.00000     0.00000     0.00000
    -93.795         0.00000     0.00000     0.00000     0.00000
    -93.645         0.00000     0.00000     0.00000     0.00000
    -93.495         0.00000     0.00000     0.00000     0.00000
    -93.345         0.00000     0.00000     0.00000     0.00000
    -93.195         0.00000     0.00000     0.00000     0.00000
    -93.045         0.00000     0.00000     0.00000     0.00000
    -92.895         0.00000     0.00000     0.00000     0.00000
    -92.745         0.00000     0.00000     0.00000     0.00000
    -92.595         0.00000     0.00000     0.00000     0.00000
    -92.445         0.00000     0.00000     0.00000     0.00000
    -92.295         0.00000     0.00000     0.00000     0.00000
    -92.145         0.00000     0.00000     0.00000     0.00000
    -91.995         0.00000     0.00000     0.00000     0.00000
    -91.845         0.00000     0.00000     0.00000     0.00000
    -91.695         0.00000     0.00000     0.00000     0.00000
    -91.545         0.00000     0.00000     0.00000     0.00000
    -91.395         0.00000     0.00000     0.00000     0.00000
    -91.245         0.00000     0.00000     0.00000     0.00000
    -91.095         0.00000     0.00000     0.00000     0.00000
    -90.945         0.00000     0.00000     0.00000     0.00000
    -90.795         0.00000     0.00000     0.00000     0.00000
    -90.645         0.00000     0.00000     0.00000     0.00000
    -90.495         0.00000     0.00000     0.00000     0.00000
    -90.345         0.00000     0.00000     0.00000     0.00000
    -90.195         0.00000     0.00000     0.00000     0.00000
    -90.045         0.00000     0.00000     0.00000     0.00000
    -89.895         0.00000     0.00000     0.00000     0.00000
    -89.745         0.00000     0.00000     0.00000     0.00000
    -89.595         0.00000     0.00000     0.00000     0.00000
    -89.445         0.00000     0.00000     0.00000     0.00000
    -89.295         0.00000     0.00000     0.00000     0.00000
    -89.145         0.00000     0.00000     0.00000     0.00000
    -88.995         0.00000     0.00000     0.00000     0.00000
    -88.845         0.00000     0.00000     0.00000     0.00000
    -88.695         0.00000     0.00000     0.00000     0.00000
    -88.545         0.00000     0.00000     0.00000     0.00000
    -88.395         0.00000     0.00000     0.00000     0.00000
    -88.245         0.00000     0.00000     0.00000     0.00000
    -88.095         0.00000     0.00000     0.00000     0.00000
    -87.945         0.00000     0.00000     0.00000     0.00000
    -87.795         0.00000     0.00000     0.00000     0.00000
    -87.645         0.00000     0.00000     0.00000     0.00000
    -87.495         0.00000     0.00000     0.00000     0.00000
    -87.345         0.00000     0.00000     0.00000     0.00000
    -87.195         0.00000     0.00000     0.00000     0.00000
    -87.045         0.00000     0.00000     0.00000     0.00000
    -86.895         0.00000     0.00000     0.00000     0.00000
    -86.745         0.00000     0.00000     0.00000     0.00000
    -86.595         0.00000     0.00000     0.00000     0.00000
    -86.445         0.00000     0.00000     0.00000     0.00000
    -86.295         0.00000     0.00000     0.00000     0.00000
    -86.145         0.00000     0.00000     0.00000     0.00000
    -85.995         0.00000     0.00000     0.00000     0.00000
    -85.845         0.00000     0.00000     0.00000     0.00000
    -85.695         0.00000     0.00000     0.00000     0.00000
    -85.545         0.00000     0.00000     0.00000     0.00000
    -85.395         0.00000     0.00000     0.00000     0.00000
    -85.245         0.00000     0.00000     0.00000     0.00000
    -85.095         0.00000     0.00000     0.00000     0.00000
    -84.945         0.00000     0.00000     0.00000     0.00000
    -84.795         0.00000     0.00000     0.00000     0.00000
    -84.645         0.00000     0.00000     0.00000     0.00000
    -84.495         0.00000     0.00000     0.00000     0.00000
    -84.345         0.00000     0.00000     0.00000     0.00000
    -84.195         0.00000     0.00000     0.00000     0.00000
    -84.045         0.00000     0.00000     0.00000     0.00000
    -83.895         0.00000     0.00000     0.00000     0.00000
    -83.745         0.00000     0.00000     0.00000     0.00000
    -83.595         0.00000     0.00000     0.00000     0.00000
    -83.445         0.00000     0.00000     0.00000     0.00000
    -83.295         0.00000     0.00000     0.00000     0.00000
    -83.145         0.00000     0.00000     0.00000     0.00000
    -82.995         0.00000     0.00000     0.00000     0.00000
    -82.845         0.00000     0.00000     0.00000     0.00000
    -82.695         0.00000     0.00000     0.00000     0.00000
    -82.545         0.00000     0.00000     0.00000     0.00000
    -82.395         0.00000     0.00000     0.00000     0.00000
    -82.245         0.00000     0.00000     0.00000     0.00000
    -82.095         0.00000     0.00000     0.00000     0.00000
    -81.945         0.00000     0.00000     0.00000     0.00000
    -81.795         0.00000     0.00000     0.00000     0.00000
    -81.645         0.00000     0.00000     0.00000     0.00000
    -81.495         0.00000     0.00000     0.00000     0.00000
    -81.345         0.00000     0.00000     0.00000     0.00000
    -81.195         0.00000     0.00000     0.00000     0.00000
    -81.045         0.00000     0.00000     0.00000     0.00000
    -80.895         0.00000     0.00000     0.00000     0.00000
    -80.745         0.00000     0.00000     0.00000     0.00000
    -80.595         0.00000     0.00000     0.00000     0.00000
    -80.445         0.00000     0.00000     0.00000     0.00000
    -80.295         0.00000     0.00000     0.00000     0.00000
    -80.145         0.00000     0.00000     0.00000     0.00000
    -79.995         0.00000     0.00000     0.00000     0.00000
    -79.845         0.00000     0.00000     0.00000     0.00000
    -79.695         0.00000     0.00000     0.00000     0.00000
    -79.545         0.00000     0.00000     0.00000     0.00000
    -79.395         0.00000     0.00000     0.00000     0.00000
    -79.245         0.00000     0.00000     0.00000     0.00000
    -79.095         0.00000     0.00000     0.00000     0.00000
    -78.945         0.00000     0.00000     0.00000     0.00000
    -78.795         0.00000     0.00000     0.00000     0.00000
    -78.645         0.00000     0.00000     0.00000     0.00000
    -78.495         0.00000     0.00000     0.00000     0.00000
    -78.345         0.00000     0.00000     0.00000     0.00000
    -78.195         0.00000     0.00000     0.00000     0.00000
    -78.045         0.00000     0.00000     0.00000     0.00000
    -77.895         0.00000     0.00000     0.00000     0.00000
    -77.745         0.00000     0.00000     0.00000     0.00000
    -77.595         0.00000     0.00000     0.00000     0.00000
    -77.445         0.00000     0.00000     0.00000     0.00000
    -77.295         0.00000     0.00000     0.00000     0.00000
    -77.145         0.00000     0.00000     0.00000     0.00000
    -76.995         0.00000     0.00000     0.00000     0.00000
    -76.845         0.00000     0.00000     0.00000     0.00000
    -76.695         0.00000     0.00000     0.00000     0.00000
    -76.545         0.00000     0.00000     0.00000     0.00000
    -76.395         0.00000     0.00000     0.00000     0.00000
    -76.245         0.00000     0.00000     0.00000     0.00000
    -76.095         0.00000     0.00000     0.00000     0.00000
    -75.945         0.00000     0.00000     0.00000     0.00000
    -75.795         0.00000     0.00000     0.00000     0.00000
    -75.645         0.00000     0.00000     0.00000     0.00000
    -75.495         0.00000     0.00000     0.00000     0.00000
    -75.345         0.00000     0.00000     0.00000     0.00000
    -75.195         0.00000     0.00000     0.00000     0.00000
    -75.045         0.00000     0.00000     0.00000     0.00000
    -74.895         0.00000     0.00000     0.00000     0.00000
    -74.745         0.00000     0.00000     0.00000     0.00000
    -74.595         0.00000     0.00000     0.00000     0.00000
    -74.445         0.00000     0.00000     0.00000     0.00000
    -74.295         0.00000     0.00000     0.00000     0.00000
    -74.145         0.00000     0.00000     0.00000     0.00000
    -73.995         0.00000     0.00000     0.00000     0.00000
    -73.845         0.00000     0.00000     0.00000     0.00000
    -73.695         0.00000     0.00000     0.00000     0.00000
    -73.545         0.00000     0.00000     0.00000     0.00000
    -73.395         0.00000     0.00000     0.00000     0.00000
    -73.245         0.00000     0.00000     0.00000     0.00000
    -73.095         0.00000     0.00000     0.00000     0.00000
    -72.945         0.00000     0.00000     0.00000     0.00000
    -72.795         0.00000     0.00000     0.00000     0.00000
    -72.645         0.00000     0.00000     0.00000     0.00000
    -72.495         0.00000     0.00000     0.00000     0.00000
    -72.345         0.00000     0.00000     0.00000     0.00000
    -72.195         0.00000     0.00000     0.00000     0.00000
    -72.045         0.00000     0.00000     0.00000     0.00000
    -71.895         0.00000     0.00000     0.00000     0.00000
    -71.745         0.00000     0.00000     0.00000     0.00000
    -71.595         0.00000     0.00000     0.00000     0.00000
    -71.445         0.00000     0.00000     0.00000     0.00000
    -71.295         0.00000     0.00000     0.00000     0.00000
    -71.145         0.00000     0.00000     0.00000     0.00000
    -70.995         0.00000     0.00000     0.00000     0.00000
    -70.845         0.00000     0.00000     0.00000     0.00000
    -70.695         0.00000     0.00000     0.00000     0.00000
    -70.545         0.00000     0.00000     0.00000     0.00000
    -70.395         0.00000     0.00000     0.00000     0.00000
    -70.245         0.00000     0.00000     0.00000     0.00000
    -70.095         0.00000     0.00000     0.00000     0.00000
    -69.945         0.00000     0.00000     0.00000     0.00000
    -69.795         0.00000     0.00000     0.00000     0.00000
    -69.645         0.00000     0.00000     0.00000     0.00000
    -69.495         0.00000     0.00000     0.00000     0.00000
    -69.345         0.00000     0.00000     0.00000     0.00000
    -69.195         0.00000     0.00000     0.00000     0.00000
    -69.045         0.00000     0.00000     0.00000     0.00000
    -68.895         0.00000     0.00000     0.00000     0.00000
    -68.745         0.00000     0.00000     0.00000     0.00000
    -68.595         0.00000     0.00000     0.00000     0.00000
    -68.445         0.00000     0.00000     0.00000     0.00000
    -68.295         0.00000     0.00000     0.00000     0.00000
    -68.145         0.00000     0.00000     0.00000     0.00000
    -67.995         0.00000     0.00000     0.00000     0.00000
    -67.845         0.00000     0.00000     0.00000     0.00000
    -67.695         0.00000     0.00000     0.00000     0.00000
    -67.545         0.00000     0.00000     0.00000     0.00000
    -67.395         0.00000     0.00000     0.00000     0.00000
    -67.245         0.00000     0.00000     0.00000     0.00000
    -67.095         0.00000     0.00000     0.00000     0.00000
    -66.945         0.00000     0.00000     0.00000     0.00000
    -66.795         0.00000     0.00000     0.00000     0.00000
    -66.645         0.00000     0.00000     0.00000     0.00000
    -66.495         0.00000     0.00000     0.00000     0.00000
    -66.345         0.00000     0.00000     0.00000     0.00000
    -66.195         0.00000     0.00000     0.00000     0.00000
    -66.045         0.00000     0.00000     0.00000     0.00000
    -65.895         0.00000     0.00000     0.00000     0.00000
    -65.745         0.00000     0.00000     0.00000     0.00000
    -65.595         0.00000     0.00000     0.00000     0.00000
    -65.445         0.00000     0.00000     0.00000     0.00000
    -65.295         0.00000     0.00000     0.00000     0.00000
    -65.145         0.00000     0.00000     0.00000     0.00000
    -64.995         0.00000     0.00000     0.00000     0.00000
    -64.845         0.00000     0.00000     0.00000     0.00000
    -64.695         0.00000     0.00000     0.00000     0.00000
    -64.545         0.00000     0.00000     0.00000     0.00000
    -64.395         0.00000     0.00000     0.00000     0.00000
    -64.245         0.00000     0.00000     0.00000     0.00000
    -64.095         0.00000     0.00000     0.00000     0.00000
    -63.945         0.00000     0.00000     0.00000     0.00000
    -63.795         0.00000     0.00000     0.00000     0.00000
    -63.645         0.00000     0.00000     0.00000     0.00000
    -63.495         0.00000     0.00000     0.00000     0.00000
    -63.345         0.00000     0.00000     0.00000     0.00000
    -63.195         0.00000     0.00000     0.00000     0.00000
    -63.045         0.00000     0.00000     0.00000     0.00000
    -62.895         0.00000     0.00000     0.00000     0.00000
    -62.745         0.00000     0.00000     0.00000     0.00000
    -62.595         0.00000     0.00000     0.00000     0.00000
    -62.445         0.00000     0.00000     0.00000     0.00000
    -62.295         0.00000     0.00000     0.00000     0.00000
    -62.145         0.00000     0.00000     0.00000     0.00000
    -61.995         0.00000     0.00000     0.00000     0.00000
    -61.845         0.00000     0.00000     0.00000     0.00000
    -61.695         0.00000     0.00000     0.00000     0.00000
    -61.545         0.00000     0.00000     0.00000     0.00000
    -61.395         0.00000     0.00000     0.00000     0.00000
    -61.245         0.00000     0.00000     0.00000     0.00000
    -61.095         0.00000     0.00000     0.00000     0.00000
    -60.945         0.00000     0.00000     0.00000     0.00000
    -60.795         0.00000     0.00000     0.00000     0.00000
    -60.645         0.00000     0.00000     0.00000     0.00000
    -60.495         0.00000     0.00000     0.00000     0.00000
    -60.345         0.00000     0.00000     0.00000     0.00000
    -60.195         0.00000     0.00000     0.00000     0.00000
    -60.045         0.00000     0.00000     0.00000     0.00000
    -59.895         0.00000     0.00000     0.00000     0.00000
    -59.745         0.00000     0.00000     0.00000     0.00000
    -59.595         0.00000     0.00000     0.00000     0.00000
    -59.445         0.00000     0.00000     0.00000     0.00000
    -59.295         0.00000     0.00000     0.00000     0.00000
    -59.145         0.00000     0.00000     0.00000     0.00000
    -58.995         0.00000     0.00000     0.00000     0.00000
    -58.845         0.00000     0.00000     0.00000     0.00000
    -58.695         0.00000     0.00000     0.00000     0.00000
    -58.545         0.00000     0.00000     0.00000     0.00000
    -58.395         0.00000     0.00000     0.00000     0.00000
    -58.245         0.00000     0.00000     0.00000     0.00000
    -58.095         0.00000     0.00000     0.00000     0.00000
    -57.945         0.00000     0.00000     0.00000     0.00000
    -57.795         0.00000     0.00000     0.00000     0.00000
    -57.645         0.00000     0.00000     0.00000     0.00000
    -57.495         0.00000     0.00000     0.00000     0.00000
    -57.345         0.00000     0.00000     0.00000     0.00000
    -57.195         0.00000     0.00000     0.00000     0.00000
    -57.045         0.00000     0.00000     0.00000     0.00000
    -56.895         0.00000     0.00000     0.00000     0.00000
    -56.745         0.00000     0.00000     0.00000     0.00000
    -56.595         0.00000     0.00000     0.00000     0.00000
    -56.445         0.00000     0.00000     0.00000     0.00000
    -56.295         0.00000     0.00000     0.00000     0.00000
    -56.145         0.00000     0.00000     0.00000     0.00000
    -55.995         0.00000     0.00000     0.00000     0.00000
    -55.845         0.00000     0.00000     0.00000     0.00000
    -55.695         0.00000     0.00000     0.00000     0.00000
    -55.545         0.00000     0.00000     0.00000     0.00000
    -55.395         0.00000     0.00000     0.00000     0.00000
    -55.245         0.00000     0.00000     0.00000     0.00000
    -55.095         0.00000     0.00000     0.00000     0.00000
    -54.945         0.00000     0.00000     0.00000     0.00000
    -54.795         0.00000     0.00000     0.00000     0.00000
    -54.645         0.00000     0.00000     0.00000     0.00000
    -54.495         0.00000     0.00000     0.00000     0.00000
    -54.345         0.00000     0.00000     0.00000     0.00000
    -54.195         0.00000     0.00000     0.00000     0.00000
    -54.045         0.00000     0.00000     0.00000     0.00000
    -53.895         0.00000     0.00000     0.00000     0.00000
    -53.745         0.00000     0.00000     0.00000     0.00000
    -53.595         0.00000     0.00000     0.00000     0.00000
    -53.445         0.00000     0.00000     0.00000     0.00000
    -53.295         0.00000     0.00000     0.00000     0.00000
    -53.145         0.00000     0.00000     0.00000     0.00000
    -52.995         0.00000     0.00000     0.00000     0.00000
    -52.845         0.00000     0.00000     0.00000     0.00000
    -52.695         0.00000     0.00000     0.00000     0.00000
    -52.545         0.00000     0.00000     0.00000     0.00000
    -52.395         0.00000     0.00000     0.00000     0.00000
    -52.245         0.00000     0.00000     0.00000     0.00000
    -52.095         0.00000     0.00000     0.00000     0.00000
    -51.945         0.00000     0.00000     0.00000     0.00000
    -51.795         0.00000     0.00000     0.00000     0.00000
    -51.645         0.00000     0.00000     0.00000     0.00000
    -51.495         0.00000     0.00000     0.00000     0.00000
    -51.345         0.00000     0.00000     0.00000     0.00000
    -51.195         0.00000     0.00000     0.00000     0.00000
    -51.045         0.00000     0.00000     0.00000     0.00000
    -50.895         0.00000     0.00000     0.00000     0.00000
    -50.745         0.00000     0.00000     0.00000     0.00000
    -50.595         0.00000     0.00000     0.00000     0.00000
    -50.445         0.00000     0.00000     0.00000     0.00000
    -50.295         0.00000     0.00000     0.00000     0.00000
    -50.145         0.00000     0.00000     0.00000     0.00000
    -49.995         0.00000     0.00000     0.00000     0.00000
    -49.845         0.00000     0.00000     0.00000     0.00000
    -49.695         0.00000     0.00000     0.00000     0.00000
    -49.545         0.00000     0.00000     0.00000     0.00000
    -49.395         0.00000     0.00000     0.00000     0.00000
    -49.245         0.00000     0.00000     0.00000     0.00000
    -49.095         0.00000     0.00000     0.00000     0.00000
    -48.945         0.00000     0.00000     0.00000     0.00000
    -48.795         0.00000     0.00000     0.00000     0.00000
    -48.645         0.00000     0.00000     0.00000     0.00000
    -48.495         0.00000     0.00000     0.00000     0.00000
    -48.345         0.00000     0.00000     0.00000     0.00000
    -48.195         0.00000     0.00000     0.00000     0.00000
    -48.045         0.00000     0.00000     0.00000     0.00000
    -47.895         0.00000     0.00000     0.00000     0.00000
    -47.745         0.00000     0.00000     0.00000     0.00000
    -47.595         0.00000     0.00000     0.00000     0.00000
    -47.445         0.00000     0.00000     0.00000     0.00000
    -47.295         0.00000     0.00000     0.00000     0.00000
    -47.145         0.00000     0.00000     0.00000     0.00000
    -46.995         0.00000     0.00000     0.00000     0.00000
    -46.845         0.00000     0.00000     0.00000     0.00000
    -46.695         0.00000     0.00000     0.00000     0.00000
    -46.545         0.00000     0.00000     0.00000     0.00000
    -46.395         0.00000     0.00000     0.00000     0.00000
    -46.245         0.00000     0.00000     0.00000     0.00000
    -46.095         0.00000     0.00000     0.00000     0.00000
    -45.945         0.00000     0.00000     0.00000     0.00000
    -45.795         0.00000     0.00000     0.00000     0.00000
    -45.645         0.00000     0.00000     0.00000     0.00000
    -45.495         0.00000     0.00000     0.00000     0.00000
    -45.345         0.00000     0.00000     0.00000     0.00000
    -45.195         0.00000     0.00000     0.00000     0.00000
    -45.045         0.00000     0.00000     0.00000     0.00000
    -44.895         0.00000     0.00000     0.00000     0.00000
    -44.745         0.00000     0.00000     0.00000     0.00000
    -44.595         0.00000     0.00000     0.00000     0.00000
    -44.445         0.00000     0.00000     0.00000     0.00000
    -44.295         0.00000     0.00000     0.00000     0.00000
    -44.145         0.00000     0.00000     0.00000     0.00000
    -43.995         0.00000     0.00000     0.00000     0.00000
    -43.845         0.00000     0.00000     0.00000     0.00000
    -43.695         0.00000     0.00000     0.00000     0.00000
    -43.545         0.00000     0.00000     0.00000     0.00000
    -43.395         0.00000     0.00000     0.00000     0.00000
    -43.245         0.00000     0.00000     0.00000     0.00000
    -43.095         0.00000     0.00000     0.00000     0.00000
    -42.945         0.00000     0.00000     0.00000     0.00000
    -42.795         0.00000     0.00000     0.00000     0.00000
    -42.645         0.00000     0.00000     0.00000     0.00000
    -42.495         0.00000     0.00000     0.00000     0.00000
    -42.345         0.00000     0.00000     0.00000     0.00000
    -42.195         0.00000     0.00000     0.00000     0.00000
    -42.045         0.00000     0.00000     0.00000     0.00000
    -41.895         0.00000     0.00000     0.00000     0.00000
    -41.745         0.00000     0.00000     0.00000     0.00000
    -41.595         0.00000     0.00000     0.00000     0.00000
    -41.445         0.00000     0.00000     0.00000     0.00000
    -41.295         0.00000     0.00000     0.00000     0.00000
    -41.145         0.00000     0.00000     0.00000     0.00000
    -40.995         0.00000     0.00000     0.00000     0.00000
    -40.845         0.00000     0.00000     0.00000     0.00000
    -40.695         0.00000     0.00000     0.00000     0.00000
    -40.545         0.00000     0.00000     0.00000     0.00000
    -40.395         0.00000     0.00000     0.00000     0.00000
    -40.245         0.00000     0.00000     0.00000     0.00000
    -40.095         0.00000     0.00000     0.00000     0.00000
    -39.945         0.00000     0.00000     0.00000     0.00000
    -39.795         0.00000     0.00000     0.00000     0.00000
    -39.645         0.00000     0.00000     0.00000     0.00000
    -39.495         0.00000     0.00000     0.00000     0.00000
    -39.345         0.00000     0.00000     0.00000     0.00000
    -39.195         0.00000     0.00000     0.00000     0.00000
    -39.045         0.00000     0.00000     0.00000     0.00000
    -38.895         0.00000     0.00000     0.00000     0.00000
    -38.745         0.00000     0.00000     0.00000     0.00000
    -38.595         0.00000     0.00000     0.00000     0.00000
    -38.445         0.00000     0.00000     0.00000     0.00000
    -38.295         0.00000     0.00000     0.00000     0.00000
    -38.145         0.00000     0.00000     0.00000     0.00000
    -37.995         0.00000     0.00000     0.00000     0.00000
    -37.845         0.00000     0.00000     0.00000     0.00000
    -37.695         0.00000     0.00000     0.00000     0.00000
    -37.545         0.00000     0.00000     0.00000     0.00000
    -37.395         0.00000     0.00000     0.00000     0.00000
    -37.245         0.00000     0.00000     0.00000     0.00000
    -37.095         0.00000     0.00000     0.00000     0.00000
    -36.945         0.00000     0.00000     0.00000     0.00000
    -36.795         0.00000     0.00000     0.00000     0.00000
    -36.645         0.00000     0.00000     0.00000     0.00000
    -36.495         0.00000     0.00000     0.00000     0.00000
    -36.345         0.00000     0.00000     0.00000     0.00000
    -36.195         0.00000     0.00000     0.00000     0.00000
    -36.045         0.00000     0.00000     0.00000     0.00000
    -35.895         0.00000     0.00000     0.00000     0.00000
    -35.745         0.00000     0.00000     0.00000     0.00000
    -35.595         0.00000     0.00000     0.00000     0.00000
    -35.445         0.00000     0.00000     0.00000     0.00000
    -35.295         0.00000     0.00000     0.00000     0.00000
    -35.145         0.00000     0.00000     0.00000     0.00000
    -34.995         0.00000     0.00000     0.00000     0.00000
    -34.845         0.00000     0.00000     0.00000     0.00000
    -34.695         0.00000     0.00000     0.00000     0.00000
    -34.545         0.00000     0.00000     0.00000     0.00000
    -34.395         0.00000     0.00000     0.00000     0.00000
    -34.245         0.00000     0.00000     0.00000     0.00000
    -34.095         0.00000     0.00000     0.00000     0.00000
    -33.945         0.00000     0.00000     0.00000     0.00000
    -33.795         0.00000     0.00000     0.00000     0.00000
    -33.645         0.00000     0.00000     0.00000     0.00000
    -33.495         0.00000     0.00000     0.00000     0.00000
    -33.345         0.00000     0.00000     0.00000     0.00000
    -33.195         0.00000     0.00000     0.00000     0.00000
    -33.045         0.00000     0.00000     0.00000     0.00000
    -32.895         0.00000     0.00000     0.00000     0.00000
    -32.745         0.00000     0.00000     0.00000     0.00000
    -32.595         0.00000     0.00000     0.00000     0.00000
    -32.445         0.00000     0.00000     0.00000     0.00000
    -32.295         0.00000     0.00000     0.00000     0.00000
    -32.145         0.00000     0.00000     0.00000     0.00000
    -31.995         0.00000     0.00000     0.00000     0.00000
    -31.845         0.00000     0.00000     0.00000     0.00000
    -31.695         0.00000     0.00000     0.00000     0.00000
    -31.545         0.00000     0.00000     0.00000     0.00000
    -31.395         0.00000     0.00000     0.00000     0.00000
    -31.245         0.00000     0.00000     0.00000     0.00000
    -31.095         0.00000     0.00000     0.00000     0.00000
    -30.945         0.00000     0.00000     0.00000     0.00000
    -30.795         0.00000     0.00000     0.00000     0.00000
    -30.645         0.00000     0.00000     0.00000     0.00000
    -30.495         0.00000     0.00000     0.00000     0.00000
    -30.345         0.00000     0.00000     0.00000     0.00000
    -30.195         0.00000     0.00000     0.00000     0.00000
    -30.045         0.00000     0.00000     0.00000     0.00000
    -29.895         0.00000     0.00000     0.00000     0.00000
    -29.745         0.00000     0.00000     0.00000     0.00000
    -29.595         0.00000     0.00000     0.00000     0.00000
    -29.445         0.00000     0.00000     0.00000     0.00000
    -29.295         0.00000     0.00000     0.00000     0.00000
    -29.145         0.00000     0.00000     0.00000     0.00000
    -28.995         0.00000     0.00000     0.00000     0.00000
    -28.845         0.00000     0.00000     0.00000     0.00000
    -28.695         0.00000     0.00000     0.00000     0.00000
    -28.545         0.00000     0.00000     0.00000     0.00000
    -28.395         0.00000     0.00000     0.00000     0.00000
    -28.245         0.00000     0.00000     0.00000     0.00000
    -28.095         0.00000     0.00000     0.00000     0.00000
    -27.945         0.00000     0.00000     0.00000     0.00000
    -27.795         0.00000     0.00000     0.00000     0.00000
    -27.645         0.00000     0.00000     0.00000     0.00000
    -27.495         0.00000     0.00000     0.00000     0.00000
    -27.345         0.00000     0.00000     0.00000     0.00000
    -27.195         0.00000     0.00000     0.00000     0.00000
    -27.045         0.00000     0.00000     0.00000     0.00000
    -26.895         0.00000     0.00000     0.00000     0.00000
    -26.745         0.00000     0.00000     0.00000     0.00000
    -26.595         0.00000     0.00000     0.00000     0.00000
    -26.445         0.00000     0.00000     0.00000     0.00000
    -26.295         0.00000     0.00000     0.00000     0.00000
    -26.145         0.00000     0.00000     0.00000     0.00000
    -25.995         0.00000     0.00000     0.00000     0.00000
    -25.845         0.00000     0.00000     0.00000     0.00000
    -25.695         0.00000     0.00000     0.00000     0.00000
    -25.545         0.00000     0.00000     0.00000     0.00000
    -25.395         0.00000     0.00000     0.00000     0.00000
    -25.245         0.00000     0.00000     0.00000     0.00000
    -25.095         0.00000     0.00000     0.00000     0.00000
    -24.945         0.00000     0.00000     0.00000     0.00000
    -24.795         0.00000     0.00000     0.00000     0.00000
    -24.645         0.00000     0.00000     0.00000     0.00000
    -24.495         0.00000     0.00000     0.00000     0.00000
    -24.345         0.00000     0.00000     0.00000     0.00000
    -24.195         0.00000     0.00000     0.00000     0.00000
    -24.045         0.00000     0.00000     0.00000     0.00000
    -23.895         0.00000     0.00000     0.00000     0.00000
    -23.745         0.00000     0.00000     0.00000     0.00000
    -23.595         0.00000     0.00000     0.00000     0.00000
    -23.445         0.00000     0.00000     0.00000     0.00000
    -23.295         0.00000     0.00000     0.00000     0.00000
    -23.145         0.00000     0.00000     0.00000     0.00000
    -22.995         0.00000     0.00000     0.00000     0.00000
    -22.845         0.00000     0.00000     0.00000     0.00000
    -22.695         0.00000     0.00000     0.00000     0.00000
    -22.545         0.00000     0.00000     0.00000     0.00000
    -22.395         0.00000     0.00000     0.00000     0.00000
    -22.245         0.00000     0.00000     0.00000     0.00000
    -22.095         0.00000     0.00000     0.00000     0.00000
    -21.945         0.00000     0.00000     0.00000     0.00000
    -21.795         0.00000     0.00000     0.00000     0.00000
    -21.645         0.00000     0.00000     0.00000     0.00000
    -21.495         0.00000     0.00000     0.00000     0.00000
    -21.345         0.00000     0.00000     0.00000     0.00000
    -21.195         0.00000     0.00000     0.00000     0.00000
    -21.045         0.00000     0.00000     0.00000     0.00000
    -20.895         0.00000     0.00000     0.00000     0.00000
    -20.745         0.00000     0.00000     0.00000     0.00000
    -20.595         0.00000     0.00000     0.00000     0.00000
    -20.445         0.00000     0.00000     0.00000     0.00000
    -20.295         0.00000     0.00000     0.00000     0.00000
    -20.145         0.00000     0.00000     0.00000     0.00000
    -19.995         0.00000     0.00000     0.00000     0.00000
    -19.845         0.00000     0.00000     0.00000     0.00000
    -19.695         0.00000     0.00000     0.00000     0.00000
    -19.545         0.00000     0.00000     0.00000     0.00000
    -19.395         0.00000     0.00000     0.00000     0.00000
    -19.245         0.00000     0.00000     0.00000     0.00000
    -19.095         0.00000     0.00000     0.00000     0.00000
    -18.945         0.00000     0.00000     0.00000     0.00000
    -18.795         0.00000     0.00000     0.00000     0.00000
    -18.645         0.00000     0.00000     0.00000     0.00000
    -18.495         0.00000     0.00000     0.00000     0.00000
    -18.345         0.00000     0.00000     0.00000     0.00000
    -18.195         0.00000     0.00000     0.00000     0.00000
    -18.045         0.00000     0.00000     0.00000     0.00000
    -17.895         0.00000     0.00000     0.00000     0.00000
    -17.745         0.00000     0.00000     0.00000     0.00000
    -17.595         0.00000     0.00000     0.00000     0.00000
    -17.445         0.00000     0.00000     0.00000     0.00000
    -17.295         0.00000     0.00000     0.00000     0.00000
    -17.145         0.00000     0.00000     0.00000     0.00000
    -16.995         0.00000     0.00000     0.00000     0.00000
    -16.845         0.00000     0.00000     0.00000     0.00000
    -16.695         0.00000     0.00000     0.00000     0.00000
    -16.545         0.00000     0.00000     0.00000     0.00000
    -16.395         0.00000     0.00000     0.00000     0.00000
    -16.245         0.00000     0.00000     0.00000     0.00000
    -16.095         0.00000     0.00000     0.00000     0.00000
    -15.945         0.00000     0.00000     0.00000     0.00000
    -15.795         0.00000     0.00000     0.00000     0.00000
    -15.645         0.00000     0.00000     0.00000     0.00000
    -15.495         0.00000     0.00000     0.00000     0.00000
    -15.345         0.00000     0.00000     0.00000     0.00000
    -15.195         0.00000     0.00000     0.00000     0.00000
    -15.045         0.00000     0.00000     0.00000     0.00000
    -14.895         0.00000     0.00000     0.00000     0.00000
    -14.745         0.00000     0.00000     0.00000     0.00000
    -14.595         0.00000     0.00000     0.00000     0.00000
    -14.445         0.00000     0.00000     0.00000     0.00000
    -14.295         0.00000     0.00000     0.00000     0.00000
    -14.145         0.00000     0.00000     0.00000     0.00000
    -13.995         0.00000     0.00000     0.00000     0.00000
    -13.845         0.00000     0.00000     0.00000     0.00000
    -13.695         0.00000     0.00000     0.00000     0.00000
    -13.545         0.00000     0.00000     0.00000     0.00000
    -13.395         0.00000     0.00000     0.00000     0.00000
    -13.245         0.00000     0.00000     0.00000     0.00000
    -13.095         0.00000     0.00000     0.00000     0.00000
    -12.945         0.00000     0.00000     0.00000     0.00000
    -12.795         0.00000     0.00000     0.00000     0.00000
    -12.645         0.00000     0.00000     0.00000     0.00000
    -12.495         0.00000     0.00000     0.00000     0.00000
    -12.345         0.00000     0.00000     0.00000     0.00000
    -12.195         0.00000     0.00000     0.00000     0.00000
    -12.045         0.00000     0.00000     0.00000     0.00000
    -11.895         0.00000     0.00000     0.00000     0.00000
    -11.745         0.00000     0.00000     0.00000     0.00000
    -11.595         0.00000     0.00000     0.00000     0.00000
    -11.445         0.00000     0.00000     0.00000     0.00000
    -11.295         0.00000     0.00000     0.00000     0.00000
    -11.145         0.00000     0.00000     0.00000     0.00000
    -10.995         0.00000     0.00000     0.00000     0.00000
    -10.845         0.00000     0.00000     0.00000     0.00000
    -10.695         0.00000     0.00000     0.00000     0.00000
    -10.545         0.00000     0.00000     0.00000     0.00000
    -10.395         0.00000     0.00000     0.00000     0.00000
    -10.245         0.00000     0.00000     0.00000     0.00000
    -10.095         0.00000     0.00000     0.00000     0.00000
    -9.9450         0.00000     0.00000     0.00000     0.00000
    -9.7950         0.00000     0.00000     0.00000     0.00000
    -9.6450         0.00000     0.00000     0.00000     0.00000
    -9.4950         0.00000     0.00000     0.00000     0.00000
    -9.3450         0.00000     0.00000     0.00000     0.00000
    -9.1950         0.00000     0.00000     0.00000     0.00000
    -9.0450         0.00000     0.00000     0.00000     0.00000
    -8.8950         0.00000     0.00000     0.00000     0.00000
    -8.7450         0.00000     0.00000     0.00000     0.00000
    -8.5950         0.00000     0.00000     0.00000     0.00000
    -8.4450         0.00000     0.00000     0.00000     0.00000
    -8.2950         0.00000     0.00000     0.00000     0.00000
    -8.1450         0.00000     0.00000     0.00000     0.00000
    -7.9950         0.00000     0.00000     0.00000     0.00000
    -7.8450         0.00000     0.00000     0.00000     0.00000
    -7.6950         0.00000     0.00000     0.00000     0.00000
    -7.5450         0.00000     0.00000     0.00000     0.00000
    -7.3950         0.00000     0.00000     0.00000     0.00000
    -7.2450         0.00000     0.00000     0.00000     0.00000
    -7.0950         0.00000     0.00000     0.00000     0.00000
    -6.9450         0.00000     0.00000     0.00000     0.00000
    -6.7950         0.00000     0.00000     0.00000     0.00000
    -6.6450         0.00000     0.00000     0.00000     0.00000
    -6.4950         0.00000     0.00000     0.00000     0.00000
    -6.3450         0.00000     0.00000     0.00000     0.00000
    -6.1950         0.00000     0.00000     0.00000     0.00000
    -6.0450         0.00000     0.00000     0.00000     0.00000
    -5.8950         0.00000     0.00000     0.00000     0.00000
    -5.7450         0.00000     0.00000     0.00000     0.00000
    -5.5950         0.00000     0.00000     0.00000     0.00000
    -5.4450         0.00000     0.00000     0.00000     0.00000
    -5.2950         0.00000     0.00000     0.00000     0.00000
    -5.1450         0.00000     0.00000     0.00000     0.00000
    -4.9950         0.00000     0.00000     0.00000     0.00000
    -4.8450         0.00000     0.00000     0.00000     0.00000
    -4.6950         0.00000     0.00000     0.00000     0.00000
    -4.5450         0.00000     0.00000     0.00000     0.00000
    -4.3950         0.00000     0.00000     0.00000     0.00000
    -4.2450         0.00000     0.00000     0.00000     0.00000
    -4.0950         0.00000     0.00000     0.00000     0.00000
    -3.9450         0.00000     0.00000     0.00000     0.00000
    -3.7950         0.00000     0.00000     0.00000     0.00000
    -3.6450         0.00000     0.00000     0.00000     0.00000
    -3.4950         0.00000     0.00000     0.00000     0.00000
    -3.3450         0.00000     0.00000     0.00000     0.00000
    -3.1950         0.00000     0.00000     0.00000     0.00000
    -3.0450         0.00000     0.00000     0.00000     0.00000
    -2.8950         0.00000     0.00000     0.00000     0.00000
    -2.7450         0.00000     0.00000     0.00000     0.00000
    -2.5950         0.00000     0.00000     0.00000     0.00000
    -2.4450         0.00000     0.00000     0.00000     0.00000
    -2.2950         0.00000     0.00000     0.00000     0.00000
    -2.1450         0.00000     0.00000     0.00000     0.00000
    -1.9950         0.00000     0.00000     0.00000     0.00000
    -1.8450         0.00000     0.00000     0.00000     0.00000
    -1.6950         0.00000     0.00000     0.00000     0.00000
    -1.5450        -0.00000    -0.00000     0.00000     0.00000
    -1.3950        -0.00000    -0.00000     0.00000     0.00000
    -1.2450        -0.00000    -0.00000     0.00000     0.00000
    -1.0950        -0.00001    -0.00001     0.00000    -0.00000
   -0.94500        -0.00000    -0.00002     0.00001     0.00001
   -0.79500        -0.00322    -0.00007    -0.00224    -0.00092
   -0.64500        -0.05797    -0.00014    -0.02639    -0.03144
   -0.49500        -0.46753    -0.00119    -0.07353    -0.39281
   -0.34500        -2.34659    -0.00377    -0.10718    -2.23564
   -0.22700        -3.02763    -0.00482    -0.11753    -2.90528
   -0.21300        -3.09963    -0.00495    -0.11884    -2.97584
   -0.20700        -3.17059    -0.00506    -0.12013    -3.04541
   -0.20100        -3.24041    -0.00530    -0.12140    -3.11371
   -0.19500        -3.30760    -0.00557    -0.12272    -3.17931
   -0.18900        -3.37416    -0.00573    -0.12406    -3.24437
   -0.18300        -3.44037    -0.00593    -0.12539    -3.30904
   -0.17700        -3.50493    -0.00612    -0.12683    -3.37198
   -0.17100        -3.56795    -0.00636    -0.12822    -3.43336
   -0.16500        -3.63020    -0.00657    -0.12972    -3.49390
   -0.15900        -3.69208    -0.00653    -0.13114    -3.55441
   -0.15300        -3.75341    -0.00665    -0.13265    -3.61411
   -0.14700        -3.81484    -0.00698    -0.13425    -3.67362
   -0.14100        -3.87505    -0.00716    -0.13583    -3.73206
   -0.13500        -3.93503    -0.00751    -0.13749    -3.79003
   -0.12900        -3.99597    -0.00799    -0.13927    -3.84871
   -0.12300        -4.05722    -0.00842    -0.14100    -3.90781
   -0.11700        -4.11861    -0.00891    -0.14285    -3.96684
   -0.11100        -4.18073    -0.00952    -0.14478    -4.02642
   -0.10500        -4.24356    -0.01014    -0.14697    -4.08645
   -0.99000E-01    -4.30720    -0.01075    -0.14913    -4.14731
   -0.93000E-01    -4.37290    -0.01141    -0.15144    -4.21005
   -0.87000E-01    -4.44003    -0.01215    -0.15398    -4.27390
   -0.81000E-01    -4.50912    -0.01295    -0.15660    -4.33957
   -0.75000E-01    -4.58067    -0.01380    -0.15951    -4.40736
   -0.69000E-01    -4.65537    -0.01479    -0.16260    -4.47798
   -0.63000E-01    -4.73402    -0.01592    -0.16586    -4.55225
   -0.57000E-01    -4.81721    -0.01716    -0.16933    -4.63072
   -0.51000E-01    -4.90698    -0.01861    -0.17284    -4.71554
   -0.45000E-01    -5.00599    -0.02031    -0.17679    -4.80888
   -0.39000E-01    -5.11720    -0.02242    -0.18124    -4.91354
   -0.33000E-01    -5.24421    -0.02508    -0.18609    -5.03304
   -0.27000E-01    -5.38903    -0.02848    -0.19173    -5.16882
   -0.21300E-01    -5.49882    -0.03160    -0.19624    -5.27099
   -0.19500E-01    -5.51576    -0.03211    -0.19694    -5.28670
   -0.18900E-01    -5.53305    -0.03268    -0.19768    -5.30269
   -0.18300E-01    -5.55052    -0.03325    -0.19845    -5.31882
   -0.17700E-01    -5.56823    -0.03386    -0.19925    -5.33512
   -0.17100E-01    -5.58620    -0.03451    -0.20006    -5.35163
   -0.16500E-01    -5.60454    -0.03514    -0.20093    -5.36848
   -0.15900E-01    -5.62330    -0.03584    -0.20186    -5.38560
   -0.15300E-01    -5.64225    -0.03654    -0.20282    -5.40290
   -0.14700E-01    -5.66153    -0.03726    -0.20382    -5.42045
   -0.14100E-01    -5.68123    -0.03808    -0.20484    -5.43830
   -0.13500E-01    -5.70130    -0.03889    -0.20597    -5.45644
   -0.12900E-01    -5.72187    -0.03979    -0.20712    -5.47496
   -0.12300E-01    -5.74304    -0.04075    -0.20834    -5.49396
   -0.11700E-01    -5.76463    -0.04173    -0.20968    -5.51322
   -0.11100E-01    -5.78695    -0.04278    -0.21110    -5.53307
   -0.10500E-01    -5.80996    -0.04387    -0.21268    -5.55341
   -0.99000E-02    -5.83366    -0.04506    -0.21436    -5.57424
   -0.93000E-02    -5.85837    -0.04636    -0.21627    -5.59574
   -0.87000E-02    -5.88403    -0.04773    -0.21832    -5.61798
   -0.81000E-02    -5.91062    -0.04920    -0.22059    -5.64083
   -0.75000E-02    -5.93848    -0.05083    -0.22317    -5.66449
   -0.69000E-02    -5.96791    -0.05258    -0.22610    -5.68923
   -0.63000E-02    -5.99892    -0.05456    -0.22943    -5.71493
   -0.57000E-02    -6.03195    -0.05673    -0.23333    -5.74189
   -0.51000E-02    -6.06712    -0.05916    -0.23794    -5.77002
   -0.45000E-02    -6.10482    -0.06185    -0.24345    -5.79952
   -0.39000E-02    -6.14539    -0.06484    -0.25037    -5.83018
   -0.33000E-02    -6.18951    -0.06827    -0.25927    -5.86197
   -0.27000E-02    -6.23759    -0.07216    -0.27136    -5.89407
   -0.21000E-02    -6.29261    -0.07658    -0.29020    -5.92583
   -0.15000E-02    -6.36491    -0.08154    -0.32575    -5.95762
   -0.90000E-03    -6.46638    -0.08682    -0.38047    -5.99909
   -0.30000E-03    -7.94633    -0.09080    -0.39203    -7.46350
    0.30000E-03    -6.46959    -0.07920    -0.38807    -6.00233
    0.90000E-03    -6.38550    -0.02451    -0.38278    -5.97821
    0.15000E-02    -6.33988     0.01119    -0.37777    -5.97329
    0.21000E-02    -6.31561     0.03005    -0.37337    -5.97229
    0.27000E-02    -6.29945     0.04217    -0.36952    -5.97209
    0.33000E-02    -6.28724     0.05097    -0.36617    -5.97205
    0.39000E-02    -6.27735     0.05787    -0.36319    -5.97203
    0.45000E-02    -6.26918     0.06341    -0.36057    -5.97202
    0.51000E-02    -6.26222     0.06804    -0.35824    -5.97201
    0.57000E-02    -6.25617     0.07197    -0.35614    -5.97201
    0.63000E-02    -6.25093     0.07535    -0.35429    -5.97199
    0.69000E-02    -6.24631     0.07830    -0.35262    -5.97198
    0.75000E-02    -6.24223     0.08089    -0.35115    -5.97197
    0.81000E-02    -6.23848     0.08323    -0.34976    -5.97195
    0.87000E-02    -6.23519     0.08529    -0.34854    -5.97194
    0.93000E-02    -6.23219     0.08715    -0.34742    -5.97193
    0.99000E-02    -6.22944     0.08887    -0.34640    -5.97191
    0.10500E-01    -6.22694     0.09041    -0.34545    -5.97190
    0.11100E-01    -6.22465     0.09183    -0.34460    -5.97188
    0.11700E-01    -6.22254     0.09313    -0.34382    -5.97186
    0.12300E-01    -6.22061     0.09435    -0.34313    -5.97184
    0.12900E-01    -6.21878     0.09551    -0.34248    -5.97181
    0.13500E-01    -6.21708     0.09660    -0.34188    -5.97179
    0.14100E-01    -6.21552     0.09760    -0.34134    -5.97177
    0.14700E-01    -6.21407     0.09853    -0.34085    -5.97175
    0.15300E-01    -6.21274     0.09940    -0.34042    -5.97172
    0.15900E-01    -6.21143     0.10023    -0.33997    -5.97169
    0.16500E-01    -6.21029     0.10097    -0.33960    -5.97166
    0.17100E-01    -6.20918     0.10170    -0.33925    -5.97163
    0.17700E-01    -6.20814     0.10239    -0.33892    -5.97161
    0.18300E-01    -6.20714     0.10304    -0.33860    -5.97157
    0.18900E-01    -6.20626     0.10362    -0.33833    -5.97154
    0.19500E-01    -6.20537     0.10420    -0.33806    -5.97151
    0.21300E-01    -6.20045     0.10756    -0.33672    -5.97129
    0.27000E-01    -6.19567     0.11094    -0.33576    -5.97085
    0.33000E-01    -6.19229     0.11340    -0.33534    -5.97036
    0.39000E-01    -6.18972     0.11521    -0.33516    -5.96977
    0.45000E-01    -6.18768     0.11651    -0.33507    -5.96911
    0.51000E-01    -6.18601     0.11744    -0.33504    -5.96841
    0.57000E-01    -6.18438     0.11827    -0.33501    -5.96765
    0.63000E-01    -6.18276     0.11883    -0.33477    -5.96682
    0.69000E-01    -6.18138     0.11928    -0.33476    -5.96591
    0.75000E-01    -6.18004     0.11962    -0.33474    -5.96492
    0.81000E-01    -6.17865     0.11988    -0.33473    -5.96380
    0.87000E-01    -6.17713     0.12010    -0.33458    -5.96266
    0.93000E-01    -6.17579     0.12032    -0.33456    -5.96155
    0.99000E-01    -6.17428     0.12046    -0.33441    -5.96033
    0.10500        -6.17276     0.12057    -0.33426    -5.95907
    0.11100        -6.17128     0.12067    -0.33424    -5.95771
    0.11700        -6.16969     0.12077    -0.33409    -5.95637
    0.12300        -6.16818     0.12083    -0.33408    -5.95494
    0.12900        -6.16651     0.12088    -0.33393    -5.95346
    0.13500        -6.16494     0.12091    -0.33391    -5.95194
    0.14100        -6.16325     0.12097    -0.33390    -5.95033
    0.14700        -6.16127     0.12122    -0.33375    -5.94873
    0.15300        -6.15945     0.12127    -0.33373    -5.94699
    0.15900        -6.15766     0.12146    -0.33370    -5.94542
    0.16500        -6.15594     0.12152    -0.33356    -5.94389
    0.17100        -6.15403     0.12166    -0.33354    -5.94215
    0.17700        -6.15221     0.12178    -0.33341    -5.94058
    0.18300        -6.15029     0.12179    -0.33339    -5.93870
    0.18900        -6.14837     0.12190    -0.33335    -5.93691
    0.19500        -6.14635     0.12198    -0.33322    -5.93511
    0.20100        -6.14440     0.12205    -0.33320    -5.93326
    0.20700        -6.14212     0.12213    -0.33306    -5.93119
    0.21300        -6.13998     0.12220    -0.33293    -5.92925
    0.22700        -6.12208     0.12237    -0.33271    -5.91174
    0.34500        -6.06104     0.12271    -0.33155    -5.85220
    0.49500        -5.99325     0.12329    -0.32901    -5.78754
    0.64500        -5.92678     0.12376    -0.32774    -5.72280
    0.79500        -5.86137     0.12414    -0.32662    -5.65890
    0.94500        -5.79648     0.12446    -0.32520    -5.59575
     1.0950        -5.73166     0.12473    -0.32399    -5.53240
     1.2450        -5.66790     0.12498    -0.32240    -5.47048
     1.3950        -5.60591     0.12522    -0.32120    -5.40993
     1.5450        -5.54512     0.12540    -0.31980    -5.35072
     1.6950        -5.48632     0.12556    -0.31849    -5.29339
     1.8450        -5.42919     0.12571    -0.31724    -5.23767
     1.9950        -5.37414     0.12585    -0.31606    -5.18394
     2.1450        -5.32104     0.12600    -0.31495    -5.13209
     2.2950        -5.27001     0.12613    -0.31390    -5.08224
     2.4450        -5.22097     0.12625    -0.31288    -5.03434
     2.5950        -5.17380     0.12636    -0.31191    -4.98825
     2.7450        -5.12822     0.12646    -0.31098    -4.94370
     2.8950        -5.08449     0.12657    -0.31010    -4.90097
     3.0450        -5.04256     0.12668    -0.30924    -4.86000
     3.1950        -5.00226     0.12678    -0.30841    -4.82063
     3.3450        -4.96297     0.12687    -0.30761    -4.78223
     3.4950        -4.92560     0.12696    -0.30684    -4.74572
     3.6450        -4.88949     0.12704    -0.30610    -4.71044
     3.7950        -4.85449     0.12713    -0.30539    -4.67622
     3.9450        -4.82083     0.12720    -0.30471    -4.64332
     4.0950        -4.78814     0.12727    -0.30403    -4.61138
     4.2450        -4.75661     0.12734    -0.30339    -4.58057
     4.3950        -4.72607     0.12740    -0.30275    -4.55072
     4.5450        -4.69645     0.12747    -0.30214    -4.52178
     4.6950        -4.66779     0.12754    -0.30155    -4.49378
     4.8450        -4.63987     0.12761    -0.30097    -4.46650
     4.9950        -4.61275     0.12766    -0.30040    -4.44001
     5.1450        -4.58639     0.12771    -0.29984    -4.41426
     5.2950        -4.56069     0.12776    -0.29931    -4.38914
     5.4450        -4.53573     0.12781    -0.29878    -4.36476
     5.5950        -4.51144     0.12787    -0.29826    -4.34105
     5.7450        -4.48775     0.12791    -0.29776    -4.31789
     5.8950        -4.46466     0.12794    -0.29727    -4.29533
     6.0450        -4.44215     0.12799    -0.29680    -4.27334
     6.1950        -4.42008     0.12804    -0.29632    -4.25180
     6.3450        -4.39854     0.12808    -0.29586    -4.23076
     6.4950        -4.37746     0.12813    -0.29541    -4.21018
     6.6450        -4.35685     0.12818    -0.29497    -4.19005
     6.7950        -4.33671     0.12823    -0.29454    -4.17039
     6.9450        -4.31704     0.12827    -0.29412    -4.15119
     7.0950        -4.29774     0.12831    -0.29371    -4.13234
     7.2450        -4.27883     0.12835    -0.29330    -4.11388
     7.3950        -4.26026     0.12839    -0.29290    -4.09575
     7.5450        -4.24211     0.12843    -0.29251    -4.07802
     7.6950        -4.22431     0.12847    -0.29213    -4.06065
     7.8450        -4.20682     0.12851    -0.29176    -4.04357
     7.9950        -4.18966     0.12854    -0.29139    -4.02681
     8.1450        -4.17281     0.12857    -0.29102    -4.01036
     8.2950        -4.15625     0.12860    -0.29067    -3.99419
     8.4450        -4.14001     0.12864    -0.29031    -3.97834
     8.5950        -4.12407     0.12867    -0.28997    -3.96278
     8.7450        -4.10837     0.12870    -0.28962    -3.94745
     8.8950        -4.09296     0.12873    -0.28929    -3.93240
     9.0450        -4.07778     0.12876    -0.28896    -3.91758
     9.1950        -4.06286     0.12879    -0.28864    -3.90301
     9.3450        -4.04821     0.12882    -0.28832    -3.88870
     9.4950        -4.03377     0.12885    -0.28801    -3.87461
     9.6450        -4.01953     0.12888    -0.28770    -3.86071
     9.7950        -4.00553     0.12890    -0.28739    -3.84704
     9.9450        -3.99174     0.12894    -0.28709    -3.83359
     10.095        -3.97814     0.12897    -0.28679    -3.82032
     10.245        -3.96473     0.12899    -0.28649    -3.80723
     10.395        -3.95160     0.12902    -0.28621    -3.79441
     10.545        -3.93864     0.12904    -0.28592    -3.78176
     10.695        -3.92588     0.12907    -0.28564    -3.76930
     10.845        -3.91328     0.12910    -0.28536    -3.75702
     10.995        -3.90086     0.12912    -0.28509    -3.74489
     11.145        -3.88861     0.12915    -0.28482    -3.73294
     11.295        -3.87653     0.12918    -0.28455    -3.72115
     11.445        -3.86460     0.12921    -0.28429    -3.70952
     11.595        -3.85280     0.12923    -0.28403    -3.69800
     11.745        -3.84119     0.12925    -0.28378    -3.68667
     11.895        -3.82972     0.12928    -0.28352    -3.67548
     12.045        -3.81840     0.12930    -0.28327    -3.66443
     12.195        -3.80724     0.12932    -0.28302    -3.65354
     12.345        -3.79619     0.12935    -0.28278    -3.64276
     12.495        -3.78533     0.12937    -0.28254    -3.63216
     12.645        -3.77459     0.12939    -0.28231    -3.62167
     12.795        -3.76393     0.12941    -0.28207    -3.61127
     12.945        -3.75339     0.12943    -0.28184    -3.60098
     13.095        -3.74300     0.12945    -0.28161    -3.59084
     13.245        -3.73274     0.12947    -0.28139    -3.58083
     13.395        -3.72259     0.12949    -0.28116    -3.57092
     13.545        -3.71256     0.12951    -0.28094    -3.56113
     13.695        -3.70263     0.12953    -0.28072    -3.55144
     13.845        -3.69283     0.12955    -0.28050    -3.54187
     13.995        -3.68311     0.12956    -0.28028    -3.53240
     14.145        -3.67352     0.12958    -0.28007    -3.52304
     14.295        -3.66400     0.12960    -0.27986    -3.51375
     14.445        -3.65461     0.12962    -0.27965    -3.50458
     14.595        -3.64535     0.12964    -0.27945    -3.49554
     14.745        -3.63618     0.12965    -0.27925    -3.48658
     14.895        -3.62707     0.12967    -0.27905    -3.47770
     15.045        -3.61806     0.12969    -0.27884    -3.46890
     15.195        -3.60917     0.12970    -0.27865    -3.46022
     15.345        -3.60037     0.12972    -0.27845    -3.45163
     15.495        -3.59163     0.12973    -0.27826    -3.44310
     15.645        -3.58302     0.12975    -0.27806    -3.43470
     15.795        -3.57446     0.12977    -0.27787    -3.42635
     15.945        -3.56599     0.12979    -0.27769    -3.41809
     16.095        -3.55760     0.12980    -0.27750    -3.40990
     16.245        -3.54930     0.12982    -0.27732    -3.40180
     16.395        -3.54108     0.12984    -0.27714    -3.39378
     16.545        -3.53293     0.12985    -0.27695    -3.38583
     16.695        -3.52485     0.12987    -0.27676    -3.37795
     16.845        -3.51686     0.12989    -0.27659    -3.37016
     16.995        -3.50892     0.12991    -0.27641    -3.36242
     17.145        -3.50108     0.12992    -0.27624    -3.35477
     17.295        -3.49334     0.12994    -0.27607    -3.34721
     17.445        -3.48562     0.12996    -0.27590    -3.33968
     17.595        -3.47800     0.12997    -0.27573    -3.33225
     17.745        -3.47043     0.12999    -0.27555    -3.32486
     17.895        -3.46291     0.13000    -0.27538    -3.31753
     18.045        -3.45548     0.13001    -0.27522    -3.31027
     18.195        -3.44810     0.13003    -0.27505    -3.30307
     18.345        -3.44079     0.13004    -0.27489    -3.29594
     18.495        -3.43356     0.13005    -0.27472    -3.28889
     18.645        -3.42636     0.13007    -0.27457    -3.28186
     18.795        -3.41922     0.13008    -0.27441    -3.27489
     18.945        -3.41213     0.13010    -0.27425    -3.26798
     19.095        -3.40514     0.13011    -0.27409    -3.26115
     19.245        -3.39820     0.13012    -0.27394    -3.25438
     19.395        -3.39130     0.13014    -0.27378    -3.24766
     19.545        -3.38446     0.13016    -0.27363    -3.24099
     19.695        -3.37767     0.13017    -0.27348    -3.23436
     19.845        -3.37093     0.13019    -0.27333    -3.22779
     19.995        -3.36427     0.13021    -0.27318    -3.22130
     20.145        -3.35765     0.13022    -0.27303    -3.21484
     20.295        -3.35110     0.13023    -0.27288    -3.20845
     20.445        -3.34459     0.13025    -0.27273    -3.20211
     20.595        -3.33813     0.13026    -0.27258    -3.19580
     20.745        -3.33171     0.13027    -0.27244    -3.18955
     20.895        -3.32536     0.13028    -0.27229    -3.18335
     21.045        -3.31904     0.13029    -0.27215    -3.17718
     21.195        -3.31276     0.13030    -0.27201    -3.17106
     21.345        -3.30655     0.13031    -0.27186    -3.16499
     21.495        -3.30036     0.13032    -0.27172    -3.15897
     21.645        -3.29424     0.13034    -0.27158    -3.15300
     21.795        -3.28814     0.13036    -0.27144    -3.14705
     21.945        -3.28210     0.13037    -0.27130    -3.14117
     22.095        -3.27610     0.13039    -0.27117    -3.13532
     22.245        -3.27016     0.13040    -0.27103    -3.12952
     22.395        -3.26423     0.13041    -0.27090    -3.12374
     22.545        -3.25835     0.13042    -0.27077    -3.11801
     22.695        -3.25253     0.13043    -0.27063    -3.11232
     22.845        -3.24675     0.13043    -0.27050    -3.10668
     22.995        -3.24102     0.13044    -0.27037    -3.10109
     23.145        -3.23532     0.13046    -0.27025    -3.09553
     23.295        -3.22963     0.13047    -0.27012    -3.08998
     23.445        -3.22398     0.13048    -0.26999    -3.08447
     23.595        -3.21839     0.13049    -0.26986    -3.07902
     23.745        -3.21283     0.13050    -0.26973    -3.07359
     23.895        -3.20731     0.13052    -0.26961    -3.06822
     24.045        -3.20182     0.13053    -0.26948    -3.06286
     24.195        -3.19637     0.13054    -0.26936    -3.05755
     24.345        -3.19098     0.13055    -0.26923    -3.05229
     24.495        -3.18559     0.13056    -0.26911    -3.04703
     24.645        -3.18027     0.13057    -0.26899    -3.04184
     24.795        -3.17495     0.13058    -0.26887    -3.03666
     24.945        -3.16968     0.13059    -0.26875    -3.03152
     25.095        -3.16442     0.13059    -0.26863    -3.02639
     25.245        -3.15923     0.13060    -0.26851    -3.02131
     25.395        -3.15407     0.13061    -0.26840    -3.01628
     25.545        -3.14892     0.13062    -0.26828    -3.01126
     25.695        -3.14381     0.13063    -0.26817    -3.00627
     25.845        -3.13873     0.13064    -0.26805    -3.00132
     25.995        -3.13366     0.13065    -0.26794    -2.99638
     26.145        -3.12864     0.13067    -0.26782    -2.99149
     26.295        -3.12365     0.13068    -0.26771    -2.98663
     26.445        -3.11871     0.13068    -0.26759    -2.98180
     26.595        -3.11379     0.13070    -0.26748    -2.97700
     26.745        -3.10889     0.13071    -0.26737    -2.97223
     26.895        -3.10401     0.13072    -0.26726    -2.96747
     27.045        -3.09918     0.13073    -0.26714    -2.96277
     27.195        -3.09437     0.13074    -0.26703    -2.95808
     27.345        -3.08960     0.13075    -0.26692    -2.95342
     27.495        -3.08484     0.13076    -0.26682    -2.94879
     27.645        -3.08011     0.13077    -0.26671    -2.94417
     27.795        -3.07540     0.13078    -0.26660    -2.93958
     27.945        -3.07074     0.13079    -0.26649    -2.93504
     28.095        -3.06610     0.13079    -0.26638    -2.93051
     28.245        -3.06148     0.13080    -0.26628    -2.92600
     28.395        -3.05689     0.13081    -0.26617    -2.92152
     28.545        -3.05232     0.13082    -0.26607    -2.91707
     28.695        -3.04778     0.13083    -0.26597    -2.91264
     28.845        -3.04326     0.13084    -0.26587    -2.90823
     28.995        -3.03878     0.13085    -0.26576    -2.90386
     29.145        -3.03433     0.13085    -0.26566    -2.89952
     29.295        -3.02989     0.13086    -0.26556    -2.89519
     29.445        -3.02547     0.13087    -0.26546    -2.89088
     29.595        -3.02108     0.13088    -0.26536    -2.88660
     29.745        -3.01671     0.13089    -0.26526    -2.88234
     29.895        -3.01235     0.13090    -0.26516    -2.87809
     30.045        -3.00804     0.13091    -0.26506    -2.87389
     30.195        -3.00375     0.13092    -0.26496    -2.86971
     30.345        -2.99950     0.13092    -0.26486    -2.86556
     30.495        -2.99522     0.13093    -0.26477    -2.86139
     30.645        -2.99100     0.13094    -0.26467    -2.85727
     30.795        -2.98678     0.13095    -0.26457    -2.85315
     30.945        -2.98260     0.13095    -0.26448    -2.84908
     31.095        -2.97845     0.13096    -0.26438    -2.84503
     31.245        -2.97431     0.13097    -0.26429    -2.84099
     31.395        -2.97019     0.13098    -0.26419    -2.83698
     31.545        -2.96612     0.13099    -0.26410    -2.83300
     31.695        -2.96205     0.13099    -0.26400    -2.82905
     31.845        -2.95801     0.13100    -0.26391    -2.82510
     31.995        -2.95398     0.13101    -0.26382    -2.82117
     32.145        -2.94997     0.13101    -0.26372    -2.81726
     32.295        -2.94598     0.13102    -0.26363    -2.81336
     32.445        -2.94201     0.13103    -0.26354    -2.80950
     32.595        -2.93805     0.13103    -0.26345    -2.80563
     32.745        -2.93411     0.13104    -0.26336    -2.80179
     32.895        -2.93020     0.13104    -0.26327    -2.79798
     33.045        -2.92630     0.13105    -0.26318    -2.79417
     33.195        -2.92244     0.13106    -0.26309    -2.79041
     33.345        -2.91859     0.13106    -0.26300    -2.78665
     33.495        -2.91475     0.13107    -0.26291    -2.78292
     33.645        -2.91094     0.13108    -0.26282    -2.77920
     33.795        -2.90713     0.13109    -0.26273    -2.77548
     33.945        -2.90333     0.13110    -0.26265    -2.77178
     34.095        -2.89955     0.13111    -0.26256    -2.76810
     34.245        -2.89580     0.13111    -0.26247    -2.76444
     34.395        -2.89207     0.13112    -0.26239    -2.76080
     34.545        -2.88837     0.13113    -0.26230    -2.75719
     34.695        -2.88467     0.13114    -0.26222    -2.75359
     34.845        -2.88099     0.13115    -0.26213    -2.75000
     34.995        -2.87734     0.13115    -0.26205    -2.74645
     35.145        -2.87369     0.13116    -0.26196    -2.74289
     35.295        -2.87007     0.13117    -0.26188    -2.73935
     35.445        -2.86646     0.13117    -0.26180    -2.73583
     35.595        -2.86288     0.13118    -0.26172    -2.73234
     35.745        -2.85931     0.13118    -0.26163    -2.72886
     35.895        -2.85576     0.13119    -0.26155    -2.72540
     36.045        -2.85223     0.13120    -0.26147    -2.72195
     36.195        -2.84871     0.13120    -0.26139    -2.71853
     36.345        -2.84521     0.13121    -0.26131    -2.71510
     36.495        -2.84171     0.13121    -0.26123    -2.71170
     36.645        -2.83823     0.13122    -0.26115    -2.70831
     36.795        -2.83478     0.13123    -0.26107    -2.70494
     36.945        -2.83133     0.13124    -0.26099    -2.70159
     37.095        -2.82789     0.13124    -0.26091    -2.69823
     37.245        -2.82448     0.13125    -0.26083    -2.69490
     37.395        -2.82107     0.13126    -0.26075    -2.69158
     37.545        -2.81768     0.13126    -0.26067    -2.68827
     37.695        -2.81430     0.13127    -0.26059    -2.68497
     37.845        -2.81093     0.13127    -0.26052    -2.68169
     37.995        -2.80759     0.13128    -0.26044    -2.67844
     38.145        -2.80427     0.13129    -0.26036    -2.67520
     38.295        -2.80096     0.13130    -0.26028    -2.67198
     38.445        -2.79766     0.13131    -0.26021    -2.66876
     38.595        -2.79436     0.13131    -0.26013    -2.66554
     38.745        -2.79108     0.13132    -0.26005    -2.66234
     38.895        -2.78782     0.13132    -0.25998    -2.65917
     39.045        -2.78457     0.13133    -0.25990    -2.65600
     39.195        -2.78133     0.13133    -0.25983    -2.65284
     39.345        -2.77810     0.13134    -0.25975    -2.64969
     39.495        -2.77489     0.13135    -0.25968    -2.64656
     39.645        -2.77169     0.13135    -0.25961    -2.64344
     39.795        -2.76850     0.13136    -0.25953    -2.64033
     39.945        -2.76534     0.13137    -0.25946    -2.63724
     40.095        -2.76219     0.13138    -0.25939    -2.63418
     40.245        -2.75906     0.13138    -0.25932    -2.63113
     40.395        -2.75592     0.13139    -0.25925    -2.62806
     40.545        -2.75280     0.13140    -0.25917    -2.62502
     40.695        -2.74969     0.13141    -0.25910    -2.62199
     40.845        -2.74659     0.13141    -0.25903    -2.61897
     40.995        -2.74352     0.13142    -0.25896    -2.61597
     41.145        -2.74045     0.13143    -0.25889    -2.61298
     41.295        -2.73737     0.13143    -0.25882    -2.60998
     41.445        -2.73433     0.13144    -0.25875    -2.60703
     41.595        -2.73132     0.13145    -0.25868    -2.60409
     41.745        -2.72830     0.13145    -0.25861    -2.60114
     41.895        -2.72530     0.13146    -0.25854    -2.59822
     42.045        -2.72231     0.13146    -0.25847    -2.59531
     42.195        -2.71933     0.13147    -0.25840    -2.59240
     42.345        -2.71636     0.13148    -0.25833    -2.58950
     42.495        -2.71338     0.13148    -0.25827    -2.58660
     42.645        -2.71046     0.13149    -0.25820    -2.58375
     42.795        -2.70753     0.13149    -0.25813    -2.58089
     42.945        -2.70460     0.13150    -0.25806    -2.57804
     43.095        -2.70167     0.13150    -0.25799    -2.57518
     43.245        -2.69877     0.13151    -0.25792    -2.57235
     43.395        -2.69587     0.13151    -0.25785    -2.56953
     43.545        -2.69299     0.13152    -0.25779    -2.56673
     43.695        -2.69012     0.13153    -0.25772    -2.56393
     43.845        -2.68726     0.13153    -0.25765    -2.56114
     43.995        -2.68442     0.13154    -0.25759    -2.55838
     44.145        -2.68158     0.13155    -0.25752    -2.55561
     44.295        -2.67877     0.13155    -0.25745    -2.55286
     44.445        -2.67594     0.13156    -0.25739    -2.55011
     44.595        -2.67314     0.13156    -0.25732    -2.54738
     44.745        -2.67033     0.13157    -0.25726    -2.54464
     44.895        -2.66754     0.13158    -0.25719    -2.54193
     45.045        -2.66478     0.13158    -0.25713    -2.53923
     45.195        -2.66201     0.13159    -0.25706    -2.53653
     45.345        -2.65924     0.13160    -0.25700    -2.53384
     45.495        -2.65650     0.13160    -0.25693    -2.53117
     45.645        -2.65376     0.13161    -0.25687    -2.52850
     45.795        -2.65102     0.13161    -0.25681    -2.52583
     45.945        -2.64831     0.13162    -0.25675    -2.52318
     46.095        -2.64559     0.13162    -0.25668    -2.52053
     46.245        -2.64291     0.13163    -0.25662    -2.51791
     46.395        -2.64021     0.13163    -0.25656    -2.51529
     46.545        -2.63755     0.13164    -0.25650    -2.51269
     46.695        -2.63489     0.13164    -0.25644    -2.51009
     46.845        -2.63223     0.13165    -0.25638    -2.50751
     46.995        -2.62959     0.13165    -0.25632    -2.50493
     47.145        -2.62695     0.13166    -0.25625    -2.50236
     47.295        -2.62431     0.13166    -0.25619    -2.49978
     47.445        -2.62168     0.13167    -0.25613    -2.49721
     47.595        -2.61906     0.13167    -0.25607    -2.49466
     47.745        -2.61645     0.13168    -0.25601    -2.49212
     47.895        -2.61386     0.13168    -0.25595    -2.48959
     48.045        -2.61127     0.13169    -0.25589    -2.48707
     48.195        -2.60870     0.13169    -0.25583    -2.48456
     48.345        -2.60614     0.13170    -0.25577    -2.48206
     48.495        -2.60357     0.13171    -0.25571    -2.47957
     48.645        -2.60103     0.13171    -0.25565    -2.47709
     48.795        -2.59849     0.13172    -0.25559    -2.47461
     48.945        -2.59595     0.13172    -0.25553    -2.47214
     49.095        -2.59342     0.13173    -0.25547    -2.46967
     49.245        -2.59091     0.13173    -0.25542    -2.46723
     49.395        -2.58840     0.13173    -0.25536    -2.46477
     49.545        -2.58588     0.13174    -0.25530    -2.46232
     49.695        -2.58339     0.13174    -0.25524    -2.45989
     49.845        -2.58091     0.13174    -0.25519    -2.45747
     49.995        -2.57844     0.13175    -0.25513    -2.45507
     50.145        -2.57597     0.13176    -0.25507    -2.45266
     50.295        -2.57351     0.13176    -0.25501    -2.45025
     50.445        -2.57106     0.13177    -0.25496    -2.44787
     50.595        -2.56862     0.13177    -0.25490    -2.44548
     50.745        -2.56618     0.13177    -0.25484    -2.44311
     50.895        -2.56374     0.13178    -0.25479    -2.44073
     51.045        -2.56133     0.13178    -0.25473    -2.43838
     51.195        -2.55892     0.13179    -0.25468    -2.43603
     51.345        -2.55653     0.13179    -0.25462    -2.43370
     51.495        -2.55413     0.13180    -0.25456    -2.43136
     51.645        -2.55174     0.13180    -0.25451    -2.42904
     51.795        -2.54934     0.13181    -0.25445    -2.42669
     51.945        -2.54695     0.13181    -0.25439    -2.42437
     52.095        -2.54458     0.13181    -0.25434    -2.42205
     52.245        -2.54222     0.13182    -0.25428    -2.41975
     52.395        -2.53987     0.13182    -0.25423    -2.41746
     52.545        -2.53752     0.13183    -0.25417    -2.41517
     52.695        -2.53519     0.13183    -0.25412    -2.41290
     52.845        -2.53285     0.13183    -0.25406    -2.41062
     52.995        -2.53053     0.13184    -0.25401    -2.40836
     53.145        -2.52822     0.13184    -0.25396    -2.40610
     53.295        -2.52591     0.13185    -0.25390    -2.40385
     53.445        -2.52360     0.13185    -0.25385    -2.40160
     53.595        -2.52132     0.13185    -0.25379    -2.39938
     53.745        -2.51902     0.13186    -0.25374    -2.39714
     53.895        -2.51674     0.13187    -0.25369    -2.39491
     54.045        -2.51447     0.13187    -0.25363    -2.39271
     54.195        -2.51221     0.13187    -0.25358    -2.39050
     54.345        -2.50995     0.13188    -0.25353    -2.38830
     54.495        -2.50768     0.13188    -0.25347    -2.38609
     54.645        -2.50541     0.13189    -0.25342    -2.38388
     54.795        -2.50318     0.13189    -0.25337    -2.38170
     54.945        -2.50095     0.13190    -0.25331    -2.37953
     55.095        -2.49872     0.13190    -0.25326    -2.37736
     59.433        -2.32489     0.13224    -0.24920    -2.20793
     80.646        -2.07275     0.13272    -0.24327    -1.96220
     111.21        -1.82967     0.13316    -0.23754    -1.72529
     153.36        -1.59620     0.13359    -0.23202    -1.49777
     211.49        -1.37205     0.13402    -0.22672    -1.27935
     291.64        -1.15729     0.13439    -0.22161    -1.07007
     402.18        -0.95188     0.13473    -0.21671    -0.86990
     554.60        -0.75530     0.13505    -0.21200    -0.67836
     764.80        -0.56764     0.13536    -0.20752    -0.49548
     1054.7        -0.38851     0.13562    -0.20327    -0.32087
     1454.4        -0.21752     0.13585    -0.19916    -0.15420
     2005.6        -0.05417     0.13606    -0.19523     0.00500
     2765.8         0.10170     0.13624    -0.19149     0.15695
     3814.0         0.25026     0.13640    -0.18791     0.30177
     5259.5         0.39187     0.13651    -0.18452     0.43988
     7252.9         0.52698     0.13662    -0.18128     0.57164
     10002.         0.65593     0.13669    -0.17822     0.69747
     13793.         0.77893     0.13674    -0.17529     0.81748
     19020.         0.89621     0.13678    -0.17247     0.93190
     26229.         1.00806     0.13679    -0.16979     1.04106
     36170.         1.11460     0.13678    -0.16723     1.14504
     49878.         1.21599     0.13675    -0.16480     1.24403
     68782.         1.31259     0.13671    -0.16248     1.33835
     94851.         1.40448     0.13666    -0.16026     1.42808
    0.13080E+06     1.49190     0.13660    -0.15814     1.51344
    0.18038E+06     1.57498     0.13653    -0.15613     1.59458
    0.24874E+06     1.65404     0.13646    -0.15418     1.67176
    0.34301E+06     1.72907     0.13637    -0.15237     1.74506
    0.47302E+06     1.80026     0.13627    -0.15063     1.81462
    0.65229E+06     1.86806     0.13618    -0.14899     1.88088
    0.89952E+06     1.93237     0.13607    -0.14742     1.94371
    0.12404E+07     1.99337     0.13597    -0.14593     2.00333
    0.17106E+07     2.05134     0.13586    -0.14451     2.06000
    0.23589E+07     2.10640     0.13575    -0.14316     2.11381
    0.32529E+07     2.15853     0.13564    -0.14187     2.16477
    0.44858E+07     2.20812     0.13553    -0.14065     2.21324
    0.61860E+07     2.25506     0.13542    -0.13951     2.25916
    0.85305E+07     2.29973     0.13530    -0.13841     2.30283
    0.11764E+08     2.34207     0.13519    -0.13737     2.34424
    0.16222E+08     2.38231     0.13509    -0.13638     2.38360
    0.22370E+08     2.42052     0.13498    -0.13544     2.42098
    0.30849E+08     2.45664     0.13487    -0.13454     2.45631
    0.42541E+08     2.49081     0.13477    -0.13369     2.48973
    0.58664E+08     2.52298     0.13467    -0.13288     2.52119
    0.80898E+08     2.55323     0.13457    -0.13211     2.55077
    0.11156E+09     2.58175     0.13448    -0.13139     2.57866
    0.15384E+09     2.60866     0.13440    -0.13070     2.60496
    0.21215E+09     2.63404     0.13433    -0.13005     2.62976
    0.29255E+09     2.65799     0.13427    -0.12944     2.65316
    0.40343E+09     2.68065     0.13421    -0.12886     2.67530
    0.55633E+09     2.70202     0.13415    -0.12831     2.69619
    0.76719E+09     2.72201     0.13409    -0.12780     2.71573
    0.10580E+10     2.73995     0.13404    -0.12732     2.73323
    0.14589E+10     2.75644     0.13400    -0.12686     2.74929
    0.20119E+10     2.77155     0.13395    -0.12642     2.76402
    0.27744E+10     2.78549     0.13391    -0.12601     2.77759
    0.38259E+10     2.79831     0.13387    -0.12563     2.79006
    0.52760E+10     2.81013     0.13384    -0.12528     2.80158
    0.72756E+10     2.82102     0.13380    -0.12497     2.81218
    0.10033E+11     2.83108     0.13377    -0.12468     2.82199
    0.13836E+11     2.84037     0.13374    -0.12442     2.83104
    0.19079E+11     2.84890     0.13371    -0.12417     2.83936
    0.26311E+11     2.85681     0.13369    -0.12394     2.84706
    0.36283E+11     2.86411     0.13366    -0.12374     2.85418
    0.50034E+11     2.87082     0.13364    -0.12354     2.86073
    0.68997E+11     2.87704     0.13362    -0.12337     2.86679
    0.10000E+12     2.95155     0.13336    -0.12127     2.93946
