    -99.945         0.00000     0.00000     0.00000     0.00000
    -99.795         0.00000     0.00000     0.00000     0.00000
    -99.645         0.00000     0.00000     0.00000     0.00000
    -99.495         0.00000     0.00000     0.00000     0.00000
    -99.345         0.00000     0.00000     0.00000     0.00000
    -99.195         0.00000     0.00000     0.00000     0.00000
    -99.045         0.00000     0.00000     0.00000     0.00000
    -98.895         0.00000     0.00000     0.00000     0.00000
    -98.745         0.00000     0.00000     0.00000     0.00000
    -98.595         0.00000     0.00000     0.00000     0.00000
    -98.445         0.00000     0.00000     0.00000     0.00000
    -98.295         0.00000     0.00000     0.00000     0.00000
    -98.145         0.00000     0.00000     0.00000     0.00000
    -97.995         0.00000     0.00000     0.00000     0.00000
    -97.845         0.00000     0.00000     0.00000     0.00000
    -97.695         0.00000     0.00000     0.00000     0.00000
    -97.545         0.00000     0.00000     0.00000     0.00000
    -97.395         0.00000     0.00000     0.00000     0.00000
    -97.245         0.00000     0.00000     0.00000     0.00000
    -97.095         0.00000     0.00000     0.00000     0.00000
    -96.945         0.00000     0.00000     0.00000     0.00000
    -96.795         0.00000     0.00000     0.00000     0.00000
    -96.645         0.00000     0.00000     0.00000     0.00000
    -96.495         0.00000     0.00000     0.00000     0.00000
    -96.345         0.00000     0.00000     0.00000     0.00000
    -96.195         0.00000     0.00000     0.00000     0.00000
    -96.045         0.00000     0.00000     0.00000     0.00000
    -95.895         0.00000     0.00000     0.00000     0.00000
    -95.745         0.00000     0.00000     0.00000     0.00000
    -95.595         0.00000     0.00000     0.00000     0.00000
    -95.445         0.00000     0.00000     0.00000     0.00000
    -95.295         0.00000     0.00000     0.00000     0.00000
    -95.145         0.00000     0.00000     0.00000     0.00000
    -94.995         0.00000     0.00000     0.00000     0.00000
    -94.845         0.00000     0.00000     0.00000     0.00000
    -94.695         0.00000     0.00000     0.00000     0.00000
    -94.545         0.00000     0.00000     0.00000     0.00000
    -94.395         0.00000     0.00000     0.00000     0.00000
    -94.245         0.00000     0.00000     0.00000     0.00000
    -94.095         0.00000     0.00000     0.00000     0.00000
    -93.945         0.00000     0.00000     0.00000     0.00000
    -93.795         0.00000     0.00000     0.00000     0.00000
    -93.645         0.00000     0.00000     0.00000     0.00000
    -93.495         0.00000     0.00000     0.00000     0.00000
    -93.345         0.00000     0.00000     0.00000     0.00000
    -93.195         0.00000     0.00000     0.00000     0.00000
    -93.045         0.00000     0.00000     0.00000     0.00000
    -92.895         0.00000     0.00000     0.00000     0.00000
    -92.745         0.00000     0.00000     0.00000     0.00000
    -92.595         0.00000     0.00000     0.00000     0.00000
    -92.445         0.00000     0.00000     0.00000     0.00000
    -92.295         0.00000     0.00000     0.00000     0.00000
    -92.145         0.00000     0.00000     0.00000     0.00000
    -91.995         0.00000     0.00000     0.00000     0.00000
    -91.845         0.00000     0.00000     0.00000     0.00000
    -91.695         0.00000     0.00000     0.00000     0.00000
    -91.545         0.00000     0.00000     0.00000     0.00000
    -91.395         0.00000     0.00000     0.00000     0.00000
    -91.245         0.00000     0.00000     0.00000     0.00000
    -91.095         0.00000     0.00000     0.00000     0.00000
    -90.945         0.00000     0.00000     0.00000     0.00000
    -90.795         0.00000     0.00000     0.00000     0.00000
    -90.645         0.00000     0.00000     0.00000     0.00000
    -90.495         0.00000     0.00000     0.00000     0.00000
    -90.345         0.00000     0.00000     0.00000     0.00000
    -90.195         0.00000     0.00000     0.00000     0.00000
    -90.045         0.00000     0.00000     0.00000     0.00000
    -89.895         0.00000     0.00000     0.00000     0.00000
    -89.745         0.00000     0.00000     0.00000     0.00000
    -89.595         0.00000     0.00000     0.00000     0.00000
    -89.445         0.00000     0.00000     0.00000     0.00000
    -89.295         0.00000     0.00000     0.00000     0.00000
    -89.145         0.00000     0.00000     0.00000     0.00000
    -88.995         0.00000     0.00000     0.00000     0.00000
    -88.845         0.00000     0.00000     0.00000     0.00000
    -88.695         0.00000     0.00000     0.00000     0.00000
    -88.545         0.00000     0.00000     0.00000     0.00000
    -88.395         0.00000     0.00000     0.00000     0.00000
    -88.245         0.00000     0.00000     0.00000     0.00000
    -88.095         0.00000     0.00000     0.00000     0.00000
    -87.945         0.00000     0.00000     0.00000     0.00000
    -87.795         0.00000     0.00000     0.00000     0.00000
    -87.645         0.00000     0.00000     0.00000     0.00000
    -87.495         0.00000     0.00000     0.00000     0.00000
    -87.345         0.00000     0.00000     0.00000     0.00000
    -87.195         0.00000     0.00000     0.00000     0.00000
    -87.045         0.00000     0.00000     0.00000     0.00000
    -86.895         0.00000     0.00000     0.00000     0.00000
    -86.745         0.00000     0.00000     0.00000     0.00000
    -86.595         0.00000     0.00000     0.00000     0.00000
    -86.445         0.00000     0.00000     0.00000     0.00000
    -86.295         0.00000     0.00000     0.00000     0.00000
    -86.145         0.00000     0.00000     0.00000     0.00000
    -85.995         0.00000     0.00000     0.00000     0.00000
    -85.845         0.00000     0.00000     0.00000     0.00000
    -85.695         0.00000     0.00000     0.00000     0.00000
    -85.545         0.00000     0.00000     0.00000     0.00000
    -85.395         0.00000     0.00000     0.00000     0.00000
    -85.245         0.00000     0.00000     0.00000     0.00000
    -85.095         0.00000     0.00000     0.00000     0.00000
    -84.945         0.00000     0.00000     0.00000     0.00000
    -84.795         0.00000     0.00000     0.00000     0.00000
    -84.645         0.00000     0.00000     0.00000     0.00000
    -84.495         0.00000     0.00000     0.00000     0.00000
    -84.345         0.00000     0.00000     0.00000     0.00000
    -84.195         0.00000     0.00000     0.00000     0.00000
    -84.045         0.00000     0.00000     0.00000     0.00000
    -83.895         0.00000     0.00000     0.00000     0.00000
    -83.745         0.00000     0.00000     0.00000     0.00000
    -83.595         0.00000     0.00000     0.00000     0.00000
    -83.445         0.00000     0.00000     0.00000     0.00000
    -83.295         0.00000     0.00000     0.00000     0.00000
    -83.145         0.00000     0.00000     0.00000     0.00000
    -82.995         0.00000     0.00000     0.00000     0.00000
    -82.845         0.00000     0.00000     0.00000     0.00000
    -82.695         0.00000     0.00000     0.00000     0.00000
    -82.545         0.00000     0.00000     0.00000     0.00000
    -82.395         0.00000     0.00000     0.00000     0.00000
    -82.245         0.00000     0.00000     0.00000     0.00000
    -82.095         0.00000     0.00000     0.00000     0.00000
    -81.945         0.00000     0.00000     0.00000     0.00000
    -81.795         0.00000     0.00000     0.00000     0.00000
    -81.645         0.00000     0.00000     0.00000     0.00000
    -81.495         0.00000     0.00000     0.00000     0.00000
    -81.345         0.00000     0.00000     0.00000     0.00000
    -81.195         0.00000     0.00000     0.00000     0.00000
    -81.045         0.00000     0.00000     0.00000     0.00000
    -80.895         0.00000     0.00000     0.00000     0.00000
    -80.745         0.00000     0.00000     0.00000     0.00000
    -80.595         0.00000     0.00000     0.00000     0.00000
    -80.445         0.00000     0.00000     0.00000     0.00000
    -80.295         0.00000     0.00000     0.00000     0.00000
    -80.145         0.00000     0.00000     0.00000     0.00000
    -79.995         0.00000     0.00000     0.00000     0.00000
    -79.845         0.00000     0.00000     0.00000     0.00000
    -79.695         0.00000     0.00000     0.00000     0.00000
    -79.545         0.00000     0.00000     0.00000     0.00000
    -79.395         0.00000     0.00000     0.00000     0.00000
    -79.245         0.00000     0.00000     0.00000     0.00000
    -79.095         0.00000     0.00000     0.00000     0.00000
    -78.945         0.00000     0.00000     0.00000     0.00000
    -78.795         0.00000     0.00000     0.00000     0.00000
    -78.645         0.00000     0.00000     0.00000     0.00000
    -78.495         0.00000     0.00000     0.00000     0.00000
    -78.345         0.00000     0.00000     0.00000     0.00000
    -78.195         0.00000     0.00000     0.00000     0.00000
    -78.045         0.00000     0.00000     0.00000     0.00000
    -77.895         0.00000     0.00000     0.00000     0.00000
    -77.745         0.00000     0.00000     0.00000     0.00000
    -77.595         0.00000     0.00000     0.00000     0.00000
    -77.445         0.00000     0.00000     0.00000     0.00000
    -77.295         0.00000     0.00000     0.00000     0.00000
    -77.145         0.00000     0.00000     0.00000     0.00000
    -76.995         0.00000     0.00000     0.00000     0.00000
    -76.845         0.00000     0.00000     0.00000     0.00000
    -76.695         0.00000     0.00000     0.00000     0.00000
    -76.545         0.00000     0.00000     0.00000     0.00000
    -76.395         0.00000     0.00000     0.00000     0.00000
    -76.245         0.00000     0.00000     0.00000     0.00000
    -76.095         0.00000     0.00000     0.00000     0.00000
    -75.945         0.00000     0.00000     0.00000     0.00000
    -75.795         0.00000     0.00000     0.00000     0.00000
    -75.645         0.00000     0.00000     0.00000     0.00000
    -75.495         0.00000     0.00000     0.00000     0.00000
    -75.345         0.00000     0.00000     0.00000     0.00000
    -75.195         0.00000     0.00000     0.00000     0.00000
    -75.045         0.00000     0.00000     0.00000     0.00000
    -74.895         0.00000     0.00000     0.00000     0.00000
    -74.745         0.00000     0.00000     0.00000     0.00000
    -74.595         0.00000     0.00000     0.00000     0.00000
    -74.445         0.00000     0.00000     0.00000     0.00000
    -74.295         0.00000     0.00000     0.00000     0.00000
    -74.145         0.00000     0.00000     0.00000     0.00000
    -73.995         0.00000     0.00000     0.00000     0.00000
    -73.845         0.00000     0.00000     0.00000     0.00000
    -73.695         0.00000     0.00000     0.00000     0.00000
    -73.545         0.00000     0.00000     0.00000     0.00000
    -73.395         0.00000     0.00000     0.00000     0.00000
    -73.245         0.00000     0.00000     0.00000     0.00000
    -73.095         0.00000     0.00000     0.00000     0.00000
    -72.945         0.00000     0.00000     0.00000     0.00000
    -72.795         0.00000     0.00000     0.00000     0.00000
    -72.645         0.00000     0.00000     0.00000     0.00000
    -72.495         0.00000     0.00000     0.00000     0.00000
    -72.345         0.00000     0.00000     0.00000     0.00000
    -72.195         0.00000     0.00000     0.00000     0.00000
    -72.045         0.00000     0.00000     0.00000     0.00000
    -71.895         0.00000     0.00000     0.00000     0.00000
    -71.745         0.00000     0.00000     0.00000     0.00000
    -71.595         0.00000     0.00000     0.00000     0.00000
    -71.445         0.00000     0.00000     0.00000     0.00000
    -71.295         0.00000     0.00000     0.00000     0.00000
    -71.145         0.00000     0.00000     0.00000     0.00000
    -70.995         0.00000     0.00000     0.00000     0.00000
    -70.845         0.00000     0.00000     0.00000     0.00000
    -70.695         0.00000     0.00000     0.00000     0.00000
    -70.545         0.00000     0.00000     0.00000     0.00000
    -70.395         0.00000     0.00000     0.00000     0.00000
    -70.245         0.00000     0.00000     0.00000     0.00000
    -70.095         0.00000     0.00000     0.00000     0.00000
    -69.945         0.00000     0.00000     0.00000     0.00000
    -69.795         0.00000     0.00000     0.00000     0.00000
    -69.645         0.00000     0.00000     0.00000     0.00000
    -69.495         0.00000     0.00000     0.00000     0.00000
    -69.345         0.00000     0.00000     0.00000     0.00000
    -69.195         0.00000     0.00000     0.00000     0.00000
    -69.045         0.00000     0.00000     0.00000     0.00000
    -68.895         0.00000     0.00000     0.00000     0.00000
    -68.745         0.00000     0.00000     0.00000     0.00000
    -68.595         0.00000     0.00000     0.00000     0.00000
    -68.445         0.00000     0.00000     0.00000     0.00000
    -68.295         0.00000     0.00000     0.00000     0.00000
    -68.145         0.00000     0.00000     0.00000     0.00000
    -67.995         0.00000     0.00000     0.00000     0.00000
    -67.845         0.00000     0.00000     0.00000     0.00000
    -67.695         0.00000     0.00000     0.00000     0.00000
    -67.545         0.00000     0.00000     0.00000     0.00000
    -67.395         0.00000     0.00000     0.00000     0.00000
    -67.245         0.00000     0.00000     0.00000     0.00000
    -67.095         0.00000     0.00000     0.00000     0.00000
    -66.945         0.00000     0.00000     0.00000     0.00000
    -66.795         0.00000     0.00000     0.00000     0.00000
    -66.645         0.00000     0.00000     0.00000     0.00000
    -66.495         0.00000     0.00000     0.00000     0.00000
    -66.345         0.00000     0.00000     0.00000     0.00000
    -66.195         0.00000     0.00000     0.00000     0.00000
    -66.045         0.00000     0.00000     0.00000     0.00000
    -65.895         0.00000     0.00000     0.00000     0.00000
    -65.745         0.00000     0.00000     0.00000     0.00000
    -65.595         0.00000     0.00000     0.00000     0.00000
    -65.445         0.00000     0.00000     0.00000     0.00000
    -65.295         0.00000     0.00000     0.00000     0.00000
    -65.145         0.00000     0.00000     0.00000     0.00000
    -64.995         0.00000     0.00000     0.00000     0.00000
    -64.845         0.00000     0.00000     0.00000     0.00000
    -64.695         0.00000     0.00000     0.00000     0.00000
    -64.545         0.00000     0.00000     0.00000     0.00000
    -64.395         0.00000     0.00000     0.00000     0.00000
    -64.245         0.00000     0.00000     0.00000     0.00000
    -64.095         0.00000     0.00000     0.00000     0.00000
    -63.945         0.00000     0.00000     0.00000     0.00000
    -63.795         0.00000     0.00000     0.00000     0.00000
    -63.645         0.00000     0.00000     0.00000     0.00000
    -63.495         0.00000     0.00000     0.00000     0.00000
    -63.345         0.00000     0.00000     0.00000     0.00000
    -63.195         0.00000     0.00000     0.00000     0.00000
    -63.045         0.00000     0.00000     0.00000     0.00000
    -62.895         0.00000     0.00000     0.00000     0.00000
    -62.745         0.00000     0.00000     0.00000     0.00000
    -62.595         0.00000     0.00000     0.00000     0.00000
    -62.445         0.00000     0.00000     0.00000     0.00000
    -62.295         0.00000     0.00000     0.00000     0.00000
    -62.145         0.00000     0.00000     0.00000     0.00000
    -61.995         0.00000     0.00000     0.00000     0.00000
    -61.845         0.00000     0.00000     0.00000     0.00000
    -61.695         0.00000     0.00000     0.00000     0.00000
    -61.545         0.00000     0.00000     0.00000     0.00000
    -61.395         0.00000     0.00000     0.00000     0.00000
    -61.245         0.00000     0.00000     0.00000     0.00000
    -61.095         0.00000     0.00000     0.00000     0.00000
    -60.945         0.00000     0.00000     0.00000     0.00000
    -60.795         0.00000     0.00000     0.00000     0.00000
    -60.645         0.00000     0.00000     0.00000     0.00000
    -60.495         0.00000     0.00000     0.00000     0.00000
    -60.345         0.00000     0.00000     0.00000     0.00000
    -60.195         0.00000     0.00000     0.00000     0.00000
    -60.045         0.00000     0.00000     0.00000     0.00000
    -59.895         0.00000     0.00000     0.00000     0.00000
    -59.745         0.00000     0.00000     0.00000     0.00000
    -59.595         0.00000     0.00000     0.00000     0.00000
    -59.445         0.00000     0.00000     0.00000     0.00000
    -59.295         0.00000     0.00000     0.00000     0.00000
    -59.145         0.00000     0.00000     0.00000     0.00000
    -58.995         0.00000     0.00000     0.00000     0.00000
    -58.845         0.00000     0.00000     0.00000     0.00000
    -58.695         0.00000     0.00000     0.00000     0.00000
    -58.545         0.00000     0.00000     0.00000     0.00000
    -58.395         0.00000     0.00000     0.00000     0.00000
    -58.245         0.00000     0.00000     0.00000     0.00000
    -58.095         0.00000     0.00000     0.00000     0.00000
    -57.945         0.00000     0.00000     0.00000     0.00000
    -57.795         0.00000     0.00000     0.00000     0.00000
    -57.645         0.00000     0.00000     0.00000     0.00000
    -57.495         0.00000     0.00000     0.00000     0.00000
    -57.345         0.00000     0.00000     0.00000     0.00000
    -57.195         0.00000     0.00000     0.00000     0.00000
    -57.045         0.00000     0.00000     0.00000     0.00000
    -56.895         0.00000     0.00000     0.00000     0.00000
    -56.745         0.00000     0.00000     0.00000     0.00000
    -56.595         0.00000     0.00000     0.00000     0.00000
    -56.445         0.00000     0.00000     0.00000     0.00000
    -56.295         0.00000     0.00000     0.00000     0.00000
    -56.145         0.00000     0.00000     0.00000     0.00000
    -55.995         0.00000     0.00000     0.00000     0.00000
    -55.845         0.00000     0.00000     0.00000     0.00000
    -55.695         0.00000     0.00000     0.00000     0.00000
    -55.545         0.00000     0.00000     0.00000     0.00000
    -55.395         0.00000     0.00000     0.00000     0.00000
    -55.245         0.00000     0.00000     0.00000     0.00000
    -55.095         0.00000     0.00000     0.00000     0.00000
    -54.945         0.00000     0.00000     0.00000     0.00000
    -54.795         0.00000     0.00000     0.00000     0.00000
    -54.645         0.00000     0.00000     0.00000     0.00000
    -54.495         0.00000     0.00000     0.00000     0.00000
    -54.345         0.00000     0.00000     0.00000     0.00000
    -54.195         0.00000     0.00000     0.00000     0.00000
    -54.045         0.00000     0.00000     0.00000     0.00000
    -53.895         0.00000     0.00000     0.00000     0.00000
    -53.745         0.00000     0.00000     0.00000     0.00000
    -53.595         0.00000     0.00000     0.00000     0.00000
    -53.445         0.00000     0.00000     0.00000     0.00000
    -53.295         0.00000     0.00000     0.00000     0.00000
    -53.145         0.00000     0.00000     0.00000     0.00000
    -52.995         0.00000     0.00000     0.00000     0.00000
    -52.845         0.00000     0.00000     0.00000     0.00000
    -52.695         0.00000     0.00000     0.00000     0.00000
    -52.545         0.00000     0.00000     0.00000     0.00000
    -52.395         0.00000     0.00000     0.00000     0.00000
    -52.245         0.00000     0.00000     0.00000     0.00000
    -52.095         0.00000     0.00000     0.00000     0.00000
    -51.945         0.00000     0.00000     0.00000     0.00000
    -51.795         0.00000     0.00000     0.00000     0.00000
    -51.645         0.00000     0.00000     0.00000     0.00000
    -51.495         0.00000     0.00000     0.00000     0.00000
    -51.345         0.00000     0.00000     0.00000     0.00000
    -51.195         0.00000     0.00000     0.00000     0.00000
    -51.045         0.00000     0.00000     0.00000     0.00000
    -50.895         0.00000     0.00000     0.00000     0.00000
    -50.745         0.00000     0.00000     0.00000     0.00000
    -50.595         0.00000     0.00000     0.00000     0.00000
    -50.445         0.00000     0.00000     0.00000     0.00000
    -50.295         0.00000     0.00000     0.00000     0.00000
    -50.145         0.00000     0.00000     0.00000     0.00000
    -49.995         0.00000     0.00000     0.00000     0.00000
    -49.845         0.00000     0.00000     0.00000     0.00000
    -49.695         0.00000     0.00000     0.00000     0.00000
    -49.545         0.00000     0.00000     0.00000     0.00000
    -49.395         0.00000     0.00000     0.00000     0.00000
    -49.245         0.00000     0.00000     0.00000     0.00000
    -49.095         0.00000     0.00000     0.00000     0.00000
    -48.945         0.00000     0.00000     0.00000     0.00000
    -48.795         0.00000     0.00000     0.00000     0.00000
    -48.645         0.00000     0.00000     0.00000     0.00000
    -48.495         0.00000     0.00000     0.00000     0.00000
    -48.345         0.00000     0.00000     0.00000     0.00000
    -48.195         0.00000     0.00000     0.00000     0.00000
    -48.045         0.00000     0.00000     0.00000     0.00000
    -47.895         0.00000     0.00000     0.00000     0.00000
    -47.745         0.00000     0.00000     0.00000     0.00000
    -47.595         0.00000     0.00000     0.00000     0.00000
    -47.445         0.00000     0.00000     0.00000     0.00000
    -47.295         0.00000     0.00000     0.00000     0.00000
    -47.145         0.00000     0.00000     0.00000     0.00000
    -46.995         0.00000     0.00000     0.00000     0.00000
    -46.845         0.00000     0.00000     0.00000     0.00000
    -46.695         0.00000     0.00000     0.00000     0.00000
    -46.545         0.00000     0.00000     0.00000     0.00000
    -46.395         0.00000     0.00000     0.00000     0.00000
    -46.245         0.00000     0.00000     0.00000     0.00000
    -46.095         0.00000     0.00000     0.00000     0.00000
    -45.945         0.00000     0.00000     0.00000     0.00000
    -45.795         0.00000     0.00000     0.00000     0.00000
    -45.645         0.00000     0.00000     0.00000     0.00000
    -45.495         0.00000     0.00000     0.00000     0.00000
    -45.345         0.00000     0.00000     0.00000     0.00000
    -45.195         0.00000     0.00000     0.00000     0.00000
    -45.045         0.00000     0.00000     0.00000     0.00000
    -44.895         0.00000     0.00000     0.00000     0.00000
    -44.745         0.00000     0.00000     0.00000     0.00000
    -44.595         0.00000     0.00000     0.00000     0.00000
    -44.445         0.00000     0.00000     0.00000     0.00000
    -44.295         0.00000     0.00000     0.00000     0.00000
    -44.145         0.00000     0.00000     0.00000     0.00000
    -43.995         0.00000     0.00000     0.00000     0.00000
    -43.845         0.00000     0.00000     0.00000     0.00000
    -43.695         0.00000     0.00000     0.00000     0.00000
    -43.545         0.00000     0.00000     0.00000     0.00000
    -43.395         0.00000     0.00000     0.00000     0.00000
    -43.245         0.00000     0.00000     0.00000     0.00000
    -43.095         0.00000     0.00000     0.00000     0.00000
    -42.945         0.00000     0.00000     0.00000     0.00000
    -42.795         0.00000     0.00000     0.00000     0.00000
    -42.645         0.00000     0.00000     0.00000     0.00000
    -42.495         0.00000     0.00000     0.00000     0.00000
    -42.345         0.00000     0.00000     0.00000     0.00000
    -42.195         0.00000     0.00000     0.00000     0.00000
    -42.045         0.00000     0.00000     0.00000     0.00000
    -41.895         0.00000     0.00000     0.00000     0.00000
    -41.745         0.00000     0.00000     0.00000     0.00000
    -41.595         0.00000     0.00000     0.00000     0.00000
    -41.445         0.00000     0.00000     0.00000     0.00000
    -41.295         0.00000     0.00000     0.00000     0.00000
    -41.145         0.00000     0.00000     0.00000     0.00000
    -40.995         0.00000     0.00000     0.00000     0.00000
    -40.845         0.00000     0.00000     0.00000     0.00000
    -40.695         0.00000     0.00000     0.00000     0.00000
    -40.545         0.00000     0.00000     0.00000     0.00000
    -40.395         0.00000     0.00000     0.00000     0.00000
    -40.245         0.00000     0.00000     0.00000     0.00000
    -40.095         0.00000     0.00000     0.00000     0.00000
    -39.945         0.00000     0.00000     0.00000     0.00000
    -39.795         0.00000     0.00000     0.00000     0.00000
    -39.645         0.00000     0.00000     0.00000     0.00000
    -39.495         0.00000     0.00000     0.00000     0.00000
    -39.345         0.00000     0.00000     0.00000     0.00000
    -39.195         0.00000     0.00000     0.00000     0.00000
    -39.045         0.00000     0.00000     0.00000     0.00000
    -38.895         0.00000     0.00000     0.00000     0.00000
    -38.745         0.00000     0.00000     0.00000     0.00000
    -38.595         0.00000     0.00000     0.00000     0.00000
    -38.445         0.00000     0.00000     0.00000     0.00000
    -38.295         0.00000     0.00000     0.00000     0.00000
    -38.145         0.00000     0.00000     0.00000     0.00000
    -37.995         0.00000     0.00000     0.00000     0.00000
    -37.845         0.00000     0.00000     0.00000     0.00000
    -37.695         0.00000     0.00000     0.00000     0.00000
    -37.545         0.00000     0.00000     0.00000     0.00000
    -37.395         0.00000     0.00000     0.00000     0.00000
    -37.245         0.00000     0.00000     0.00000     0.00000
    -37.095         0.00000     0.00000     0.00000     0.00000
    -36.945         0.00000     0.00000     0.00000     0.00000
    -36.795         0.00000     0.00000     0.00000     0.00000
    -36.645         0.00000     0.00000     0.00000     0.00000
    -36.495         0.00000     0.00000     0.00000     0.00000
    -36.345         0.00000     0.00000     0.00000     0.00000
    -36.195         0.00000     0.00000     0.00000     0.00000
    -36.045         0.00000     0.00000     0.00000     0.00000
    -35.895         0.00000     0.00000     0.00000     0.00000
    -35.745         0.00000     0.00000     0.00000     0.00000
    -35.595         0.00000     0.00000     0.00000     0.00000
    -35.445         0.00000     0.00000     0.00000     0.00000
    -35.295         0.00000     0.00000     0.00000     0.00000
    -35.145         0.00000     0.00000     0.00000     0.00000
    -34.995         0.00000     0.00000     0.00000     0.00000
    -34.845         0.00000     0.00000     0.00000     0.00000
    -34.695         0.00000     0.00000     0.00000     0.00000
    -34.545         0.00000     0.00000     0.00000     0.00000
    -34.395         0.00000     0.00000     0.00000     0.00000
    -34.245         0.00000     0.00000     0.00000     0.00000
    -34.095         0.00000     0.00000     0.00000     0.00000
    -33.945         0.00000     0.00000     0.00000     0.00000
    -33.795         0.00000     0.00000     0.00000     0.00000
    -33.645         0.00000     0.00000     0.00000     0.00000
    -33.495         0.00000     0.00000     0.00000     0.00000
    -33.345         0.00000     0.00000     0.00000     0.00000
    -33.195         0.00000     0.00000     0.00000     0.00000
    -33.045         0.00000     0.00000     0.00000     0.00000
    -32.895         0.00000     0.00000     0.00000     0.00000
    -32.745         0.00000     0.00000     0.00000     0.00000
    -32.595         0.00000     0.00000     0.00000     0.00000
    -32.445         0.00000     0.00000     0.00000     0.00000
    -32.295         0.00000     0.00000     0.00000     0.00000
    -32.145         0.00000     0.00000     0.00000     0.00000
    -31.995         0.00000     0.00000     0.00000     0.00000
    -31.845         0.00000     0.00000     0.00000     0.00000
    -31.695         0.00000     0.00000     0.00000     0.00000
    -31.545         0.00000     0.00000     0.00000     0.00000
    -31.395         0.00000     0.00000     0.00000     0.00000
    -31.245         0.00000     0.00000     0.00000     0.00000
    -31.095         0.00000     0.00000     0.00000     0.00000
    -30.945         0.00000     0.00000     0.00000     0.00000
    -30.795         0.00000     0.00000     0.00000     0.00000
    -30.645         0.00000     0.00000     0.00000     0.00000
    -30.495         0.00000     0.00000     0.00000     0.00000
    -30.345         0.00000     0.00000     0.00000     0.00000
    -30.195         0.00000     0.00000     0.00000     0.00000
    -30.045         0.00000     0.00000     0.00000     0.00000
    -29.895         0.00000     0.00000     0.00000     0.00000
    -29.745         0.00000     0.00000     0.00000     0.00000
    -29.595         0.00000     0.00000     0.00000     0.00000
    -29.445         0.00000     0.00000     0.00000     0.00000
    -29.295         0.00000     0.00000     0.00000     0.00000
    -29.145         0.00000     0.00000     0.00000     0.00000
    -28.995         0.00000     0.00000     0.00000     0.00000
    -28.845         0.00000     0.00000     0.00000     0.00000
    -28.695         0.00000     0.00000     0.00000     0.00000
    -28.545         0.00000     0.00000     0.00000     0.00000
    -28.395         0.00000     0.00000     0.00000     0.00000
    -28.245         0.00000     0.00000     0.00000     0.00000
    -28.095         0.00000     0.00000     0.00000     0.00000
    -27.945         0.00000     0.00000     0.00000     0.00000
    -27.795         0.00000     0.00000     0.00000     0.00000
    -27.645         0.00000     0.00000     0.00000     0.00000
    -27.495         0.00000     0.00000     0.00000     0.00000
    -27.345         0.00000     0.00000     0.00000     0.00000
    -27.195         0.00000     0.00000     0.00000     0.00000
    -27.045         0.00000     0.00000     0.00000     0.00000
    -26.895         0.00000     0.00000     0.00000     0.00000
    -26.745         0.00000     0.00000     0.00000     0.00000
    -26.595         0.00000     0.00000     0.00000     0.00000
    -26.445         0.00000     0.00000     0.00000     0.00000
    -26.295         0.00000     0.00000     0.00000     0.00000
    -26.145         0.00000     0.00000     0.00000     0.00000
    -25.995         0.00000     0.00000     0.00000     0.00000
    -25.845         0.00000     0.00000     0.00000     0.00000
    -25.695         0.00000     0.00000     0.00000     0.00000
    -25.545         0.00000     0.00000     0.00000     0.00000
    -25.395         0.00000     0.00000     0.00000     0.00000
    -25.245         0.00000     0.00000     0.00000     0.00000
    -25.095         0.00000     0.00000     0.00000     0.00000
    -24.945         0.00000     0.00000     0.00000     0.00000
    -24.795         0.00000     0.00000     0.00000     0.00000
    -24.645         0.00000     0.00000     0.00000     0.00000
    -24.495         0.00000     0.00000     0.00000     0.00000
    -24.345         0.00000     0.00000     0.00000     0.00000
    -24.195         0.00000     0.00000     0.00000     0.00000
    -24.045         0.00000     0.00000     0.00000     0.00000
    -23.895         0.00000     0.00000     0.00000     0.00000
    -23.745         0.00000     0.00000     0.00000     0.00000
    -23.595         0.00000     0.00000     0.00000     0.00000
    -23.445         0.00000     0.00000     0.00000     0.00000
    -23.295         0.00000     0.00000     0.00000     0.00000
    -23.145         0.00000     0.00000     0.00000     0.00000
    -22.995         0.00000     0.00000     0.00000     0.00000
    -22.845         0.00000     0.00000     0.00000     0.00000
    -22.695         0.00000     0.00000     0.00000     0.00000
    -22.545         0.00000     0.00000     0.00000     0.00000
    -22.395         0.00000     0.00000     0.00000     0.00000
    -22.245         0.00000     0.00000     0.00000     0.00000
    -22.095         0.00000     0.00000     0.00000     0.00000
    -21.945         0.00000     0.00000     0.00000     0.00000
    -21.795         0.00000     0.00000     0.00000     0.00000
    -21.645         0.00000     0.00000     0.00000     0.00000
    -21.495         0.00000     0.00000     0.00000     0.00000
    -21.345         0.00000     0.00000     0.00000     0.00000
    -21.195         0.00000     0.00000     0.00000     0.00000
    -21.045         0.00000     0.00000     0.00000     0.00000
    -20.895         0.00000     0.00000     0.00000     0.00000
    -20.745         0.00000     0.00000     0.00000     0.00000
    -20.595         0.00000     0.00000     0.00000     0.00000
    -20.445         0.00000     0.00000     0.00000     0.00000
    -20.295         0.00000     0.00000     0.00000     0.00000
    -20.145         0.00000     0.00000     0.00000     0.00000
    -19.995         0.00000     0.00000     0.00000     0.00000
    -19.845         0.00000     0.00000     0.00000     0.00000
    -19.695         0.00000     0.00000     0.00000     0.00000
    -19.545         0.00000     0.00000     0.00000     0.00000
    -19.395         0.00000     0.00000     0.00000     0.00000
    -19.245         0.00000     0.00000     0.00000     0.00000
    -19.095         0.00000     0.00000     0.00000     0.00000
    -18.945         0.00000     0.00000     0.00000     0.00000
    -18.795         0.00000     0.00000     0.00000     0.00000
    -18.645         0.00000     0.00000     0.00000     0.00000
    -18.495         0.00000     0.00000     0.00000     0.00000
    -18.345         0.00000     0.00000     0.00000     0.00000
    -18.195         0.00000     0.00000     0.00000     0.00000
    -18.045         0.00000     0.00000     0.00000     0.00000
    -17.895         0.00000     0.00000     0.00000     0.00000
    -17.745         0.00000     0.00000     0.00000     0.00000
    -17.595         0.00000     0.00000     0.00000     0.00000
    -17.445         0.00000     0.00000     0.00000     0.00000
    -17.295         0.00000     0.00000     0.00000     0.00000
    -17.145         0.00000     0.00000     0.00000     0.00000
    -16.995         0.00000     0.00000     0.00000     0.00000
    -16.845         0.00000     0.00000     0.00000     0.00000
    -16.695         0.00000     0.00000     0.00000     0.00000
    -16.545         0.00000     0.00000     0.00000     0.00000
    -16.395         0.00000     0.00000     0.00000     0.00000
    -16.245         0.00000     0.00000     0.00000     0.00000
    -16.095         0.00000     0.00000     0.00000     0.00000
    -15.945         0.00000     0.00000     0.00000     0.00000
    -15.795         0.00000     0.00000     0.00000     0.00000
    -15.645         0.00000     0.00000     0.00000     0.00000
    -15.495         0.00000     0.00000     0.00000     0.00000
    -15.345         0.00000     0.00000     0.00000     0.00000
    -15.195         0.00000     0.00000     0.00000     0.00000
    -15.045         0.00000     0.00000     0.00000     0.00000
    -14.895         0.00000     0.00000     0.00000     0.00000
    -14.745         0.00000     0.00000     0.00000     0.00000
    -14.595         0.00000     0.00000     0.00000     0.00000
    -14.445         0.00000     0.00000     0.00000     0.00000
    -14.295         0.00000     0.00000     0.00000     0.00000
    -14.145         0.00000     0.00000     0.00000     0.00000
    -13.995         0.00000     0.00000     0.00000     0.00000
    -13.845         0.00000     0.00000     0.00000     0.00000
    -13.695         0.00000     0.00000     0.00000     0.00000
    -13.545         0.00000     0.00000     0.00000     0.00000
    -13.395         0.00000     0.00000     0.00000     0.00000
    -13.245         0.00000     0.00000     0.00000     0.00000
    -13.095         0.00000     0.00000     0.00000     0.00000
    -12.945         0.00000     0.00000     0.00000     0.00000
    -12.795         0.00000     0.00000     0.00000     0.00000
    -12.645         0.00000     0.00000     0.00000     0.00000
    -12.495         0.00000     0.00000     0.00000     0.00000
    -12.345         0.00000     0.00000     0.00000     0.00000
    -12.195         0.00000     0.00000     0.00000     0.00000
    -12.045         0.00000     0.00000     0.00000     0.00000
    -11.895         0.00000     0.00000     0.00000     0.00000
    -11.745         0.00000     0.00000     0.00000     0.00000
    -11.595         0.00000     0.00000     0.00000     0.00000
    -11.445         0.00000     0.00000     0.00000     0.00000
    -11.295         0.00000     0.00000     0.00000     0.00000
    -11.145         0.00000     0.00000     0.00000     0.00000
    -10.995         0.00000     0.00000     0.00000     0.00000
    -10.845         0.00000     0.00000     0.00000     0.00000
    -10.695         0.00000     0.00000     0.00000     0.00000
    -10.545         0.00000     0.00000     0.00000     0.00000
    -10.395         0.00000     0.00000     0.00000     0.00000
    -10.245         0.00000     0.00000     0.00000     0.00000
    -10.095         0.00000     0.00000     0.00000     0.00000
    -9.9450         0.00000     0.00000     0.00000     0.00000
    -9.7950         0.00000     0.00000     0.00000     0.00000
    -9.6450         0.00000     0.00000     0.00000     0.00000
    -9.4950         0.00000     0.00000     0.00000     0.00000
    -9.3450         0.00000     0.00000     0.00000     0.00000
    -9.1950         0.00000     0.00000     0.00000     0.00000
    -9.0450         0.00000     0.00000     0.00000     0.00000
    -8.8950         0.00000     0.00000     0.00000     0.00000
    -8.7450         0.00000     0.00000     0.00000     0.00000
    -8.5950         0.00000     0.00000     0.00000     0.00000
    -8.4450         0.00000     0.00000     0.00000     0.00000
    -8.2950         0.00000     0.00000     0.00000     0.00000
    -8.1450         0.00000     0.00000     0.00000     0.00000
    -7.9950         0.00000     0.00000     0.00000     0.00000
    -7.8450         0.00000     0.00000     0.00000     0.00000
    -7.6950         0.00000     0.00000     0.00000     0.00000
    -7.5450         0.00000     0.00000     0.00000     0.00000
    -7.3950         0.00000     0.00000     0.00000     0.00000
    -7.2450         0.00000     0.00000     0.00000     0.00000
    -7.0950         0.00000     0.00000     0.00000     0.00000
    -6.9450         0.00000     0.00000     0.00000     0.00000
    -6.7950         0.00000     0.00000     0.00000     0.00000
    -6.6450         0.00000     0.00000     0.00000     0.00000
    -6.4950         0.00000     0.00000     0.00000     0.00000
    -6.3450         0.00000     0.00000     0.00000     0.00000
    -6.1950         0.00000     0.00000     0.00000     0.00000
    -6.0450         0.00000     0.00000     0.00000     0.00000
    -5.8950         0.00000     0.00000     0.00000     0.00000
    -5.7450         0.00000     0.00000     0.00000     0.00000
    -5.5950         0.00000     0.00000     0.00000     0.00000
    -5.4450         0.00000     0.00000     0.00000     0.00000
    -5.2950         0.00000     0.00000     0.00000     0.00000
    -5.1450         0.00000     0.00000     0.00000     0.00000
    -4.9950         0.00000     0.00000     0.00000     0.00000
    -4.8450         0.00000     0.00000     0.00000     0.00000
    -4.6950         0.00000     0.00000     0.00000     0.00000
    -4.5450         0.00000     0.00000     0.00000     0.00000
    -4.3950         0.00000     0.00000     0.00000     0.00000
    -4.2450         0.00000     0.00000     0.00000     0.00000
    -4.0950         0.00000     0.00000     0.00000     0.00000
    -3.9450         0.00000     0.00000     0.00000     0.00000
    -3.7950         0.00000     0.00000     0.00000     0.00000
    -3.6450         0.00000     0.00000     0.00000     0.00000
    -3.4950         0.00000     0.00000     0.00000     0.00000
    -3.3450         0.00000     0.00000     0.00000     0.00000
    -3.1950         0.00000     0.00000     0.00000     0.00000
    -3.0450         0.00000     0.00000     0.00000     0.00000
    -2.8950         0.00000     0.00000     0.00000     0.00000
    -2.7450         0.00000     0.00000     0.00000     0.00000
    -2.5950         0.00000     0.00000     0.00000     0.00000
    -2.4450         0.00000     0.00000     0.00000     0.00000
    -2.2950         0.00000     0.00000     0.00000     0.00000
    -2.1450         0.00000     0.00000     0.00000     0.00000
    -1.9950         0.00000     0.00000     0.00000     0.00000
    -1.8450         0.00000     0.00000     0.00000     0.00000
    -1.6950         0.00000     0.00000     0.00000     0.00000
    -1.5450        -0.00000    -0.00000     0.00000     0.00000
    -1.3950        -0.00000    -0.00000     0.00000     0.00000
    -1.2450        -0.00000    -0.00000     0.00000     0.00000
    -1.0950        -0.00001    -0.00001     0.00000    -0.00000
   -0.94500        -0.00007    -0.00003    -0.00005     0.00001
   -0.79500        -0.00400    -0.00010    -0.00298    -0.00092
   -0.64500        -0.06265    -0.00027    -0.03302    -0.02936
   -0.49500        -0.48513    -0.00215    -0.09072    -0.39226
   -0.34500        -2.37265    -0.00612    -0.12922    -2.23730
   -0.22700        -3.06166    -0.00835    -0.14026    -2.91305
   -0.21300        -3.13455    -0.00867    -0.14172    -2.98416
   -0.20700        -3.20594    -0.00896    -0.14304    -3.05393
   -0.20100        -3.27512    -0.00929    -0.14440    -3.12143
   -0.19500        -3.34327    -0.00961    -0.14574    -3.18793
   -0.18900        -3.41122    -0.00997    -0.14702    -3.25424
   -0.18300        -3.47607    -0.01033    -0.14850    -3.31724
   -0.17700        -3.54009    -0.01062    -0.14998    -3.37949
   -0.17100        -3.60374    -0.01100    -0.15141    -3.44133
   -0.16500        -3.66651    -0.01131    -0.15289    -3.50231
   -0.15900        -3.72801    -0.01172    -0.15435    -3.56194
   -0.15300        -3.78921    -0.01213    -0.15588    -3.62121
   -0.14700        -3.85002    -0.01259    -0.15747    -3.67996
   -0.14100        -3.91029    -0.01307    -0.15904    -3.73817
   -0.13500        -3.97121    -0.01358    -0.16080    -3.79684
   -0.12900        -4.03171    -0.01411    -0.16258    -3.85502
   -0.12300        -4.09271    -0.01475    -0.16433    -3.91363
   -0.11700        -4.15412    -0.01535    -0.16626    -3.97250
   -0.11100        -4.21611    -0.01598    -0.16831    -4.03182
   -0.10500        -4.27870    -0.01666    -0.17036    -4.09168
   -0.99000E-01    -4.34256    -0.01738    -0.17275    -4.15243
   -0.93000E-01    -4.40733    -0.01814    -0.17506    -4.21413
   -0.87000E-01    -4.47413    -0.01898    -0.17763    -4.27751
   -0.81000E-01    -4.54283    -0.01989    -0.18034    -4.34260
   -0.75000E-01    -4.61430    -0.02098    -0.18327    -4.41005
   -0.69000E-01    -4.68923    -0.02218    -0.18644    -4.48061
   -0.63000E-01    -4.76770    -0.02355    -0.18977    -4.55437
   -0.57000E-01    -4.85135    -0.02509    -0.19341    -4.63285
   -0.51000E-01    -4.94131    -0.02685    -0.19731    -4.71715
   -0.45000E-01    -5.04095    -0.02908    -0.20176    -4.81010
   -0.39000E-01    -5.15263    -0.03167    -0.20672    -4.91423
   -0.33000E-01    -5.28141    -0.03495    -0.21227    -5.03418
   -0.27000E-01    -5.42878    -0.03918    -0.21870    -5.17090
   -0.21300E-01    -5.54016    -0.04281    -0.22389    -5.27347
   -0.19500E-01    -5.55742    -0.04346    -0.22472    -5.28924
   -0.18900E-01    -5.57481    -0.04409    -0.22557    -5.30515
   -0.18300E-01    -5.59251    -0.04473    -0.22647    -5.32131
   -0.17700E-01    -5.61048    -0.04542    -0.22740    -5.33767
   -0.17100E-01    -5.62873    -0.04610    -0.22833    -5.35430
   -0.16500E-01    -5.64727    -0.04681    -0.22931    -5.37114
   -0.15900E-01    -5.66610    -0.04760    -0.23029    -5.38821
   -0.15300E-01    -5.68546    -0.04841    -0.23135    -5.40570
   -0.14700E-01    -5.70498    -0.04926    -0.23246    -5.42325
   -0.14100E-01    -5.72498    -0.05012    -0.23364    -5.44122
   -0.13500E-01    -5.74535    -0.05105    -0.23487    -5.45942
   -0.12900E-01    -5.76609    -0.05202    -0.23615    -5.47792
   -0.12300E-01    -5.78748    -0.05304    -0.23750    -5.49693
   -0.11700E-01    -5.80965    -0.05415    -0.23900    -5.51650
   -0.11100E-01    -5.83229    -0.05531    -0.24060    -5.53637
   -0.10500E-01    -5.85556    -0.05655    -0.24232    -5.55669
   -0.99000E-02    -5.87951    -0.05784    -0.24415    -5.57752
   -0.93000E-02    -5.90429    -0.05924    -0.24616    -5.59889
   -0.87000E-02    -5.92994    -0.06074    -0.24836    -5.62084
   -0.81000E-02    -5.95667    -0.06234    -0.25079    -5.64355
   -0.75000E-02    -5.98489    -0.06413    -0.25352    -5.66724
   -0.69000E-02    -6.01446    -0.06606    -0.25656    -5.69184
   -0.63000E-02    -6.04571    -0.06815    -0.26004    -5.71752
   -0.57000E-02    -6.07881    -0.07044    -0.26407    -5.74431
   -0.51000E-02    -6.11420    -0.07294    -0.26881    -5.77244
   -0.45000E-02    -6.15207    -0.07572    -0.27448    -5.80186
   -0.39000E-02    -6.19290    -0.07886    -0.28150    -5.83254
   -0.33000E-02    -6.23700    -0.08237    -0.29045    -5.86418
   -0.27000E-02    -6.28515    -0.08633    -0.30263    -5.89619
   -0.21000E-02    -6.34014    -0.09083    -0.32140    -5.92791
   -0.15000E-02    -6.41232    -0.09582    -0.35682    -5.95968
   -0.90000E-03    -6.51321    -0.10118    -0.41088    -6.00116
   -0.30000E-03    -7.99293    -0.10516    -0.42241    -7.46536
    0.30000E-03    -6.51602    -0.09362    -0.41846    -6.00394
    0.90000E-03    -6.43271    -0.03979    -0.41316    -5.97977
    0.15000E-02    -6.38736    -0.00436    -0.40815    -5.97485
    0.21000E-02    -6.36296     0.01456    -0.40367    -5.97385
    0.27000E-02    -6.34664     0.02673    -0.39972    -5.97365
    0.33000E-02    -6.33418     0.03568    -0.39626    -5.97360
    0.39000E-02    -6.32412     0.04265    -0.39318    -5.97359
    0.45000E-02    -6.31573     0.04834    -0.39049    -5.97358
    0.51000E-02    -6.30851     0.05310    -0.38804    -5.97357
    0.57000E-02    -6.30222     0.05718    -0.38584    -5.97356
    0.63000E-02    -6.29670     0.06073    -0.38388    -5.97355
    0.69000E-02    -6.29183     0.06383    -0.38212    -5.97354
    0.75000E-02    -6.28751     0.06654    -0.38053    -5.97352
    0.81000E-02    -6.28360     0.06900    -0.37910    -5.97351
    0.87000E-02    -6.28002     0.07123    -0.37775    -5.97350
    0.93000E-02    -6.27674     0.07326    -0.37652    -5.97348
    0.99000E-02    -6.27374     0.07512    -0.37540    -5.97347
    0.10500E-01    -6.27100     0.07683    -0.37439    -5.97345
    0.11100E-01    -6.26846     0.07841    -0.37345    -5.97343
    0.11700E-01    -6.26613     0.07987    -0.37259    -5.97341
    0.12300E-01    -6.26396     0.08122    -0.37179    -5.97339
    0.12900E-01    -6.26195     0.08247    -0.37106    -5.97337
    0.13500E-01    -6.26011     0.08362    -0.37039    -5.97334
    0.14100E-01    -6.25841     0.08468    -0.36977    -5.97332
    0.14700E-01    -6.25681     0.08570    -0.36921    -5.97330
    0.15300E-01    -6.25529     0.08666    -0.36868    -5.97327
    0.15900E-01    -6.25386     0.08758    -0.36818    -5.97325
    0.16500E-01    -6.25253     0.08843    -0.36774    -5.97322
    0.17100E-01    -6.25129     0.08927    -0.36737    -5.97320
    0.17700E-01    -6.25009     0.09007    -0.36699    -5.97317
    0.18300E-01    -6.24897     0.09080    -0.36663    -5.97314
    0.18900E-01    -6.24790     0.09148    -0.36628    -5.97311
    0.19500E-01    -6.24686     0.09218    -0.36597    -5.97308
    0.21300E-01    -6.24126     0.09606    -0.36446    -5.97285
    0.27000E-01    -6.23548     0.10028    -0.36334    -5.97242
    0.33000E-01    -6.23152     0.10328    -0.36289    -5.97191
    0.39000E-01    -6.22851     0.10551    -0.36269    -5.97132
    0.45000E-01    -6.22604     0.10722    -0.36260    -5.97066
    0.51000E-01    -6.22388     0.10860    -0.36256    -5.96993
    0.57000E-01    -6.22201     0.10964    -0.36252    -5.96913
    0.63000E-01    -6.22011     0.11053    -0.36250    -5.96814
    0.69000E-01    -6.21842     0.11110    -0.36232    -5.96721
    0.75000E-01    -6.21683     0.11165    -0.36230    -5.96618
    0.81000E-01    -6.21528     0.11212    -0.36229    -5.96512
    0.87000E-01    -6.21384     0.11252    -0.36228    -5.96409
    0.93000E-01    -6.21220     0.11286    -0.36213    -5.96294
    0.99000E-01    -6.21066     0.11314    -0.36197    -5.96182
    0.10500        -6.20888     0.11340    -0.36182    -5.96045
    0.11100        -6.20744     0.11354    -0.36180    -5.95919
    0.11700        -6.20591     0.11371    -0.36178    -5.95784
    0.12300        -6.20436     0.11386    -0.36177    -5.95645
    0.12900        -6.20265     0.11392    -0.36162    -5.95495
    0.13500        -6.20108     0.11393    -0.36159    -5.95342
    0.14100        -6.19945     0.11399    -0.36157    -5.95187
    0.14700        -6.19779     0.11405    -0.36156    -5.95028
    0.15300        -6.19609     0.11412    -0.36154    -5.94868
    0.15900        -6.19423     0.11417    -0.36140    -5.94701
    0.16500        -6.19238     0.11420    -0.36138    -5.94520
    0.17100        -6.19048     0.11432    -0.36124    -5.94356
    0.17700        -6.18863     0.11432    -0.36110    -5.94184
    0.18300        -6.18669     0.11436    -0.36107    -5.93997
    0.18900        -6.18472     0.11436    -0.36105    -5.93804
    0.19500        -6.18281     0.11443    -0.36103    -5.93621
    0.20100        -6.18079     0.11450    -0.36089    -5.93439
    0.20700        -6.17885     0.11456    -0.36076    -5.93265
    0.21300        -6.17694     0.11457    -0.36071    -5.93080
    0.22700        -6.15946     0.11456    -0.36046    -5.91356
    0.34500        -6.09981     0.11470    -0.35964    -5.85488
    0.49500        -6.03509     0.11491    -0.35861    -5.79139
    0.64500        -5.96914     0.11531    -0.35715    -5.72729
    0.79500        -5.90352     0.11564    -0.35600    -5.66316
    0.94500        -5.83857     0.11591    -0.35483    -5.59965
     1.0950        -5.77395     0.11615    -0.35361    -5.53650
     1.2450        -5.71059     0.11637    -0.35199    -5.47497
     1.3950        -5.64807     0.11658    -0.35047    -5.41417
     1.5450        -5.58734     0.11673    -0.34905    -5.35501
     1.6950        -5.52855     0.11687    -0.34772    -5.29770
     1.8450        -5.47159     0.11700    -0.34646    -5.24214
     1.9950        -5.41667     0.11713    -0.34526    -5.18853
     2.1450        -5.36371     0.11725    -0.34413    -5.13683
     2.2950        -5.31264     0.11737    -0.34307    -5.08694
     2.4450        -5.26358     0.11747    -0.34204    -5.03900
     2.5950        -5.21625     0.11757    -0.34106    -4.99277
     2.7450        -5.17092     0.11766    -0.34012    -4.94846
     2.8950        -5.12747     0.11775    -0.33922    -4.90600
     3.0450        -5.08561     0.11785    -0.33835    -4.86511
     3.1950        -5.04535     0.11794    -0.33751    -4.82578
     3.3450        -5.00649     0.11802    -0.33670    -4.78780
     3.4950        -4.96915     0.11809    -0.33592    -4.75132
     3.6450        -4.93284     0.11817    -0.33517    -4.71584
     3.7950        -4.89789     0.11824    -0.33446    -4.68168
     3.9450        -4.86415     0.11831    -0.33376    -4.64869
     4.0950        -4.83151     0.11837    -0.33308    -4.61681
     4.2450        -4.80004     0.11843    -0.33243    -4.58604
     4.3950        -4.76955     0.11848    -0.33179    -4.55624
     4.5450        -4.73986     0.11855    -0.33117    -4.52723
     4.6950        -4.71124     0.11861    -0.33057    -4.49928
     4.8450        -4.68336     0.11867    -0.32998    -4.47204
     4.9950        -4.65629     0.11871    -0.32941    -4.44560
     5.1450        -4.62997     0.11876    -0.32885    -4.41988
     5.2950        -4.60431     0.11880    -0.32830    -4.39480
     5.4450        -4.57939     0.11884    -0.32776    -4.37047
     5.5950        -4.55514     0.11889    -0.32724    -4.34679
     5.7450        -4.53149     0.11893    -0.32674    -4.32367
     5.8950        -4.50843     0.11896    -0.32624    -4.30114
     6.0450        -4.48595     0.11900    -0.32576    -4.27919
     6.1950        -4.46392     0.11904    -0.32528    -4.25768
     6.3450        -4.44241     0.11908    -0.32482    -4.23668
     6.4950        -4.42137     0.11913    -0.32436    -4.21613
     6.6450        -4.40078     0.11917    -0.32392    -4.19603
     6.7950        -4.38068     0.11921    -0.32349    -4.17641
     6.9450        -4.36103     0.11925    -0.32306    -4.15723
     7.0950        -4.34177     0.11928    -0.32264    -4.13841
     7.2450        -4.32289     0.11932    -0.32223    -4.11997
     7.3950        -4.30435     0.11936    -0.32183    -4.10187
     7.5450        -4.28621     0.11939    -0.32144    -4.08417
     7.6950        -4.26844     0.11943    -0.32105    -4.06683
     7.8450        -4.25098     0.11946    -0.32067    -4.04977
     7.9950        -4.23384     0.11949    -0.32030    -4.03303
     8.1450        -4.21702     0.11952    -0.31993    -4.01661
     8.2950        -4.20048     0.11955    -0.31957    -4.00046
     8.4450        -4.18426     0.11958    -0.31921    -3.98463
     8.5950        -4.16834     0.11961    -0.31886    -3.96909
     8.7450        -4.15267     0.11963    -0.31852    -3.95378
     8.8950        -4.13728     0.11966    -0.31818    -3.93876
     9.0450        -4.12212     0.11968    -0.31785    -3.92396
     9.1950        -4.10722     0.11971    -0.31752    -3.90941
     9.3450        -4.09259     0.11974    -0.31720    -3.89512
     9.4950        -4.07817     0.11976    -0.31689    -3.88105
     9.6450        -4.06395     0.11979    -0.31657    -3.86716
     9.7950        -4.04996     0.11981    -0.31627    -3.85351
     9.9450        -4.03619     0.11984    -0.31596    -3.84008
     10.095        -4.02261     0.11987    -0.31566    -3.82682
     10.245        -4.00922     0.11989    -0.31536    -3.81376
     10.395        -3.99610     0.11991    -0.31507    -3.80095
     10.545        -3.98317     0.11993    -0.31478    -3.78832
     10.695        -3.97042     0.11996    -0.31450    -3.77588
     10.845        -3.95784     0.11999    -0.31422    -3.76361
     10.995        -3.94544     0.12001    -0.31394    -3.75150
     11.145        -3.93320     0.12004    -0.31367    -3.73957
     11.295        -3.92113     0.12006    -0.31340    -3.72779
     11.445        -3.90922     0.12008    -0.31313    -3.71618
     11.595        -3.89744     0.12011    -0.31287    -3.70467
     11.745        -3.88584     0.12013    -0.31261    -3.69335
     11.895        -3.87438     0.12015    -0.31236    -3.68218
     12.045        -3.86308     0.12017    -0.31210    -3.67114
     12.195        -3.85193     0.12019    -0.31185    -3.66026
     12.345        -3.84090     0.12021    -0.31161    -3.64950
     12.495        -3.83006     0.12023    -0.31137    -3.63892
     12.645        -3.81933     0.12025    -0.31114    -3.62844
     12.795        -3.80868     0.12027    -0.31090    -3.61805
     12.945        -3.79816     0.12029    -0.31066    -3.60778
     13.095        -3.78777     0.12031    -0.31043    -3.59765
     13.245        -3.77753     0.12032    -0.31020    -3.58766
     13.395        -3.76739     0.12034    -0.30998    -3.57775
     13.545        -3.75738     0.12035    -0.30975    -3.56798
     13.695        -3.74746     0.12037    -0.30953    -3.55830
     13.845        -3.73766     0.12039    -0.30931    -3.54875
     13.995        -3.72796     0.12040    -0.30908    -3.53928
     14.145        -3.71839     0.12042    -0.30887    -3.52994
     14.295        -3.70888     0.12044    -0.30866    -3.52066
     14.445        -3.69950     0.12045    -0.30845    -3.51150
     14.595        -3.69025     0.12047    -0.30824    -3.50247
     14.745        -3.68109     0.12048    -0.30804    -3.49353
     14.895        -3.67200     0.12050    -0.30784    -3.48466
     15.045        -3.66299     0.12051    -0.30764    -3.47587
     15.195        -3.65411     0.12053    -0.30744    -3.46720
     15.345        -3.64533     0.12054    -0.30724    -3.45862
     15.495        -3.63659     0.12055    -0.30704    -3.45010
     15.645        -3.62799     0.12057    -0.30685    -3.44171
     15.795        -3.61944     0.12058    -0.30666    -3.43337
     15.945        -3.61098     0.12060    -0.30647    -3.42512
     16.095        -3.60261     0.12062    -0.30628    -3.41694
     16.245        -3.59432     0.12063    -0.30609    -3.40885
     16.395        -3.58610     0.12064    -0.30591    -3.40083
     16.545        -3.57797     0.12066    -0.30573    -3.39290
     16.695        -3.56989     0.12067    -0.30554    -3.38502
     16.845        -3.56191     0.12069    -0.30536    -3.37724
     16.995        -3.55399     0.12071    -0.30518    -3.36951
     17.145        -3.54615     0.12072    -0.30500    -3.36187
     17.295        -3.53842     0.12074    -0.30483    -3.35432
     17.445        -3.53071     0.12075    -0.30466    -3.34680
     17.595        -3.52310     0.12077    -0.30449    -3.33938
     17.745        -3.51554     0.12078    -0.30432    -3.33200
     17.895        -3.50803     0.12079    -0.30414    -3.32468
     18.045        -3.50061     0.12080    -0.30398    -3.31743
     18.195        -3.49323     0.12081    -0.30381    -3.31024
     18.345        -3.48593     0.12082    -0.30365    -3.30311
     18.495        -3.47871     0.12084    -0.30348    -3.29607
     18.645        -3.47152     0.12085    -0.30332    -3.28905
     18.795        -3.46439     0.12086    -0.30316    -3.28209
     18.945        -3.45731     0.12088    -0.30300    -3.27518
     19.095        -3.45033     0.12089    -0.30284    -3.26837
     19.245        -3.44339     0.12090    -0.30269    -3.26160
     19.395        -3.43650     0.12092    -0.30253    -3.25489
     19.545        -3.42967     0.12093    -0.30238    -3.24822
     19.695        -3.42289     0.12095    -0.30223    -3.24161
     19.845        -3.41615     0.12096    -0.30207    -3.23504
     19.995        -3.40950     0.12098    -0.30192    -3.22856
     20.145        -3.40289     0.12099    -0.30177    -3.22211
     20.295        -3.39634     0.12100    -0.30162    -3.21572
     20.445        -3.38984     0.12101    -0.30147    -3.20939
     20.595        -3.38339     0.12102    -0.30132    -3.20309
     20.745        -3.37698     0.12104    -0.30117    -3.19684
     20.895        -3.37064     0.12104    -0.30103    -3.19065
     21.045        -3.36432     0.12105    -0.30088    -3.18449
     21.195        -3.35805     0.12106    -0.30074    -3.17837
     21.345        -3.35184     0.12107    -0.30060    -3.17232
     21.495        -3.34567     0.12108    -0.30045    -3.16630
     21.645        -3.33955     0.12110    -0.30031    -3.16034
     21.795        -3.33346     0.12111    -0.30017    -3.15440
     21.945        -3.32742     0.12112    -0.30003    -3.14852
     22.095        -3.32143     0.12114    -0.29989    -3.14268
     22.245        -3.31550     0.12115    -0.29976    -3.13689
     22.395        -3.30958     0.12116    -0.29962    -3.13111
     22.545        -3.30371     0.12117    -0.29949    -3.12539
     22.695        -3.29789     0.12117    -0.29936    -3.11971
     22.845        -3.29212     0.12118    -0.29922    -3.11407
     22.995        -3.28639     0.12119    -0.29909    -3.10848
     23.145        -3.28070     0.12120    -0.29896    -3.10294
     23.295        -3.27502     0.12121    -0.29884    -3.09739
     23.445        -3.26937     0.12122    -0.29871    -3.09189
     23.595        -3.26379     0.12123    -0.29858    -3.08644
     23.745        -3.25823     0.12124    -0.29845    -3.08102
     23.895        -3.25272     0.12126    -0.29832    -3.07565
     24.045        -3.24723     0.12127    -0.29819    -3.07030
     24.195        -3.24179     0.12127    -0.29807    -3.06500
     24.345        -3.23641     0.12128    -0.29794    -3.05974
     24.495        -3.23102     0.12129    -0.29782    -3.05449
     24.645        -3.22571     0.12130    -0.29770    -3.04931
     24.795        -3.22040     0.12131    -0.29758    -3.04413
     24.945        -3.21513     0.12132    -0.29746    -3.03899
     25.095        -3.20988     0.12132    -0.29734    -3.03387
     25.245        -3.20469     0.12133    -0.29722    -3.02880
     25.395        -3.19954     0.12134    -0.29710    -3.02378
     25.545        -3.19439     0.12135    -0.29699    -3.01875
     25.695        -3.18929     0.12136    -0.29687    -3.01378
     25.845        -3.18422     0.12136    -0.29675    -3.00883
     25.995        -3.17915     0.12138    -0.29663    -3.00389
     26.145        -3.17414     0.12139    -0.29652    -2.99901
     26.295        -3.16915     0.12140    -0.29640    -2.99415
     26.445        -3.16421     0.12140    -0.29629    -2.98933
     26.595        -3.15930     0.12141    -0.29618    -2.98453
     26.745        -3.15440     0.12142    -0.29606    -2.97976
     26.895        -3.14953     0.12143    -0.29595    -2.97502
     27.045        -3.14471     0.12145    -0.29583    -2.97032
     27.195        -3.13990     0.12146    -0.29572    -2.96563
     27.345        -3.13513     0.12146    -0.29561    -2.96098
     27.495        -3.13038     0.12147    -0.29551    -2.95635
     27.645        -3.12565     0.12148    -0.29540    -2.95174
     27.795        -3.12095     0.12149    -0.29529    -2.94715
     27.945        -3.11630     0.12150    -0.29518    -2.94261
     28.095        -3.11165     0.12150    -0.29507    -2.93808
     28.245        -3.10704     0.12151    -0.29497    -2.93359
     28.395        -3.10245     0.12152    -0.29486    -2.92911
     28.545        -3.09789     0.12153    -0.29476    -2.92466
     28.695        -3.09335     0.12153    -0.29465    -2.92023
     28.845        -3.08884     0.12154    -0.29455    -2.91583
     28.995        -3.08436     0.12155    -0.29444    -2.91147
     29.145        -3.07992     0.12156    -0.29434    -2.90713
     29.295        -3.07549     0.12156    -0.29424    -2.90281
     29.445        -3.07107     0.12157    -0.29414    -2.89851
     29.595        -3.06668     0.12158    -0.29404    -2.89423
     29.745        -3.06232     0.12159    -0.29394    -2.88997
     29.895        -3.05797     0.12160    -0.29384    -2.88573
     30.045        -3.05366     0.12160    -0.29374    -2.88153
     30.195        -3.04938     0.12161    -0.29364    -2.87735
     30.345        -3.04513     0.12162    -0.29354    -2.87320
     30.495        -3.04085     0.12162    -0.29344    -2.86904
     30.645        -3.03664     0.12163    -0.29334    -2.86493
     30.795        -3.03242     0.12164    -0.29325    -2.86081
     30.945        -3.02825     0.12164    -0.29315    -2.85674
     31.095        -3.02410     0.12165    -0.29305    -2.85269
     31.245        -3.01997     0.12166    -0.29296    -2.84867
     31.395        -3.01585     0.12166    -0.29286    -2.84465
     31.545        -3.01178     0.12167    -0.29277    -2.84069
     31.695        -3.00772     0.12168    -0.29267    -2.83673
     31.845        -3.00368     0.12169    -0.29258    -2.83279
     31.995        -2.99965     0.12169    -0.29248    -2.82886
     32.145        -2.99565     0.12170    -0.29239    -2.82496
     32.295        -2.99166     0.12170    -0.29230    -2.82107
     32.445        -2.98770     0.12171    -0.29220    -2.81720
     32.595        -2.98374     0.12171    -0.29211    -2.81334
     32.745        -2.97981     0.12172    -0.29202    -2.80951
     32.895        -2.97590     0.12172    -0.29193    -2.80570
     33.045        -2.97200     0.12173    -0.29184    -2.80189
     33.195        -2.96815     0.12173    -0.29175    -2.79813
     33.345        -2.96430     0.12174    -0.29166    -2.79438
     33.495        -2.96047     0.12175    -0.29157    -2.79065
     33.645        -2.95666     0.12175    -0.29148    -2.78693
     33.795        -2.95285     0.12176    -0.29139    -2.78322
     33.945        -2.94905     0.12177    -0.29130    -2.77952
     34.095        -2.94528     0.12178    -0.29122    -2.77584
     34.245        -2.94153     0.12179    -0.29113    -2.77218
     34.395        -2.93780     0.12179    -0.29104    -2.76855
     34.545        -2.93411     0.12180    -0.29096    -2.76495
     34.695        -2.93041     0.12180    -0.29087    -2.76135
     34.845        -2.92673     0.12181    -0.29078    -2.75776
     34.995        -2.92309     0.12182    -0.29070    -2.75421
     35.145        -2.91945     0.12183    -0.29062    -2.75066
     35.295        -2.91583     0.12183    -0.29053    -2.74712
     35.445        -2.91222     0.12184    -0.29045    -2.74361
     35.595        -2.90864     0.12184    -0.29037    -2.74012
     35.745        -2.90507     0.12185    -0.29028    -2.73664
     35.895        -2.90153     0.12185    -0.29020    -2.73318
     36.045        -2.89800     0.12186    -0.29012    -2.72974
     36.195        -2.89449     0.12186    -0.29004    -2.72631
     36.345        -2.89098     0.12187    -0.28996    -2.72290
     36.495        -2.88749     0.12188    -0.28987    -2.71950
     36.645        -2.88401     0.12188    -0.28979    -2.71610
     36.795        -2.88056     0.12189    -0.28971    -2.71274
     36.945        -2.87712     0.12190    -0.28963    -2.70939
     37.095        -2.87369     0.12190    -0.28955    -2.70604
     37.245        -2.87027     0.12191    -0.28947    -2.70271
     37.395        -2.86687     0.12191    -0.28939    -2.69939
     37.545        -2.86348     0.12192    -0.28931    -2.69609
     37.695        -2.86010     0.12192    -0.28923    -2.69279
     37.845        -2.85674     0.12193    -0.28916    -2.68951
     37.995        -2.85340     0.12194    -0.28908    -2.68626
     38.145        -2.85009     0.12194    -0.28900    -2.68303
     38.295        -2.84678     0.12195    -0.28892    -2.67981
     38.445        -2.84348     0.12196    -0.28885    -2.67659
     38.595        -2.84019     0.12196    -0.28877    -2.67338
     38.745        -2.83691     0.12197    -0.28869    -2.67018
     38.895        -2.83365     0.12198    -0.28862    -2.66701
     39.045        -2.83041     0.12198    -0.28854    -2.66384
     39.195        -2.82717     0.12198    -0.28846    -2.66069
     39.345        -2.82395     0.12199    -0.28839    -2.65755
     39.495        -2.82074     0.12200    -0.28831    -2.65442
     39.645        -2.81754     0.12200    -0.28824    -2.65130
     39.795        -2.81435     0.12201    -0.28817    -2.64819
     39.945        -2.81119     0.12201    -0.28809    -2.64511
     40.095        -2.80805     0.12202    -0.28802    -2.64205
     40.245        -2.80492     0.12203    -0.28795    -2.63900
     40.395        -2.80178     0.12204    -0.28788    -2.63594
     40.545        -2.79866     0.12204    -0.28781    -2.63290
     40.695        -2.79556     0.12205    -0.28773    -2.62987
     40.845        -2.79246     0.12206    -0.28766    -2.62686
     40.995        -2.78939     0.12206    -0.28759    -2.62386
     41.145        -2.78632     0.12207    -0.28752    -2.62087
     41.295        -2.78325     0.12207    -0.28745    -2.61787
     41.445        -2.78022     0.12208    -0.28738    -2.61492
     41.595        -2.77721     0.12209    -0.28730    -2.61199
     41.745        -2.77418     0.12209    -0.28723    -2.60904
     41.895        -2.77119     0.12210    -0.28716    -2.60612
     42.045        -2.76821     0.12210    -0.28710    -2.60321
     42.195        -2.76522     0.12211    -0.28703    -2.60030
     42.345        -2.76226     0.12212    -0.28696    -2.59741
     42.495        -2.75928     0.12212    -0.28689    -2.59451
     42.645        -2.75637     0.12212    -0.28682    -2.59167
     42.795        -2.75343     0.12213    -0.28675    -2.58881
     42.945        -2.75051     0.12213    -0.28668    -2.58596
     43.095        -2.74758     0.12214    -0.28661    -2.58310
     43.245        -2.74468     0.12214    -0.28655    -2.58028
     43.395        -2.74178     0.12215    -0.28648    -2.57745
     43.545        -2.73891     0.12215    -0.28641    -2.57466
     43.695        -2.73604     0.12216    -0.28634    -2.57186
     43.845        -2.73318     0.12217    -0.28627    -2.56908
     43.995        -2.73035     0.12217    -0.28621    -2.56631
     44.145        -2.72751     0.12218    -0.28614    -2.56355
     44.295        -2.72470     0.12218    -0.28607    -2.56081
     44.445        -2.72187     0.12219    -0.28601    -2.55805
     44.595        -2.71908     0.12219    -0.28594    -2.55533
     44.745        -2.71627     0.12220    -0.28587    -2.55260
     44.895        -2.71348     0.12220    -0.28581    -2.54988
     45.045        -2.71072     0.12221    -0.28574    -2.54719
     45.195        -2.70796     0.12221    -0.28568    -2.54449
     45.345        -2.70519     0.12222    -0.28561    -2.54180
     45.495        -2.70246     0.12223    -0.28555    -2.53913
     45.645        -2.69972     0.12223    -0.28549    -2.53646
     45.795        -2.69698     0.12224    -0.28542    -2.53380
     45.945        -2.69427     0.12224    -0.28536    -2.53115
     46.095        -2.69156     0.12225    -0.28530    -2.52851
     46.245        -2.68887     0.12225    -0.28524    -2.52589
     46.395        -2.68618     0.12225    -0.28517    -2.52327
     46.545        -2.68352     0.12226    -0.28511    -2.52067
     46.695        -2.68086     0.12226    -0.28505    -2.51807
     46.845        -2.67821     0.12227    -0.28499    -2.51549
     46.995        -2.67557     0.12227    -0.28493    -2.51292
     47.145        -2.67293     0.12228    -0.28486    -2.51035
     47.295        -2.67030     0.12228    -0.28480    -2.50777
     47.445        -2.66766     0.12228    -0.28474    -2.50520
     47.595        -2.66505     0.12229    -0.28468    -2.50265
     47.745        -2.66244     0.12229    -0.28462    -2.50012
     47.895        -2.65985     0.12230    -0.28456    -2.49759
     48.045        -2.65727     0.12230    -0.28450    -2.49507
     48.195        -2.65469     0.12231    -0.28444    -2.49257
     48.345        -2.65213     0.12231    -0.28438    -2.49007
     48.495        -2.64957     0.12232    -0.28432    -2.48758
     48.645        -2.64703     0.12232    -0.28426    -2.48510
     48.795        -2.64449     0.12233    -0.28420    -2.48262
     48.945        -2.64196     0.12234    -0.28414    -2.48015
     49.095        -2.63943     0.12234    -0.28408    -2.47769
     49.245        -2.63693     0.12234    -0.28402    -2.47525
     49.395        -2.63441     0.12234    -0.28396    -2.47280
     49.545        -2.63190     0.12235    -0.28390    -2.47034
     49.695        -2.62941     0.12235    -0.28385    -2.46792
     49.845        -2.62694     0.12235    -0.28379    -2.46550
     49.995        -2.62447     0.12236    -0.28373    -2.46310
     50.145        -2.62200     0.12236    -0.28367    -2.46069
     50.295        -2.61954     0.12237    -0.28362    -2.45829
     50.445        -2.61709     0.12237    -0.28356    -2.45590
     50.595        -2.61465     0.12238    -0.28350    -2.45352
     50.745        -2.61222     0.12238    -0.28344    -2.45115
     50.895        -2.60978     0.12238    -0.28339    -2.44878
     51.045        -2.60737     0.12239    -0.28333    -2.44643
     51.195        -2.60496     0.12239    -0.28327    -2.44407
     51.345        -2.60257     0.12239    -0.28322    -2.44175
     51.495        -2.60017     0.12240    -0.28316    -2.43941
     51.645        -2.59779     0.12240    -0.28310    -2.43709
     51.795        -2.59539     0.12241    -0.28305    -2.43475
     51.945        -2.59300     0.12241    -0.28299    -2.43242
     52.095        -2.59063     0.12241    -0.28294    -2.43011
     52.245        -2.58828     0.12242    -0.28288    -2.42781
     52.395        -2.58593     0.12242    -0.28283    -2.42553
     52.545        -2.58358     0.12243    -0.28277    -2.42324
     52.695        -2.58125     0.12243    -0.28272    -2.42096
     52.845        -2.57892     0.12243    -0.28266    -2.41869
     52.995        -2.57660     0.12244    -0.28261    -2.41643
     53.145        -2.57428     0.12244    -0.28255    -2.41418
     53.295        -2.57198     0.12244    -0.28250    -2.41193
     53.445        -2.56967     0.12245    -0.28244    -2.40968
     53.595        -2.56739     0.12245    -0.28239    -2.40746
     53.745        -2.56509     0.12246    -0.28233    -2.40522
     53.895        -2.56281     0.12246    -0.28228    -2.40299
     54.045        -2.56055     0.12246    -0.28223    -2.40079
     54.195        -2.55829     0.12247    -0.28217    -2.39859
     54.345        -2.55603     0.12247    -0.28212    -2.39639
     54.495        -2.55377     0.12248    -0.28206    -2.39418
     54.645        -2.55150     0.12248    -0.28201    -2.39198
     54.795        -2.54927     0.12248    -0.28196    -2.38980
     54.945        -2.54704     0.12249    -0.28190    -2.38762
     55.095        -2.54481     0.12249    -0.28185    -2.38546
     59.433        -2.37113     0.12280    -0.27776    -2.21616
     80.646        -2.11918     0.12322    -0.27179    -1.97060
     111.21        -1.87626     0.12362    -0.26603    -1.73384
     153.36        -1.64293     0.12400    -0.26048    -1.50645
     211.49        -1.41891     0.12438    -0.25514    -1.28814
     291.64        -1.20425     0.12471    -0.25001    -1.07895
     402.18        -0.99892     0.12501    -0.24508    -0.87885
     554.60        -0.80242     0.12529    -0.24034    -0.68737
     764.80        -0.61483     0.12555    -0.23585    -0.50453
     1054.7        -0.43575     0.12578    -0.23157    -0.32995
     1454.4        -0.26480     0.12597    -0.22745    -0.16331
     2005.6        -0.10147     0.12615    -0.22350    -0.00411
     2765.8         0.05438     0.12629    -0.21974     0.14783
     3814.0         0.20292     0.12642    -0.21615     0.29266
     5259.5         0.34453     0.12650    -0.21274     0.43077
     7252.9         0.47963     0.12658    -0.20949     0.56255
     10002.         0.60859     0.12662    -0.20642     0.68839
     13793.         0.73159     0.12665    -0.20348     0.80842
     19020.         0.84888     0.12666    -0.20065     0.92287
     26229.         0.96074     0.12665    -0.19796     1.03204
     36170.         1.06728     0.12662    -0.19539     1.13605
     49878.         1.16869     0.12657    -0.19295     1.23507
     68782.         1.26530     0.12651    -0.19062     1.32941
     94851.         1.35721     0.12643    -0.18839     1.41917
    0.13080E+06     1.44465     0.12635    -0.18627     1.50457
    0.18038E+06     1.52775     0.12627    -0.18425     1.58573
    0.24874E+06     1.60682     0.12618    -0.18230     1.66294
    0.34301E+06     1.68188     0.12608    -0.18047     1.73627
    0.47302E+06     1.75309     0.12597    -0.17873     1.80585
    0.65229E+06     1.82091     0.12585    -0.17708     1.87214
    0.89952E+06     1.88523     0.12574    -0.17551     1.93500
    0.12404E+07     1.94625     0.12563    -0.17402     1.99464
    0.17106E+07     2.00424     0.12550    -0.17260     2.05133
    0.23589E+07     2.05931     0.12538    -0.17124     2.10517
    0.32529E+07     2.11146     0.12525    -0.16995     2.15615
    0.44858E+07     2.16107     0.12514    -0.16872     2.20465
    0.61860E+07     2.20803     0.12502    -0.16758     2.25059
    0.85305E+07     2.25271     0.12489    -0.16647     2.29429
    0.11764E+08     2.29506     0.12478    -0.16543     2.33571
    0.16222E+08     2.33532     0.12466    -0.16443     2.37509
    0.22370E+08     2.37354     0.12455    -0.16349     2.41249
    0.30849E+08     2.40968     0.12443    -0.16259     2.44784
    0.42541E+08     2.44386     0.12432    -0.16174     2.48128
    0.58664E+08     2.47604     0.12422    -0.16093     2.51275
    0.80898E+08     2.50631     0.12411    -0.16015     2.54235
    0.11156E+09     2.53484     0.12402    -0.15943     2.57025
    0.15384E+09     2.56176     0.12394    -0.15874     2.59656
    0.21215E+09     2.58715     0.12386    -0.15809     2.62138
    0.29255E+09     2.61111     0.12379    -0.15748     2.64479
    0.40343E+09     2.63378     0.12373    -0.15689     2.66694
    0.55633E+09     2.65516     0.12366    -0.15634     2.68784
    0.76719E+09     2.67516     0.12361    -0.15584     2.70739
    0.10580E+10     2.69310     0.12355    -0.15535     2.72490
    0.14589E+10     2.70959     0.12350    -0.15489     2.74098
    0.20119E+10     2.72472     0.12346    -0.15445     2.75571
    0.27744E+10     2.73866     0.12342    -0.15404     2.76928
    0.38259E+10     2.75149     0.12337    -0.15365     2.78176
    0.52760E+10     2.76332     0.12334    -0.15331     2.79329
    0.72756E+10     2.77420     0.12330    -0.15299     2.80389
    0.10033E+11     2.78427     0.12326    -0.15271     2.81371
    0.13836E+11     2.79356     0.12324    -0.15244     2.82276
    0.19079E+11     2.80210     0.12321    -0.15219     2.83109
    0.26311E+11     2.81001     0.12318    -0.15196     2.83879
    0.36283E+11     2.81732     0.12315    -0.15176     2.84592
    0.50034E+11     2.82403     0.12313    -0.15156     2.85247
    0.68997E+11     2.83025     0.12311    -0.15139     2.85853
    0.10000E+12     2.90480     0.12283    -0.14928     2.93124
