    -99.945         0.00000     0.00000     0.00000     0.00000
    -99.795         0.00000     0.00000     0.00000     0.00000
    -99.645         0.00000     0.00000     0.00000     0.00000
    -99.495         0.00000     0.00000     0.00000     0.00000
    -99.345         0.00000     0.00000     0.00000     0.00000
    -99.195         0.00000     0.00000     0.00000     0.00000
    -99.045         0.00000     0.00000     0.00000     0.00000
    -98.895         0.00000     0.00000     0.00000     0.00000
    -98.745         0.00000     0.00000     0.00000     0.00000
    -98.595         0.00000     0.00000     0.00000     0.00000
    -98.445         0.00000     0.00000     0.00000     0.00000
    -98.295         0.00000     0.00000     0.00000     0.00000
    -98.145         0.00000     0.00000     0.00000     0.00000
    -97.995         0.00000     0.00000     0.00000     0.00000
    -97.845         0.00000     0.00000     0.00000     0.00000
    -97.695         0.00000     0.00000     0.00000     0.00000
    -97.545         0.00000     0.00000     0.00000     0.00000
    -97.395         0.00000     0.00000     0.00000     0.00000
    -97.245         0.00000     0.00000     0.00000     0.00000
    -97.095         0.00000     0.00000     0.00000     0.00000
    -96.945         0.00000     0.00000     0.00000     0.00000
    -96.795         0.00000     0.00000     0.00000     0.00000
    -96.645         0.00000     0.00000     0.00000     0.00000
    -96.495         0.00000     0.00000     0.00000     0.00000
    -96.345         0.00000     0.00000     0.00000     0.00000
    -96.195         0.00000     0.00000     0.00000     0.00000
    -96.045         0.00000     0.00000     0.00000     0.00000
    -95.895         0.00000     0.00000     0.00000     0.00000
    -95.745         0.00000     0.00000     0.00000     0.00000
    -95.595         0.00000     0.00000     0.00000     0.00000
    -95.445         0.00000     0.00000     0.00000     0.00000
    -95.295         0.00000     0.00000     0.00000     0.00000
    -95.145         0.00000     0.00000     0.00000     0.00000
    -94.995         0.00000     0.00000     0.00000     0.00000
    -94.845         0.00000     0.00000     0.00000     0.00000
    -94.695         0.00000     0.00000     0.00000     0.00000
    -94.545         0.00000     0.00000     0.00000     0.00000
    -94.395         0.00000     0.00000     0.00000     0.00000
    -94.245         0.00000     0.00000     0.00000     0.00000
    -94.095         0.00000     0.00000     0.00000     0.00000
    -93.945         0.00000     0.00000     0.00000     0.00000
    -93.795         0.00000     0.00000     0.00000     0.00000
    -93.645         0.00000     0.00000     0.00000     0.00000
    -93.495         0.00000     0.00000     0.00000     0.00000
    -93.345         0.00000     0.00000     0.00000     0.00000
    -93.195         0.00000     0.00000     0.00000     0.00000
    -93.045         0.00000     0.00000     0.00000     0.00000
    -92.895         0.00000     0.00000     0.00000     0.00000
    -92.745         0.00000     0.00000     0.00000     0.00000
    -92.595         0.00000     0.00000     0.00000     0.00000
    -92.445         0.00000     0.00000     0.00000     0.00000
    -92.295         0.00000     0.00000     0.00000     0.00000
    -92.145         0.00000     0.00000     0.00000     0.00000
    -91.995         0.00000     0.00000     0.00000     0.00000
    -91.845         0.00000     0.00000     0.00000     0.00000
    -91.695         0.00000     0.00000     0.00000     0.00000
    -91.545         0.00000     0.00000     0.00000     0.00000
    -91.395         0.00000     0.00000     0.00000     0.00000
    -91.245         0.00000     0.00000     0.00000     0.00000
    -91.095         0.00000     0.00000     0.00000     0.00000
    -90.945         0.00000     0.00000     0.00000     0.00000
    -90.795         0.00000     0.00000     0.00000     0.00000
    -90.645         0.00000     0.00000     0.00000     0.00000
    -90.495         0.00000     0.00000     0.00000     0.00000
    -90.345         0.00000     0.00000     0.00000     0.00000
    -90.195         0.00000     0.00000     0.00000     0.00000
    -90.045         0.00000     0.00000     0.00000     0.00000
    -89.895         0.00000     0.00000     0.00000     0.00000
    -89.745         0.00000     0.00000     0.00000     0.00000
    -89.595         0.00000     0.00000     0.00000     0.00000
    -89.445         0.00000     0.00000     0.00000     0.00000
    -89.295         0.00000     0.00000     0.00000     0.00000
    -89.145         0.00000     0.00000     0.00000     0.00000
    -88.995         0.00000     0.00000     0.00000     0.00000
    -88.845         0.00000     0.00000     0.00000     0.00000
    -88.695         0.00000     0.00000     0.00000     0.00000
    -88.545         0.00000     0.00000     0.00000     0.00000
    -88.395         0.00000     0.00000     0.00000     0.00000
    -88.245         0.00000     0.00000     0.00000     0.00000
    -88.095         0.00000     0.00000     0.00000     0.00000
    -87.945         0.00000     0.00000     0.00000     0.00000
    -87.795         0.00000     0.00000     0.00000     0.00000
    -87.645         0.00000     0.00000     0.00000     0.00000
    -87.495         0.00000     0.00000     0.00000     0.00000
    -87.345         0.00000     0.00000     0.00000     0.00000
    -87.195         0.00000     0.00000     0.00000     0.00000
    -87.045         0.00000     0.00000     0.00000     0.00000
    -86.895         0.00000     0.00000     0.00000     0.00000
    -86.745         0.00000     0.00000     0.00000     0.00000
    -86.595         0.00000     0.00000     0.00000     0.00000
    -86.445         0.00000     0.00000     0.00000     0.00000
    -86.295         0.00000     0.00000     0.00000     0.00000
    -86.145         0.00000     0.00000     0.00000     0.00000
    -85.995         0.00000     0.00000     0.00000     0.00000
    -85.845         0.00000     0.00000     0.00000     0.00000
    -85.695         0.00000     0.00000     0.00000     0.00000
    -85.545         0.00000     0.00000     0.00000     0.00000
    -85.395         0.00000     0.00000     0.00000     0.00000
    -85.245         0.00000     0.00000     0.00000     0.00000
    -85.095         0.00000     0.00000     0.00000     0.00000
    -84.945         0.00000     0.00000     0.00000     0.00000
    -84.795         0.00000     0.00000     0.00000     0.00000
    -84.645         0.00000     0.00000     0.00000     0.00000
    -84.495         0.00000     0.00000     0.00000     0.00000
    -84.345         0.00000     0.00000     0.00000     0.00000
    -84.195         0.00000     0.00000     0.00000     0.00000
    -84.045         0.00000     0.00000     0.00000     0.00000
    -83.895         0.00000     0.00000     0.00000     0.00000
    -83.745         0.00000     0.00000     0.00000     0.00000
    -83.595         0.00000     0.00000     0.00000     0.00000
    -83.445         0.00000     0.00000     0.00000     0.00000
    -83.295         0.00000     0.00000     0.00000     0.00000
    -83.145         0.00000     0.00000     0.00000     0.00000
    -82.995         0.00000     0.00000     0.00000     0.00000
    -82.845         0.00000     0.00000     0.00000     0.00000
    -82.695         0.00000     0.00000     0.00000     0.00000
    -82.545         0.00000     0.00000     0.00000     0.00000
    -82.395         0.00000     0.00000     0.00000     0.00000
    -82.245         0.00000     0.00000     0.00000     0.00000
    -82.095         0.00000     0.00000     0.00000     0.00000
    -81.945         0.00000     0.00000     0.00000     0.00000
    -81.795         0.00000     0.00000     0.00000     0.00000
    -81.645         0.00000     0.00000     0.00000     0.00000
    -81.495         0.00000     0.00000     0.00000     0.00000
    -81.345         0.00000     0.00000     0.00000     0.00000
    -81.195         0.00000     0.00000     0.00000     0.00000
    -81.045         0.00000     0.00000     0.00000     0.00000
    -80.895         0.00000     0.00000     0.00000     0.00000
    -80.745         0.00000     0.00000     0.00000     0.00000
    -80.595         0.00000     0.00000     0.00000     0.00000
    -80.445         0.00000     0.00000     0.00000     0.00000
    -80.295         0.00000     0.00000     0.00000     0.00000
    -80.145         0.00000     0.00000     0.00000     0.00000
    -79.995         0.00000     0.00000     0.00000     0.00000
    -79.845         0.00000     0.00000     0.00000     0.00000
    -79.695         0.00000     0.00000     0.00000     0.00000
    -79.545         0.00000     0.00000     0.00000     0.00000
    -79.395         0.00000     0.00000     0.00000     0.00000
    -79.245         0.00000     0.00000     0.00000     0.00000
    -79.095         0.00000     0.00000     0.00000     0.00000
    -78.945         0.00000     0.00000     0.00000     0.00000
    -78.795         0.00000     0.00000     0.00000     0.00000
    -78.645         0.00000     0.00000     0.00000     0.00000
    -78.495         0.00000     0.00000     0.00000     0.00000
    -78.345         0.00000     0.00000     0.00000     0.00000
    -78.195         0.00000     0.00000     0.00000     0.00000
    -78.045         0.00000     0.00000     0.00000     0.00000
    -77.895         0.00000     0.00000     0.00000     0.00000
    -77.745         0.00000     0.00000     0.00000     0.00000
    -77.595         0.00000     0.00000     0.00000     0.00000
    -77.445         0.00000     0.00000     0.00000     0.00000
    -77.295         0.00000     0.00000     0.00000     0.00000
    -77.145         0.00000     0.00000     0.00000     0.00000
    -76.995         0.00000     0.00000     0.00000     0.00000
    -76.845         0.00000     0.00000     0.00000     0.00000
    -76.695         0.00000     0.00000     0.00000     0.00000
    -76.545         0.00000     0.00000     0.00000     0.00000
    -76.395         0.00000     0.00000     0.00000     0.00000
    -76.245         0.00000     0.00000     0.00000     0.00000
    -76.095         0.00000     0.00000     0.00000     0.00000
    -75.945         0.00000     0.00000     0.00000     0.00000
    -75.795         0.00000     0.00000     0.00000     0.00000
    -75.645         0.00000     0.00000     0.00000     0.00000
    -75.495         0.00000     0.00000     0.00000     0.00000
    -75.345         0.00000     0.00000     0.00000     0.00000
    -75.195         0.00000     0.00000     0.00000     0.00000
    -75.045         0.00000     0.00000     0.00000     0.00000
    -74.895         0.00000     0.00000     0.00000     0.00000
    -74.745         0.00000     0.00000     0.00000     0.00000
    -74.595         0.00000     0.00000     0.00000     0.00000
    -74.445         0.00000     0.00000     0.00000     0.00000
    -74.295         0.00000     0.00000     0.00000     0.00000
    -74.145         0.00000     0.00000     0.00000     0.00000
    -73.995         0.00000     0.00000     0.00000     0.00000
    -73.845         0.00000     0.00000     0.00000     0.00000
    -73.695         0.00000     0.00000     0.00000     0.00000
    -73.545         0.00000     0.00000     0.00000     0.00000
    -73.395         0.00000     0.00000     0.00000     0.00000
    -73.245         0.00000     0.00000     0.00000     0.00000
    -73.095         0.00000     0.00000     0.00000     0.00000
    -72.945         0.00000     0.00000     0.00000     0.00000
    -72.795         0.00000     0.00000     0.00000     0.00000
    -72.645         0.00000     0.00000     0.00000     0.00000
    -72.495         0.00000     0.00000     0.00000     0.00000
    -72.345         0.00000     0.00000     0.00000     0.00000
    -72.195         0.00000     0.00000     0.00000     0.00000
    -72.045         0.00000     0.00000     0.00000     0.00000
    -71.895         0.00000     0.00000     0.00000     0.00000
    -71.745         0.00000     0.00000     0.00000     0.00000
    -71.595         0.00000     0.00000     0.00000     0.00000
    -71.445         0.00000     0.00000     0.00000     0.00000
    -71.295         0.00000     0.00000     0.00000     0.00000
    -71.145         0.00000     0.00000     0.00000     0.00000
    -70.995         0.00000     0.00000     0.00000     0.00000
    -70.845         0.00000     0.00000     0.00000     0.00000
    -70.695         0.00000     0.00000     0.00000     0.00000
    -70.545         0.00000     0.00000     0.00000     0.00000
    -70.395         0.00000     0.00000     0.00000     0.00000
    -70.245         0.00000     0.00000     0.00000     0.00000
    -70.095         0.00000     0.00000     0.00000     0.00000
    -69.945         0.00000     0.00000     0.00000     0.00000
    -69.795         0.00000     0.00000     0.00000     0.00000
    -69.645         0.00000     0.00000     0.00000     0.00000
    -69.495         0.00000     0.00000     0.00000     0.00000
    -69.345         0.00000     0.00000     0.00000     0.00000
    -69.195         0.00000     0.00000     0.00000     0.00000
    -69.045         0.00000     0.00000     0.00000     0.00000
    -68.895         0.00000     0.00000     0.00000     0.00000
    -68.745         0.00000     0.00000     0.00000     0.00000
    -68.595         0.00000     0.00000     0.00000     0.00000
    -68.445         0.00000     0.00000     0.00000     0.00000
    -68.295         0.00000     0.00000     0.00000     0.00000
    -68.145         0.00000     0.00000     0.00000     0.00000
    -67.995         0.00000     0.00000     0.00000     0.00000
    -67.845         0.00000     0.00000     0.00000     0.00000
    -67.695         0.00000     0.00000     0.00000     0.00000
    -67.545         0.00000     0.00000     0.00000     0.00000
    -67.395         0.00000     0.00000     0.00000     0.00000
    -67.245         0.00000     0.00000     0.00000     0.00000
    -67.095         0.00000     0.00000     0.00000     0.00000
    -66.945         0.00000     0.00000     0.00000     0.00000
    -66.795         0.00000     0.00000     0.00000     0.00000
    -66.645         0.00000     0.00000     0.00000     0.00000
    -66.495         0.00000     0.00000     0.00000     0.00000
    -66.345         0.00000     0.00000     0.00000     0.00000
    -66.195         0.00000     0.00000     0.00000     0.00000
    -66.045         0.00000     0.00000     0.00000     0.00000
    -65.895         0.00000     0.00000     0.00000     0.00000
    -65.745         0.00000     0.00000     0.00000     0.00000
    -65.595         0.00000     0.00000     0.00000     0.00000
    -65.445         0.00000     0.00000     0.00000     0.00000
    -65.295         0.00000     0.00000     0.00000     0.00000
    -65.145         0.00000     0.00000     0.00000     0.00000
    -64.995         0.00000     0.00000     0.00000     0.00000
    -64.845         0.00000     0.00000     0.00000     0.00000
    -64.695         0.00000     0.00000     0.00000     0.00000
    -64.545         0.00000     0.00000     0.00000     0.00000
    -64.395         0.00000     0.00000     0.00000     0.00000
    -64.245         0.00000     0.00000     0.00000     0.00000
    -64.095         0.00000     0.00000     0.00000     0.00000
    -63.945         0.00000     0.00000     0.00000     0.00000
    -63.795         0.00000     0.00000     0.00000     0.00000
    -63.645         0.00000     0.00000     0.00000     0.00000
    -63.495         0.00000     0.00000     0.00000     0.00000
    -63.345         0.00000     0.00000     0.00000     0.00000
    -63.195         0.00000     0.00000     0.00000     0.00000
    -63.045         0.00000     0.00000     0.00000     0.00000
    -62.895         0.00000     0.00000     0.00000     0.00000
    -62.745         0.00000     0.00000     0.00000     0.00000
    -62.595         0.00000     0.00000     0.00000     0.00000
    -62.445         0.00000     0.00000     0.00000     0.00000
    -62.295         0.00000     0.00000     0.00000     0.00000
    -62.145         0.00000     0.00000     0.00000     0.00000
    -61.995         0.00000     0.00000     0.00000     0.00000
    -61.845         0.00000     0.00000     0.00000     0.00000
    -61.695         0.00000     0.00000     0.00000     0.00000
    -61.545         0.00000     0.00000     0.00000     0.00000
    -61.395         0.00000     0.00000     0.00000     0.00000
    -61.245         0.00000     0.00000     0.00000     0.00000
    -61.095         0.00000     0.00000     0.00000     0.00000
    -60.945         0.00000     0.00000     0.00000     0.00000
    -60.795         0.00000     0.00000     0.00000     0.00000
    -60.645         0.00000     0.00000     0.00000     0.00000
    -60.495         0.00000     0.00000     0.00000     0.00000
    -60.345         0.00000     0.00000     0.00000     0.00000
    -60.195         0.00000     0.00000     0.00000     0.00000
    -60.045         0.00000     0.00000     0.00000     0.00000
    -59.895         0.00000     0.00000     0.00000     0.00000
    -59.745         0.00000     0.00000     0.00000     0.00000
    -59.595         0.00000     0.00000     0.00000     0.00000
    -59.445         0.00000     0.00000     0.00000     0.00000
    -59.295         0.00000     0.00000     0.00000     0.00000
    -59.145         0.00000     0.00000     0.00000     0.00000
    -58.995         0.00000     0.00000     0.00000     0.00000
    -58.845         0.00000     0.00000     0.00000     0.00000
    -58.695         0.00000     0.00000     0.00000     0.00000
    -58.545         0.00000     0.00000     0.00000     0.00000
    -58.395         0.00000     0.00000     0.00000     0.00000
    -58.245         0.00000     0.00000     0.00000     0.00000
    -58.095         0.00000     0.00000     0.00000     0.00000
    -57.945         0.00000     0.00000     0.00000     0.00000
    -57.795         0.00000     0.00000     0.00000     0.00000
    -57.645         0.00000     0.00000     0.00000     0.00000
    -57.495         0.00000     0.00000     0.00000     0.00000
    -57.345         0.00000     0.00000     0.00000     0.00000
    -57.195         0.00000     0.00000     0.00000     0.00000
    -57.045         0.00000     0.00000     0.00000     0.00000
    -56.895         0.00000     0.00000     0.00000     0.00000
    -56.745         0.00000     0.00000     0.00000     0.00000
    -56.595         0.00000     0.00000     0.00000     0.00000
    -56.445         0.00000     0.00000     0.00000     0.00000
    -56.295         0.00000     0.00000     0.00000     0.00000
    -56.145         0.00000     0.00000     0.00000     0.00000
    -55.995         0.00000     0.00000     0.00000     0.00000
    -55.845         0.00000     0.00000     0.00000     0.00000
    -55.695         0.00000     0.00000     0.00000     0.00000
    -55.545         0.00000     0.00000     0.00000     0.00000
    -55.395         0.00000     0.00000     0.00000     0.00000
    -55.245         0.00000     0.00000     0.00000     0.00000
    -55.095         0.00000     0.00000     0.00000     0.00000
    -54.945         0.00000     0.00000     0.00000     0.00000
    -54.795         0.00000     0.00000     0.00000     0.00000
    -54.645         0.00000     0.00000     0.00000     0.00000
    -54.495         0.00000     0.00000     0.00000     0.00000
    -54.345         0.00000     0.00000     0.00000     0.00000
    -54.195         0.00000     0.00000     0.00000     0.00000
    -54.045         0.00000     0.00000     0.00000     0.00000
    -53.895         0.00000     0.00000     0.00000     0.00000
    -53.745         0.00000     0.00000     0.00000     0.00000
    -53.595         0.00000     0.00000     0.00000     0.00000
    -53.445         0.00000     0.00000     0.00000     0.00000
    -53.295         0.00000     0.00000     0.00000     0.00000
    -53.145         0.00000     0.00000     0.00000     0.00000
    -52.995         0.00000     0.00000     0.00000     0.00000
    -52.845         0.00000     0.00000     0.00000     0.00000
    -52.695         0.00000     0.00000     0.00000     0.00000
    -52.545         0.00000     0.00000     0.00000     0.00000
    -52.395         0.00000     0.00000     0.00000     0.00000
    -52.245         0.00000     0.00000     0.00000     0.00000
    -52.095         0.00000     0.00000     0.00000     0.00000
    -51.945         0.00000     0.00000     0.00000     0.00000
    -51.795         0.00000     0.00000     0.00000     0.00000
    -51.645         0.00000     0.00000     0.00000     0.00000
    -51.495         0.00000     0.00000     0.00000     0.00000
    -51.345         0.00000     0.00000     0.00000     0.00000
    -51.195         0.00000     0.00000     0.00000     0.00000
    -51.045         0.00000     0.00000     0.00000     0.00000
    -50.895         0.00000     0.00000     0.00000     0.00000
    -50.745         0.00000     0.00000     0.00000     0.00000
    -50.595         0.00000     0.00000     0.00000     0.00000
    -50.445         0.00000     0.00000     0.00000     0.00000
    -50.295         0.00000     0.00000     0.00000     0.00000
    -50.145         0.00000     0.00000     0.00000     0.00000
    -49.995         0.00000     0.00000     0.00000     0.00000
    -49.845         0.00000     0.00000     0.00000     0.00000
    -49.695         0.00000     0.00000     0.00000     0.00000
    -49.545         0.00000     0.00000     0.00000     0.00000
    -49.395         0.00000     0.00000     0.00000     0.00000
    -49.245         0.00000     0.00000     0.00000     0.00000
    -49.095         0.00000     0.00000     0.00000     0.00000
    -48.945         0.00000     0.00000     0.00000     0.00000
    -48.795         0.00000     0.00000     0.00000     0.00000
    -48.645         0.00000     0.00000     0.00000     0.00000
    -48.495         0.00000     0.00000     0.00000     0.00000
    -48.345         0.00000     0.00000     0.00000     0.00000
    -48.195         0.00000     0.00000     0.00000     0.00000
    -48.045         0.00000     0.00000     0.00000     0.00000
    -47.895         0.00000     0.00000     0.00000     0.00000
    -47.745         0.00000     0.00000     0.00000     0.00000
    -47.595         0.00000     0.00000     0.00000     0.00000
    -47.445         0.00000     0.00000     0.00000     0.00000
    -47.295         0.00000     0.00000     0.00000     0.00000
    -47.145         0.00000     0.00000     0.00000     0.00000
    -46.995         0.00000     0.00000     0.00000     0.00000
    -46.845         0.00000     0.00000     0.00000     0.00000
    -46.695         0.00000     0.00000     0.00000     0.00000
    -46.545         0.00000     0.00000     0.00000     0.00000
    -46.395         0.00000     0.00000     0.00000     0.00000
    -46.245         0.00000     0.00000     0.00000     0.00000
    -46.095         0.00000     0.00000     0.00000     0.00000
    -45.945         0.00000     0.00000     0.00000     0.00000
    -45.795         0.00000     0.00000     0.00000     0.00000
    -45.645         0.00000     0.00000     0.00000     0.00000
    -45.495         0.00000     0.00000     0.00000     0.00000
    -45.345         0.00000     0.00000     0.00000     0.00000
    -45.195         0.00000     0.00000     0.00000     0.00000
    -45.045         0.00000     0.00000     0.00000     0.00000
    -44.895         0.00000     0.00000     0.00000     0.00000
    -44.745         0.00000     0.00000     0.00000     0.00000
    -44.595         0.00000     0.00000     0.00000     0.00000
    -44.445         0.00000     0.00000     0.00000     0.00000
    -44.295         0.00000     0.00000     0.00000     0.00000
    -44.145         0.00000     0.00000     0.00000     0.00000
    -43.995         0.00000     0.00000     0.00000     0.00000
    -43.845         0.00000     0.00000     0.00000     0.00000
    -43.695         0.00000     0.00000     0.00000     0.00000
    -43.545         0.00000     0.00000     0.00000     0.00000
    -43.395         0.00000     0.00000     0.00000     0.00000
    -43.245         0.00000     0.00000     0.00000     0.00000
    -43.095         0.00000     0.00000     0.00000     0.00000
    -42.945         0.00000     0.00000     0.00000     0.00000
    -42.795         0.00000     0.00000     0.00000     0.00000
    -42.645         0.00000     0.00000     0.00000     0.00000
    -42.495         0.00000     0.00000     0.00000     0.00000
    -42.345         0.00000     0.00000     0.00000     0.00000
    -42.195         0.00000     0.00000     0.00000     0.00000
    -42.045         0.00000     0.00000     0.00000     0.00000
    -41.895         0.00000     0.00000     0.00000     0.00000
    -41.745         0.00000     0.00000     0.00000     0.00000
    -41.595         0.00000     0.00000     0.00000     0.00000
    -41.445         0.00000     0.00000     0.00000     0.00000
    -41.295         0.00000     0.00000     0.00000     0.00000
    -41.145         0.00000     0.00000     0.00000     0.00000
    -40.995         0.00000     0.00000     0.00000     0.00000
    -40.845         0.00000     0.00000     0.00000     0.00000
    -40.695         0.00000     0.00000     0.00000     0.00000
    -40.545         0.00000     0.00000     0.00000     0.00000
    -40.395         0.00000     0.00000     0.00000     0.00000
    -40.245         0.00000     0.00000     0.00000     0.00000
    -40.095         0.00000     0.00000     0.00000     0.00000
    -39.945         0.00000     0.00000     0.00000     0.00000
    -39.795         0.00000     0.00000     0.00000     0.00000
    -39.645         0.00000     0.00000     0.00000     0.00000
    -39.495         0.00000     0.00000     0.00000     0.00000
    -39.345         0.00000     0.00000     0.00000     0.00000
    -39.195         0.00000     0.00000     0.00000     0.00000
    -39.045         0.00000     0.00000     0.00000     0.00000
    -38.895         0.00000     0.00000     0.00000     0.00000
    -38.745         0.00000     0.00000     0.00000     0.00000
    -38.595         0.00000     0.00000     0.00000     0.00000
    -38.445         0.00000     0.00000     0.00000     0.00000
    -38.295         0.00000     0.00000     0.00000     0.00000
    -38.145         0.00000     0.00000     0.00000     0.00000
    -37.995         0.00000     0.00000     0.00000     0.00000
    -37.845         0.00000     0.00000     0.00000     0.00000
    -37.695         0.00000     0.00000     0.00000     0.00000
    -37.545         0.00000     0.00000     0.00000     0.00000
    -37.395         0.00000     0.00000     0.00000     0.00000
    -37.245         0.00000     0.00000     0.00000     0.00000
    -37.095         0.00000     0.00000     0.00000     0.00000
    -36.945         0.00000     0.00000     0.00000     0.00000
    -36.795         0.00000     0.00000     0.00000     0.00000
    -36.645         0.00000     0.00000     0.00000     0.00000
    -36.495         0.00000     0.00000     0.00000     0.00000
    -36.345         0.00000     0.00000     0.00000     0.00000
    -36.195         0.00000     0.00000     0.00000     0.00000
    -36.045         0.00000     0.00000     0.00000     0.00000
    -35.895         0.00000     0.00000     0.00000     0.00000
    -35.745         0.00000     0.00000     0.00000     0.00000
    -35.595         0.00000     0.00000     0.00000     0.00000
    -35.445         0.00000     0.00000     0.00000     0.00000
    -35.295         0.00000     0.00000     0.00000     0.00000
    -35.145         0.00000     0.00000     0.00000     0.00000
    -34.995         0.00000     0.00000     0.00000     0.00000
    -34.845         0.00000     0.00000     0.00000     0.00000
    -34.695         0.00000     0.00000     0.00000     0.00000
    -34.545         0.00000     0.00000     0.00000     0.00000
    -34.395         0.00000     0.00000     0.00000     0.00000
    -34.245         0.00000     0.00000     0.00000     0.00000
    -34.095         0.00000     0.00000     0.00000     0.00000
    -33.945         0.00000     0.00000     0.00000     0.00000
    -33.795         0.00000     0.00000     0.00000     0.00000
    -33.645         0.00000     0.00000     0.00000     0.00000
    -33.495         0.00000     0.00000     0.00000     0.00000
    -33.345         0.00000     0.00000     0.00000     0.00000
    -33.195         0.00000     0.00000     0.00000     0.00000
    -33.045         0.00000     0.00000     0.00000     0.00000
    -32.895         0.00000     0.00000     0.00000     0.00000
    -32.745         0.00000     0.00000     0.00000     0.00000
    -32.595         0.00000     0.00000     0.00000     0.00000
    -32.445         0.00000     0.00000     0.00000     0.00000
    -32.295         0.00000     0.00000     0.00000     0.00000
    -32.145         0.00000     0.00000     0.00000     0.00000
    -31.995         0.00000     0.00000     0.00000     0.00000
    -31.845         0.00000     0.00000     0.00000     0.00000
    -31.695         0.00000     0.00000     0.00000     0.00000
    -31.545         0.00000     0.00000     0.00000     0.00000
    -31.395         0.00000     0.00000     0.00000     0.00000
    -31.245         0.00000     0.00000     0.00000     0.00000
    -31.095         0.00000     0.00000     0.00000     0.00000
    -30.945         0.00000     0.00000     0.00000     0.00000
    -30.795         0.00000     0.00000     0.00000     0.00000
    -30.645         0.00000     0.00000     0.00000     0.00000
    -30.495         0.00000     0.00000     0.00000     0.00000
    -30.345         0.00000     0.00000     0.00000     0.00000
    -30.195         0.00000     0.00000     0.00000     0.00000
    -30.045         0.00000     0.00000     0.00000     0.00000
    -29.895         0.00000     0.00000     0.00000     0.00000
    -29.745         0.00000     0.00000     0.00000     0.00000
    -29.595         0.00000     0.00000     0.00000     0.00000
    -29.445         0.00000     0.00000     0.00000     0.00000
    -29.295         0.00000     0.00000     0.00000     0.00000
    -29.145         0.00000     0.00000     0.00000     0.00000
    -28.995         0.00000     0.00000     0.00000     0.00000
    -28.845         0.00000     0.00000     0.00000     0.00000
    -28.695         0.00000     0.00000     0.00000     0.00000
    -28.545         0.00000     0.00000     0.00000     0.00000
    -28.395         0.00000     0.00000     0.00000     0.00000
    -28.245         0.00000     0.00000     0.00000     0.00000
    -28.095         0.00000     0.00000     0.00000     0.00000
    -27.945         0.00000     0.00000     0.00000     0.00000
    -27.795         0.00000     0.00000     0.00000     0.00000
    -27.645         0.00000     0.00000     0.00000     0.00000
    -27.495         0.00000     0.00000     0.00000     0.00000
    -27.345         0.00000     0.00000     0.00000     0.00000
    -27.195         0.00000     0.00000     0.00000     0.00000
    -27.045         0.00000     0.00000     0.00000     0.00000
    -26.895         0.00000     0.00000     0.00000     0.00000
    -26.745         0.00000     0.00000     0.00000     0.00000
    -26.595         0.00000     0.00000     0.00000     0.00000
    -26.445         0.00000     0.00000     0.00000     0.00000
    -26.295         0.00000     0.00000     0.00000     0.00000
    -26.145         0.00000     0.00000     0.00000     0.00000
    -25.995         0.00000     0.00000     0.00000     0.00000
    -25.845         0.00000     0.00000     0.00000     0.00000
    -25.695         0.00000     0.00000     0.00000     0.00000
    -25.545         0.00000     0.00000     0.00000     0.00000
    -25.395         0.00000     0.00000     0.00000     0.00000
    -25.245         0.00000     0.00000     0.00000     0.00000
    -25.095         0.00000     0.00000     0.00000     0.00000
    -24.945         0.00000     0.00000     0.00000     0.00000
    -24.795         0.00000     0.00000     0.00000     0.00000
    -24.645         0.00000     0.00000     0.00000     0.00000
    -24.495         0.00000     0.00000     0.00000     0.00000
    -24.345         0.00000     0.00000     0.00000     0.00000
    -24.195         0.00000     0.00000     0.00000     0.00000
    -24.045         0.00000     0.00000     0.00000     0.00000
    -23.895         0.00000     0.00000     0.00000     0.00000
    -23.745         0.00000     0.00000     0.00000     0.00000
    -23.595         0.00000     0.00000     0.00000     0.00000
    -23.445         0.00000     0.00000     0.00000     0.00000
    -23.295         0.00000     0.00000     0.00000     0.00000
    -23.145         0.00000     0.00000     0.00000     0.00000
    -22.995         0.00000     0.00000     0.00000     0.00000
    -22.845         0.00000     0.00000     0.00000     0.00000
    -22.695         0.00000     0.00000     0.00000     0.00000
    -22.545         0.00000     0.00000     0.00000     0.00000
    -22.395         0.00000     0.00000     0.00000     0.00000
    -22.245         0.00000     0.00000     0.00000     0.00000
    -22.095         0.00000     0.00000     0.00000     0.00000
    -21.945         0.00000     0.00000     0.00000     0.00000
    -21.795         0.00000     0.00000     0.00000     0.00000
    -21.645         0.00000     0.00000     0.00000     0.00000
    -21.495         0.00000     0.00000     0.00000     0.00000
    -21.345         0.00000     0.00000     0.00000     0.00000
    -21.195         0.00000     0.00000     0.00000     0.00000
    -21.045         0.00000     0.00000     0.00000     0.00000
    -20.895         0.00000     0.00000     0.00000     0.00000
    -20.745         0.00000     0.00000     0.00000     0.00000
    -20.595         0.00000     0.00000     0.00000     0.00000
    -20.445         0.00000     0.00000     0.00000     0.00000
    -20.295         0.00000     0.00000     0.00000     0.00000
    -20.145         0.00000     0.00000     0.00000     0.00000
    -19.995         0.00000     0.00000     0.00000     0.00000
    -19.845         0.00000     0.00000     0.00000     0.00000
    -19.695         0.00000     0.00000     0.00000     0.00000
    -19.545         0.00000     0.00000     0.00000     0.00000
    -19.395         0.00000     0.00000     0.00000     0.00000
    -19.245         0.00000     0.00000     0.00000     0.00000
    -19.095         0.00000     0.00000     0.00000     0.00000
    -18.945         0.00000     0.00000     0.00000     0.00000
    -18.795         0.00000     0.00000     0.00000     0.00000
    -18.645         0.00000     0.00000     0.00000     0.00000
    -18.495         0.00000     0.00000     0.00000     0.00000
    -18.345         0.00000     0.00000     0.00000     0.00000
    -18.195         0.00000     0.00000     0.00000     0.00000
    -18.045         0.00000     0.00000     0.00000     0.00000
    -17.895         0.00000     0.00000     0.00000     0.00000
    -17.745         0.00000     0.00000     0.00000     0.00000
    -17.595         0.00000     0.00000     0.00000     0.00000
    -17.445         0.00000     0.00000     0.00000     0.00000
    -17.295         0.00000     0.00000     0.00000     0.00000
    -17.145         0.00000     0.00000     0.00000     0.00000
    -16.995         0.00000     0.00000     0.00000     0.00000
    -16.845         0.00000     0.00000     0.00000     0.00000
    -16.695         0.00000     0.00000     0.00000     0.00000
    -16.545         0.00000     0.00000     0.00000     0.00000
    -16.395         0.00000     0.00000     0.00000     0.00000
    -16.245         0.00000     0.00000     0.00000     0.00000
    -16.095         0.00000     0.00000     0.00000     0.00000
    -15.945         0.00000     0.00000     0.00000     0.00000
    -15.795         0.00000     0.00000     0.00000     0.00000
    -15.645         0.00000     0.00000     0.00000     0.00000
    -15.495         0.00000     0.00000     0.00000     0.00000
    -15.345         0.00000     0.00000     0.00000     0.00000
    -15.195         0.00000     0.00000     0.00000     0.00000
    -15.045         0.00000     0.00000     0.00000     0.00000
    -14.895         0.00000     0.00000     0.00000     0.00000
    -14.745         0.00000     0.00000     0.00000     0.00000
    -14.595         0.00000     0.00000     0.00000     0.00000
    -14.445         0.00000     0.00000     0.00000     0.00000
    -14.295         0.00000     0.00000     0.00000     0.00000
    -14.145         0.00000     0.00000     0.00000     0.00000
    -13.995         0.00000     0.00000     0.00000     0.00000
    -13.845         0.00000     0.00000     0.00000     0.00000
    -13.695         0.00000     0.00000     0.00000     0.00000
    -13.545         0.00000     0.00000     0.00000     0.00000
    -13.395         0.00000     0.00000     0.00000     0.00000
    -13.245         0.00000     0.00000     0.00000     0.00000
    -13.095         0.00000     0.00000     0.00000     0.00000
    -12.945         0.00000     0.00000     0.00000     0.00000
    -12.795         0.00000     0.00000     0.00000     0.00000
    -12.645         0.00000     0.00000     0.00000     0.00000
    -12.495         0.00000     0.00000     0.00000     0.00000
    -12.345         0.00000     0.00000     0.00000     0.00000
    -12.195         0.00000     0.00000     0.00000     0.00000
    -12.045         0.00000     0.00000     0.00000     0.00000
    -11.895         0.00000     0.00000     0.00000     0.00000
    -11.745         0.00000     0.00000     0.00000     0.00000
    -11.595         0.00000     0.00000     0.00000     0.00000
    -11.445         0.00000     0.00000     0.00000     0.00000
    -11.295         0.00000     0.00000     0.00000     0.00000
    -11.145         0.00000     0.00000     0.00000     0.00000
    -10.995         0.00000     0.00000     0.00000     0.00000
    -10.845         0.00000     0.00000     0.00000     0.00000
    -10.695         0.00000     0.00000     0.00000     0.00000
    -10.545         0.00000     0.00000     0.00000     0.00000
    -10.395         0.00000     0.00000     0.00000     0.00000
    -10.245         0.00000     0.00000     0.00000     0.00000
    -10.095         0.00000     0.00000     0.00000     0.00000
    -9.9450         0.00000     0.00000     0.00000     0.00000
    -9.7950         0.00000     0.00000     0.00000     0.00000
    -9.6450         0.00000     0.00000     0.00000     0.00000
    -9.4950         0.00000     0.00000     0.00000     0.00000
    -9.3450         0.00000     0.00000     0.00000     0.00000
    -9.1950         0.00000     0.00000     0.00000     0.00000
    -9.0450         0.00000     0.00000     0.00000     0.00000
    -8.8950         0.00000     0.00000     0.00000     0.00000
    -8.7450         0.00000     0.00000     0.00000     0.00000
    -8.5950         0.00000     0.00000     0.00000     0.00000
    -8.4450         0.00000     0.00000     0.00000     0.00000
    -8.2950         0.00000     0.00000     0.00000     0.00000
    -8.1450         0.00000     0.00000     0.00000     0.00000
    -7.9950         0.00000     0.00000     0.00000     0.00000
    -7.8450         0.00000     0.00000     0.00000     0.00000
    -7.6950         0.00000     0.00000     0.00000     0.00000
    -7.5450         0.00000     0.00000     0.00000     0.00000
    -7.3950         0.00000     0.00000     0.00000     0.00000
    -7.2450         0.00000     0.00000     0.00000     0.00000
    -7.0950         0.00000     0.00000     0.00000     0.00000
    -6.9450         0.00000     0.00000     0.00000     0.00000
    -6.7950         0.00000     0.00000     0.00000     0.00000
    -6.6450         0.00000     0.00000     0.00000     0.00000
    -6.4950         0.00000     0.00000     0.00000     0.00000
    -6.3450         0.00000     0.00000     0.00000     0.00000
    -6.1950         0.00000     0.00000     0.00000     0.00000
    -6.0450         0.00000     0.00000     0.00000     0.00000
    -5.8950         0.00000     0.00000     0.00000     0.00000
    -5.7450         0.00000     0.00000     0.00000     0.00000
    -5.5950         0.00000     0.00000     0.00000     0.00000
    -5.4450         0.00000     0.00000     0.00000     0.00000
    -5.2950         0.00000     0.00000     0.00000     0.00000
    -5.1450         0.00000     0.00000     0.00000     0.00000
    -4.9950         0.00000     0.00000     0.00000     0.00000
    -4.8450         0.00000     0.00000     0.00000     0.00000
    -4.6950         0.00000     0.00000     0.00000     0.00000
    -4.5450         0.00000     0.00000     0.00000     0.00000
    -4.3950         0.00000     0.00000     0.00000     0.00000
    -4.2450         0.00000     0.00000     0.00000     0.00000
    -4.0950         0.00000     0.00000     0.00000     0.00000
    -3.9450         0.00000     0.00000     0.00000     0.00000
    -3.7950         0.00000     0.00000     0.00000     0.00000
    -3.6450         0.00000     0.00000     0.00000     0.00000
    -3.4950         0.00000     0.00000     0.00000     0.00000
    -3.3450         0.00000     0.00000     0.00000     0.00000
    -3.1950         0.00000     0.00000     0.00000     0.00000
    -3.0450         0.00000     0.00000     0.00000     0.00000
    -2.8950         0.00000     0.00000     0.00000     0.00000
    -2.7450         0.00000     0.00000     0.00000     0.00000
    -2.5950         0.00000     0.00000     0.00000     0.00000
    -2.4450         0.00000     0.00000     0.00000     0.00000
    -2.2950        -0.00000    -0.00000     0.00000     0.00000
    -2.1450         0.00000     0.00000     0.00000     0.00000
    -1.9950         0.00000     0.00000     0.00000     0.00000
    -1.8450         0.00000     0.00000     0.00000    -0.00000
    -1.6950         0.00002     0.00002     0.00000     0.00000
    -1.5450         0.00012     0.00008     0.00001     0.00004
    -1.3950        -0.00047     0.00020    -0.00016    -0.00050
    -1.2450        -0.00467     0.00045    -0.00170    -0.00342
    -1.0950        -0.02396    -0.00039    -0.00781    -0.01575
   -0.94500        -0.08919    -0.00156    -0.02595    -0.06167
   -0.79500        -0.34221    -0.00365    -0.06611    -0.27246
   -0.64500        -1.32920    -0.00958    -0.11499    -1.20463
   -0.49500        -3.59331    -0.01931    -0.15421    -3.41979
   -0.34500        -6.48590    -0.03385    -0.19120    -6.26086
   -0.22700        -7.26448    -0.04169    -0.20532    -7.01748
   -0.21300        -7.35181    -0.04279    -0.20700    -7.10201
   -0.20700        -7.43761    -0.04387    -0.20875    -7.18499
   -0.20100        -7.52254    -0.04495    -0.21050    -7.26709
   -0.19500        -7.60691    -0.04581    -0.21239    -7.34870
   -0.18900        -7.69190    -0.04700    -0.21421    -7.43069
   -0.18300        -7.77475    -0.04774    -0.21625    -7.51076
   -0.17700        -7.85754    -0.04902    -0.21833    -7.59020
   -0.17100        -7.94099    -0.05042    -0.22044    -7.67013
   -0.16500        -8.02459    -0.05175    -0.22260    -7.75025
   -0.15900        -8.10875    -0.05307    -0.22485    -7.83083
   -0.15300        -8.19266    -0.05429    -0.22718    -7.91119
   -0.14700        -8.27688    -0.05562    -0.22949    -7.99177
   -0.14100        -8.36155    -0.05706    -0.23185    -8.07263
   -0.13500        -8.44748    -0.05862    -0.23451    -8.15435
   -0.12900        -8.53416    -0.06031    -0.23711    -8.23674
   -0.12300        -8.62318    -0.06202    -0.23989    -8.32127
   -0.11700        -8.71269    -0.06374    -0.24261    -8.40634
   -0.11100        -8.80478    -0.06554    -0.24556    -8.49368
   -0.10500        -8.89912    -0.06756    -0.24859    -8.58296
   -0.99000E-01    -8.99601    -0.06966    -0.25180    -8.67456
   -0.93000E-01    -9.09763    -0.07192    -0.25518    -8.77052
   -0.87000E-01    -9.20282    -0.07417    -0.25867    -8.86998
   -0.81000E-01    -9.31399    -0.07658    -0.26241    -8.97500
   -0.75000E-01    -9.43091    -0.07923    -0.26632    -9.08536
   -0.69000E-01    -9.55578    -0.08213    -0.27054    -9.20311
   -0.63000E-01    -9.69040    -0.08516    -0.27489    -9.33035
   -0.57000E-01    -9.83534    -0.08854    -0.27926    -9.46754
   -0.51000E-01    -9.99475    -0.09229    -0.28447    -9.61798
   -0.45000E-01   -10.16688    -0.09642    -0.29009    -9.78037
   -0.39000E-01   -10.35381    -0.10119    -0.29646    -9.95617
   -0.33000E-01   -10.55694    -0.10687    -0.30398   -10.14609
   -0.27000E-01   -10.77942    -0.11383    -0.31401   -10.35158
   -0.21300E-01   -10.94543    -0.11969    -0.32315   -10.50260
   -0.19500E-01   -10.97122    -0.12067    -0.32475   -10.52580
   -0.18900E-01   -10.99725    -0.12167    -0.32642   -10.54916
   -0.18300E-01   -11.02367    -0.12270    -0.32822   -10.57275
   -0.17700E-01   -11.05072    -0.12377    -0.33012   -10.59683
   -0.17100E-01   -11.07817    -0.12488    -0.33214   -10.62115
   -0.16500E-01   -11.10612    -0.12603    -0.33425   -10.64584
   -0.15900E-01   -11.13460    -0.12722    -0.33649   -10.67090
   -0.15300E-01   -11.16357    -0.12846    -0.33888   -10.69622
   -0.14700E-01   -11.19306    -0.12975    -0.34145   -10.72186
   -0.14100E-01   -11.22309    -0.13109    -0.34420   -10.74780
   -0.13500E-01   -11.25403    -0.13249    -0.34717   -10.77438
   -0.12900E-01   -11.28566    -0.13394    -0.35041   -10.80131
   -0.12300E-01   -11.31825    -0.13546    -0.35394   -10.82885
   -0.11700E-01   -11.35169    -0.13705    -0.35782   -10.85682
   -0.11100E-01   -11.38594    -0.13872    -0.36205   -10.88517
   -0.10500E-01   -11.42140    -0.14047    -0.36676   -10.91416
   -0.99000E-02   -11.45755    -0.14230    -0.37193   -10.94332
   -0.93000E-02   -11.49490    -0.14424    -0.37770   -10.97297
   -0.87000E-02   -11.53373    -0.14626    -0.38426   -11.00321
   -0.81000E-02   -11.57408    -0.14843    -0.39172   -11.03393
   -0.75000E-02   -11.61622    -0.15068    -0.40033   -11.06521
   -0.69000E-02   -11.66037    -0.15306    -0.41044   -11.09686
   -0.63000E-02   -11.70723    -0.15558    -0.42256   -11.12909
   -0.57000E-02   -11.75730    -0.15822    -0.43749   -11.16158
   -0.51000E-02   -11.81244    -0.16103    -0.45696   -11.19445
   -0.45000E-02   -11.87560    -0.16396    -0.48392   -11.22772
   -0.39000E-02   -11.95198    -0.16704    -0.52354   -11.26139
   -0.33000E-02   -12.05018    -0.17024    -0.58462   -11.29532
   -0.27000E-02   -12.17653    -0.17350    -0.67290   -11.33014
   -0.21000E-02   -12.29129    -0.17675    -0.74705   -11.36748
   -0.15000E-02   -12.37123    -0.17982    -0.77863   -11.41278
   -0.90000E-03   -12.46027    -0.18235    -0.78892   -11.48900
   -0.30000E-03   -13.90199    -0.18359    -0.79089   -12.92751
    0.30000E-03   -12.46234    -0.18162    -0.78966   -11.49106
    0.90000E-03   -12.38303    -0.17133    -0.78714   -11.42456
    0.15000E-02   -12.32295    -0.13974    -0.78407   -11.39914
    0.21000E-02   -12.23545    -0.06572    -0.78086   -11.38887
    0.27000E-02   -12.13972     0.02270    -0.77765   -11.38477
    0.33000E-02   -12.07360     0.08404    -0.77448   -11.38316
    0.39000E-02   -12.03026     0.12372    -0.77144   -11.38255
    0.45000E-02   -12.00031     0.15056    -0.76857   -11.38231
    0.51000E-02   -11.97810     0.16996    -0.76585   -11.38221
    0.57000E-02   -11.96058     0.18490    -0.76331   -11.38217
    0.63000E-02   -11.94596     0.19704    -0.76086   -11.38214
    0.69000E-02   -11.93373     0.20704    -0.75864   -11.38213
    0.75000E-02   -11.92304     0.21560    -0.75652   -11.38212
    0.81000E-02   -11.91356     0.22308    -0.75454   -11.38210
    0.87000E-02   -11.90511     0.22966    -0.75268   -11.38209
    0.93000E-02   -11.89758     0.23545    -0.75096   -11.38207
    0.99000E-02   -11.89079     0.24054    -0.74927   -11.38205
    0.10500E-01   -11.88461     0.24512    -0.74770   -11.38203
    0.11100E-01   -11.87896     0.24936    -0.74630   -11.38201
    0.11700E-01   -11.87378     0.25319    -0.74497   -11.38199
    0.12300E-01   -11.86893     0.25669    -0.74365   -11.38198
    0.12900E-01   -11.86461     0.25991    -0.74256   -11.38196
    0.13500E-01   -11.86053     0.26283    -0.74142   -11.38193
    0.14100E-01   -11.85668     0.26561    -0.74038   -11.38192
    0.14700E-01   -11.85318     0.26803    -0.73932   -11.38189
    0.15300E-01   -11.84979     0.27040    -0.73833   -11.38186
    0.15900E-01   -11.84666     0.27264    -0.73746   -11.38184
    0.16500E-01   -11.84365     0.27477    -0.73662   -11.38181
    0.17100E-01   -11.84092     0.27668    -0.73582   -11.38178
    0.17700E-01   -11.83842     0.27842    -0.73509   -11.38174
    0.18300E-01   -11.83586     0.28014    -0.73429   -11.38171
    0.18900E-01   -11.83367     0.28162    -0.73361   -11.38168
    0.19500E-01   -11.83146     0.28310    -0.73291   -11.38165
    0.21300E-01   -11.81895     0.29143    -0.72896   -11.38142
    0.27000E-01   -11.80655     0.29960    -0.72517   -11.38098
    0.33000E-01   -11.79834     0.30499    -0.72288   -11.38046
    0.39000E-01   -11.79260     0.30856    -0.72132   -11.37985
    0.45000E-01   -11.78819     0.31132    -0.72036   -11.37915
    0.51000E-01   -11.78495     0.31327    -0.71982   -11.37840
    0.57000E-01   -11.78232     0.31468    -0.71948   -11.37752
    0.63000E-01   -11.78009     0.31577    -0.71924   -11.37662
    0.69000E-01   -11.77818     0.31658    -0.71910   -11.37566
    0.75000E-01   -11.77649     0.31708    -0.71901   -11.37456
    0.81000E-01   -11.77488     0.31755    -0.71893   -11.37350
    0.87000E-01   -11.77342     0.31788    -0.71889   -11.37241
    0.93000E-01   -11.77194     0.31811    -0.71883   -11.37122
    0.99000E-01   -11.77051     0.31828    -0.71879   -11.37001
    0.10500       -11.76886     0.31845    -0.71876   -11.36855
    0.11100       -11.76713     0.31856    -0.71856   -11.36713
    0.11700       -11.76543     0.31865    -0.71838   -11.36570
    0.12300       -11.76378     0.31872    -0.71821   -11.36429
    0.12900       -11.76197     0.31877    -0.71804   -11.36270
    0.13500       -11.76010     0.31885    -0.71787   -11.36107
    0.14100       -11.75816     0.31889    -0.71771   -11.35935
    0.14700       -11.75622     0.31894    -0.71755   -11.35762
    0.15300       -11.75411     0.31898    -0.71738   -11.35571
    0.15900       -11.75185     0.31919    -0.71723   -11.35380
    0.16500       -11.74962     0.31938    -0.71707   -11.35193
    0.17100       -11.74751     0.31941    -0.71691   -11.35001
    0.17700       -11.74538     0.31959    -0.71689   -11.34808
    0.18300       -11.74336     0.31976    -0.71687   -11.34625
    0.18900       -11.74093     0.31993    -0.71684   -11.34401
    0.19500       -11.73863     0.32008    -0.71668   -11.34202
    0.20100       -11.73621     0.32024    -0.71654   -11.33991
    0.20700       -11.73384     0.32039    -0.71638   -11.33785
    0.21300       -11.73133     0.32054    -0.71623   -11.33564
    0.22700       -11.71043     0.32186    -0.71593   -11.31635
    0.34500       -11.63843     0.32368    -0.71326   -11.24884
    0.49500       -11.56053     0.32543    -0.71083   -11.17513
    0.64500       -11.47783     0.32770    -0.70899   -11.09654
    0.79500       -11.39310     0.32907    -0.70699   -11.01518
    0.94500       -11.30684     0.33049    -0.70533   -10.93200
     1.0950       -11.21935     0.33211    -0.70354   -10.84792
     1.2450       -11.13166     0.33360    -0.70144   -10.76382
     1.3950       -11.04466     0.33500    -0.69949   -10.68016
     1.5450       -10.95903     0.33630    -0.69765   -10.59769
     1.6950       -10.87471     0.33749    -0.69590   -10.51630
     1.8450       -10.79338     0.33862    -0.69423   -10.43777
     1.9950       -10.71306     0.33970    -0.69265   -10.36010
     2.1450       -10.63688     0.34070    -0.69124   -10.28634
     2.2950       -10.56294     0.34166    -0.68980   -10.21480
     2.4450       -10.49094     0.34258    -0.68840   -10.14512
     2.5950       -10.42189     0.34345    -0.68707   -10.07827
     2.7450       -10.35494     0.34428    -0.68579   -10.01343
     2.8950       -10.29071     0.34509    -0.68455    -9.95124
     3.0450       -10.22881     0.34585    -0.68335    -9.89131
     3.1950       -10.16929     0.34658    -0.68220    -9.83367
     3.3450       -10.11131     0.34727    -0.68110    -9.77748
     3.4950       -10.05544     0.34796    -0.68003    -9.72337
     3.6450       -10.00163     0.34862    -0.67898    -9.67127
     3.7950        -9.94950     0.34925    -0.67797    -9.62079
     3.9450        -9.89910     0.34985    -0.67700    -9.57195
     4.0950        -9.85054     0.35045    -0.67605    -9.52494
     4.2450        -9.80331     0.35103    -0.67512    -9.47922
     4.3950        -9.75748     0.35159    -0.67423    -9.43484
     4.5450        -9.71304     0.35214    -0.67334    -9.39184
     4.6950        -9.66982     0.35267    -0.67248    -9.35001
     4.8450        -9.62782     0.35318    -0.67164    -9.30936
     4.9950        -9.58692     0.35369    -0.67083    -9.26977
     5.1450        -9.54709     0.35417    -0.67004    -9.23121
     5.2950        -9.50838     0.35463    -0.66926    -9.19375
     5.4450        -9.47058     0.35510    -0.66851    -9.15717
     5.5950        -9.43377     0.35555    -0.66777    -9.12155
     5.7450        -9.39781     0.35600    -0.66706    -9.08675
     5.8950        -9.36264     0.35642    -0.66635    -9.05271
     6.0450        -9.32832     0.35685    -0.66566    -9.01951
     6.1950        -9.29476     0.35726    -0.66498    -8.98705
     6.3450        -9.26191     0.35767    -0.66431    -8.95527
     6.4950        -9.22977     0.35807    -0.66366    -8.92418
     6.6450        -9.19831     0.35845    -0.66302    -8.89374
     6.7950        -9.16754     0.35884    -0.66239    -8.86399
     6.9450        -9.13741     0.35921    -0.66179    -8.83483
     7.0950        -9.10785     0.35957    -0.66118    -8.80624
     7.2450        -9.07885     0.35994    -0.66060    -8.77819
     7.3950        -9.05041     0.36029    -0.66001    -8.75069
     7.5450        -9.02252     0.36063    -0.65944    -8.72371
     7.6950        -8.99520     0.36096    -0.65888    -8.69728
     7.8450        -8.96831     0.36129    -0.65833    -8.67127
     7.9950        -8.94194     0.36162    -0.65779    -8.64577
     8.1450        -8.91599     0.36194    -0.65726    -8.62067
     8.2950        -8.89050     0.36225    -0.65673    -8.59602
     8.4450        -8.86545     0.36256    -0.65621    -8.57180
     8.5950        -8.84083     0.36286    -0.65570    -8.54799
     8.7450        -8.81659     0.36317    -0.65520    -8.52455
     8.8950        -8.79279     0.36346    -0.65471    -8.50154
     9.0450        -8.76929     0.36375    -0.65422    -8.47882
     9.1950        -8.74614     0.36404    -0.65374    -8.45643
     9.3450        -8.72339     0.36433    -0.65327    -8.43445
     9.4950        -8.70103     0.36462    -0.65281    -8.41283
     9.6450        -8.67898     0.36489    -0.65236    -8.39152
     9.7950        -8.65724     0.36516    -0.65190    -8.37049
     9.9450        -8.63586     0.36542    -0.65145    -8.34983
     10.095        -8.61479     0.36568    -0.65102    -8.32946
     10.245        -8.59400     0.36594    -0.65058    -8.30936
     10.395        -8.57349     0.36621    -0.65015    -8.28955
     10.545        -8.55330     0.36646    -0.64973    -8.27003
     10.695        -8.53334     0.36671    -0.64932    -8.25073
     10.845        -8.51370     0.36696    -0.64890    -8.23175
     10.995        -8.49435     0.36720    -0.64850    -8.21305
     11.145        -8.47519     0.36744    -0.64810    -8.19453
     11.295        -8.45628     0.36767    -0.64771    -8.17624
     11.445        -8.43758     0.36791    -0.64732    -8.15817
     11.595        -8.41914     0.36814    -0.64693    -8.14034
     11.745        -8.40103     0.36836    -0.64655    -8.12284
     11.895        -8.38310     0.36858    -0.64617    -8.10550
     12.045        -8.36535     0.36880    -0.64580    -8.08834
     12.195        -8.34785     0.36902    -0.64543    -8.07144
     12.345        -8.33053     0.36924    -0.64507    -8.05470
     12.495        -8.31344     0.36946    -0.64470    -8.03820
     12.645        -8.29655     0.36967    -0.64434    -8.02188
     12.795        -8.27986     0.36988    -0.64398    -8.00576
     12.945        -8.26333     0.37009    -0.64364    -7.98978
     13.095        -8.24701     0.37029    -0.64329    -7.97401
     13.245        -8.23088     0.37049    -0.64295    -7.95843
     13.395        -8.21489     0.37070    -0.64261    -7.94298
     13.545        -8.19909     0.37090    -0.64227    -7.92772
     13.695        -8.18347     0.37109    -0.64194    -7.91263
     13.845        -8.16802     0.37128    -0.64161    -7.89768
     13.995        -8.15273     0.37147    -0.64129    -7.88291
     14.145        -8.13761     0.37166    -0.64097    -7.86830
     14.295        -8.12269     0.37184    -0.64065    -7.85389
     14.445        -8.10794     0.37202    -0.64033    -7.83963
     14.595        -8.09329     0.37220    -0.64002    -7.82547
     14.745        -8.07880     0.37238    -0.63971    -7.81148
     14.895        -8.06441     0.37256    -0.63940    -7.79757
     15.045        -8.05021     0.37274    -0.63909    -7.78386
     15.195        -8.03614     0.37292    -0.63879    -7.77026
     15.345        -8.02220     0.37310    -0.63849    -7.75680
     15.495        -8.00840     0.37327    -0.63820    -7.74348
     15.645        -7.99475     0.37345    -0.63791    -7.73029
     15.795        -7.98120     0.37362    -0.63762    -7.71720
     15.945        -7.96777     0.37379    -0.63733    -7.70423
     16.095        -7.95448     0.37397    -0.63705    -7.69140
     16.245        -7.94132     0.37413    -0.63676    -7.67869
     16.395        -7.92832     0.37430    -0.63648    -7.66613
     16.545        -7.91542     0.37446    -0.63621    -7.65367
     16.695        -7.90262     0.37463    -0.63594    -7.64130
     16.845        -7.88994     0.37478    -0.63567    -7.62906
     16.995        -7.87736     0.37494    -0.63539    -7.61692
     17.145        -7.86494     0.37510    -0.63513    -7.60492
     17.295        -7.85262     0.37525    -0.63487    -7.59301
     17.445        -7.84038     0.37540    -0.63460    -7.58118
     17.595        -7.82827     0.37555    -0.63434    -7.56948
     17.745        -7.81624     0.37571    -0.63408    -7.55786
     17.895        -7.80433     0.37586    -0.63383    -7.54636
     18.045        -7.79248     0.37601    -0.63357    -7.53492
     18.195        -7.78078     0.37616    -0.63331    -7.52362
     18.345        -7.76916     0.37630    -0.63306    -7.51240
     18.495        -7.75764     0.37645    -0.63281    -7.50128
     18.645        -7.74622     0.37659    -0.63257    -7.49024
     18.795        -7.73488     0.37673    -0.63233    -7.47927
     18.945        -7.72362     0.37687    -0.63209    -7.46841
     19.095        -7.71245     0.37701    -0.63185    -7.45762
     19.245        -7.70138     0.37715    -0.63161    -7.44692
     19.395        -7.69038     0.37729    -0.63137    -7.43630
     19.545        -7.67949     0.37742    -0.63113    -7.42578
     19.695        -7.66869     0.37755    -0.63090    -7.41535
     19.845        -7.65794     0.37769    -0.63066    -7.40496
     19.995        -7.64726     0.37782    -0.63044    -7.39465
     20.145        -7.63670     0.37795    -0.63021    -7.38444
     20.295        -7.62620     0.37809    -0.62999    -7.37430
     20.445        -7.61579     0.37822    -0.62977    -7.36424
     20.595        -7.60552     0.37835    -0.62954    -7.35432
     20.745        -7.59528     0.37847    -0.62932    -7.34444
     20.895        -7.58512     0.37860    -0.62910    -7.33462
     21.045        -7.57503     0.37873    -0.62888    -7.32488
     21.195        -7.56501     0.37886    -0.62866    -7.31520
     21.345        -7.55504     0.37898    -0.62844    -7.30557
     21.495        -7.54513     0.37910    -0.62823    -7.29600
     21.645        -7.53532     0.37922    -0.62802    -7.28653
     21.795        -7.52561     0.37935    -0.62781    -7.27715
     21.945        -7.51596     0.37947    -0.62760    -7.26783
     22.095        -7.50635     0.37959    -0.62740    -7.25855
     22.245        -7.49679     0.37971    -0.62719    -7.24931
     22.395        -7.48736     0.37983    -0.62699    -7.24020
     22.545        -7.47797     0.37995    -0.62678    -7.23114
     22.695        -7.46863     0.38007    -0.62658    -7.22212
     22.845        -7.45939     0.38019    -0.62638    -7.21321
     22.995        -7.45020     0.38031    -0.62617    -7.20434
     23.145        -7.44107     0.38043    -0.62597    -7.19552
     23.295        -7.43200     0.38054    -0.62578    -7.18677
     23.445        -7.42297     0.38066    -0.62558    -7.17805
     23.595        -7.41400     0.38078    -0.62538    -7.16940
     23.745        -7.40510     0.38089    -0.62519    -7.16080
     23.895        -7.39625     0.38100    -0.62500    -7.15226
     24.045        -7.38745     0.38111    -0.62480    -7.14377
     24.195        -7.37869     0.38122    -0.62461    -7.13531
     24.345        -7.37002     0.38134    -0.62442    -7.12693
     24.495        -7.36139     0.38144    -0.62424    -7.11859
     24.645        -7.35280     0.38155    -0.62406    -7.11030
     24.795        -7.34428     0.38166    -0.62387    -7.10207
     24.945        -7.33580     0.38177    -0.62368    -7.09389
     25.095        -7.32736     0.38187    -0.62349    -7.08574
     25.245        -7.31901     0.38198    -0.62331    -7.07768
     25.395        -7.31070     0.38208    -0.62313    -7.06966
     25.545        -7.30245     0.38219    -0.62295    -7.06168
     25.695        -7.29425     0.38229    -0.62278    -7.05377
     25.845        -7.28607     0.38240    -0.62260    -7.04587
     25.995        -7.27794     0.38250    -0.62242    -7.03802
     26.145        -7.26986     0.38260    -0.62224    -7.03022
     26.295        -7.26184     0.38270    -0.62207    -7.02248
     26.445        -7.25389     0.38280    -0.62189    -7.01480
     26.595        -7.24598     0.38290    -0.62172    -7.00716
     26.745        -7.23811     0.38300    -0.62155    -6.99957
     26.895        -7.23029     0.38310    -0.62137    -6.99202
     27.045        -7.22250     0.38320    -0.62121    -6.98449
     27.195        -7.21475     0.38330    -0.62103    -6.97701
     27.345        -7.20704     0.38340    -0.62087    -6.96957
     27.495        -7.19940     0.38349    -0.62071    -6.96219
     27.645        -7.19181     0.38359    -0.62054    -6.95486
     27.795        -7.18422     0.38369    -0.62037    -6.94753
     27.945        -7.17672     0.38378    -0.62021    -6.94029
     28.095        -7.16924     0.38388    -0.62005    -6.93307
     28.245        -7.16180     0.38397    -0.61988    -6.92589
     28.395        -7.15440     0.38406    -0.61972    -6.91874
     28.545        -7.14706     0.38415    -0.61956    -6.91165
     28.695        -7.13978     0.38424    -0.61940    -6.90462
     28.845        -7.13253     0.38434    -0.61924    -6.89762
     28.995        -7.12528     0.38443    -0.61909    -6.89062
     29.145        -7.11805     0.38453    -0.61892    -6.88365
     29.295        -7.11087     0.38462    -0.61877    -6.87672
     29.445        -7.10371     0.38471    -0.61861    -6.86981
     29.595        -7.09663     0.38480    -0.61846    -6.86297
     29.745        -7.08957     0.38490    -0.61831    -6.85616
     29.895        -7.08258     0.38499    -0.61816    -6.84941
     30.045        -7.07561     0.38508    -0.61800    -6.84269
     30.195        -7.06871     0.38516    -0.61785    -6.83602
     30.345        -7.06180     0.38526    -0.61770    -6.82936
     30.495        -7.05494     0.38534    -0.61755    -6.82273
     30.645        -7.04813     0.38543    -0.61740    -6.81616
     30.795        -7.04131     0.38552    -0.61725    -6.80958
     30.945        -7.03455     0.38561    -0.61710    -6.80306
     31.095        -7.02782     0.38569    -0.61695    -6.79656
     31.245        -7.02113     0.38578    -0.61681    -6.79010
     31.395        -7.01445     0.38586    -0.61666    -6.78365
     31.545        -7.00781     0.38594    -0.61652    -6.77724
     31.695        -7.00122     0.38603    -0.61637    -6.77088
     31.845        -6.99466     0.38611    -0.61623    -6.76455
     31.995        -6.98814     0.38619    -0.61609    -6.75825
     32.145        -6.98161     0.38628    -0.61595    -6.75194
     32.295        -6.97515     0.38636    -0.61580    -6.74571
     32.445        -6.96873     0.38644    -0.61566    -6.73951
     32.595        -6.96234     0.38653    -0.61552    -6.73335
     32.745        -6.95596     0.38661    -0.61537    -6.72719
     32.895        -6.94961     0.38669    -0.61523    -6.72107
     33.045        -6.94329     0.38678    -0.61510    -6.71497
     33.195        -6.93701     0.38686    -0.61496    -6.70890
     33.345        -6.93076     0.38694    -0.61482    -6.70288
     33.495        -6.92455     0.38702    -0.61468    -6.69688
     33.645        -6.91838     0.38710    -0.61455    -6.69092
     33.795        -6.91221     0.38717    -0.61441    -6.68497
     33.945        -6.90607     0.38725    -0.61427    -6.67905
     34.095        -6.89997     0.38733    -0.61414    -6.67316
     34.245        -6.89390     0.38741    -0.61401    -6.66730
     34.395        -6.88785     0.38749    -0.61388    -6.66146
     34.545        -6.88183     0.38756    -0.61375    -6.65564
     34.695        -6.87585     0.38764    -0.61362    -6.64987
     34.845        -6.86987     0.38772    -0.61349    -6.64410
     34.995        -6.86394     0.38779    -0.61335    -6.63838
     35.145        -6.85802     0.38787    -0.61323    -6.63267
     35.295        -6.85211     0.38795    -0.61310    -6.62696
     35.445        -6.84625     0.38802    -0.61297    -6.62130
     35.595        -6.84042     0.38810    -0.61284    -6.61567
     35.745        -6.83460     0.38817    -0.61271    -6.61006
     35.895        -6.82882     0.38825    -0.61258    -6.60448
     36.045        -6.82306     0.38832    -0.61246    -6.59892
     36.195        -6.81733     0.38839    -0.61233    -6.59339
     36.345        -6.81163     0.38847    -0.61221    -6.58789
     36.495        -6.80597     0.38854    -0.61208    -6.58243
     36.645        -6.80030     0.38861    -0.61195    -6.57696
     36.795        -6.79468     0.38868    -0.61183    -6.57153
     36.945        -6.78905     0.38876    -0.61170    -6.56611
     37.095        -6.78347     0.38883    -0.61158    -6.56072
     37.245        -6.77792     0.38889    -0.61146    -6.55535
     37.395        -6.77239     0.38896    -0.61134    -6.55002
     37.545        -6.76688     0.38903    -0.61121    -6.54470
     37.695        -6.76141     0.38911    -0.61110    -6.53942
     37.845        -6.75595     0.38918    -0.61097    -6.53416
     37.995        -6.75050     0.38925    -0.61085    -6.52890
     38.145        -6.74506     0.38932    -0.61073    -6.52364
     38.295        -6.73965     0.38939    -0.61061    -6.51842
     38.445        -6.73427     0.38946    -0.61049    -6.51323
     38.595        -6.72891     0.38953    -0.61037    -6.50807
     38.745        -6.72359     0.38960    -0.61026    -6.50292
     38.895        -6.71828     0.38966    -0.61014    -6.49781
     39.045        -6.71300     0.38973    -0.61002    -6.49271
     39.195        -6.70773     0.38980    -0.60991    -6.48762
     39.345        -6.70249     0.38987    -0.60979    -6.48257
     39.495        -6.69725     0.38993    -0.60967    -6.47751
     39.645        -6.69203     0.39000    -0.60956    -6.47247
     39.795        -6.68685     0.39007    -0.60944    -6.46747
     39.945        -6.68168     0.39013    -0.60933    -6.46249
     40.095        -6.67654     0.39020    -0.60921    -6.45753
     40.245        -6.67141     0.39027    -0.60910    -6.45258
     40.395        -6.66632     0.39034    -0.60899    -6.44767
     40.545        -6.66123     0.39040    -0.60887    -6.44276
     40.695        -6.65617     0.39047    -0.60876    -6.43788
     40.845        -6.65113     0.39054    -0.60865    -6.43302
     40.995        -6.64613     0.39060    -0.60854    -6.42819
     41.145        -6.64115     0.39067    -0.60843    -6.42340
     41.295        -6.63618     0.39074    -0.60832    -6.41860
     41.445        -6.63120     0.39080    -0.60821    -6.41379
     41.595        -6.62626     0.39086    -0.60810    -6.40902
     41.745        -6.62134     0.39093    -0.60799    -6.40427
     41.895        -6.61644     0.39099    -0.60789    -6.39954
     42.045        -6.61153     0.39106    -0.60778    -6.39482
     42.195        -6.60667     0.39112    -0.60767    -6.39012
     42.345        -6.60180     0.39118    -0.60756    -6.38542
     42.495        -6.59696     0.39124    -0.60745    -6.38075
     42.645        -6.59214     0.39130    -0.60735    -6.37609
     42.795        -6.58733     0.39137    -0.60725    -6.37145
     42.945        -6.58254     0.39143    -0.60714    -6.36683
     43.095        -6.57777     0.39149    -0.60703    -6.36224
     43.245        -6.57301     0.39155    -0.60693    -6.35764
     43.395        -6.56829     0.39161    -0.60682    -6.35308
     43.545        -6.56358     0.39167    -0.60672    -6.34854
     43.695        -6.55886     0.39174    -0.60661    -6.34398
     43.845        -6.55417     0.39180    -0.60651    -6.33946
     43.995        -6.54950     0.39186    -0.60640    -6.33495
     44.145        -6.54485     0.39192    -0.60630    -6.33047
     44.295        -6.54024     0.39198    -0.60620    -6.32601
     44.445        -6.53562     0.39204    -0.60610    -6.32156
     44.595        -6.53101     0.39210    -0.60600    -6.31711
     44.745        -6.52644     0.39216    -0.60590    -6.31269
     44.895        -6.52188     0.39222    -0.60580    -6.30830
     45.045        -6.51735     0.39228    -0.60570    -6.30393
     45.195        -6.51282     0.39233    -0.60560    -6.29955
     45.345        -6.50833     0.39239    -0.60550    -6.29522
     45.495        -6.50383     0.39245    -0.60539    -6.29088
     45.645        -6.49933     0.39251    -0.60530    -6.28654
     45.795        -6.49486     0.39257    -0.60520    -6.28223
     45.945        -6.49042     0.39262    -0.60510    -6.27794
     46.095        -6.48599     0.39268    -0.60500    -6.27367
     46.245        -6.48159     0.39274    -0.60490    -6.26942
     46.395        -6.47717     0.39279    -0.60480    -6.26516
     46.545        -6.47278     0.39284    -0.60471    -6.26092
     46.695        -6.46840     0.39290    -0.60461    -6.25669
     46.845        -6.46403     0.39296    -0.60451    -6.25247
     46.995        -6.45968     0.39302    -0.60442    -6.24828
     47.145        -6.45536     0.39307    -0.60433    -6.24410
     47.295        -6.45104     0.39313    -0.60423    -6.23993
     47.445        -6.44672     0.39319    -0.60414    -6.23578
     47.595        -6.44245     0.39324    -0.60404    -6.23165
     47.745        -6.43817     0.39330    -0.60394    -6.22753
     47.895        -6.43391     0.39335    -0.60385    -6.22342
     48.045        -6.42967     0.39341    -0.60376    -6.21933
     48.195        -6.42543     0.39346    -0.60366    -6.21523
     48.345        -6.42123     0.39352    -0.60357    -6.21118
     48.495        -6.41702     0.39357    -0.60348    -6.20712
     48.645        -6.41282     0.39363    -0.60338    -6.20306
     48.795        -6.40865     0.39368    -0.60329    -6.19904
     48.945        -6.40450     0.39374    -0.60320    -6.19504
     49.095        -6.40035     0.39379    -0.60311    -6.19103
     49.245        -6.39622     0.39384    -0.60302    -6.18704
     49.395        -6.39210     0.39390    -0.60293    -6.18306
     49.545        -6.38799     0.39395    -0.60284    -6.17910
     49.695        -6.38389     0.39400    -0.60275    -6.17514
     49.845        -6.37982     0.39406    -0.60266    -6.17122
     49.995        -6.37575     0.39411    -0.60257    -6.16729
     50.145        -6.37169     0.39416    -0.60248    -6.16337
     50.295        -6.36764     0.39421    -0.60239    -6.15946
     50.445        -6.36362     0.39426    -0.60230    -6.15559
     50.595        -6.35963     0.39432    -0.60221    -6.15173
     50.745        -6.35563     0.39437    -0.60212    -6.14788
     50.895        -6.35164     0.39442    -0.60203    -6.14404
     51.045        -6.34767     0.39447    -0.60194    -6.14020
     51.195        -6.34370     0.39452    -0.60185    -6.13637
     51.345        -6.33974     0.39458    -0.60177    -6.13255
     51.495        -6.33580     0.39463    -0.60168    -6.12875
     51.645        -6.33186     0.39468    -0.60159    -6.12495
     51.795        -6.32794     0.39473    -0.60150    -6.12117
     51.945        -6.32405     0.39478    -0.60142    -6.11741
     52.095        -6.32015     0.39483    -0.60133    -6.11365
     52.245        -6.31626     0.39488    -0.60125    -6.10990
     52.395        -6.31241     0.39493    -0.60116    -6.10618
     52.545        -6.30855     0.39499    -0.60107    -6.10246
     52.695        -6.30470     0.39503    -0.60099    -6.09875
     52.845        -6.30087     0.39508    -0.60091    -6.09505
     52.995        -6.29703     0.39513    -0.60082    -6.09134
     53.145        -6.29322     0.39518    -0.60074    -6.08766
     53.295        -6.28943     0.39523    -0.60065    -6.08401
     53.445        -6.28563     0.39528    -0.60057    -6.08034
     53.595        -6.28184     0.39533    -0.60049    -6.07669
     53.745        -6.27809     0.39538    -0.60040    -6.07307
     53.895        -6.27433     0.39543    -0.60032    -6.06944
     54.045        -6.27059     0.39547    -0.60024    -6.06583
     54.195        -6.26686     0.39553    -0.60016    -6.06223
     54.345        -6.26316     0.39557    -0.60007    -6.05865
     54.495        -6.25943     0.39562    -0.59999    -6.05506
     54.645        -6.25575     0.39567    -0.59991    -6.05152
     54.795        -6.25208     0.39572    -0.59983    -6.04797
     54.945        -6.24841     0.39576    -0.59974    -6.04442
     55.095        -6.24474     0.39581    -0.59966    -6.04089
     59.433        -5.95737     0.39955    -0.59329    -5.76363
     80.646        -5.53689     0.40508    -0.58388    -5.35809
     111.21        -5.12798     0.41046    -0.57470    -4.96374
     153.36        -4.73099     0.41571    -0.56574    -4.58097
     211.49        -4.34609     0.42084    -0.55704    -4.20989
     291.64        -3.97403     0.42579    -0.54863    -3.85120
     402.18        -3.61393     0.43060    -0.54047    -3.50406
     554.60        -3.26591     0.43527    -0.53260    -3.16858
     764.80        -2.92980     0.43982    -0.52498    -2.84463
     1054.7        -2.60502     0.44423    -0.51765    -2.53159
     1454.4        -2.29132     0.44847    -0.51059    -2.22920
     2005.6        -1.98802     0.45261    -0.50379    -1.93685
     2765.8        -1.69489     0.45662    -0.49724    -1.65427
     3814.0        -1.41100     0.46051    -0.49090    -1.38061
     5259.5        -1.13633     0.46429    -0.48480    -1.11582
     7252.9        -0.87024     0.46793    -0.47891    -0.85926
     10002.        -0.61257     0.47147    -0.47323    -0.61081
     13793.        -0.36301     0.47489    -0.46774    -0.37016
     19020.        -0.12193     0.47819    -0.46242    -0.13770
     26229.         0.11055     0.48135    -0.45729     0.08650
     36170.         0.33364     0.48436    -0.45231     0.30160
     49878.         0.54732     0.48726    -0.44749     0.50756
     68782.         0.75168     0.49003    -0.44284     0.70449
     94851.         0.94677     0.49266    -0.43831     0.89242
    0.13080E+06     1.13313     0.49519    -0.43396     1.07190
    0.18038E+06     1.31078     0.49757    -0.42976     1.24297
    0.24874E+06     1.48023     0.49984    -0.42575     1.40614
    0.34301E+06     1.64161     0.50201    -0.42191     1.56151
    0.47302E+06     1.79545     0.50405    -0.41824     1.70964
    0.65229E+06     1.94188     0.50602    -0.41472     1.85058
    0.89952E+06     2.08141     0.50787    -0.41139     1.98494
    0.12404E+07     2.21417     0.50963    -0.40820     2.11274
    0.17106E+07     2.34047     0.51131    -0.40514     2.23430
    0.23589E+07     2.46071     0.51290    -0.40225     2.35006
    0.32529E+07     2.57510     0.51442    -0.39949     2.46018
    0.44858E+07     2.68399     0.51585    -0.39688     2.56501
    0.61860E+07     2.78745     0.51722    -0.39439     2.66461
    0.85305E+07     2.88601     0.51853    -0.39200     2.75948
    0.11764E+08     2.97972     0.51976    -0.38975     2.84971
    0.16222E+08     3.06886     0.52093    -0.38760     2.93553
    0.22370E+08     3.15358     0.52203    -0.38554     3.01709
    0.30849E+08     3.23397     0.52307    -0.38359     3.09449
    0.42541E+08     3.30984     0.52405    -0.38173     3.16753
    0.58664E+08     3.38087     0.52495    -0.37997     3.23589
    0.80898E+08     3.44734     0.52581    -0.37829     3.29982
    0.11156E+09     3.50985     0.52662    -0.37671     3.35994
    0.15384E+09     3.56863     0.52736    -0.37519     3.41645
    0.21215E+09     3.62385     0.52808    -0.37376     3.46953
    0.29255E+09     3.67596     0.52874    -0.37242     3.51964
    0.40343E+09     3.72494     0.52937    -0.37116     3.56673
    0.55633E+09     3.77111     0.52996    -0.36998     3.61113
    0.76719E+09     3.81412     0.53049    -0.36888     3.65251
    0.10580E+10     3.85296     0.53098    -0.36785     3.68983
    0.14589E+10     3.88850     0.53142    -0.36687     3.72394
    0.20119E+10     3.92113     0.53183    -0.36595     3.75524
    0.27744E+10     3.95128     0.53221    -0.36508     3.78414
    0.38259E+10     3.97902     0.53256    -0.36426     3.81072
    0.52760E+10     4.00467     0.53288    -0.36352     3.83531
    0.72756E+10     4.02835     0.53317    -0.36285     3.85802
    0.10033E+11     4.05012     0.53345    -0.36224     3.87892
    0.13836E+11     4.07022     0.53370    -0.36168     3.89821
    0.19079E+11     4.08875     0.53394    -0.36116     3.91597
    0.26311E+11     4.10587     0.53415    -0.36069     3.93240
    0.36283E+11     4.12168     0.53435    -0.36025     3.94757
    0.50034E+11     4.13625     0.53454    -0.35984     3.96155
    0.68997E+11     4.14970     0.53471    -0.35947     3.97447
    0.10000E+12     4.31089     0.53674    -0.35495     4.12910
