    -99.945         0.00000     0.00000     0.00000     0.00000
    -99.795         0.00000     0.00000     0.00000     0.00000
    -99.645         0.00000     0.00000     0.00000     0.00000
    -99.495         0.00000     0.00000     0.00000     0.00000
    -99.345         0.00000     0.00000     0.00000     0.00000
    -99.195         0.00000     0.00000     0.00000     0.00000
    -99.045         0.00000     0.00000     0.00000     0.00000
    -98.895         0.00000     0.00000     0.00000     0.00000
    -98.745         0.00000     0.00000     0.00000     0.00000
    -98.595         0.00000     0.00000     0.00000     0.00000
    -98.445         0.00000     0.00000     0.00000     0.00000
    -98.295         0.00000     0.00000     0.00000     0.00000
    -98.145         0.00000     0.00000     0.00000     0.00000
    -97.995         0.00000     0.00000     0.00000     0.00000
    -97.845         0.00000     0.00000     0.00000     0.00000
    -97.695         0.00000     0.00000     0.00000     0.00000
    -97.545         0.00000     0.00000     0.00000     0.00000
    -97.395         0.00000     0.00000     0.00000     0.00000
    -97.245         0.00000     0.00000     0.00000     0.00000
    -97.095         0.00000     0.00000     0.00000     0.00000
    -96.945         0.00000     0.00000     0.00000     0.00000
    -96.795         0.00000     0.00000     0.00000     0.00000
    -96.645         0.00000     0.00000     0.00000     0.00000
    -96.495         0.00000     0.00000     0.00000     0.00000
    -96.345         0.00000     0.00000     0.00000     0.00000
    -96.195         0.00000     0.00000     0.00000     0.00000
    -96.045         0.00000     0.00000     0.00000     0.00000
    -95.895         0.00000     0.00000     0.00000     0.00000
    -95.745         0.00000     0.00000     0.00000     0.00000
    -95.595         0.00000     0.00000     0.00000     0.00000
    -95.445         0.00000     0.00000     0.00000     0.00000
    -95.295         0.00000     0.00000     0.00000     0.00000
    -95.145         0.00000     0.00000     0.00000     0.00000
    -94.995         0.00000     0.00000     0.00000     0.00000
    -94.845         0.00000     0.00000     0.00000     0.00000
    -94.695         0.00000     0.00000     0.00000     0.00000
    -94.545         0.00000     0.00000     0.00000     0.00000
    -94.395         0.00000     0.00000     0.00000     0.00000
    -94.245         0.00000     0.00000     0.00000     0.00000
    -94.095         0.00000     0.00000     0.00000     0.00000
    -93.945         0.00000     0.00000     0.00000     0.00000
    -93.795         0.00000     0.00000     0.00000     0.00000
    -93.645         0.00000     0.00000     0.00000     0.00000
    -93.495         0.00000     0.00000     0.00000     0.00000
    -93.345         0.00000     0.00000     0.00000     0.00000
    -93.195         0.00000     0.00000     0.00000     0.00000
    -93.045         0.00000     0.00000     0.00000     0.00000
    -92.895         0.00000     0.00000     0.00000     0.00000
    -92.745         0.00000     0.00000     0.00000     0.00000
    -92.595         0.00000     0.00000     0.00000     0.00000
    -92.445         0.00000     0.00000     0.00000     0.00000
    -92.295         0.00000     0.00000     0.00000     0.00000
    -92.145         0.00000     0.00000     0.00000     0.00000
    -91.995         0.00000     0.00000     0.00000     0.00000
    -91.845         0.00000     0.00000     0.00000     0.00000
    -91.695         0.00000     0.00000     0.00000     0.00000
    -91.545         0.00000     0.00000     0.00000     0.00000
    -91.395         0.00000     0.00000     0.00000     0.00000
    -91.245         0.00000     0.00000     0.00000     0.00000
    -91.095         0.00000     0.00000     0.00000     0.00000
    -90.945         0.00000     0.00000     0.00000     0.00000
    -90.795         0.00000     0.00000     0.00000     0.00000
    -90.645         0.00000     0.00000     0.00000     0.00000
    -90.495         0.00000     0.00000     0.00000     0.00000
    -90.345         0.00000     0.00000     0.00000     0.00000
    -90.195         0.00000     0.00000     0.00000     0.00000
    -90.045         0.00000     0.00000     0.00000     0.00000
    -89.895         0.00000     0.00000     0.00000     0.00000
    -89.745         0.00000     0.00000     0.00000     0.00000
    -89.595         0.00000     0.00000     0.00000     0.00000
    -89.445         0.00000     0.00000     0.00000     0.00000
    -89.295         0.00000     0.00000     0.00000     0.00000
    -89.145         0.00000     0.00000     0.00000     0.00000
    -88.995         0.00000     0.00000     0.00000     0.00000
    -88.845         0.00000     0.00000     0.00000     0.00000
    -88.695         0.00000     0.00000     0.00000     0.00000
    -88.545         0.00000     0.00000     0.00000     0.00000
    -88.395         0.00000     0.00000     0.00000     0.00000
    -88.245         0.00000     0.00000     0.00000     0.00000
    -88.095         0.00000     0.00000     0.00000     0.00000
    -87.945         0.00000     0.00000     0.00000     0.00000
    -87.795         0.00000     0.00000     0.00000     0.00000
    -87.645         0.00000     0.00000     0.00000     0.00000
    -87.495         0.00000     0.00000     0.00000     0.00000
    -87.345         0.00000     0.00000     0.00000     0.00000
    -87.195         0.00000     0.00000     0.00000     0.00000
    -87.045         0.00000     0.00000     0.00000     0.00000
    -86.895         0.00000     0.00000     0.00000     0.00000
    -86.745         0.00000     0.00000     0.00000     0.00000
    -86.595         0.00000     0.00000     0.00000     0.00000
    -86.445         0.00000     0.00000     0.00000     0.00000
    -86.295         0.00000     0.00000     0.00000     0.00000
    -86.145         0.00000     0.00000     0.00000     0.00000
    -85.995         0.00000     0.00000     0.00000     0.00000
    -85.845         0.00000     0.00000     0.00000     0.00000
    -85.695         0.00000     0.00000     0.00000     0.00000
    -85.545         0.00000     0.00000     0.00000     0.00000
    -85.395         0.00000     0.00000     0.00000     0.00000
    -85.245         0.00000     0.00000     0.00000     0.00000
    -85.095         0.00000     0.00000     0.00000     0.00000
    -84.945         0.00000     0.00000     0.00000     0.00000
    -84.795         0.00000     0.00000     0.00000     0.00000
    -84.645         0.00000     0.00000     0.00000     0.00000
    -84.495         0.00000     0.00000     0.00000     0.00000
    -84.345         0.00000     0.00000     0.00000     0.00000
    -84.195         0.00000     0.00000     0.00000     0.00000
    -84.045         0.00000     0.00000     0.00000     0.00000
    -83.895         0.00000     0.00000     0.00000     0.00000
    -83.745         0.00000     0.00000     0.00000     0.00000
    -83.595         0.00000     0.00000     0.00000     0.00000
    -83.445         0.00000     0.00000     0.00000     0.00000
    -83.295         0.00000     0.00000     0.00000     0.00000
    -83.145         0.00000     0.00000     0.00000     0.00000
    -82.995         0.00000     0.00000     0.00000     0.00000
    -82.845         0.00000     0.00000     0.00000     0.00000
    -82.695         0.00000     0.00000     0.00000     0.00000
    -82.545         0.00000     0.00000     0.00000     0.00000
    -82.395         0.00000     0.00000     0.00000     0.00000
    -82.245         0.00000     0.00000     0.00000     0.00000
    -82.095         0.00000     0.00000     0.00000     0.00000
    -81.945         0.00000     0.00000     0.00000     0.00000
    -81.795         0.00000     0.00000     0.00000     0.00000
    -81.645         0.00000     0.00000     0.00000     0.00000
    -81.495         0.00000     0.00000     0.00000     0.00000
    -81.345         0.00000     0.00000     0.00000     0.00000
    -81.195         0.00000     0.00000     0.00000     0.00000
    -81.045         0.00000     0.00000     0.00000     0.00000
    -80.895         0.00000     0.00000     0.00000     0.00000
    -80.745         0.00000     0.00000     0.00000     0.00000
    -80.595         0.00000     0.00000     0.00000     0.00000
    -80.445         0.00000     0.00000     0.00000     0.00000
    -80.295         0.00000     0.00000     0.00000     0.00000
    -80.145         0.00000     0.00000     0.00000     0.00000
    -79.995         0.00000     0.00000     0.00000     0.00000
    -79.845         0.00000     0.00000     0.00000     0.00000
    -79.695         0.00000     0.00000     0.00000     0.00000
    -79.545         0.00000     0.00000     0.00000     0.00000
    -79.395         0.00000     0.00000     0.00000     0.00000
    -79.245         0.00000     0.00000     0.00000     0.00000
    -79.095         0.00000     0.00000     0.00000     0.00000
    -78.945         0.00000     0.00000     0.00000     0.00000
    -78.795         0.00000     0.00000     0.00000     0.00000
    -78.645         0.00000     0.00000     0.00000     0.00000
    -78.495         0.00000     0.00000     0.00000     0.00000
    -78.345         0.00000     0.00000     0.00000     0.00000
    -78.195         0.00000     0.00000     0.00000     0.00000
    -78.045         0.00000     0.00000     0.00000     0.00000
    -77.895         0.00000     0.00000     0.00000     0.00000
    -77.745         0.00000     0.00000     0.00000     0.00000
    -77.595         0.00000     0.00000     0.00000     0.00000
    -77.445         0.00000     0.00000     0.00000     0.00000
    -77.295         0.00000     0.00000     0.00000     0.00000
    -77.145         0.00000     0.00000     0.00000     0.00000
    -76.995         0.00000     0.00000     0.00000     0.00000
    -76.845         0.00000     0.00000     0.00000     0.00000
    -76.695         0.00000     0.00000     0.00000     0.00000
    -76.545         0.00000     0.00000     0.00000     0.00000
    -76.395         0.00000     0.00000     0.00000     0.00000
    -76.245         0.00000     0.00000     0.00000     0.00000
    -76.095         0.00000     0.00000     0.00000     0.00000
    -75.945         0.00000     0.00000     0.00000     0.00000
    -75.795         0.00000     0.00000     0.00000     0.00000
    -75.645         0.00000     0.00000     0.00000     0.00000
    -75.495         0.00000     0.00000     0.00000     0.00000
    -75.345         0.00000     0.00000     0.00000     0.00000
    -75.195         0.00000     0.00000     0.00000     0.00000
    -75.045         0.00000     0.00000     0.00000     0.00000
    -74.895         0.00000     0.00000     0.00000     0.00000
    -74.745         0.00000     0.00000     0.00000     0.00000
    -74.595         0.00000     0.00000     0.00000     0.00000
    -74.445         0.00000     0.00000     0.00000     0.00000
    -74.295         0.00000     0.00000     0.00000     0.00000
    -74.145         0.00000     0.00000     0.00000     0.00000
    -73.995         0.00000     0.00000     0.00000     0.00000
    -73.845         0.00000     0.00000     0.00000     0.00000
    -73.695         0.00000     0.00000     0.00000     0.00000
    -73.545         0.00000     0.00000     0.00000     0.00000
    -73.395         0.00000     0.00000     0.00000     0.00000
    -73.245         0.00000     0.00000     0.00000     0.00000
    -73.095         0.00000     0.00000     0.00000     0.00000
    -72.945         0.00000     0.00000     0.00000     0.00000
    -72.795         0.00000     0.00000     0.00000     0.00000
    -72.645         0.00000     0.00000     0.00000     0.00000
    -72.495         0.00000     0.00000     0.00000     0.00000
    -72.345         0.00000     0.00000     0.00000     0.00000
    -72.195         0.00000     0.00000     0.00000     0.00000
    -72.045         0.00000     0.00000     0.00000     0.00000
    -71.895         0.00000     0.00000     0.00000     0.00000
    -71.745         0.00000     0.00000     0.00000     0.00000
    -71.595         0.00000     0.00000     0.00000     0.00000
    -71.445         0.00000     0.00000     0.00000     0.00000
    -71.295         0.00000     0.00000     0.00000     0.00000
    -71.145         0.00000     0.00000     0.00000     0.00000
    -70.995         0.00000     0.00000     0.00000     0.00000
    -70.845         0.00000     0.00000     0.00000     0.00000
    -70.695         0.00000     0.00000     0.00000     0.00000
    -70.545         0.00000     0.00000     0.00000     0.00000
    -70.395         0.00000     0.00000     0.00000     0.00000
    -70.245         0.00000     0.00000     0.00000     0.00000
    -70.095         0.00000     0.00000     0.00000     0.00000
    -69.945         0.00000     0.00000     0.00000     0.00000
    -69.795         0.00000     0.00000     0.00000     0.00000
    -69.645         0.00000     0.00000     0.00000     0.00000
    -69.495         0.00000     0.00000     0.00000     0.00000
    -69.345         0.00000     0.00000     0.00000     0.00000
    -69.195         0.00000     0.00000     0.00000     0.00000
    -69.045         0.00000     0.00000     0.00000     0.00000
    -68.895         0.00000     0.00000     0.00000     0.00000
    -68.745         0.00000     0.00000     0.00000     0.00000
    -68.595         0.00000     0.00000     0.00000     0.00000
    -68.445         0.00000     0.00000     0.00000     0.00000
    -68.295         0.00000     0.00000     0.00000     0.00000
    -68.145         0.00000     0.00000     0.00000     0.00000
    -67.995         0.00000     0.00000     0.00000     0.00000
    -67.845         0.00000     0.00000     0.00000     0.00000
    -67.695         0.00000     0.00000     0.00000     0.00000
    -67.545         0.00000     0.00000     0.00000     0.00000
    -67.395         0.00000     0.00000     0.00000     0.00000
    -67.245         0.00000     0.00000     0.00000     0.00000
    -67.095         0.00000     0.00000     0.00000     0.00000
    -66.945         0.00000     0.00000     0.00000     0.00000
    -66.795         0.00000     0.00000     0.00000     0.00000
    -66.645         0.00000     0.00000     0.00000     0.00000
    -66.495         0.00000     0.00000     0.00000     0.00000
    -66.345         0.00000     0.00000     0.00000     0.00000
    -66.195         0.00000     0.00000     0.00000     0.00000
    -66.045         0.00000     0.00000     0.00000     0.00000
    -65.895         0.00000     0.00000     0.00000     0.00000
    -65.745         0.00000     0.00000     0.00000     0.00000
    -65.595         0.00000     0.00000     0.00000     0.00000
    -65.445         0.00000     0.00000     0.00000     0.00000
    -65.295         0.00000     0.00000     0.00000     0.00000
    -65.145         0.00000     0.00000     0.00000     0.00000
    -64.995         0.00000     0.00000     0.00000     0.00000
    -64.845         0.00000     0.00000     0.00000     0.00000
    -64.695         0.00000     0.00000     0.00000     0.00000
    -64.545         0.00000     0.00000     0.00000     0.00000
    -64.395         0.00000     0.00000     0.00000     0.00000
    -64.245         0.00000     0.00000     0.00000     0.00000
    -64.095         0.00000     0.00000     0.00000     0.00000
    -63.945         0.00000     0.00000     0.00000     0.00000
    -63.795         0.00000     0.00000     0.00000     0.00000
    -63.645         0.00000     0.00000     0.00000     0.00000
    -63.495         0.00000     0.00000     0.00000     0.00000
    -63.345         0.00000     0.00000     0.00000     0.00000
    -63.195         0.00000     0.00000     0.00000     0.00000
    -63.045         0.00000     0.00000     0.00000     0.00000
    -62.895         0.00000     0.00000     0.00000     0.00000
    -62.745         0.00000     0.00000     0.00000     0.00000
    -62.595         0.00000     0.00000     0.00000     0.00000
    -62.445         0.00000     0.00000     0.00000     0.00000
    -62.295         0.00000     0.00000     0.00000     0.00000
    -62.145         0.00000     0.00000     0.00000     0.00000
    -61.995         0.00000     0.00000     0.00000     0.00000
    -61.845         0.00000     0.00000     0.00000     0.00000
    -61.695         0.00000     0.00000     0.00000     0.00000
    -61.545         0.00000     0.00000     0.00000     0.00000
    -61.395         0.00000     0.00000     0.00000     0.00000
    -61.245         0.00000     0.00000     0.00000     0.00000
    -61.095         0.00000     0.00000     0.00000     0.00000
    -60.945         0.00000     0.00000     0.00000     0.00000
    -60.795         0.00000     0.00000     0.00000     0.00000
    -60.645         0.00000     0.00000     0.00000     0.00000
    -60.495         0.00000     0.00000     0.00000     0.00000
    -60.345         0.00000     0.00000     0.00000     0.00000
    -60.195         0.00000     0.00000     0.00000     0.00000
    -60.045         0.00000     0.00000     0.00000     0.00000
    -59.895         0.00000     0.00000     0.00000     0.00000
    -59.745         0.00000     0.00000     0.00000     0.00000
    -59.595         0.00000     0.00000     0.00000     0.00000
    -59.445         0.00000     0.00000     0.00000     0.00000
    -59.295         0.00000     0.00000     0.00000     0.00000
    -59.145         0.00000     0.00000     0.00000     0.00000
    -58.995         0.00000     0.00000     0.00000     0.00000
    -58.845         0.00000     0.00000     0.00000     0.00000
    -58.695         0.00000     0.00000     0.00000     0.00000
    -58.545         0.00000     0.00000     0.00000     0.00000
    -58.395         0.00000     0.00000     0.00000     0.00000
    -58.245         0.00000     0.00000     0.00000     0.00000
    -58.095         0.00000     0.00000     0.00000     0.00000
    -57.945         0.00000     0.00000     0.00000     0.00000
    -57.795         0.00000     0.00000     0.00000     0.00000
    -57.645         0.00000     0.00000     0.00000     0.00000
    -57.495         0.00000     0.00000     0.00000     0.00000
    -57.345         0.00000     0.00000     0.00000     0.00000
    -57.195         0.00000     0.00000     0.00000     0.00000
    -57.045         0.00000     0.00000     0.00000     0.00000
    -56.895         0.00000     0.00000     0.00000     0.00000
    -56.745         0.00000     0.00000     0.00000     0.00000
    -56.595         0.00000     0.00000     0.00000     0.00000
    -56.445         0.00000     0.00000     0.00000     0.00000
    -56.295         0.00000     0.00000     0.00000     0.00000
    -56.145         0.00000     0.00000     0.00000     0.00000
    -55.995         0.00000     0.00000     0.00000     0.00000
    -55.845         0.00000     0.00000     0.00000     0.00000
    -55.695         0.00000     0.00000     0.00000     0.00000
    -55.545         0.00000     0.00000     0.00000     0.00000
    -55.395         0.00000     0.00000     0.00000     0.00000
    -55.245         0.00000     0.00000     0.00000     0.00000
    -55.095         0.00000     0.00000     0.00000     0.00000
    -54.945         0.00000     0.00000     0.00000     0.00000
    -54.795         0.00000     0.00000     0.00000     0.00000
    -54.645         0.00000     0.00000     0.00000     0.00000
    -54.495         0.00000     0.00000     0.00000     0.00000
    -54.345         0.00000     0.00000     0.00000     0.00000
    -54.195         0.00000     0.00000     0.00000     0.00000
    -54.045         0.00000     0.00000     0.00000     0.00000
    -53.895         0.00000     0.00000     0.00000     0.00000
    -53.745         0.00000     0.00000     0.00000     0.00000
    -53.595         0.00000     0.00000     0.00000     0.00000
    -53.445         0.00000     0.00000     0.00000     0.00000
    -53.295         0.00000     0.00000     0.00000     0.00000
    -53.145         0.00000     0.00000     0.00000     0.00000
    -52.995         0.00000     0.00000     0.00000     0.00000
    -52.845         0.00000     0.00000     0.00000     0.00000
    -52.695         0.00000     0.00000     0.00000     0.00000
    -52.545         0.00000     0.00000     0.00000     0.00000
    -52.395         0.00000     0.00000     0.00000     0.00000
    -52.245         0.00000     0.00000     0.00000     0.00000
    -52.095         0.00000     0.00000     0.00000     0.00000
    -51.945         0.00000     0.00000     0.00000     0.00000
    -51.795         0.00000     0.00000     0.00000     0.00000
    -51.645         0.00000     0.00000     0.00000     0.00000
    -51.495         0.00000     0.00000     0.00000     0.00000
    -51.345         0.00000     0.00000     0.00000     0.00000
    -51.195         0.00000     0.00000     0.00000     0.00000
    -51.045         0.00000     0.00000     0.00000     0.00000
    -50.895         0.00000     0.00000     0.00000     0.00000
    -50.745         0.00000     0.00000     0.00000     0.00000
    -50.595         0.00000     0.00000     0.00000     0.00000
    -50.445         0.00000     0.00000     0.00000     0.00000
    -50.295         0.00000     0.00000     0.00000     0.00000
    -50.145         0.00000     0.00000     0.00000     0.00000
    -49.995         0.00000     0.00000     0.00000     0.00000
    -49.845         0.00000     0.00000     0.00000     0.00000
    -49.695         0.00000     0.00000     0.00000     0.00000
    -49.545         0.00000     0.00000     0.00000     0.00000
    -49.395         0.00000     0.00000     0.00000     0.00000
    -49.245         0.00000     0.00000     0.00000     0.00000
    -49.095         0.00000     0.00000     0.00000     0.00000
    -48.945         0.00000     0.00000     0.00000     0.00000
    -48.795         0.00000     0.00000     0.00000     0.00000
    -48.645         0.00000     0.00000     0.00000     0.00000
    -48.495         0.00000     0.00000     0.00000     0.00000
    -48.345         0.00000     0.00000     0.00000     0.00000
    -48.195         0.00000     0.00000     0.00000     0.00000
    -48.045         0.00000     0.00000     0.00000     0.00000
    -47.895         0.00000     0.00000     0.00000     0.00000
    -47.745         0.00000     0.00000     0.00000     0.00000
    -47.595         0.00000     0.00000     0.00000     0.00000
    -47.445         0.00000     0.00000     0.00000     0.00000
    -47.295         0.00000     0.00000     0.00000     0.00000
    -47.145         0.00000     0.00000     0.00000     0.00000
    -46.995         0.00000     0.00000     0.00000     0.00000
    -46.845         0.00000     0.00000     0.00000     0.00000
    -46.695         0.00000     0.00000     0.00000     0.00000
    -46.545         0.00000     0.00000     0.00000     0.00000
    -46.395         0.00000     0.00000     0.00000     0.00000
    -46.245         0.00000     0.00000     0.00000     0.00000
    -46.095         0.00000     0.00000     0.00000     0.00000
    -45.945         0.00000     0.00000     0.00000     0.00000
    -45.795         0.00000     0.00000     0.00000     0.00000
    -45.645         0.00000     0.00000     0.00000     0.00000
    -45.495         0.00000     0.00000     0.00000     0.00000
    -45.345         0.00000     0.00000     0.00000     0.00000
    -45.195         0.00000     0.00000     0.00000     0.00000
    -45.045         0.00000     0.00000     0.00000     0.00000
    -44.895         0.00000     0.00000     0.00000     0.00000
    -44.745         0.00000     0.00000     0.00000     0.00000
    -44.595         0.00000     0.00000     0.00000     0.00000
    -44.445         0.00000     0.00000     0.00000     0.00000
    -44.295         0.00000     0.00000     0.00000     0.00000
    -44.145         0.00000     0.00000     0.00000     0.00000
    -43.995         0.00000     0.00000     0.00000     0.00000
    -43.845         0.00000     0.00000     0.00000     0.00000
    -43.695         0.00000     0.00000     0.00000     0.00000
    -43.545         0.00000     0.00000     0.00000     0.00000
    -43.395         0.00000     0.00000     0.00000     0.00000
    -43.245         0.00000     0.00000     0.00000     0.00000
    -43.095         0.00000     0.00000     0.00000     0.00000
    -42.945         0.00000     0.00000     0.00000     0.00000
    -42.795         0.00000     0.00000     0.00000     0.00000
    -42.645         0.00000     0.00000     0.00000     0.00000
    -42.495         0.00000     0.00000     0.00000     0.00000
    -42.345         0.00000     0.00000     0.00000     0.00000
    -42.195         0.00000     0.00000     0.00000     0.00000
    -42.045         0.00000     0.00000     0.00000     0.00000
    -41.895         0.00000     0.00000     0.00000     0.00000
    -41.745         0.00000     0.00000     0.00000     0.00000
    -41.595         0.00000     0.00000     0.00000     0.00000
    -41.445         0.00000     0.00000     0.00000     0.00000
    -41.295         0.00000     0.00000     0.00000     0.00000
    -41.145         0.00000     0.00000     0.00000     0.00000
    -40.995         0.00000     0.00000     0.00000     0.00000
    -40.845         0.00000     0.00000     0.00000     0.00000
    -40.695         0.00000     0.00000     0.00000     0.00000
    -40.545         0.00000     0.00000     0.00000     0.00000
    -40.395         0.00000     0.00000     0.00000     0.00000
    -40.245         0.00000     0.00000     0.00000     0.00000
    -40.095         0.00000     0.00000     0.00000     0.00000
    -39.945         0.00000     0.00000     0.00000     0.00000
    -39.795         0.00000     0.00000     0.00000     0.00000
    -39.645         0.00000     0.00000     0.00000     0.00000
    -39.495         0.00000     0.00000     0.00000     0.00000
    -39.345         0.00000     0.00000     0.00000     0.00000
    -39.195         0.00000     0.00000     0.00000     0.00000
    -39.045         0.00000     0.00000     0.00000     0.00000
    -38.895         0.00000     0.00000     0.00000     0.00000
    -38.745         0.00000     0.00000     0.00000     0.00000
    -38.595         0.00000     0.00000     0.00000     0.00000
    -38.445         0.00000     0.00000     0.00000     0.00000
    -38.295         0.00000     0.00000     0.00000     0.00000
    -38.145         0.00000     0.00000     0.00000     0.00000
    -37.995         0.00000     0.00000     0.00000     0.00000
    -37.845         0.00000     0.00000     0.00000     0.00000
    -37.695         0.00000     0.00000     0.00000     0.00000
    -37.545         0.00000     0.00000     0.00000     0.00000
    -37.395         0.00000     0.00000     0.00000     0.00000
    -37.245         0.00000     0.00000     0.00000     0.00000
    -37.095         0.00000     0.00000     0.00000     0.00000
    -36.945         0.00000     0.00000     0.00000     0.00000
    -36.795         0.00000     0.00000     0.00000     0.00000
    -36.645         0.00000     0.00000     0.00000     0.00000
    -36.495         0.00000     0.00000     0.00000     0.00000
    -36.345         0.00000     0.00000     0.00000     0.00000
    -36.195         0.00000     0.00000     0.00000     0.00000
    -36.045         0.00000     0.00000     0.00000     0.00000
    -35.895         0.00000     0.00000     0.00000     0.00000
    -35.745         0.00000     0.00000     0.00000     0.00000
    -35.595         0.00000     0.00000     0.00000     0.00000
    -35.445         0.00000     0.00000     0.00000     0.00000
    -35.295         0.00000     0.00000     0.00000     0.00000
    -35.145         0.00000     0.00000     0.00000     0.00000
    -34.995         0.00000     0.00000     0.00000     0.00000
    -34.845         0.00000     0.00000     0.00000     0.00000
    -34.695         0.00000     0.00000     0.00000     0.00000
    -34.545         0.00000     0.00000     0.00000     0.00000
    -34.395         0.00000     0.00000     0.00000     0.00000
    -34.245         0.00000     0.00000     0.00000     0.00000
    -34.095         0.00000     0.00000     0.00000     0.00000
    -33.945         0.00000     0.00000     0.00000     0.00000
    -33.795         0.00000     0.00000     0.00000     0.00000
    -33.645         0.00000     0.00000     0.00000     0.00000
    -33.495         0.00000     0.00000     0.00000     0.00000
    -33.345         0.00000     0.00000     0.00000     0.00000
    -33.195         0.00000     0.00000     0.00000     0.00000
    -33.045         0.00000     0.00000     0.00000     0.00000
    -32.895         0.00000     0.00000     0.00000     0.00000
    -32.745         0.00000     0.00000     0.00000     0.00000
    -32.595         0.00000     0.00000     0.00000     0.00000
    -32.445         0.00000     0.00000     0.00000     0.00000
    -32.295         0.00000     0.00000     0.00000     0.00000
    -32.145         0.00000     0.00000     0.00000     0.00000
    -31.995         0.00000     0.00000     0.00000     0.00000
    -31.845         0.00000     0.00000     0.00000     0.00000
    -31.695         0.00000     0.00000     0.00000     0.00000
    -31.545         0.00000     0.00000     0.00000     0.00000
    -31.395         0.00000     0.00000     0.00000     0.00000
    -31.245         0.00000     0.00000     0.00000     0.00000
    -31.095         0.00000     0.00000     0.00000     0.00000
    -30.945         0.00000     0.00000     0.00000     0.00000
    -30.795         0.00000     0.00000     0.00000     0.00000
    -30.645         0.00000     0.00000     0.00000     0.00000
    -30.495         0.00000     0.00000     0.00000     0.00000
    -30.345         0.00000     0.00000     0.00000     0.00000
    -30.195         0.00000     0.00000     0.00000     0.00000
    -30.045         0.00000     0.00000     0.00000     0.00000
    -29.895         0.00000     0.00000     0.00000     0.00000
    -29.745         0.00000     0.00000     0.00000     0.00000
    -29.595         0.00000     0.00000     0.00000     0.00000
    -29.445         0.00000     0.00000     0.00000     0.00000
    -29.295         0.00000     0.00000     0.00000     0.00000
    -29.145         0.00000     0.00000     0.00000     0.00000
    -28.995         0.00000     0.00000     0.00000     0.00000
    -28.845         0.00000     0.00000     0.00000     0.00000
    -28.695         0.00000     0.00000     0.00000     0.00000
    -28.545         0.00000     0.00000     0.00000     0.00000
    -28.395         0.00000     0.00000     0.00000     0.00000
    -28.245         0.00000     0.00000     0.00000     0.00000
    -28.095         0.00000     0.00000     0.00000     0.00000
    -27.945         0.00000     0.00000     0.00000     0.00000
    -27.795         0.00000     0.00000     0.00000     0.00000
    -27.645         0.00000     0.00000     0.00000     0.00000
    -27.495         0.00000     0.00000     0.00000     0.00000
    -27.345         0.00000     0.00000     0.00000     0.00000
    -27.195         0.00000     0.00000     0.00000     0.00000
    -27.045         0.00000     0.00000     0.00000     0.00000
    -26.895         0.00000     0.00000     0.00000     0.00000
    -26.745         0.00000     0.00000     0.00000     0.00000
    -26.595         0.00000     0.00000     0.00000     0.00000
    -26.445         0.00000     0.00000     0.00000     0.00000
    -26.295         0.00000     0.00000     0.00000     0.00000
    -26.145         0.00000     0.00000     0.00000     0.00000
    -25.995         0.00000     0.00000     0.00000     0.00000
    -25.845         0.00000     0.00000     0.00000     0.00000
    -25.695         0.00000     0.00000     0.00000     0.00000
    -25.545         0.00000     0.00000     0.00000     0.00000
    -25.395         0.00000     0.00000     0.00000     0.00000
    -25.245         0.00000     0.00000     0.00000     0.00000
    -25.095         0.00000     0.00000     0.00000     0.00000
    -24.945         0.00000     0.00000     0.00000     0.00000
    -24.795         0.00000     0.00000     0.00000     0.00000
    -24.645         0.00000     0.00000     0.00000     0.00000
    -24.495         0.00000     0.00000     0.00000     0.00000
    -24.345         0.00000     0.00000     0.00000     0.00000
    -24.195         0.00000     0.00000     0.00000     0.00000
    -24.045         0.00000     0.00000     0.00000     0.00000
    -23.895         0.00000     0.00000     0.00000     0.00000
    -23.745         0.00000     0.00000     0.00000     0.00000
    -23.595         0.00000     0.00000     0.00000     0.00000
    -23.445         0.00000     0.00000     0.00000     0.00000
    -23.295         0.00000     0.00000     0.00000     0.00000
    -23.145         0.00000     0.00000     0.00000     0.00000
    -22.995         0.00000     0.00000     0.00000     0.00000
    -22.845         0.00000     0.00000     0.00000     0.00000
    -22.695         0.00000     0.00000     0.00000     0.00000
    -22.545         0.00000     0.00000     0.00000     0.00000
    -22.395         0.00000     0.00000     0.00000     0.00000
    -22.245         0.00000     0.00000     0.00000     0.00000
    -22.095         0.00000     0.00000     0.00000     0.00000
    -21.945         0.00000     0.00000     0.00000     0.00000
    -21.795         0.00000     0.00000     0.00000     0.00000
    -21.645         0.00000     0.00000     0.00000     0.00000
    -21.495         0.00000     0.00000     0.00000     0.00000
    -21.345         0.00000     0.00000     0.00000     0.00000
    -21.195         0.00000     0.00000     0.00000     0.00000
    -21.045         0.00000     0.00000     0.00000     0.00000
    -20.895         0.00000     0.00000     0.00000     0.00000
    -20.745         0.00000     0.00000     0.00000     0.00000
    -20.595         0.00000     0.00000     0.00000     0.00000
    -20.445         0.00000     0.00000     0.00000     0.00000
    -20.295         0.00000     0.00000     0.00000     0.00000
    -20.145         0.00000     0.00000     0.00000     0.00000
    -19.995         0.00000     0.00000     0.00000     0.00000
    -19.845         0.00000     0.00000     0.00000     0.00000
    -19.695         0.00000     0.00000     0.00000     0.00000
    -19.545         0.00000     0.00000     0.00000     0.00000
    -19.395         0.00000     0.00000     0.00000     0.00000
    -19.245         0.00000     0.00000     0.00000     0.00000
    -19.095         0.00000     0.00000     0.00000     0.00000
    -18.945         0.00000     0.00000     0.00000     0.00000
    -18.795         0.00000     0.00000     0.00000     0.00000
    -18.645         0.00000     0.00000     0.00000     0.00000
    -18.495         0.00000     0.00000     0.00000     0.00000
    -18.345         0.00000     0.00000     0.00000     0.00000
    -18.195         0.00000     0.00000     0.00000     0.00000
    -18.045         0.00000     0.00000     0.00000     0.00000
    -17.895         0.00000     0.00000     0.00000     0.00000
    -17.745         0.00000     0.00000     0.00000     0.00000
    -17.595         0.00000     0.00000     0.00000     0.00000
    -17.445         0.00000     0.00000     0.00000     0.00000
    -17.295         0.00000     0.00000     0.00000     0.00000
    -17.145         0.00000     0.00000     0.00000     0.00000
    -16.995         0.00000     0.00000     0.00000     0.00000
    -16.845         0.00000     0.00000     0.00000     0.00000
    -16.695         0.00000     0.00000     0.00000     0.00000
    -16.545         0.00000     0.00000     0.00000     0.00000
    -16.395         0.00000     0.00000     0.00000     0.00000
    -16.245         0.00000     0.00000     0.00000     0.00000
    -16.095         0.00000     0.00000     0.00000     0.00000
    -15.945         0.00000     0.00000     0.00000     0.00000
    -15.795         0.00000     0.00000     0.00000     0.00000
    -15.645         0.00000     0.00000     0.00000     0.00000
    -15.495         0.00000     0.00000     0.00000     0.00000
    -15.345         0.00000     0.00000     0.00000     0.00000
    -15.195         0.00000     0.00000     0.00000     0.00000
    -15.045         0.00000     0.00000     0.00000     0.00000
    -14.895         0.00000     0.00000     0.00000     0.00000
    -14.745         0.00000     0.00000     0.00000     0.00000
    -14.595         0.00000     0.00000     0.00000     0.00000
    -14.445         0.00000     0.00000     0.00000     0.00000
    -14.295         0.00000     0.00000     0.00000     0.00000
    -14.145         0.00000     0.00000     0.00000     0.00000
    -13.995         0.00000     0.00000     0.00000     0.00000
    -13.845         0.00000     0.00000     0.00000     0.00000
    -13.695         0.00000     0.00000     0.00000     0.00000
    -13.545         0.00000     0.00000     0.00000     0.00000
    -13.395         0.00000     0.00000     0.00000     0.00000
    -13.245         0.00000     0.00000     0.00000     0.00000
    -13.095         0.00000     0.00000     0.00000     0.00000
    -12.945         0.00000     0.00000     0.00000     0.00000
    -12.795         0.00000     0.00000     0.00000     0.00000
    -12.645         0.00000     0.00000     0.00000     0.00000
    -12.495         0.00000     0.00000     0.00000     0.00000
    -12.345         0.00000     0.00000     0.00000     0.00000
    -12.195         0.00000     0.00000     0.00000     0.00000
    -12.045         0.00000     0.00000     0.00000     0.00000
    -11.895         0.00000     0.00000     0.00000     0.00000
    -11.745         0.00000     0.00000     0.00000     0.00000
    -11.595         0.00000     0.00000     0.00000     0.00000
    -11.445         0.00000     0.00000     0.00000     0.00000
    -11.295         0.00000     0.00000     0.00000     0.00000
    -11.145         0.00000     0.00000     0.00000     0.00000
    -10.995         0.00000     0.00000     0.00000     0.00000
    -10.845         0.00000     0.00000     0.00000     0.00000
    -10.695         0.00000     0.00000     0.00000     0.00000
    -10.545         0.00000     0.00000     0.00000     0.00000
    -10.395         0.00000     0.00000     0.00000     0.00000
    -10.245         0.00000     0.00000     0.00000     0.00000
    -10.095         0.00000     0.00000     0.00000     0.00000
    -9.9450         0.00000     0.00000     0.00000     0.00000
    -9.7950         0.00000     0.00000     0.00000     0.00000
    -9.6450         0.00000     0.00000     0.00000     0.00000
    -9.4950         0.00000     0.00000     0.00000     0.00000
    -9.3450         0.00000     0.00000     0.00000     0.00000
    -9.1950         0.00000     0.00000     0.00000     0.00000
    -9.0450         0.00000     0.00000     0.00000     0.00000
    -8.8950         0.00000     0.00000     0.00000     0.00000
    -8.7450         0.00000     0.00000     0.00000     0.00000
    -8.5950         0.00000     0.00000     0.00000     0.00000
    -8.4450         0.00000     0.00000     0.00000     0.00000
    -8.2950         0.00000     0.00000     0.00000     0.00000
    -8.1450         0.00000     0.00000     0.00000     0.00000
    -7.9950         0.00000     0.00000     0.00000     0.00000
    -7.8450         0.00000     0.00000     0.00000     0.00000
    -7.6950         0.00000     0.00000     0.00000     0.00000
    -7.5450         0.00000     0.00000     0.00000     0.00000
    -7.3950         0.00000     0.00000     0.00000     0.00000
    -7.2450         0.00000     0.00000     0.00000     0.00000
    -7.0950         0.00000     0.00000     0.00000     0.00000
    -6.9450         0.00000     0.00000     0.00000     0.00000
    -6.7950         0.00000     0.00000     0.00000     0.00000
    -6.6450         0.00000     0.00000     0.00000     0.00000
    -6.4950         0.00000     0.00000     0.00000     0.00000
    -6.3450         0.00000     0.00000     0.00000     0.00000
    -6.1950         0.00000     0.00000     0.00000     0.00000
    -6.0450         0.00000     0.00000     0.00000     0.00000
    -5.8950         0.00000     0.00000     0.00000     0.00000
    -5.7450         0.00000     0.00000     0.00000     0.00000
    -5.5950         0.00000     0.00000     0.00000     0.00000
    -5.4450         0.00000     0.00000     0.00000     0.00000
    -5.2950         0.00000     0.00000     0.00000     0.00000
    -5.1450         0.00000     0.00000     0.00000     0.00000
    -4.9950         0.00000     0.00000     0.00000     0.00000
    -4.8450         0.00000     0.00000     0.00000     0.00000
    -4.6950         0.00000     0.00000     0.00000     0.00000
    -4.5450         0.00000     0.00000     0.00000     0.00000
    -4.3950         0.00000     0.00000     0.00000     0.00000
    -4.2450         0.00000     0.00000     0.00000     0.00000
    -4.0950         0.00000     0.00000     0.00000     0.00000
    -3.9450         0.00000     0.00000     0.00000     0.00000
    -3.7950         0.00000     0.00000     0.00000     0.00000
    -3.6450         0.00000     0.00000     0.00000     0.00000
    -3.4950         0.00000     0.00000     0.00000     0.00000
    -3.3450         0.00000     0.00000     0.00000     0.00000
    -3.1950         0.00000     0.00000     0.00000     0.00000
    -3.0450         0.00000     0.00000     0.00000     0.00000
    -2.8950         0.00000     0.00000     0.00000     0.00000
    -2.7450         0.00000     0.00000     0.00000     0.00000
    -2.5950         0.00000     0.00000     0.00000     0.00000
    -2.4450         0.00000     0.00000     0.00000     0.00000
    -2.2950        -0.00000    -0.00000     0.00000     0.00000
    -2.1450         0.00000     0.00000     0.00000     0.00000
    -1.9950         0.00000     0.00000     0.00000     0.00000
    -1.8450         0.00000     0.00000     0.00000    -0.00000
    -1.6950         0.00002     0.00002     0.00000     0.00000
    -1.5450         0.00011     0.00007     0.00001     0.00004
    -1.3950        -0.00075    -0.00042    -0.00016    -0.00017
    -1.2450        -0.00676    -0.00105    -0.00182    -0.00389
    -1.0950        -0.02807    -0.00245    -0.00951    -0.01612
   -0.94500        -0.09963    -0.00563    -0.02977    -0.06423
   -0.79500        -0.35740    -0.01112    -0.07126    -0.27502
   -0.64500        -1.34672    -0.02141    -0.12507    -1.20024
   -0.49500        -3.61751    -0.03845    -0.16897    -3.41008
   -0.34500        -6.52224    -0.06289    -0.20988    -6.24947
   -0.22700        -7.30234    -0.07301    -0.22476    -7.00457
   -0.21300        -7.38850    -0.07412    -0.22657    -7.08781
   -0.20700        -7.47479    -0.07532    -0.22831    -7.17116
   -0.20100        -7.55939    -0.07670    -0.23015    -7.25255
   -0.19500        -7.64368    -0.07805    -0.23198    -7.33365
   -0.18900        -7.72821    -0.07941    -0.23416    -7.41464
   -0.18300        -7.81303    -0.08084    -0.23628    -7.49592
   -0.17700        -7.89714    -0.08224    -0.23848    -7.57642
   -0.17100        -7.98045    -0.08368    -0.24071    -7.65606
   -0.16500        -8.06488    -0.08523    -0.24300    -7.73665
   -0.15900        -8.14886    -0.08683    -0.24536    -7.81667
   -0.15300        -8.23385    -0.08849    -0.24804    -7.89732
   -0.14700        -8.31967    -0.09015    -0.25072    -7.97880
   -0.14100        -8.40601    -0.09187    -0.25347    -8.06067
   -0.13500        -8.49383    -0.09368    -0.25625    -8.14390
   -0.12900        -8.58237    -0.09552    -0.25906    -8.22780
   -0.12300        -8.67119    -0.09742    -0.26202    -8.31175
   -0.11700        -8.76279    -0.09951    -0.26517    -8.39811
   -0.11100        -8.85535    -0.10160    -0.26833    -8.48542
   -0.10500        -8.94999    -0.10378    -0.27164    -8.57457
   -0.99000E-01    -9.04788    -0.10601    -0.27518    -8.66669
   -0.93000E-01    -9.14953    -0.10838    -0.27900    -8.76215
   -0.87000E-01    -9.25518    -0.11091    -0.28298    -8.86129
   -0.81000E-01    -9.36647    -0.11357    -0.28708    -8.96582
   -0.75000E-01    -9.48389    -0.11648    -0.29156    -9.07585
   -0.69000E-01    -9.60958    -0.11949    -0.29621    -9.19389
   -0.63000E-01    -9.74498    -0.12288    -0.30116    -9.32093
   -0.57000E-01    -9.89185    -0.12666    -0.30666    -9.45853
   -0.51000E-01   -10.05128    -0.13092    -0.31271    -9.60765
   -0.45000E-01   -10.22576    -0.13581    -0.31939    -9.77056
   -0.39000E-01   -10.41538    -0.14126    -0.32685    -9.94727
   -0.33000E-01   -10.62193    -0.14779    -0.33572   -10.13841
   -0.27000E-01   -10.84666    -0.15544    -0.34694   -10.34428
   -0.21300E-01   -11.01465    -0.16183    -0.35700   -10.49582
   -0.19500E-01   -11.04050    -0.16290    -0.35877   -10.51884
   -0.18900E-01   -11.06672    -0.16396    -0.36062   -10.54214
   -0.18300E-01   -11.09319    -0.16507    -0.36252   -10.56560
   -0.17700E-01   -11.12003    -0.16622    -0.36453   -10.58928
   -0.17100E-01   -11.14757    -0.16742    -0.36664   -10.61351
   -0.16500E-01   -11.17550    -0.16864    -0.36896   -10.63791
   -0.15900E-01   -11.20400    -0.16989    -0.37135   -10.66275
   -0.15300E-01   -11.23312    -0.17120    -0.37391   -10.68801
   -0.14700E-01   -11.26280    -0.17257    -0.37662   -10.71361
   -0.14100E-01   -11.29305    -0.17402    -0.37950   -10.73954
   -0.13500E-01   -11.32410    -0.17547    -0.38265   -10.76598
   -0.12900E-01   -11.35581    -0.17701    -0.38601   -10.79279
   -0.12300E-01   -11.38829    -0.17861    -0.38968   -10.82001
   -0.11700E-01   -11.42160    -0.18026    -0.39362   -10.84771
   -0.11100E-01   -11.45600    -0.18197    -0.39795   -10.87609
   -0.10500E-01   -11.49120    -0.18382    -0.40277   -10.90461
   -0.99000E-02   -11.52740    -0.18575    -0.40805   -10.93360
   -0.93000E-02   -11.56514    -0.18779    -0.41397   -10.96338
   -0.87000E-02   -11.60414    -0.18991    -0.42068   -10.99355
   -0.81000E-02   -11.64464    -0.19211    -0.42830   -11.02423
   -0.75000E-02   -11.68697    -0.19443    -0.43712   -11.05542
   -0.69000E-02   -11.73131    -0.19688    -0.44745   -11.08699
   -0.63000E-02   -11.77821    -0.19946    -0.45985   -11.11890
   -0.57000E-02   -11.82873    -0.20221    -0.47513   -11.15139
   -0.51000E-02   -11.88417    -0.20508    -0.49474   -11.18435
   -0.45000E-02   -11.94729    -0.20809    -0.52170   -11.21750
   -0.39000E-02   -12.02345    -0.21124    -0.56125   -11.25096
   -0.33000E-02   -12.12105    -0.21451    -0.62167   -11.28487
   -0.27000E-02   -12.24625    -0.21785    -0.70876   -11.31965
   -0.21000E-02   -12.35980    -0.22118    -0.78184   -11.35678
   -0.15000E-02   -12.43925    -0.22431    -0.81311   -11.40183
   -0.90000E-03   -12.52791    -0.22690    -0.82336   -11.47765
   -0.30000E-03   -13.96919    -0.22816    -0.82534   -12.91569
    0.30000E-03   -12.52864    -0.22618    -0.82410   -11.47836
    0.90000E-03   -12.44956    -0.21593    -0.82152   -11.41211
    0.15000E-02   -12.38991    -0.18469    -0.81842   -11.38680
    0.21000E-02   -12.30319    -0.11158    -0.81509   -11.37652
    0.27000E-02   -12.20873    -0.02452    -0.81179   -11.37242
    0.33000E-02   -12.14348     0.03589    -0.80857   -11.37080
    0.39000E-02   -12.10030     0.07531    -0.80545   -11.37016
    0.45000E-02   -12.07017     0.10221    -0.80247   -11.36991
    0.51000E-02   -12.04758     0.12188    -0.79966   -11.36980
    0.57000E-02   -12.02958     0.13719    -0.79701   -11.36976
    0.63000E-02   -12.01454     0.14967    -0.79448   -11.36973
    0.69000E-02   -12.00178     0.16001    -0.79208   -11.36972
    0.75000E-02   -11.99066     0.16885    -0.78981   -11.36970
    0.81000E-02   -11.98081     0.17655    -0.78767   -11.36969
    0.87000E-02   -11.97204     0.18327    -0.78564   -11.36967
    0.93000E-02   -11.96414     0.18923    -0.78371   -11.36965
    0.99000E-02   -11.95695     0.19461    -0.78192   -11.36964
    0.10500E-01   -11.95044     0.19937    -0.78019   -11.36962
    0.11100E-01   -11.94442     0.20379    -0.77861   -11.36961
    0.11700E-01   -11.93889     0.20773    -0.77703   -11.36959
    0.12300E-01   -11.93377     0.21134    -0.77554   -11.36957
    0.12900E-01   -11.92906     0.21468    -0.77418   -11.36955
    0.13500E-01   -11.92466     0.21776    -0.77289   -11.36953
    0.14100E-01   -11.92049     0.22065    -0.77163   -11.36951
    0.14700E-01   -11.91652     0.22335    -0.77038   -11.36948
    0.15300E-01   -11.91278     0.22587    -0.76919   -11.36946
    0.15900E-01   -11.90929     0.22823    -0.76808   -11.36944
    0.16500E-01   -11.90604     0.23040    -0.76704   -11.36940
    0.17100E-01   -11.90295     0.23247    -0.76604   -11.36938
    0.17700E-01   -11.90001     0.23442    -0.76508   -11.36935
    0.18300E-01   -11.89719     0.23632    -0.76419   -11.36932
    0.18900E-01   -11.89457     0.23808    -0.76336   -11.36929
    0.19500E-01   -11.89209     0.23973    -0.76256   -11.36926
    0.21300E-01   -11.87765     0.24917    -0.75780   -11.36902
    0.27000E-01   -11.86271     0.25888    -0.75300   -11.36859
    0.33000E-01   -11.85265     0.26537    -0.74996   -11.36806
    0.39000E-01   -11.84552     0.26998    -0.74802   -11.36747
    0.45000E-01   -11.84037     0.27330    -0.74688   -11.36680
    0.51000E-01   -11.83648     0.27569    -0.74617   -11.36600
    0.57000E-01   -11.83341     0.27751    -0.74579   -11.36513
    0.63000E-01   -11.83071     0.27891    -0.74548   -11.36414
    0.69000E-01   -11.82850     0.27995    -0.74531   -11.36313
    0.75000E-01   -11.82659     0.28068    -0.74520   -11.36206
    0.81000E-01   -11.82483     0.28127    -0.74513   -11.36097
    0.87000E-01   -11.82318     0.28169    -0.74508   -11.35978
    0.93000E-01   -11.82169     0.28197    -0.74502   -11.35864
    0.99000E-01   -11.82016     0.28223    -0.74499   -11.35739
    0.10500       -11.81856     0.28244    -0.74496   -11.35604
    0.11100       -11.81699     0.28258    -0.74494   -11.35462
    0.11700       -11.81532     0.28268    -0.74492   -11.35307
    0.12300       -11.81355     0.28277    -0.74475   -11.35157
    0.12900       -11.81174     0.28283    -0.74458   -11.35000
    0.13500       -11.80987     0.28291    -0.74441   -11.34836
    0.14100       -11.80807     0.28296    -0.74425   -11.34678
    0.14700       -11.80603     0.28302    -0.74409   -11.34497
    0.15300       -11.80398     0.28307    -0.74393   -11.34312
    0.15900       -11.80186     0.28327    -0.74377   -11.34136
    0.16500       -11.79960     0.28347    -0.74361   -11.33945
    0.17100       -11.79732     0.28350    -0.74346   -11.33736
    0.17700       -11.79542     0.28354    -0.74343   -11.33552
    0.18300       -11.79314     0.28371    -0.74327   -11.33357
    0.18900       -11.79113     0.28374    -0.74325   -11.33162
    0.19500       -11.78889     0.28389    -0.74310   -11.32969
    0.20100       -11.78656     0.28393    -0.74295   -11.32754
    0.20700       -11.78412     0.28408    -0.74279   -11.32541
    0.21300       -11.78165     0.28423    -0.74265   -11.32324
    0.22700       -11.76127     0.28469    -0.74214   -11.30382
    0.34500       -11.69041     0.28605    -0.74068   -11.23578
    0.49500       -11.61196     0.28781    -0.73826   -11.16152
    0.64500       -11.52873     0.28919    -0.73609   -11.08183
    0.79500       -11.44398     0.29074    -0.73436   -11.00035
    0.94500       -11.35673     0.29217    -0.73196   -10.91694
     1.0950       -11.26913     0.29347    -0.72970   -10.83290
     1.2450       -11.18183     0.29468    -0.72760   -10.74891
     1.3950       -11.09490     0.29609    -0.72566   -10.66533
     1.5450       -11.00952     0.29739    -0.72381   -10.58310
     1.6950       -10.92569     0.29858    -0.72206   -10.50220
     1.8450       -10.84424     0.29972    -0.72040   -10.42356
     1.9950       -10.76530     0.30079    -0.71882   -10.34727
     2.1450       -10.68851     0.30180    -0.71730   -10.27301
     2.2950       -10.61481     0.30277    -0.71586   -10.20172
     2.4450       -10.54356     0.30368    -0.71447   -10.13278
     2.5950       -10.47515     0.30455    -0.71314   -10.06657
     2.7450       -10.40858     0.30538    -0.71185   -10.00211
     2.8950       -10.34390     0.30620    -0.71062    -9.93948
     3.0450       -10.28246     0.30696    -0.70942    -9.88001
     3.1950       -10.22322     0.30769    -0.70827    -9.82263
     3.3450       -10.16600     0.30838    -0.70717    -9.76721
     3.4950       -10.11063     0.30907    -0.70609    -9.71360
     3.6450       -10.05727     0.30973    -0.70505    -9.66195
     3.7950       -10.00553     0.31037    -0.70404    -9.61185
     3.9450        -9.95523     0.31097    -0.70308    -9.56312
     4.0950        -9.90659     0.31157    -0.70212    -9.51604
     4.2450        -9.85956     0.31215    -0.70119    -9.47051
     4.3950        -9.81357     0.31271    -0.70030    -9.42598
     4.5450        -9.76922     0.31326    -0.69941    -9.38307
     4.6950        -9.72607     0.31379    -0.69855    -9.34132
     4.8450        -9.68415     0.31430    -0.69771    -9.30074
     4.9950        -9.64333     0.31481    -0.69690    -9.26124
     5.1450        -9.60357     0.31529    -0.69611    -9.22275
     5.2950        -9.56493     0.31576    -0.69533    -9.18535
     5.4450        -9.52720     0.31622    -0.69458    -9.14884
     5.5950        -9.49045     0.31668    -0.69384    -9.11329
     5.7450        -9.45455     0.31712    -0.69312    -9.07854
     5.8950        -9.41944     0.31755    -0.69242    -9.04456
     6.0450        -9.38518     0.31797    -0.69172    -9.01143
     6.1950        -9.35168     0.31839    -0.69105    -8.97902
     6.3450        -9.31888     0.31879    -0.69037    -8.94730
     6.4950        -9.28679     0.31919    -0.68973    -8.91626
     6.6450        -9.25539     0.31958    -0.68909    -8.88587
     6.7950        -9.22467     0.31996    -0.68846    -8.85618
     6.9450        -9.19458     0.32034    -0.68785    -8.82707
     7.0950        -9.16507     0.32070    -0.68725    -8.79853
     7.2450        -9.13612     0.32107    -0.68666    -8.77052
     7.3950        -9.10772     0.32142    -0.68608    -8.74307
     7.5450        -9.07987     0.32176    -0.68550    -8.71613
     7.6950        -9.05259     0.32209    -0.68495    -8.68974
     7.8450        -9.02575     0.32242    -0.68440    -8.66378
     7.9950        -8.99942     0.32275    -0.68386    -8.63831
     8.1450        -8.97351     0.32308    -0.68332    -8.61326
     8.2950        -8.94806     0.32339    -0.68280    -8.58865
     8.4450        -8.92304     0.32370    -0.68228    -8.56447
     8.5950        -8.89846     0.32400    -0.68177    -8.54069
     8.7450        -8.87426     0.32430    -0.68127    -8.51729
     8.8950        -8.85050     0.32460    -0.68078    -8.49432
     9.0450        -8.82703     0.32489    -0.68028    -8.47164
     9.1950        -8.80391     0.32518    -0.67981    -8.44928
     9.3450        -8.78120     0.32547    -0.67934    -8.42733
     9.4950        -8.75887     0.32575    -0.67888    -8.40575
     9.6450        -8.73685     0.32603    -0.67842    -8.38446
     9.7950        -8.71514     0.32630    -0.67797    -8.36347
     9.9450        -8.69379     0.32656    -0.67752    -8.34284
     10.095        -8.67275     0.32682    -0.67708    -8.32249
     10.245        -8.65199     0.32708    -0.67664    -8.30243
     10.395        -8.63150     0.32735    -0.67621    -8.28264
     10.545        -8.61134     0.32760    -0.67579    -8.26316
     10.695        -8.59141     0.32785    -0.67538    -8.24388
     10.845        -8.57180     0.32810    -0.67496    -8.22493
     10.995        -8.55247     0.32834    -0.67456    -8.20625
     11.145        -8.53335     0.32858    -0.67416    -8.18776
     11.295        -8.51445     0.32881    -0.67377    -8.16950
     11.445        -8.49579     0.32905    -0.67338    -8.15146
     11.595        -8.47737     0.32928    -0.67300    -8.13365
     11.745        -8.45929     0.32951    -0.67261    -8.11618
     11.895        -8.44137     0.32973    -0.67224    -8.09886
     12.045        -8.42364     0.32995    -0.67187    -8.08173
     12.195        -8.40617     0.33017    -0.67149    -8.06485
     12.345        -8.38888     0.33038    -0.67113    -8.04813
     12.495        -8.37181     0.33060    -0.67076    -8.03166
     12.645        -8.35494     0.33082    -0.67040    -8.01535
     12.795        -8.33828     0.33103    -0.67004    -7.99926
     12.945        -8.32177     0.33123    -0.66970    -7.98330
     13.095        -8.30546     0.33144    -0.66935    -7.96755
     13.245        -8.28936     0.33164    -0.66901    -7.95199
     13.395        -8.27339     0.33184    -0.66867    -7.93657
     13.545        -8.25760     0.33205    -0.66833    -7.92132
     13.695        -8.24201     0.33224    -0.66800    -7.90625
     13.845        -8.22657     0.33243    -0.66767    -7.89133
     13.995        -8.21130     0.33262    -0.66734    -7.87658
     14.145        -8.19620     0.33281    -0.66702    -7.86199
     14.295        -8.18130     0.33299    -0.66671    -7.84759
     14.445        -8.16657     0.33318    -0.66639    -7.83335
     14.595        -8.15193     0.33336    -0.66608    -7.81921
     14.745        -8.13746     0.33354    -0.66576    -7.80524
     14.895        -8.12309     0.33372    -0.66546    -7.79135
     15.045        -8.10891     0.33390    -0.66515    -7.77766
     15.195        -8.09486     0.33407    -0.66485    -7.76408
     15.345        -8.08093     0.33425    -0.66455    -7.75063
     15.495        -8.06716     0.33443    -0.66426    -7.73733
     15.645        -8.05352     0.33460    -0.66396    -7.72416
     15.795        -8.03998     0.33478    -0.66367    -7.71108
     15.945        -8.02657     0.33495    -0.66339    -7.69813
     16.095        -8.01330     0.33512    -0.66310    -7.68532
     16.245        -8.00015     0.33529    -0.66282    -7.67262
     16.395        -7.98717     0.33545    -0.66254    -7.66008
     16.545        -7.97428     0.33562    -0.66227    -7.64764
     16.695        -7.96150     0.33578    -0.66200    -7.63528
     16.845        -7.94883     0.33594    -0.66172    -7.62305
     16.995        -7.93627     0.33610    -0.66145    -7.61093
     17.145        -7.92387     0.33626    -0.66118    -7.59895
     17.295        -7.91157     0.33641    -0.66092    -7.58705
     17.445        -7.89934     0.33655    -0.66066    -7.57523
     17.595        -7.88724     0.33671    -0.66040    -7.56355
     17.745        -7.87522     0.33687    -0.66014    -7.55195
     17.895        -7.86332     0.33702    -0.65988    -7.54046
     18.045        -7.85149     0.33717    -0.65962    -7.52904
     18.195        -7.83980     0.33731    -0.65937    -7.51775
     18.345        -7.82820     0.33746    -0.65912    -7.50654
     18.495        -7.81669     0.33761    -0.65887    -7.49543
     18.645        -7.80528     0.33775    -0.65862    -7.48441
     18.795        -7.79395     0.33789    -0.65838    -7.47346
     18.945        -7.78271     0.33803    -0.65814    -7.46261
     19.095        -7.77156     0.33817    -0.65790    -7.45183
     19.245        -7.76050     0.33831    -0.65766    -7.44115
     19.395        -7.74951     0.33845    -0.65742    -7.43054
     19.545        -7.73863     0.33858    -0.65719    -7.42003
     19.695        -7.72785     0.33871    -0.65695    -7.40961
     19.845        -7.71711     0.33885    -0.65672    -7.39924
     19.995        -7.70644     0.33898    -0.65649    -7.38894
     20.145        -7.69589     0.33911    -0.65626    -7.37874
     20.295        -7.68540     0.33925    -0.65604    -7.36861
     20.445        -7.67500     0.33938    -0.65582    -7.35856
     20.595        -7.66474     0.33951    -0.65559    -7.34866
     20.745        -7.65452     0.33963    -0.65537    -7.33879
     20.895        -7.64437     0.33976    -0.65515    -7.32898
     21.045        -7.63429     0.33989    -0.65493    -7.31926
     21.195        -7.62428     0.34002    -0.65471    -7.30959
     21.345        -7.61432     0.34015    -0.65450    -7.29997
     21.495        -7.60442     0.34027    -0.65428    -7.29041
     21.645        -7.59462     0.34039    -0.65407    -7.28095
     21.795        -7.58492     0.34051    -0.65386    -7.27157
     21.945        -7.57528     0.34063    -0.65365    -7.26226
     22.095        -7.56568     0.34076    -0.65345    -7.25300
     22.245        -7.55613     0.34088    -0.65324    -7.24377
     22.395        -7.54671     0.34100    -0.65304    -7.23467
     22.545        -7.53733     0.34112    -0.65283    -7.22562
     22.695        -7.52800     0.34124    -0.65263    -7.21661
     22.845        -7.51878     0.34136    -0.65243    -7.20771
     22.995        -7.50959     0.34148    -0.65222    -7.19884
     23.145        -7.50047     0.34159    -0.65202    -7.19004
     23.295        -7.49141     0.34171    -0.65183    -7.18130
     23.445        -7.48239     0.34183    -0.65163    -7.17259
     23.595        -7.47343     0.34194    -0.65143    -7.16394
     23.745        -7.46454     0.34206    -0.65124    -7.15536
     23.895        -7.45569     0.34217    -0.65105    -7.14682
     24.045        -7.44691     0.34228    -0.65085    -7.13834
     24.195        -7.43816     0.34239    -0.65065    -7.12989
     24.345        -7.42949     0.34250    -0.65047    -7.12152
     24.495        -7.42087     0.34261    -0.65029    -7.11319
     24.645        -7.41229     0.34272    -0.65010    -7.10491
     24.795        -7.40378     0.34283    -0.64992    -7.09669
     24.945        -7.39531     0.34293    -0.64973    -7.08851
     25.095        -7.38688     0.34304    -0.64954    -7.08038
     25.245        -7.37854     0.34315    -0.64936    -7.07233
     25.395        -7.37024     0.34325    -0.64918    -7.06431
     25.545        -7.36199     0.34336    -0.64900    -7.05635
     25.695        -7.35380     0.34346    -0.64882    -7.04844
     25.845        -7.34562     0.34357    -0.64864    -7.04055
     25.995        -7.33751     0.34367    -0.64847    -7.03271
     26.145        -7.32943     0.34377    -0.64829    -7.02492
     26.295        -7.32143     0.34387    -0.64811    -7.01719
     26.445        -7.31349     0.34397    -0.64794    -7.00951
     26.595        -7.30558     0.34407    -0.64777    -7.00189
     26.745        -7.29772     0.34417    -0.64760    -6.99430
     26.895        -7.28990     0.34427    -0.64742    -6.98675
     27.045        -7.28212     0.34437    -0.64725    -6.97924
     27.195        -7.27438     0.34447    -0.64708    -6.97177
     27.345        -7.26668     0.34457    -0.64691    -6.96433
     27.495        -7.25905     0.34466    -0.64675    -6.95696
     27.645        -7.25147     0.34476    -0.64659    -6.94964
     27.795        -7.24388     0.34486    -0.64642    -6.94232
     27.945        -7.23638     0.34495    -0.64625    -6.93508
     28.095        -7.22891     0.34505    -0.64609    -6.92787
     28.245        -7.22148     0.34514    -0.64593    -6.92070
     28.395        -7.21409     0.34523    -0.64577    -6.91355
     28.545        -7.20676     0.34532    -0.64561    -6.90647
     28.695        -7.19948     0.34542    -0.64545    -6.89945
     28.845        -7.19224     0.34551    -0.64529    -6.89246
     28.995        -7.18500     0.34560    -0.64513    -6.88547
     29.145        -7.17777     0.34570    -0.64497    -6.87850
     29.295        -7.17060     0.34579    -0.64481    -6.87158
     29.445        -7.16345     0.34588    -0.64466    -6.86468
     29.595        -7.15637     0.34598    -0.64450    -6.85785
     29.745        -7.14933     0.34607    -0.64435    -6.85104
     29.895        -7.14234     0.34616    -0.64420    -6.84430
     30.045        -7.13538     0.34625    -0.64404    -6.83758
     30.195        -7.12848     0.34634    -0.64389    -6.83093
     30.345        -7.12158     0.34643    -0.64375    -6.82427
     30.495        -7.11472     0.34652    -0.64359    -6.81765
     30.645        -7.10792     0.34661    -0.64344    -6.81108
     30.795        -7.10111     0.34669    -0.64329    -6.80451
     30.945        -7.09436     0.34678    -0.64314    -6.79800
     31.095        -7.08763     0.34687    -0.64299    -6.79150
     31.245        -7.08094     0.34695    -0.64285    -6.78505
     31.395        -7.07427     0.34704    -0.64270    -6.77860
     31.545        -7.06764     0.34712    -0.64256    -6.77220
     31.695        -7.06106     0.34720    -0.64241    -6.76585
     31.845        -7.05450     0.34729    -0.64227    -6.75952
     31.995        -7.04799     0.34737    -0.64213    -6.75323
     32.145        -7.04146     0.34745    -0.64199    -6.74693
     32.295        -7.03501     0.34754    -0.64184    -6.74070
     32.445        -7.02859     0.34762    -0.64170    -6.73451
     32.595        -7.02221     0.34770    -0.64156    -6.72836
     32.745        -7.01584     0.34778    -0.64142    -6.72220
     32.895        -7.00949     0.34787    -0.64127    -6.71609
     33.045        -7.00318     0.34795    -0.64114    -6.71000
     33.195        -6.99691     0.34803    -0.64100    -6.70394
     33.345        -6.99067     0.34811    -0.64086    -6.69792
     33.495        -6.98446     0.34819    -0.64072    -6.69193
     33.645        -6.97829     0.34827    -0.64059    -6.68597
     33.795        -6.97213     0.34835    -0.64045    -6.68003
     33.945        -6.96600     0.34843    -0.64031    -6.67411
     34.095        -6.95990     0.34851    -0.64018    -6.66822
     34.245        -6.95384     0.34859    -0.64005    -6.66237
     34.395        -6.94779     0.34866    -0.63992    -6.65654
     34.545        -6.94178     0.34874    -0.63979    -6.65073
     34.695        -6.93580     0.34882    -0.63966    -6.64496
     34.845        -6.92983     0.34889    -0.63953    -6.63920
     34.995        -6.92390     0.34897    -0.63939    -6.63348
     35.145        -6.91799     0.34905    -0.63926    -6.62777
     35.295        -6.91208     0.34913    -0.63914    -6.62207
     35.445        -6.90622     0.34920    -0.63901    -6.61642
     35.595        -6.90040     0.34928    -0.63888    -6.61079
     35.745        -6.89459     0.34935    -0.63875    -6.60519
     35.895        -6.88881     0.34942    -0.63862    -6.59961
     36.045        -6.88306     0.34950    -0.63850    -6.59406
     36.195        -6.87733     0.34957    -0.63837    -6.58853
     36.345        -6.87164     0.34964    -0.63824    -6.58304
     36.495        -6.86599     0.34972    -0.63812    -6.57758
     36.645        -6.86032     0.34979    -0.63799    -6.57212
     36.795        -6.85470     0.34986    -0.63786    -6.56670
     36.945        -6.84908     0.34993    -0.63774    -6.56128
     37.095        -6.84351     0.35000    -0.63762    -6.55589
     37.245        -6.83795     0.35007    -0.63750    -6.55053
     37.395        -6.83243     0.35014    -0.63738    -6.54520
     37.545        -6.82693     0.35021    -0.63725    -6.53989
     37.695        -6.82146     0.35029    -0.63713    -6.53461
     37.845        -6.81601     0.35036    -0.63701    -6.52936
     37.995        -6.81057     0.35043    -0.63689    -6.52410
     38.145        -6.80512     0.35050    -0.63677    -6.51885
     38.295        -6.79972     0.35057    -0.63665    -6.51364
     38.445        -6.79435     0.35064    -0.63653    -6.50845
     38.595        -6.78900     0.35071    -0.63641    -6.50329
     38.745        -6.78367     0.35078    -0.63629    -6.49815
     38.895        -6.77837     0.35084    -0.63617    -6.49304
     39.045        -6.77310     0.35091    -0.63606    -6.48795
     39.195        -6.76782     0.35098    -0.63594    -6.48286
     39.345        -6.76259     0.35105    -0.63582    -6.47782
     39.495        -6.75736     0.35111    -0.63571    -6.47276
     39.645        -6.75214     0.35118    -0.63560    -6.46773
     39.795        -6.74697     0.35125    -0.63548    -6.46274
     39.945        -6.74180     0.35132    -0.63536    -6.45775
     40.095        -6.73667     0.35138    -0.63525    -6.45281
     40.245        -6.73154     0.35145    -0.63513    -6.44786
     40.395        -6.72646     0.35152    -0.63502    -6.44295
     40.545        -6.72137     0.35158    -0.63491    -6.43805
     40.695        -6.71631     0.35165    -0.63480    -6.43317
     40.845        -6.71128     0.35172    -0.63469    -6.42831
     40.995        -6.70629     0.35179    -0.63458    -6.42349
     41.145        -6.70131     0.35185    -0.63447    -6.41870
     41.295        -6.69634     0.35192    -0.63435    -6.41391
     41.445        -6.69137     0.35198    -0.63425    -6.40910
     41.595        -6.68643     0.35205    -0.63414    -6.40434
     41.745        -6.68151     0.35211    -0.63403    -6.39959
     41.895        -6.67661     0.35218    -0.63392    -6.39487
     42.045        -6.67171     0.35224    -0.63381    -6.39015
     42.195        -6.66685     0.35231    -0.63370    -6.38545
     42.345        -6.66199     0.35237    -0.63360    -6.38076
     42.495        -6.65716     0.35243    -0.63349    -6.37609
     42.645        -6.65234     0.35249    -0.63338    -6.37144
     42.795        -6.64753     0.35255    -0.63328    -6.36680
     42.945        -6.64274     0.35261    -0.63317    -6.36218
     43.095        -6.63798     0.35268    -0.63306    -6.35760
     43.245        -6.63323     0.35274    -0.63296    -6.35300
     43.395        -6.62850     0.35280    -0.63286    -6.34845
     43.545        -6.62380     0.35286    -0.63275    -6.34391
     43.695        -6.61908     0.35292    -0.63264    -6.33936
     43.845        -6.61440     0.35298    -0.63254    -6.33484
     43.995        -6.60973     0.35304    -0.63244    -6.33034
     44.145        -6.60509     0.35310    -0.63233    -6.32586
     44.295        -6.60048     0.35316    -0.63223    -6.32141
     44.445        -6.59587     0.35322    -0.63213    -6.31696
     44.595        -6.59127     0.35328    -0.63203    -6.31251
     44.745        -6.58669     0.35334    -0.63193    -6.30810
     44.895        -6.58214     0.35340    -0.63183    -6.30371
     45.045        -6.57761     0.35346    -0.63173    -6.29934
     45.195        -6.57308     0.35352    -0.63163    -6.29497
     45.345        -6.56860     0.35358    -0.63153    -6.29065
     45.495        -6.56410     0.35363    -0.63143    -6.28631
     45.645        -6.55961     0.35369    -0.63133    -6.28197
     45.795        -6.55514     0.35375    -0.63123    -6.27767
     45.945        -6.55071     0.35381    -0.63113    -6.27338
     46.095        -6.54628     0.35386    -0.63103    -6.26912
     46.245        -6.54188     0.35392    -0.63093    -6.26487
     46.395        -6.53747     0.35397    -0.63083    -6.26061
     46.545        -6.53308     0.35403    -0.63074    -6.25637
     46.695        -6.52870     0.35409    -0.63064    -6.25215
     46.845        -6.52434     0.35415    -0.63054    -6.24794
     46.995        -6.52000     0.35420    -0.63045    -6.24375
     47.145        -6.51567     0.35426    -0.63036    -6.23958
     47.295        -6.51136     0.35431    -0.63026    -6.23541
     47.445        -6.50705     0.35437    -0.63017    -6.23126
     47.595        -6.50278     0.35443    -0.63007    -6.22713
     47.745        -6.49850     0.35449    -0.62997    -6.22301
     47.895        -6.49425     0.35454    -0.62988    -6.21891
     48.045        -6.49001     0.35460    -0.62978    -6.21482
     48.195        -6.48577     0.35465    -0.62969    -6.21073
     48.345        -6.48158     0.35471    -0.62960    -6.20668
     48.495        -6.47737     0.35476    -0.62951    -6.20262
     48.645        -6.47317     0.35482    -0.62941    -6.19857
     48.795        -6.46900     0.35487    -0.62932    -6.19455
     48.945        -6.46486     0.35492    -0.62923    -6.19055
     49.095        -6.46071     0.35498    -0.62914    -6.18655
     49.245        -6.45658     0.35503    -0.62905    -6.18256
     49.395        -6.45246     0.35509    -0.62896    -6.17859
     49.545        -6.44836     0.35514    -0.62887    -6.17463
     49.695        -6.44426     0.35519    -0.62878    -6.17067
     49.845        -6.44019     0.35524    -0.62869    -6.16675
     49.995        -6.43613     0.35529    -0.62859    -6.16283
     50.145        -6.43207     0.35535    -0.62850    -6.15891
     50.295        -6.42802     0.35540    -0.62841    -6.15501
     50.445        -6.42401     0.35545    -0.62832    -6.15114
     50.595        -6.42002     0.35550    -0.62823    -6.14729
     50.745        -6.41603     0.35556    -0.62814    -6.14344
     50.895        -6.41204     0.35561    -0.62806    -6.13959
     51.045        -6.40807     0.35566    -0.62797    -6.13576
     51.195        -6.40411     0.35571    -0.62788    -6.13194
     51.345        -6.40015     0.35576    -0.62779    -6.12812
     51.495        -6.39621     0.35582    -0.62770    -6.12432
     51.645        -6.39228     0.35587    -0.62762    -6.12053
     51.795        -6.38836     0.35592    -0.62753    -6.11675
     51.945        -6.38447     0.35597    -0.62745    -6.11300
     52.095        -6.38057     0.35602    -0.62736    -6.10923
     52.245        -6.37669     0.35607    -0.62727    -6.10549
     52.395        -6.37284     0.35612    -0.62719    -6.10178
     52.545        -6.36898     0.35617    -0.62710    -6.09805
     52.695        -6.36514     0.35622    -0.62702    -6.09434
     52.845        -6.36131     0.35627    -0.62693    -6.09065
     52.995        -6.35747     0.35632    -0.62685    -6.08694
     53.145        -6.35367     0.35637    -0.62676    -6.08327
     53.295        -6.34988     0.35642    -0.62668    -6.07962
     53.445        -6.34608     0.35647    -0.62660    -6.07595
     53.595        -6.34230     0.35652    -0.62651    -6.07231
     53.745        -6.33855     0.35657    -0.62643    -6.06869
     53.895        -6.33479     0.35662    -0.62635    -6.06506
     54.045        -6.33106     0.35666    -0.62626    -6.06146
     54.195        -6.32733     0.35671    -0.62618    -6.05786
     54.345        -6.32362     0.35676    -0.62610    -6.05429
     54.495        -6.31990     0.35681    -0.62602    -6.05069
     54.645        -6.31623     0.35686    -0.62593    -6.04716
     54.795        -6.31256     0.35691    -0.62585    -6.04361
     54.945        -6.30889     0.35695    -0.62577    -6.04007
     55.095        -6.30523     0.35700    -0.62569    -6.03654
     59.433        -6.01806     0.36075    -0.61931    -5.75950
     80.646        -5.59787     0.36628    -0.60989    -5.35426
     111.21        -5.18920     0.37167    -0.60069    -4.96018
     153.36        -4.79244     0.37693    -0.59173    -4.57764
     211.49        -4.40773     0.38206    -0.58301    -4.20677
     291.64        -4.03584     0.38701    -0.57459    -3.84826
     402.18        -3.67589     0.39183    -0.56643    -3.50129
     554.60        -3.32800     0.39650    -0.55854    -3.16596
     764.80        -2.99201     0.40105    -0.55092    -2.84214
     1054.7        -2.66733     0.40547    -0.54358    -2.52922
     1454.4        -2.35372     0.40972    -0.53650    -2.22693
     2005.6        -2.05050     0.41386    -0.52969    -1.93467
     2765.8        -1.75744     0.41787    -0.52313    -1.65218
     3814.0        -1.47361     0.42176    -0.51679    -1.37859
     5259.5        -1.19900     0.42554    -0.51068    -1.11386
     7252.9        -0.93295     0.42919    -0.50478    -0.85736
     10002.        -0.67532     0.43273    -0.49909    -0.60895
     13793.        -0.42577     0.43616    -0.49359    -0.36834
     19020.        -0.18472     0.43945    -0.48827    -0.13591
     26229.         0.04775     0.44261    -0.48313     0.08827
     36170.         0.27083     0.44563    -0.47815     0.30335
     49878.         0.48450     0.44853    -0.47332     0.50929
     68782.         0.68886     0.45130    -0.46866     0.70622
     94851.         0.88395     0.45394    -0.46413     0.89414
    0.13080E+06     1.07031     0.45647    -0.45977     1.07362
    0.18038E+06     1.24797     0.45884    -0.45556     1.24469
    0.24874E+06     1.41742     0.46112    -0.45155     1.40785
    0.34301E+06     1.57880     0.46329    -0.44771     1.56322
    0.47302E+06     1.73265     0.46534    -0.44403     1.71135
    0.65229E+06     1.87909     0.46731    -0.44051     1.85229
    0.89952E+06     2.01863     0.46915    -0.43718     1.98665
    0.12404E+07     2.15139     0.47092    -0.43398     2.11445
    0.17106E+07     2.27770     0.47260    -0.43092     2.23602
    0.23589E+07     2.39795     0.47419    -0.42802     2.35178
    0.32529E+07     2.51235     0.47571    -0.42526     2.46191
    0.44858E+07     2.62125     0.47715    -0.42264     2.56674
    0.61860E+07     2.72471     0.47852    -0.42015     2.66635
    0.85305E+07     2.82329     0.47982    -0.41776     2.76123
    0.11764E+08     2.91701     0.48105    -0.41550     2.85145
    0.16222E+08     3.00615     0.48222    -0.41335     2.93728
    0.22370E+08     3.09089     0.48333    -0.41129     3.01885
    0.30849E+08     3.17128     0.48437    -0.40934     3.09625
    0.42541E+08     3.24716     0.48534    -0.40748     3.16929
    0.58664E+08     3.31820     0.48625    -0.40571     3.23765
    0.80898E+08     3.38467     0.48711    -0.40403     3.30159
    0.11156E+09     3.44719     0.48792    -0.40244     3.36171
    0.15384E+09     3.50597     0.48867    -0.40093     3.41824
    0.21215E+09     3.56121     0.48938    -0.39949     3.47132
    0.29255E+09     3.61332     0.49004    -0.39815     3.52143
    0.40343E+09     3.66231     0.49067    -0.39689     3.56853
    0.55633E+09     3.70849     0.49127    -0.39571     3.61293
    0.76719E+09     3.75150     0.49180    -0.39461     3.65431
    0.10580E+10     3.79034     0.49228    -0.39357     3.69163
    0.14589E+10     3.82588     0.49273    -0.39259     3.72575
    0.20119E+10     3.85853     0.49314    -0.39167     3.75706
    0.27744E+10     3.88868     0.49352    -0.39080     3.78596
    0.38259E+10     3.91642     0.49386    -0.38998     3.81254
    0.52760E+10     3.94208     0.49418    -0.38924     3.83713
    0.72756E+10     3.96575     0.49448    -0.38857     3.85984
    0.10033E+11     3.98753     0.49475    -0.38796     3.88074
    0.13836E+11     4.00763     0.49501    -0.38740     3.90003
    0.19079E+11     4.02617     0.49525    -0.38688     3.91780
    0.26311E+11     4.04329     0.49546    -0.38640     3.93423
    0.36283E+11     4.05910     0.49566    -0.38596     3.94940
    0.50034E+11     4.07367     0.49585    -0.38556     3.96338
    0.68997E+11     4.08713     0.49602    -0.38519     3.97630
    0.10000E+12     4.24834     0.49805    -0.38066     4.13095
