    -99.945         0.00000     0.00000     0.00000     0.00000
    -99.795         0.00000     0.00000     0.00000     0.00000
    -99.645         0.00000     0.00000     0.00000     0.00000
    -99.495         0.00000     0.00000     0.00000     0.00000
    -99.345         0.00000     0.00000     0.00000     0.00000
    -99.195         0.00000     0.00000     0.00000     0.00000
    -99.045         0.00000     0.00000     0.00000     0.00000
    -98.895         0.00000     0.00000     0.00000     0.00000
    -98.745         0.00000     0.00000     0.00000     0.00000
    -98.595         0.00000     0.00000     0.00000     0.00000
    -98.445         0.00000     0.00000     0.00000     0.00000
    -98.295         0.00000     0.00000     0.00000     0.00000
    -98.145         0.00000     0.00000     0.00000     0.00000
    -97.995         0.00000     0.00000     0.00000     0.00000
    -97.845         0.00000     0.00000     0.00000     0.00000
    -97.695         0.00000     0.00000     0.00000     0.00000
    -97.545         0.00000     0.00000     0.00000     0.00000
    -97.395         0.00000     0.00000     0.00000     0.00000
    -97.245         0.00000     0.00000     0.00000     0.00000
    -97.095         0.00000     0.00000     0.00000     0.00000
    -96.945         0.00000     0.00000     0.00000     0.00000
    -96.795         0.00000     0.00000     0.00000     0.00000
    -96.645         0.00000     0.00000     0.00000     0.00000
    -96.495         0.00000     0.00000     0.00000     0.00000
    -96.345         0.00000     0.00000     0.00000     0.00000
    -96.195         0.00000     0.00000     0.00000     0.00000
    -96.045         0.00000     0.00000     0.00000     0.00000
    -95.895         0.00000     0.00000     0.00000     0.00000
    -95.745         0.00000     0.00000     0.00000     0.00000
    -95.595         0.00000     0.00000     0.00000     0.00000
    -95.445         0.00000     0.00000     0.00000     0.00000
    -95.295         0.00000     0.00000     0.00000     0.00000
    -95.145         0.00000     0.00000     0.00000     0.00000
    -94.995         0.00000     0.00000     0.00000     0.00000
    -94.845         0.00000     0.00000     0.00000     0.00000
    -94.695         0.00000     0.00000     0.00000     0.00000
    -94.545         0.00000     0.00000     0.00000     0.00000
    -94.395         0.00000     0.00000     0.00000     0.00000
    -94.245         0.00000     0.00000     0.00000     0.00000
    -94.095         0.00000     0.00000     0.00000     0.00000
    -93.945         0.00000     0.00000     0.00000     0.00000
    -93.795         0.00000     0.00000     0.00000     0.00000
    -93.645         0.00000     0.00000     0.00000     0.00000
    -93.495         0.00000     0.00000     0.00000     0.00000
    -93.345         0.00000     0.00000     0.00000     0.00000
    -93.195         0.00000     0.00000     0.00000     0.00000
    -93.045         0.00000     0.00000     0.00000     0.00000
    -92.895         0.00000     0.00000     0.00000     0.00000
    -92.745         0.00000     0.00000     0.00000     0.00000
    -92.595         0.00000     0.00000     0.00000     0.00000
    -92.445         0.00000     0.00000     0.00000     0.00000
    -92.295         0.00000     0.00000     0.00000     0.00000
    -92.145         0.00000     0.00000     0.00000     0.00000
    -91.995         0.00000     0.00000     0.00000     0.00000
    -91.845         0.00000     0.00000     0.00000     0.00000
    -91.695         0.00000     0.00000     0.00000     0.00000
    -91.545         0.00000     0.00000     0.00000     0.00000
    -91.395         0.00000     0.00000     0.00000     0.00000
    -91.245         0.00000     0.00000     0.00000     0.00000
    -91.095         0.00000     0.00000     0.00000     0.00000
    -90.945         0.00000     0.00000     0.00000     0.00000
    -90.795         0.00000     0.00000     0.00000     0.00000
    -90.645         0.00000     0.00000     0.00000     0.00000
    -90.495         0.00000     0.00000     0.00000     0.00000
    -90.345         0.00000     0.00000     0.00000     0.00000
    -90.195         0.00000     0.00000     0.00000     0.00000
    -90.045         0.00000     0.00000     0.00000     0.00000
    -89.895         0.00000     0.00000     0.00000     0.00000
    -89.745         0.00000     0.00000     0.00000     0.00000
    -89.595         0.00000     0.00000     0.00000     0.00000
    -89.445         0.00000     0.00000     0.00000     0.00000
    -89.295         0.00000     0.00000     0.00000     0.00000
    -89.145         0.00000     0.00000     0.00000     0.00000
    -88.995         0.00000     0.00000     0.00000     0.00000
    -88.845         0.00000     0.00000     0.00000     0.00000
    -88.695         0.00000     0.00000     0.00000     0.00000
    -88.545         0.00000     0.00000     0.00000     0.00000
    -88.395         0.00000     0.00000     0.00000     0.00000
    -88.245         0.00000     0.00000     0.00000     0.00000
    -88.095         0.00000     0.00000     0.00000     0.00000
    -87.945         0.00000     0.00000     0.00000     0.00000
    -87.795         0.00000     0.00000     0.00000     0.00000
    -87.645         0.00000     0.00000     0.00000     0.00000
    -87.495         0.00000     0.00000     0.00000     0.00000
    -87.345         0.00000     0.00000     0.00000     0.00000
    -87.195         0.00000     0.00000     0.00000     0.00000
    -87.045         0.00000     0.00000     0.00000     0.00000
    -86.895         0.00000     0.00000     0.00000     0.00000
    -86.745         0.00000     0.00000     0.00000     0.00000
    -86.595         0.00000     0.00000     0.00000     0.00000
    -86.445         0.00000     0.00000     0.00000     0.00000
    -86.295         0.00000     0.00000     0.00000     0.00000
    -86.145         0.00000     0.00000     0.00000     0.00000
    -85.995         0.00000     0.00000     0.00000     0.00000
    -85.845         0.00000     0.00000     0.00000     0.00000
    -85.695         0.00000     0.00000     0.00000     0.00000
    -85.545         0.00000     0.00000     0.00000     0.00000
    -85.395         0.00000     0.00000     0.00000     0.00000
    -85.245         0.00000     0.00000     0.00000     0.00000
    -85.095         0.00000     0.00000     0.00000     0.00000
    -84.945         0.00000     0.00000     0.00000     0.00000
    -84.795         0.00000     0.00000     0.00000     0.00000
    -84.645         0.00000     0.00000     0.00000     0.00000
    -84.495         0.00000     0.00000     0.00000     0.00000
    -84.345         0.00000     0.00000     0.00000     0.00000
    -84.195         0.00000     0.00000     0.00000     0.00000
    -84.045         0.00000     0.00000     0.00000     0.00000
    -83.895         0.00000     0.00000     0.00000     0.00000
    -83.745         0.00000     0.00000     0.00000     0.00000
    -83.595         0.00000     0.00000     0.00000     0.00000
    -83.445         0.00000     0.00000     0.00000     0.00000
    -83.295         0.00000     0.00000     0.00000     0.00000
    -83.145         0.00000     0.00000     0.00000     0.00000
    -82.995         0.00000     0.00000     0.00000     0.00000
    -82.845         0.00000     0.00000     0.00000     0.00000
    -82.695         0.00000     0.00000     0.00000     0.00000
    -82.545         0.00000     0.00000     0.00000     0.00000
    -82.395         0.00000     0.00000     0.00000     0.00000
    -82.245         0.00000     0.00000     0.00000     0.00000
    -82.095         0.00000     0.00000     0.00000     0.00000
    -81.945         0.00000     0.00000     0.00000     0.00000
    -81.795         0.00000     0.00000     0.00000     0.00000
    -81.645         0.00000     0.00000     0.00000     0.00000
    -81.495         0.00000     0.00000     0.00000     0.00000
    -81.345         0.00000     0.00000     0.00000     0.00000
    -81.195         0.00000     0.00000     0.00000     0.00000
    -81.045         0.00000     0.00000     0.00000     0.00000
    -80.895         0.00000     0.00000     0.00000     0.00000
    -80.745         0.00000     0.00000     0.00000     0.00000
    -80.595         0.00000     0.00000     0.00000     0.00000
    -80.445         0.00000     0.00000     0.00000     0.00000
    -80.295         0.00000     0.00000     0.00000     0.00000
    -80.145         0.00000     0.00000     0.00000     0.00000
    -79.995         0.00000     0.00000     0.00000     0.00000
    -79.845         0.00000     0.00000     0.00000     0.00000
    -79.695         0.00000     0.00000     0.00000     0.00000
    -79.545         0.00000     0.00000     0.00000     0.00000
    -79.395         0.00000     0.00000     0.00000     0.00000
    -79.245         0.00000     0.00000     0.00000     0.00000
    -79.095         0.00000     0.00000     0.00000     0.00000
    -78.945         0.00000     0.00000     0.00000     0.00000
    -78.795         0.00000     0.00000     0.00000     0.00000
    -78.645         0.00000     0.00000     0.00000     0.00000
    -78.495         0.00000     0.00000     0.00000     0.00000
    -78.345         0.00000     0.00000     0.00000     0.00000
    -78.195         0.00000     0.00000     0.00000     0.00000
    -78.045         0.00000     0.00000     0.00000     0.00000
    -77.895         0.00000     0.00000     0.00000     0.00000
    -77.745         0.00000     0.00000     0.00000     0.00000
    -77.595         0.00000     0.00000     0.00000     0.00000
    -77.445         0.00000     0.00000     0.00000     0.00000
    -77.295         0.00000     0.00000     0.00000     0.00000
    -77.145         0.00000     0.00000     0.00000     0.00000
    -76.995         0.00000     0.00000     0.00000     0.00000
    -76.845         0.00000     0.00000     0.00000     0.00000
    -76.695         0.00000     0.00000     0.00000     0.00000
    -76.545         0.00000     0.00000     0.00000     0.00000
    -76.395         0.00000     0.00000     0.00000     0.00000
    -76.245         0.00000     0.00000     0.00000     0.00000
    -76.095         0.00000     0.00000     0.00000     0.00000
    -75.945         0.00000     0.00000     0.00000     0.00000
    -75.795         0.00000     0.00000     0.00000     0.00000
    -75.645         0.00000     0.00000     0.00000     0.00000
    -75.495         0.00000     0.00000     0.00000     0.00000
    -75.345         0.00000     0.00000     0.00000     0.00000
    -75.195         0.00000     0.00000     0.00000     0.00000
    -75.045         0.00000     0.00000     0.00000     0.00000
    -74.895         0.00000     0.00000     0.00000     0.00000
    -74.745         0.00000     0.00000     0.00000     0.00000
    -74.595         0.00000     0.00000     0.00000     0.00000
    -74.445         0.00000     0.00000     0.00000     0.00000
    -74.295         0.00000     0.00000     0.00000     0.00000
    -74.145         0.00000     0.00000     0.00000     0.00000
    -73.995         0.00000     0.00000     0.00000     0.00000
    -73.845         0.00000     0.00000     0.00000     0.00000
    -73.695         0.00000     0.00000     0.00000     0.00000
    -73.545         0.00000     0.00000     0.00000     0.00000
    -73.395         0.00000     0.00000     0.00000     0.00000
    -73.245         0.00000     0.00000     0.00000     0.00000
    -73.095         0.00000     0.00000     0.00000     0.00000
    -72.945         0.00000     0.00000     0.00000     0.00000
    -72.795         0.00000     0.00000     0.00000     0.00000
    -72.645         0.00000     0.00000     0.00000     0.00000
    -72.495         0.00000     0.00000     0.00000     0.00000
    -72.345         0.00000     0.00000     0.00000     0.00000
    -72.195         0.00000     0.00000     0.00000     0.00000
    -72.045         0.00000     0.00000     0.00000     0.00000
    -71.895         0.00000     0.00000     0.00000     0.00000
    -71.745         0.00000     0.00000     0.00000     0.00000
    -71.595         0.00000     0.00000     0.00000     0.00000
    -71.445         0.00000     0.00000     0.00000     0.00000
    -71.295         0.00000     0.00000     0.00000     0.00000
    -71.145         0.00000     0.00000     0.00000     0.00000
    -70.995         0.00000     0.00000     0.00000     0.00000
    -70.845         0.00000     0.00000     0.00000     0.00000
    -70.695         0.00000     0.00000     0.00000     0.00000
    -70.545         0.00000     0.00000     0.00000     0.00000
    -70.395         0.00000     0.00000     0.00000     0.00000
    -70.245         0.00000     0.00000     0.00000     0.00000
    -70.095         0.00000     0.00000     0.00000     0.00000
    -69.945         0.00000     0.00000     0.00000     0.00000
    -69.795         0.00000     0.00000     0.00000     0.00000
    -69.645         0.00000     0.00000     0.00000     0.00000
    -69.495         0.00000     0.00000     0.00000     0.00000
    -69.345         0.00000     0.00000     0.00000     0.00000
    -69.195         0.00000     0.00000     0.00000     0.00000
    -69.045         0.00000     0.00000     0.00000     0.00000
    -68.895         0.00000     0.00000     0.00000     0.00000
    -68.745         0.00000     0.00000     0.00000     0.00000
    -68.595         0.00000     0.00000     0.00000     0.00000
    -68.445         0.00000     0.00000     0.00000     0.00000
    -68.295         0.00000     0.00000     0.00000     0.00000
    -68.145         0.00000     0.00000     0.00000     0.00000
    -67.995         0.00000     0.00000     0.00000     0.00000
    -67.845         0.00000     0.00000     0.00000     0.00000
    -67.695         0.00000     0.00000     0.00000     0.00000
    -67.545         0.00000     0.00000     0.00000     0.00000
    -67.395         0.00000     0.00000     0.00000     0.00000
    -67.245         0.00000     0.00000     0.00000     0.00000
    -67.095         0.00000     0.00000     0.00000     0.00000
    -66.945         0.00000     0.00000     0.00000     0.00000
    -66.795         0.00000     0.00000     0.00000     0.00000
    -66.645         0.00000     0.00000     0.00000     0.00000
    -66.495         0.00000     0.00000     0.00000     0.00000
    -66.345         0.00000     0.00000     0.00000     0.00000
    -66.195         0.00000     0.00000     0.00000     0.00000
    -66.045         0.00000     0.00000     0.00000     0.00000
    -65.895         0.00000     0.00000     0.00000     0.00000
    -65.745         0.00000     0.00000     0.00000     0.00000
    -65.595         0.00000     0.00000     0.00000     0.00000
    -65.445         0.00000     0.00000     0.00000     0.00000
    -65.295         0.00000     0.00000     0.00000     0.00000
    -65.145         0.00000     0.00000     0.00000     0.00000
    -64.995         0.00000     0.00000     0.00000     0.00000
    -64.845         0.00000     0.00000     0.00000     0.00000
    -64.695         0.00000     0.00000     0.00000     0.00000
    -64.545         0.00000     0.00000     0.00000     0.00000
    -64.395         0.00000     0.00000     0.00000     0.00000
    -64.245         0.00000     0.00000     0.00000     0.00000
    -64.095         0.00000     0.00000     0.00000     0.00000
    -63.945         0.00000     0.00000     0.00000     0.00000
    -63.795         0.00000     0.00000     0.00000     0.00000
    -63.645         0.00000     0.00000     0.00000     0.00000
    -63.495         0.00000     0.00000     0.00000     0.00000
    -63.345         0.00000     0.00000     0.00000     0.00000
    -63.195         0.00000     0.00000     0.00000     0.00000
    -63.045         0.00000     0.00000     0.00000     0.00000
    -62.895         0.00000     0.00000     0.00000     0.00000
    -62.745         0.00000     0.00000     0.00000     0.00000
    -62.595         0.00000     0.00000     0.00000     0.00000
    -62.445         0.00000     0.00000     0.00000     0.00000
    -62.295         0.00000     0.00000     0.00000     0.00000
    -62.145         0.00000     0.00000     0.00000     0.00000
    -61.995         0.00000     0.00000     0.00000     0.00000
    -61.845         0.00000     0.00000     0.00000     0.00000
    -61.695         0.00000     0.00000     0.00000     0.00000
    -61.545         0.00000     0.00000     0.00000     0.00000
    -61.395         0.00000     0.00000     0.00000     0.00000
    -61.245         0.00000     0.00000     0.00000     0.00000
    -61.095         0.00000     0.00000     0.00000     0.00000
    -60.945         0.00000     0.00000     0.00000     0.00000
    -60.795         0.00000     0.00000     0.00000     0.00000
    -60.645         0.00000     0.00000     0.00000     0.00000
    -60.495         0.00000     0.00000     0.00000     0.00000
    -60.345         0.00000     0.00000     0.00000     0.00000
    -60.195         0.00000     0.00000     0.00000     0.00000
    -60.045         0.00000     0.00000     0.00000     0.00000
    -59.895         0.00000     0.00000     0.00000     0.00000
    -59.745         0.00000     0.00000     0.00000     0.00000
    -59.595         0.00000     0.00000     0.00000     0.00000
    -59.445         0.00000     0.00000     0.00000     0.00000
    -59.295         0.00000     0.00000     0.00000     0.00000
    -59.145         0.00000     0.00000     0.00000     0.00000
    -58.995         0.00000     0.00000     0.00000     0.00000
    -58.845         0.00000     0.00000     0.00000     0.00000
    -58.695         0.00000     0.00000     0.00000     0.00000
    -58.545         0.00000     0.00000     0.00000     0.00000
    -58.395         0.00000     0.00000     0.00000     0.00000
    -58.245         0.00000     0.00000     0.00000     0.00000
    -58.095         0.00000     0.00000     0.00000     0.00000
    -57.945         0.00000     0.00000     0.00000     0.00000
    -57.795         0.00000     0.00000     0.00000     0.00000
    -57.645         0.00000     0.00000     0.00000     0.00000
    -57.495         0.00000     0.00000     0.00000     0.00000
    -57.345         0.00000     0.00000     0.00000     0.00000
    -57.195         0.00000     0.00000     0.00000     0.00000
    -57.045         0.00000     0.00000     0.00000     0.00000
    -56.895         0.00000     0.00000     0.00000     0.00000
    -56.745         0.00000     0.00000     0.00000     0.00000
    -56.595         0.00000     0.00000     0.00000     0.00000
    -56.445         0.00000     0.00000     0.00000     0.00000
    -56.295         0.00000     0.00000     0.00000     0.00000
    -56.145         0.00000     0.00000     0.00000     0.00000
    -55.995         0.00000     0.00000     0.00000     0.00000
    -55.845         0.00000     0.00000     0.00000     0.00000
    -55.695         0.00000     0.00000     0.00000     0.00000
    -55.545         0.00000     0.00000     0.00000     0.00000
    -55.395         0.00000     0.00000     0.00000     0.00000
    -55.245         0.00000     0.00000     0.00000     0.00000
    -55.095         0.00000     0.00000     0.00000     0.00000
    -54.945         0.00000     0.00000     0.00000     0.00000
    -54.795         0.00000     0.00000     0.00000     0.00000
    -54.645         0.00000     0.00000     0.00000     0.00000
    -54.495         0.00000     0.00000     0.00000     0.00000
    -54.345         0.00000     0.00000     0.00000     0.00000
    -54.195         0.00000     0.00000     0.00000     0.00000
    -54.045         0.00000     0.00000     0.00000     0.00000
    -53.895         0.00000     0.00000     0.00000     0.00000
    -53.745         0.00000     0.00000     0.00000     0.00000
    -53.595         0.00000     0.00000     0.00000     0.00000
    -53.445         0.00000     0.00000     0.00000     0.00000
    -53.295         0.00000     0.00000     0.00000     0.00000
    -53.145         0.00000     0.00000     0.00000     0.00000
    -52.995         0.00000     0.00000     0.00000     0.00000
    -52.845         0.00000     0.00000     0.00000     0.00000
    -52.695         0.00000     0.00000     0.00000     0.00000
    -52.545         0.00000     0.00000     0.00000     0.00000
    -52.395         0.00000     0.00000     0.00000     0.00000
    -52.245         0.00000     0.00000     0.00000     0.00000
    -52.095         0.00000     0.00000     0.00000     0.00000
    -51.945         0.00000     0.00000     0.00000     0.00000
    -51.795         0.00000     0.00000     0.00000     0.00000
    -51.645         0.00000     0.00000     0.00000     0.00000
    -51.495         0.00000     0.00000     0.00000     0.00000
    -51.345         0.00000     0.00000     0.00000     0.00000
    -51.195         0.00000     0.00000     0.00000     0.00000
    -51.045         0.00000     0.00000     0.00000     0.00000
    -50.895         0.00000     0.00000     0.00000     0.00000
    -50.745         0.00000     0.00000     0.00000     0.00000
    -50.595         0.00000     0.00000     0.00000     0.00000
    -50.445         0.00000     0.00000     0.00000     0.00000
    -50.295         0.00000     0.00000     0.00000     0.00000
    -50.145         0.00000     0.00000     0.00000     0.00000
    -49.995         0.00000     0.00000     0.00000     0.00000
    -49.845         0.00000     0.00000     0.00000     0.00000
    -49.695         0.00000     0.00000     0.00000     0.00000
    -49.545         0.00000     0.00000     0.00000     0.00000
    -49.395         0.00000     0.00000     0.00000     0.00000
    -49.245         0.00000     0.00000     0.00000     0.00000
    -49.095         0.00000     0.00000     0.00000     0.00000
    -48.945         0.00000     0.00000     0.00000     0.00000
    -48.795         0.00000     0.00000     0.00000     0.00000
    -48.645         0.00000     0.00000     0.00000     0.00000
    -48.495         0.00000     0.00000     0.00000     0.00000
    -48.345         0.00000     0.00000     0.00000     0.00000
    -48.195         0.00000     0.00000     0.00000     0.00000
    -48.045         0.00000     0.00000     0.00000     0.00000
    -47.895         0.00000     0.00000     0.00000     0.00000
    -47.745         0.00000     0.00000     0.00000     0.00000
    -47.595         0.00000     0.00000     0.00000     0.00000
    -47.445         0.00000     0.00000     0.00000     0.00000
    -47.295         0.00000     0.00000     0.00000     0.00000
    -47.145         0.00000     0.00000     0.00000     0.00000
    -46.995         0.00000     0.00000     0.00000     0.00000
    -46.845         0.00000     0.00000     0.00000     0.00000
    -46.695         0.00000     0.00000     0.00000     0.00000
    -46.545         0.00000     0.00000     0.00000     0.00000
    -46.395         0.00000     0.00000     0.00000     0.00000
    -46.245         0.00000     0.00000     0.00000     0.00000
    -46.095         0.00000     0.00000     0.00000     0.00000
    -45.945         0.00000     0.00000     0.00000     0.00000
    -45.795         0.00000     0.00000     0.00000     0.00000
    -45.645         0.00000     0.00000     0.00000     0.00000
    -45.495         0.00000     0.00000     0.00000     0.00000
    -45.345         0.00000     0.00000     0.00000     0.00000
    -45.195         0.00000     0.00000     0.00000     0.00000
    -45.045         0.00000     0.00000     0.00000     0.00000
    -44.895         0.00000     0.00000     0.00000     0.00000
    -44.745         0.00000     0.00000     0.00000     0.00000
    -44.595         0.00000     0.00000     0.00000     0.00000
    -44.445         0.00000     0.00000     0.00000     0.00000
    -44.295         0.00000     0.00000     0.00000     0.00000
    -44.145         0.00000     0.00000     0.00000     0.00000
    -43.995         0.00000     0.00000     0.00000     0.00000
    -43.845         0.00000     0.00000     0.00000     0.00000
    -43.695         0.00000     0.00000     0.00000     0.00000
    -43.545         0.00000     0.00000     0.00000     0.00000
    -43.395         0.00000     0.00000     0.00000     0.00000
    -43.245         0.00000     0.00000     0.00000     0.00000
    -43.095         0.00000     0.00000     0.00000     0.00000
    -42.945         0.00000     0.00000     0.00000     0.00000
    -42.795         0.00000     0.00000     0.00000     0.00000
    -42.645         0.00000     0.00000     0.00000     0.00000
    -42.495         0.00000     0.00000     0.00000     0.00000
    -42.345         0.00000     0.00000     0.00000     0.00000
    -42.195         0.00000     0.00000     0.00000     0.00000
    -42.045         0.00000     0.00000     0.00000     0.00000
    -41.895         0.00000     0.00000     0.00000     0.00000
    -41.745         0.00000     0.00000     0.00000     0.00000
    -41.595         0.00000     0.00000     0.00000     0.00000
    -41.445         0.00000     0.00000     0.00000     0.00000
    -41.295         0.00000     0.00000     0.00000     0.00000
    -41.145         0.00000     0.00000     0.00000     0.00000
    -40.995         0.00000     0.00000     0.00000     0.00000
    -40.845         0.00000     0.00000     0.00000     0.00000
    -40.695         0.00000     0.00000     0.00000     0.00000
    -40.545         0.00000     0.00000     0.00000     0.00000
    -40.395         0.00000     0.00000     0.00000     0.00000
    -40.245         0.00000     0.00000     0.00000     0.00000
    -40.095         0.00000     0.00000     0.00000     0.00000
    -39.945         0.00000     0.00000     0.00000     0.00000
    -39.795         0.00000     0.00000     0.00000     0.00000
    -39.645         0.00000     0.00000     0.00000     0.00000
    -39.495         0.00000     0.00000     0.00000     0.00000
    -39.345         0.00000     0.00000     0.00000     0.00000
    -39.195         0.00000     0.00000     0.00000     0.00000
    -39.045         0.00000     0.00000     0.00000     0.00000
    -38.895         0.00000     0.00000     0.00000     0.00000
    -38.745         0.00000     0.00000     0.00000     0.00000
    -38.595         0.00000     0.00000     0.00000     0.00000
    -38.445         0.00000     0.00000     0.00000     0.00000
    -38.295         0.00000     0.00000     0.00000     0.00000
    -38.145         0.00000     0.00000     0.00000     0.00000
    -37.995         0.00000     0.00000     0.00000     0.00000
    -37.845         0.00000     0.00000     0.00000     0.00000
    -37.695         0.00000     0.00000     0.00000     0.00000
    -37.545         0.00000     0.00000     0.00000     0.00000
    -37.395         0.00000     0.00000     0.00000     0.00000
    -37.245         0.00000     0.00000     0.00000     0.00000
    -37.095         0.00000     0.00000     0.00000     0.00000
    -36.945         0.00000     0.00000     0.00000     0.00000
    -36.795         0.00000     0.00000     0.00000     0.00000
    -36.645         0.00000     0.00000     0.00000     0.00000
    -36.495         0.00000     0.00000     0.00000     0.00000
    -36.345         0.00000     0.00000     0.00000     0.00000
    -36.195         0.00000     0.00000     0.00000     0.00000
    -36.045         0.00000     0.00000     0.00000     0.00000
    -35.895         0.00000     0.00000     0.00000     0.00000
    -35.745         0.00000     0.00000     0.00000     0.00000
    -35.595         0.00000     0.00000     0.00000     0.00000
    -35.445         0.00000     0.00000     0.00000     0.00000
    -35.295         0.00000     0.00000     0.00000     0.00000
    -35.145         0.00000     0.00000     0.00000     0.00000
    -34.995         0.00000     0.00000     0.00000     0.00000
    -34.845         0.00000     0.00000     0.00000     0.00000
    -34.695         0.00000     0.00000     0.00000     0.00000
    -34.545         0.00000     0.00000     0.00000     0.00000
    -34.395         0.00000     0.00000     0.00000     0.00000
    -34.245         0.00000     0.00000     0.00000     0.00000
    -34.095         0.00000     0.00000     0.00000     0.00000
    -33.945         0.00000     0.00000     0.00000     0.00000
    -33.795         0.00000     0.00000     0.00000     0.00000
    -33.645         0.00000     0.00000     0.00000     0.00000
    -33.495         0.00000     0.00000     0.00000     0.00000
    -33.345         0.00000     0.00000     0.00000     0.00000
    -33.195         0.00000     0.00000     0.00000     0.00000
    -33.045         0.00000     0.00000     0.00000     0.00000
    -32.895         0.00000     0.00000     0.00000     0.00000
    -32.745         0.00000     0.00000     0.00000     0.00000
    -32.595         0.00000     0.00000     0.00000     0.00000
    -32.445         0.00000     0.00000     0.00000     0.00000
    -32.295         0.00000     0.00000     0.00000     0.00000
    -32.145         0.00000     0.00000     0.00000     0.00000
    -31.995         0.00000     0.00000     0.00000     0.00000
    -31.845         0.00000     0.00000     0.00000     0.00000
    -31.695         0.00000     0.00000     0.00000     0.00000
    -31.545         0.00000     0.00000     0.00000     0.00000
    -31.395         0.00000     0.00000     0.00000     0.00000
    -31.245         0.00000     0.00000     0.00000     0.00000
    -31.095         0.00000     0.00000     0.00000     0.00000
    -30.945         0.00000     0.00000     0.00000     0.00000
    -30.795         0.00000     0.00000     0.00000     0.00000
    -30.645         0.00000     0.00000     0.00000     0.00000
    -30.495         0.00000     0.00000     0.00000     0.00000
    -30.345         0.00000     0.00000     0.00000     0.00000
    -30.195         0.00000     0.00000     0.00000     0.00000
    -30.045         0.00000     0.00000     0.00000     0.00000
    -29.895         0.00000     0.00000     0.00000     0.00000
    -29.745         0.00000     0.00000     0.00000     0.00000
    -29.595         0.00000     0.00000     0.00000     0.00000
    -29.445         0.00000     0.00000     0.00000     0.00000
    -29.295         0.00000     0.00000     0.00000     0.00000
    -29.145         0.00000     0.00000     0.00000     0.00000
    -28.995         0.00000     0.00000     0.00000     0.00000
    -28.845         0.00000     0.00000     0.00000     0.00000
    -28.695         0.00000     0.00000     0.00000     0.00000
    -28.545         0.00000     0.00000     0.00000     0.00000
    -28.395         0.00000     0.00000     0.00000     0.00000
    -28.245         0.00000     0.00000     0.00000     0.00000
    -28.095         0.00000     0.00000     0.00000     0.00000
    -27.945         0.00000     0.00000     0.00000     0.00000
    -27.795         0.00000     0.00000     0.00000     0.00000
    -27.645         0.00000     0.00000     0.00000     0.00000
    -27.495         0.00000     0.00000     0.00000     0.00000
    -27.345         0.00000     0.00000     0.00000     0.00000
    -27.195         0.00000     0.00000     0.00000     0.00000
    -27.045         0.00000     0.00000     0.00000     0.00000
    -26.895         0.00000     0.00000     0.00000     0.00000
    -26.745         0.00000     0.00000     0.00000     0.00000
    -26.595         0.00000     0.00000     0.00000     0.00000
    -26.445         0.00000     0.00000     0.00000     0.00000
    -26.295         0.00000     0.00000     0.00000     0.00000
    -26.145         0.00000     0.00000     0.00000     0.00000
    -25.995         0.00000     0.00000     0.00000     0.00000
    -25.845         0.00000     0.00000     0.00000     0.00000
    -25.695         0.00000     0.00000     0.00000     0.00000
    -25.545         0.00000     0.00000     0.00000     0.00000
    -25.395         0.00000     0.00000     0.00000     0.00000
    -25.245         0.00000     0.00000     0.00000     0.00000
    -25.095         0.00000     0.00000     0.00000     0.00000
    -24.945         0.00000     0.00000     0.00000     0.00000
    -24.795         0.00000     0.00000     0.00000     0.00000
    -24.645         0.00000     0.00000     0.00000     0.00000
    -24.495         0.00000     0.00000     0.00000     0.00000
    -24.345         0.00000     0.00000     0.00000     0.00000
    -24.195         0.00000     0.00000     0.00000     0.00000
    -24.045         0.00000     0.00000     0.00000     0.00000
    -23.895         0.00000     0.00000     0.00000     0.00000
    -23.745         0.00000     0.00000     0.00000     0.00000
    -23.595         0.00000     0.00000     0.00000     0.00000
    -23.445         0.00000     0.00000     0.00000     0.00000
    -23.295         0.00000     0.00000     0.00000     0.00000
    -23.145         0.00000     0.00000     0.00000     0.00000
    -22.995         0.00000     0.00000     0.00000     0.00000
    -22.845         0.00000     0.00000     0.00000     0.00000
    -22.695         0.00000     0.00000     0.00000     0.00000
    -22.545         0.00000     0.00000     0.00000     0.00000
    -22.395         0.00000     0.00000     0.00000     0.00000
    -22.245         0.00000     0.00000     0.00000     0.00000
    -22.095         0.00000     0.00000     0.00000     0.00000
    -21.945         0.00000     0.00000     0.00000     0.00000
    -21.795         0.00000     0.00000     0.00000     0.00000
    -21.645         0.00000     0.00000     0.00000     0.00000
    -21.495         0.00000     0.00000     0.00000     0.00000
    -21.345         0.00000     0.00000     0.00000     0.00000
    -21.195         0.00000     0.00000     0.00000     0.00000
    -21.045         0.00000     0.00000     0.00000     0.00000
    -20.895         0.00000     0.00000     0.00000     0.00000
    -20.745         0.00000     0.00000     0.00000     0.00000
    -20.595         0.00000     0.00000     0.00000     0.00000
    -20.445         0.00000     0.00000     0.00000     0.00000
    -20.295         0.00000     0.00000     0.00000     0.00000
    -20.145         0.00000     0.00000     0.00000     0.00000
    -19.995         0.00000     0.00000     0.00000     0.00000
    -19.845         0.00000     0.00000     0.00000     0.00000
    -19.695         0.00000     0.00000     0.00000     0.00000
    -19.545         0.00000     0.00000     0.00000     0.00000
    -19.395         0.00000     0.00000     0.00000     0.00000
    -19.245         0.00000     0.00000     0.00000     0.00000
    -19.095         0.00000     0.00000     0.00000     0.00000
    -18.945         0.00000     0.00000     0.00000     0.00000
    -18.795         0.00000     0.00000     0.00000     0.00000
    -18.645         0.00000     0.00000     0.00000     0.00000
    -18.495         0.00000     0.00000     0.00000     0.00000
    -18.345         0.00000     0.00000     0.00000     0.00000
    -18.195         0.00000     0.00000     0.00000     0.00000
    -18.045         0.00000     0.00000     0.00000     0.00000
    -17.895         0.00000     0.00000     0.00000     0.00000
    -17.745         0.00000     0.00000     0.00000     0.00000
    -17.595         0.00000     0.00000     0.00000     0.00000
    -17.445        -0.00000    -0.00000     0.00000     0.00000
    -17.295        -0.00000    -0.00000     0.00000     0.00000
    -17.145        -0.00000    -0.00000     0.00000     0.00000
    -16.995         0.00000     0.00000     0.00000     0.00000
    -16.845        -0.00000    -0.00000     0.00000     0.00000
    -16.695        -0.00307    -0.00307     0.00000     0.00000
    -16.545        -0.00548    -0.00548     0.00000     0.00000
    -16.395        -0.00942    -0.00942     0.00000     0.00000
    -16.245        -0.01929    -0.01929     0.00000     0.00000
    -16.095        -0.02188    -0.02188     0.00000     0.00000
    -15.945        -0.02375    -0.02375     0.00000     0.00000
    -15.795        -0.02722    -0.02722     0.00000     0.00000
    -15.645        -0.03224    -0.03224     0.00000     0.00000
    -15.495        -0.04163    -0.04163     0.00000     0.00000
    -15.345        -0.05457    -0.05457     0.00000     0.00000
    -15.195        -0.06254    -0.06254     0.00000     0.00000
    -15.045        -0.07265    -0.07265     0.00000     0.00000
    -14.895        -0.08689    -0.08689     0.00000     0.00000
    -14.745        -0.10040    -0.10040     0.00000     0.00000
    -14.595        -0.11317    -0.11317     0.00000     0.00000
    -14.445        -0.12254    -0.12254     0.00000     0.00000
    -14.295        -0.13390    -0.13390     0.00000     0.00000
    -14.145        -0.14050    -0.14050     0.00000     0.00000
    -13.995        -0.14842    -0.14842     0.00000     0.00000
    -13.845        -0.15569    -0.15569     0.00000     0.00000
    -13.695        -0.16424    -0.16424     0.00000     0.00000
    -13.545        -0.17341    -0.17341     0.00000     0.00000
    -13.395        -0.18258    -0.18258     0.00000     0.00000
    -13.245        -0.19170    -0.19170     0.00000     0.00000
    -13.095        -0.20079    -0.20079     0.00000     0.00000
    -12.945        -0.20610    -0.20610     0.00000     0.00000
    -12.795        -0.21638    -0.21638     0.00000     0.00000
    -12.645        -0.22478    -0.22478     0.00000     0.00000
    -12.495        -0.23070    -0.23070     0.00000     0.00000
    -12.345        -0.23664    -0.23664     0.00000     0.00000
    -12.195        -0.24378    -0.24378     0.00000     0.00000
    -12.045        -0.25439    -0.25439     0.00000     0.00000
    -11.895        -0.26031    -0.26031     0.00000     0.00000
    -11.745        -0.26967    -0.26967     0.00000     0.00000
    -11.595        -0.27485    -0.27444    -0.00041     0.00000
    -11.445        -0.28235    -0.28149    -0.00086     0.00000
    -11.295        -0.29232    -0.29017    -0.00216     0.00000
    -11.145        -0.30309    -0.29828    -0.00481     0.00000
    -10.995        -0.31693    -0.30643    -0.01050     0.00000
    -10.845        -0.32636    -0.31128    -0.01507     0.00000
    -10.695        -0.33878    -0.31563    -0.02315     0.00000
    -10.545        -0.35772    -0.32316    -0.03456     0.00000
    -10.395        -0.37446    -0.32758    -0.04688     0.00000
    -10.245        -0.39647    -0.33563    -0.06084     0.00000
    -10.095        -0.42087    -0.34361    -0.07726     0.00000
    -9.9450        -0.44143    -0.34813    -0.09330     0.00000
    -9.7950        -0.46436    -0.35414    -0.11022     0.00000
    -9.6450        -0.49114    -0.35972    -0.13142     0.00000
    -9.4950        -0.51337    -0.36626    -0.14711     0.00000
    -9.3450        -0.53861    -0.36962    -0.16899     0.00000
    -9.1950        -0.56861    -0.37944    -0.18917     0.00000
    -9.0450        -0.59365    -0.38518    -0.20848     0.00000
    -8.8950        -0.61856    -0.39358    -0.22498     0.00000
    -8.7450        -0.63998    -0.39936    -0.24062     0.00000
    -8.5950        -0.66243    -0.40521    -0.25722     0.00000
    -8.4450        -0.68160    -0.41195    -0.26965     0.00000
    -8.2950        -0.70249    -0.42124    -0.28125     0.00000
    -8.1450        -0.72209    -0.42930    -0.29279     0.00000
    -7.9950        -0.73911    -0.43704    -0.30208     0.00000
    -7.8450        -0.75381    -0.44358    -0.31023     0.00000
    -7.6950        -0.77241    -0.45020    -0.32221     0.00000
    -7.5450        -0.78873    -0.45804    -0.33069     0.00000
    -7.3950        -0.80838    -0.46855    -0.33983     0.00000
    -7.2450        -0.82763    -0.47689    -0.34896    -0.00179
    -7.0950        -0.85276    -0.48635    -0.35743    -0.00897
    -6.9450        -0.88975    -0.49446    -0.36785    -0.02744
    -6.7950        -0.94322    -0.50188    -0.37568    -0.06566
    -6.6450        -1.03445    -0.51019    -0.38355    -0.14071
    -6.4950        -1.15482    -0.51959    -0.39181    -0.24342
    -6.3450        -1.32897    -0.53002    -0.39886    -0.40009
    -6.1950        -1.52964    -0.54023    -0.41085    -0.57857
    -6.0450        -1.76507    -0.55240    -0.42027    -0.79239
    -5.8950        -2.01735    -0.56641    -0.43409    -1.01684
    -5.7450        -2.28547    -0.58075    -0.45127    -1.25345
    -5.5950        -2.55796    -0.59485    -0.46607    -1.49704
    -5.4450        -2.83077    -0.60985    -0.48310    -1.73783
    -5.2950        -3.10328    -0.62992    -0.50023    -1.97312
    -5.1450        -3.37399    -0.64898    -0.52316    -2.20185
    -4.9950        -3.64090    -0.66826    -0.54735    -2.42529
    -4.8450        -3.90499    -0.68781    -0.57397    -2.64321
    -4.6950        -4.15445    -0.70884    -0.60157    -2.84404
    -4.5450        -4.39348    -0.72760    -0.62739    -3.03849
    -4.3950        -4.63182    -0.74960    -0.65491    -3.22731
    -4.2450        -4.86348    -0.77571    -0.68575    -3.40202
    -4.0950        -5.08975    -0.80306    -0.72021    -3.56648
    -3.9450        -5.31183    -0.83079    -0.74913    -3.73191
    -3.7950        -5.52831    -0.85494    -0.78225    -3.89112
    -3.6450        -5.74920    -0.88554    -0.81913    -4.04454
    -3.4950        -5.96859    -0.91696    -0.85549    -4.19615
    -3.3450        -6.18919    -0.94697    -0.89613    -4.34610
    -3.1950        -6.40661    -0.97810    -0.93865    -4.48986
    -3.0450        -6.62774    -1.01328    -0.98536    -4.62909
    -2.8950        -6.86739    -1.04911    -1.03758    -4.78070
    -2.7450        -7.11865    -1.08914    -1.09484    -4.93467
    -2.5950        -7.38129    -1.13440    -1.15382    -5.09306
    -2.4450        -7.66533    -1.18212    -1.21666    -5.26655
    -2.2950        -7.96933    -1.23342    -1.28513    -5.45078
    -2.1450        -8.31050    -1.28892    -1.35703    -5.66455
    -1.9950        -8.69480    -1.35327    -1.43736    -5.90417
    -1.8450        -9.13102    -1.42569    -1.52261    -6.18272
    -1.6950        -9.64396    -1.50921    -1.61457    -6.52018
    -1.5450       -10.25191    -1.59584    -1.71661    -6.93946
    -1.3950       -11.01114    -1.69977    -1.82775    -7.48362
    -1.2450       -11.92700    -1.81409    -1.95285    -8.16006
    -1.0950       -13.05602    -1.95094    -2.10379    -9.00129
   -0.94500       -14.44388    -2.11774    -2.28952   -10.03663
   -0.79500       -16.14075    -2.33324    -2.52284   -11.28467
   -0.64500       -18.33189    -2.64551    -2.83672   -12.84966
   -0.49500       -21.28396    -3.11276    -3.29374   -14.87746
   -0.34500       -25.43337    -3.86411    -4.08235   -17.48690
   -0.22700       -27.22129    -4.22354    -4.47293   -18.52482
   -0.21300       -27.45453    -4.27239    -4.52617   -18.65597
   -0.20700       -27.69288    -4.32234    -4.58110   -18.78944
   -0.20100       -27.93733    -4.37347    -4.63750   -18.92636
   -0.19500       -28.18691    -4.42617    -4.69495   -19.06580
   -0.18900       -28.44274    -4.47989    -4.75522   -19.20763
   -0.18300       -28.70630    -4.53564    -4.81641   -19.35424
   -0.17700       -28.97685    -4.59382    -4.88154   -19.50148
   -0.17100       -29.25623    -4.65371    -4.94786   -19.65465
   -0.16500       -29.54076    -4.71498    -5.01695   -19.80883
   -0.15900       -29.83534    -4.77831    -5.08807   -19.96896
   -0.15300       -30.13876    -4.84428    -5.16118   -20.13330
   -0.14700       -30.45188    -4.91221    -5.23747   -20.30220
   -0.14100       -30.77770    -4.98309    -5.31734   -20.47726
   -0.13500       -31.11568    -5.05731    -5.40075   -20.65763
   -0.12900       -31.46500    -5.13385    -5.48694   -20.84421
   -0.12300       -31.83084    -5.21477    -5.57663   -21.03944
   -0.11700       -32.21052    -5.29750    -5.67128   -21.24174
   -0.11100       -32.60603    -5.38375    -5.77006   -21.45222
   -0.10500       -33.01949    -5.47312    -5.87321   -21.67316
   -0.99000E-01   -33.45067    -5.56586    -5.98210   -21.90271
   -0.93000E-01   -33.90680    -5.66270    -6.09773   -22.14636
   -0.87000E-01   -34.38674    -5.76379    -6.22024   -22.40272
   -0.81000E-01   -34.89332    -5.86993    -6.34873   -22.67465
   -0.75000E-01   -35.43290    -5.98110    -6.48581   -22.96600
   -0.69000E-01   -36.00817    -6.09649    -6.63364   -23.27804
   -0.63000E-01   -36.63079    -6.21844    -6.79620   -23.61616
   -0.57000E-01   -37.31023    -6.34788    -6.97675   -23.98560
   -0.51000E-01   -38.06198    -6.48920    -7.17753   -24.39524
   -0.45000E-01   -38.89216    -6.64483    -7.39356   -24.85376
   -0.39000E-01   -39.80829    -6.81065    -7.61859   -25.37905
   -0.33000E-01   -40.81736    -6.97979    -7.84155   -25.99602
   -0.27000E-01   -41.94566    -7.14413    -8.05272   -26.74881
   -0.21300E-01   -42.80621    -7.24777    -8.18183   -27.37661
   -0.19500E-01   -42.94100    -7.26218    -8.19934   -27.47947
   -0.18900E-01   -43.07814    -7.27655    -8.21649   -27.58510
   -0.18300E-01   -43.21755    -7.29037    -8.23309   -27.69408
   -0.17700E-01   -43.35981    -7.30405    -8.24925   -27.80651
   -0.17100E-01   -43.50576    -7.31741    -8.26504   -27.92331
   -0.16500E-01   -43.65513    -7.33049    -8.28033   -28.04431
   -0.15900E-01   -43.80823    -7.34315    -8.29518   -28.16990
   -0.15300E-01   -43.96575    -7.35554    -8.30943   -28.30078
   -0.14700E-01   -44.12741    -7.36774    -8.32312   -28.43655
   -0.14100E-01   -44.29389    -7.37950    -8.33638   -28.57801
   -0.13500E-01   -44.46596    -7.39083    -8.34919   -28.72593
   -0.12900E-01   -44.64399    -7.40184    -8.36136   -28.88080
   -0.12300E-01   -44.82881    -7.41239    -8.37299   -29.04343
   -0.11700E-01   -45.02139    -7.42248    -8.38413   -29.21478
   -0.11100E-01   -45.22222    -7.43211    -8.39480   -29.39532
   -0.10500E-01   -45.43271    -7.44128    -8.40481   -29.58662
   -0.99000E-02   -45.65399    -7.44998    -8.41430   -29.78971
   -0.93000E-02   -45.88891    -7.45826    -8.42324   -30.00741
   -0.87000E-02   -46.13874    -7.46609    -8.43163   -30.24101
   -0.81000E-02   -46.40696    -7.47348    -8.43944   -30.49404
   -0.75000E-02   -46.69690    -7.48029    -8.44671   -30.76990
   -0.69000E-02   -47.01387    -7.48659    -8.45338   -31.07391
   -0.63000E-02   -47.36325    -7.49238    -8.45945   -31.41142
   -0.57000E-02   -47.75127    -7.49767    -8.46496   -31.78864
   -0.51000E-02   -48.18555    -7.50240    -8.46991   -32.21324
   -0.45000E-02   -48.67460    -7.50662    -8.47429   -32.69369
   -0.39000E-02   -49.22790    -7.51029    -8.47810   -33.23951
   -0.33000E-02   -49.85689    -7.51338    -8.48129   -33.86222
   -0.27000E-02   -50.57575    -7.51592    -8.48394   -34.57588
   -0.21000E-02   -51.40676    -7.51793    -8.48598   -35.40284
   -0.15000E-02   -52.38231    -7.51936    -8.48744   -36.37551
   -0.90000E-03   -53.37385    -7.52022    -8.48831   -37.36531
   -0.30000E-03   -53.81621    -7.52052    -8.48860   -37.80710
    0.30000E-03   -53.38840    -7.52023    -8.48831   -37.37986
    0.90000E-03   -52.39895    -7.51937    -8.48744   -36.39215
    0.15000E-02   -51.42572    -7.51795    -8.48600   -35.42177
    0.21000E-02   -50.59681    -7.51592    -8.48400   -34.59689
    0.27000E-02   -49.88084    -7.51333    -8.48144   -33.88606
    0.33000E-02   -49.25432    -7.51011    -8.47833   -33.26589
    0.39000E-02   -48.70324    -7.50634    -8.47460   -32.72230
    0.45000E-02   -48.21613    -7.50200    -8.47036   -32.24377
    0.51000E-02   -47.78309    -7.49712    -8.46556   -31.82041
    0.57000E-02   -47.39562    -7.49165    -8.46025   -31.44372
    0.63000E-02   -47.04680    -7.48558    -8.45443   -31.10679
    0.69000E-02   -46.72976    -7.47893    -8.44807   -30.80275
    0.75000E-02   -46.43897    -7.47178    -8.44113   -30.52607
    0.81000E-02   -46.17066    -7.46402    -8.43376   -30.27288
    0.87000E-02   -45.92029    -7.45568    -8.42576   -30.03885
    0.93000E-02   -45.68527    -7.44678    -8.41741   -29.82109
    0.99000E-02   -45.46343    -7.43743    -8.40859   -29.61742
    0.10500E-01   -45.25264    -7.42737    -8.39926   -29.42600
    0.11100E-01   -45.05162    -7.41689    -8.38942   -29.24531
    0.11700E-01   -44.85877    -7.40579    -8.37912   -29.07386
    0.12300E-01   -44.67432    -7.39420    -8.36853   -28.91158
    0.12900E-01   -44.49686    -7.38211    -8.35758   -28.75717
    0.13500E-01   -44.32514    -7.36946    -8.34614   -28.60955
    0.14100E-01   -44.15963    -7.35638    -8.33435   -28.46890
    0.14700E-01   -43.99886    -7.34267    -8.32229   -28.33390
    0.15300E-01   -43.84268    -7.32847    -8.30973   -28.20447
    0.15900E-01   -43.69065    -7.31386    -8.29693   -28.07986
    0.16500E-01   -43.54236    -7.29865    -8.28386   -27.95984
    0.17100E-01   -43.39780    -7.28305    -8.27047   -27.84428
    0.17700E-01   -43.25641    -7.26700    -8.25671   -27.73271
    0.18300E-01   -43.11810    -7.25048    -8.24280   -27.62481
    0.18900E-01   -42.98253    -7.23359    -8.22859   -27.52035
    0.19500E-01   -42.85006    -7.21628    -8.21434   -27.41945
    0.21300E-01   -42.00331    -7.08831    -8.11085   -26.80414
    0.27000E-01   -40.89997    -6.87757    -7.94649   -26.07591
    0.33000E-01   -39.92434    -6.65383    -7.77848   -25.49203
    0.39000E-01   -39.04844    -6.42752    -7.61435   -25.00656
    0.45000E-01   -38.26463    -6.20873    -7.46013   -24.59578
    0.51000E-01   -37.56695    -6.00670    -7.31972   -24.24053
    0.57000E-01   -36.94577    -5.82514    -7.19006   -23.93057
    0.63000E-01   -36.38355    -5.66148    -7.06674   -23.65534
    0.69000E-01   -35.87179    -5.51134    -6.95034   -23.41010
    0.75000E-01   -35.40120    -5.37249    -6.84022   -23.18849
    0.81000E-01   -34.96588    -5.24320    -6.73420   -22.98848
    0.87000E-01   -34.55906    -5.12095    -6.63318   -22.80493
    0.93000E-01   -34.17981    -5.00617    -6.53603   -22.63760
    0.99000E-01   -33.82393    -4.89691    -6.44342   -22.48360
    0.10500       -33.48818    -4.79386    -6.35475   -22.33958
    0.11100       -33.17034    -4.69490    -6.26861   -22.20683
    0.11700       -32.86956    -4.60063    -6.18667   -22.08225
    0.12300       -32.58229    -4.51033    -6.10688   -21.96509
    0.12900       -32.30837    -4.42292    -6.02985   -21.85560
    0.13500       -32.04665    -4.33898    -5.95669   -21.75098
    0.14100       -31.79758    -4.25819    -5.88681   -21.65258
    0.14700       -31.55773    -4.18011    -5.81827   -21.55934
    0.15300       -31.32711    -4.10507    -5.75194   -21.47009
    0.15900       -31.10599    -4.03187    -5.68851   -21.38561
    0.16500       -30.89393    -3.96190    -5.62642   -21.30561
    0.17100       -30.69053    -3.89451    -5.56662   -21.22940
    0.17700       -30.49517    -3.82966    -5.50915   -21.15636
    0.18300       -30.30561    -3.76656    -5.45267   -21.08638
    0.18900       -30.12333    -3.70498    -5.39917   -21.01918
    0.19500       -29.94811    -3.64564    -5.34765   -20.95482
    0.20100       -29.78046    -3.58836    -5.29814   -20.89395
    0.20700       -29.61572    -3.53314    -5.24945   -20.83313
    0.21300       -29.45773    -3.47842    -5.20299   -20.77632
    0.22700       -28.29969    -3.08183    -4.85754   -20.36032
    0.34500       -25.96937    -2.30554    -4.12617   -19.53766
    0.49500       -24.51016    -1.82593    -3.66896   -19.01526
    0.64500       -23.46597    -1.49085    -3.36002   -18.61511
    0.79500       -22.67150    -1.24741    -3.13837   -18.28572
    0.94500       -22.03350    -1.06346    -2.96830   -18.00174
     1.0950       -21.50439    -0.91857    -2.83625   -17.74957
     1.2450       -21.05692    -0.80331    -2.72667   -17.52695
     1.3950       -20.67597    -0.70973    -2.63426   -17.33198
     1.5450       -20.34347    -0.63487    -2.55558   -17.15303
     1.6950       -20.05214    -0.57227    -2.48778   -16.99209
     1.8450       -19.78741    -0.51899    -2.42856   -16.83987
     1.9950       -19.55075    -0.47234    -2.37499   -16.70343
     2.1450       -19.33788    -0.43166    -2.32618   -16.58005
     2.2950       -19.14068    -0.39612    -2.28169   -16.46288
     2.4450       -18.96839    -0.36651    -2.24241   -16.35947
     2.5950       -18.80167    -0.33823    -2.20655   -16.25689
     2.7450       -18.65553    -0.31452    -2.17488   -16.16613
     2.8950       -18.52212    -0.29479    -2.14660   -16.08074
     3.0450       -18.40206    -0.27652    -2.11999   -16.00555
     3.1950       -18.28570    -0.25967    -2.09585   -15.93018
     3.3450       -18.18409    -0.24466    -2.07385   -15.86557
     3.4950       -18.08418    -0.23410    -2.05292   -15.79716
     3.6450       -17.98695    -0.22274    -2.03403   -15.73018
     3.7950       -17.89876    -0.21234    -2.01484   -15.67158
     3.9450       -17.82242    -0.20519    -1.99918   -15.61805
     4.0950       -17.74440    -0.19544    -1.98272   -15.56623
     4.2450       -17.67049    -0.18550    -1.96816   -15.51683
     4.3950       -17.60121    -0.17607    -1.95374   -15.47140
     4.5450       -17.53361    -0.16899    -1.93997   -15.42465
     4.6950       -17.46703    -0.16097    -1.92701   -15.37905
     4.8450       -17.40680    -0.15398    -1.91486   -15.33796
     4.9950       -17.34661    -0.14653    -1.90359   -15.29649
     5.1450       -17.29380    -0.14272    -1.89322   -15.25785
     5.2950       -17.24157    -0.13788    -1.88379   -15.21989
     5.4450       -17.18772    -0.13076    -1.87399   -15.18296
     5.5950       -17.14150    -0.12818    -1.86586   -15.14745
     5.7450       -17.09586    -0.12334    -1.86034   -15.11218
     5.8950       -17.05314    -0.12076    -1.85401   -15.07838
     6.0450       -17.00768    -0.11688    -1.84622   -15.04458
     6.1950       -16.96530    -0.11299    -1.83997   -15.01235
     6.3450       -16.92504    -0.11041    -1.83375   -14.98089
     6.4950       -16.89185    -0.10949    -1.83227   -14.95009
     6.6450       -16.85550    -0.10862    -1.82684   -14.92003
     6.7950       -16.81990    -0.10780    -1.82143   -14.89067
     6.9450       -16.78905    -0.10699    -1.82012   -14.86194
     7.0950       -16.75712    -0.10623    -1.81707   -14.83382
     7.2450       -16.72759    -0.10550    -1.81586   -14.80622
     7.3950       -16.69715    -0.10481    -1.81470   -14.77764
     7.5450       -16.66885    -0.10413    -1.81359   -14.75114
     7.6950       -16.64119    -0.10346    -1.81251   -14.72522
     7.8450       -16.61406    -0.10282    -1.81147   -14.69978
     7.9950       -16.58742    -0.10220    -1.81045   -14.67477
     8.1450       -16.56127    -0.10159    -1.80948   -14.65020
     8.2950       -16.53569    -0.10102    -1.80852   -14.62616
     8.4450       -16.51060    -0.10048    -1.80759   -14.60253
     8.5950       -16.48587    -0.09994    -1.80668   -14.57924
     8.7450       -16.46152    -0.09942    -1.80580   -14.55630
     8.8950       -16.43771    -0.09890    -1.80494   -14.53387
     9.0450       -16.41430    -0.09842    -1.80410   -14.51178
     9.1950       -16.39122    -0.09793    -1.80329   -14.49000
     9.3450       -16.36859    -0.09747    -1.80248   -14.46863
     9.4950       -16.34630    -0.09702    -1.80170   -14.44758
     9.6450       -16.32435    -0.09658    -1.80095   -14.42683
     9.7950       -16.30275    -0.09614    -1.80020   -14.40640
     9.9450       -16.28143    -0.09570    -1.79947   -14.38626
     10.095       -16.26042    -0.09528    -1.79875   -14.36639
     10.245       -16.23981    -0.09487    -1.79806   -14.34689
     10.395       -16.21949    -0.09446    -1.79736   -14.32766
     10.545       -16.19947    -0.09406    -1.79669   -14.30872
     10.695       -16.17970    -0.09368    -1.79603   -14.28999
     10.845       -16.16028    -0.09331    -1.79538   -14.27160
     10.995       -16.14112    -0.09293    -1.79473   -14.25346
     11.145       -16.12215    -0.09257    -1.79409   -14.23549
     11.295       -16.10344    -0.09221    -1.79347   -14.21776
     11.445       -16.08503    -0.09187    -1.79286   -14.20030
     11.595       -16.06683    -0.09152    -1.79225   -14.18305
     11.745       -16.04886    -0.09118    -1.79166   -14.16602
     11.895       -16.03118    -0.09085    -1.79108   -14.14925
     12.045       -16.01373    -0.09054    -1.79051   -14.13268
     12.195       -15.99648    -0.09022    -1.78994   -14.11632
     12.345       -15.97940    -0.08991    -1.78938   -14.10011
     12.495       -15.96252    -0.08961    -1.78883   -14.08408
     12.645       -15.94588    -0.08930    -1.78828   -14.06829
     12.795       -15.92942    -0.08901    -1.78774   -14.05266
     12.945       -15.91316    -0.08872    -1.78721   -14.03723
     13.095       -15.89712    -0.08843    -1.78669   -14.02199
     13.245       -15.88125    -0.08815    -1.78617   -14.00692
     13.395       -15.86555    -0.08787    -1.78567   -13.99201
     13.545       -15.85007    -0.08759    -1.78517   -13.97730
     13.695       -15.83471    -0.08732    -1.78467   -13.96272
     13.845       -15.81956    -0.08706    -1.78417   -13.94833
     13.995       -15.80459    -0.08679    -1.78369   -13.93411
     14.145       -15.78973    -0.08653    -1.78321   -13.91998
     14.295       -15.77507    -0.08628    -1.78275   -13.90604
     14.445       -15.76057    -0.08603    -1.78228   -13.89225
     14.595       -15.74626    -0.08579    -1.78182   -13.87864
     14.745       -15.73208    -0.08556    -1.78137   -13.86514
     14.895       -15.71800    -0.08533    -1.78092   -13.85176
     15.045       -15.70409    -0.08509    -1.78047   -13.83853
     15.195       -15.69026    -0.08485    -1.78004   -13.82537
     15.345       -15.67661    -0.08462    -1.77960   -13.81239
     15.495       -15.66313    -0.08440    -1.77917   -13.79957
     15.645       -15.64980    -0.08416    -1.77874   -13.78690
     15.795       -15.63652    -0.08394    -1.77831   -13.77426
     15.945       -15.62340    -0.08372    -1.77790   -13.76178
     16.095       -15.61039    -0.08350    -1.77749   -13.74940
     16.245       -15.59754    -0.08329    -1.77708   -13.73717
     16.395       -15.58478    -0.08307    -1.77668   -13.72503
     16.545       -15.57214    -0.08286    -1.77628   -13.71300
     16.695       -15.55966    -0.08265    -1.77588   -13.70112
     16.845       -15.54722    -0.08245    -1.77548   -13.68929
     16.995       -15.53489    -0.08224    -1.77510   -13.67755
     17.145       -15.52274    -0.08204    -1.77470   -13.66599
     17.295       -15.51065    -0.08184    -1.77432   -13.65448
     17.445       -15.49870    -0.08164    -1.77394   -13.64312
     17.595       -15.48686    -0.08144    -1.77357   -13.63185
     17.745       -15.47508    -0.08125    -1.77319   -13.62065
     17.895       -15.46349    -0.08106    -1.77282   -13.60960
     18.045       -15.45194    -0.08087    -1.77246   -13.59861
     18.195       -15.44052    -0.08069    -1.77209   -13.58773
     18.345       -15.42918    -0.08050    -1.77174   -13.57694
     18.495       -15.41794    -0.08032    -1.77138   -13.56624
     18.645       -15.40677    -0.08014    -1.77102   -13.55561
     18.795       -15.39570    -0.07996    -1.77067   -13.54508
     18.945       -15.38474    -0.07977    -1.77033   -13.53464
     19.095       -15.37383    -0.07959    -1.76998   -13.52426
     19.245       -15.36307    -0.07942    -1.76964   -13.51401
     19.395       -15.35240    -0.07924    -1.76931   -13.50386
     19.545       -15.34180    -0.07907    -1.76897   -13.49376
     19.695       -15.33124    -0.07890    -1.76865   -13.48370
     19.845       -15.32078    -0.07873    -1.76831   -13.47373
     19.995       -15.31043    -0.07856    -1.76799   -13.46388
     20.145       -15.30013    -0.07840    -1.76767   -13.45406
     20.295       -15.28993    -0.07824    -1.76734   -13.44435
     20.445       -15.27982    -0.07808    -1.76702   -13.43473
     20.595       -15.26979    -0.07792    -1.76671   -13.42517
     20.745       -15.25983    -0.07776    -1.76639   -13.41568
     20.895       -15.24995    -0.07760    -1.76608   -13.40627
     21.045       -15.24011    -0.07745    -1.76577   -13.39689
     21.195       -15.23032    -0.07729    -1.76545   -13.38757
     21.345       -15.22057    -0.07714    -1.76514   -13.37829
     21.495       -15.21093    -0.07699    -1.76484   -13.36910
     21.645       -15.20138    -0.07684    -1.76454   -13.35999
     21.795       -15.19190    -0.07670    -1.76424   -13.35096
     21.945       -15.18249    -0.07655    -1.76395   -13.34200
     22.095       -15.17314    -0.07640    -1.76365   -13.33309
     22.245       -15.16383    -0.07625    -1.76336   -13.32422
     22.395       -15.15458    -0.07611    -1.76307   -13.31540
     22.545       -15.14543    -0.07596    -1.76278   -13.30670
     22.695       -15.13631    -0.07581    -1.76249   -13.29800
     22.845       -15.12726    -0.07567    -1.76221   -13.28938
     22.995       -15.11831    -0.07553    -1.76192   -13.28085
     23.145       -15.10942    -0.07539    -1.76163   -13.27239
     23.295       -15.10061    -0.07526    -1.76136   -13.26400
     23.445       -15.09180    -0.07511    -1.76108   -13.25561
     23.595       -15.08306    -0.07498    -1.76081   -13.24727
     23.745       -15.07438    -0.07484    -1.76054   -13.23900
     23.895       -15.06572    -0.07471    -1.76026   -13.23075
     24.045       -15.05716    -0.07458    -1.76000   -13.22258
     24.195       -15.04861    -0.07445    -1.75973   -13.21444
     24.345       -15.04013    -0.07431    -1.75946   -13.20636
     24.495       -15.03169    -0.07418    -1.75920   -13.19832
     24.645       -15.02333    -0.07404    -1.75893   -13.19035
     24.795       -15.01503    -0.07391    -1.75867   -13.18244
     24.945       -15.00676    -0.07378    -1.75842   -13.17456
     25.095       -14.99861    -0.07366    -1.75816   -13.16679
     25.245       -14.99043    -0.07353    -1.75790   -13.15899
     25.395       -14.98235    -0.07342    -1.75765   -13.15128
     25.545       -14.97431    -0.07329    -1.75740   -13.14362
     25.695       -14.96629    -0.07317    -1.75715   -13.13598
     25.845       -14.95833    -0.07305    -1.75690   -13.12839
     25.995       -14.95043    -0.07292    -1.75665   -13.12085
     26.145       -14.94256    -0.07280    -1.75640   -13.11335
     26.295       -14.93475    -0.07268    -1.75615   -13.10592
     26.445       -14.92697    -0.07256    -1.75591   -13.09851
     26.595       -14.91926    -0.07245    -1.75566   -13.09115
     26.745       -14.91161    -0.07233    -1.75542   -13.08386
     26.895       -14.90400    -0.07221    -1.75518   -13.07660
     27.045       -14.89640    -0.07210    -1.75494   -13.06936
     27.195       -14.88886    -0.07198    -1.75471   -13.06216
     27.345       -14.88137    -0.07187    -1.75448   -13.05503
     27.495       -14.87387    -0.07175    -1.75424   -13.04788
     27.645       -14.86646    -0.07164    -1.75401   -13.04082
     27.795       -14.85909    -0.07152    -1.75378   -13.03379
     27.945       -14.85179    -0.07141    -1.75354   -13.02684
     28.095       -14.84451    -0.07130    -1.75331   -13.01991
     28.245       -14.83726    -0.07118    -1.75308   -13.01299
     28.395       -14.83008    -0.07107    -1.75286   -13.00615
     28.545       -14.82292    -0.07096    -1.75264   -12.99932
     28.695       -14.81578    -0.07085    -1.75241   -12.99252
     28.845       -14.80870    -0.07073    -1.75219   -12.98578
     28.995       -14.80167    -0.07063    -1.75197   -12.97908
     29.145       -14.79469    -0.07052    -1.75175   -12.97243
     29.295       -14.78771    -0.07041    -1.75153   -12.96577
     29.445       -14.78078    -0.07031    -1.75131   -12.95916
     29.595       -14.77392    -0.07020    -1.75110   -12.95262
     29.745       -14.76705    -0.07010    -1.75088   -12.94607
     29.895       -14.76023    -0.07000    -1.75066   -12.93957
     30.045       -14.75344    -0.06989    -1.75045   -12.93310
     30.195       -14.74669    -0.06979    -1.75023   -12.92667
     30.345       -14.73997    -0.06969    -1.75002   -12.92026
     30.495       -14.73326    -0.06959    -1.74981   -12.91386
     30.645       -14.72659    -0.06949    -1.74960   -12.90750
     30.795       -14.71998    -0.06938    -1.74940   -12.90121
     30.945       -14.71343    -0.06928    -1.74919   -12.89496
     31.095       -14.70692    -0.06918    -1.74899   -12.88876
     31.245       -14.70041    -0.06908    -1.74878   -12.88255
     31.395       -14.69393    -0.06898    -1.74858   -12.87638
     31.545       -14.68748    -0.06889    -1.74837   -12.87023
     31.695       -14.68108    -0.06879    -1.74817   -12.86413
     31.845       -14.67472    -0.06869    -1.74797   -12.85807
     31.995       -14.66835    -0.06859    -1.74777   -12.85199
     32.145       -14.66203    -0.06850    -1.74757   -12.84597
     32.295       -14.65576    -0.06840    -1.74737   -12.83999
     32.445       -14.64952    -0.06830    -1.74717   -12.83404
     32.595       -14.64328    -0.06821    -1.74698   -12.82810
     32.745       -14.63710    -0.06812    -1.74678   -12.82220
     32.895       -14.63092    -0.06802    -1.74659   -12.81631
     33.045       -14.62475    -0.06793    -1.74640   -12.81042
     33.195       -14.61863    -0.06783    -1.74621   -12.80459
     33.345       -14.61253    -0.06774    -1.74601   -12.79878
     33.495       -14.60649    -0.06765    -1.74582   -12.79302
     33.645       -14.60047    -0.06756    -1.74563   -12.78727
     33.795       -14.59447    -0.06747    -1.74544   -12.78156
     33.945       -14.58850    -0.06738    -1.74526   -12.77587
     34.095       -14.58255    -0.06729    -1.74507   -12.77019
     34.245       -14.57663    -0.06720    -1.74488   -12.76455
     34.395       -14.57075    -0.06711    -1.74470   -12.75893
     34.545       -14.56489    -0.06702    -1.74452   -12.75335
     34.695       -14.55906    -0.06693    -1.74433   -12.74779
     34.845       -14.55325    -0.06684    -1.74415   -12.74226
     34.995       -14.54748    -0.06676    -1.74397   -12.73676
     35.145       -14.54173    -0.06667    -1.74378   -12.73128
     35.295       -14.53599    -0.06658    -1.74361   -12.72581
     35.445       -14.53029    -0.06649    -1.74343   -12.72037
     35.595       -14.52464    -0.06641    -1.74324   -12.71499
     35.745       -14.51898    -0.06632    -1.74306   -12.70959
     35.895       -14.51333    -0.06624    -1.74289   -12.70420
     36.045       -14.50772    -0.06615    -1.74271   -12.69886
     36.195       -14.50214    -0.06607    -1.74254   -12.69353
     36.345       -14.49659    -0.06598    -1.74236   -12.68825
     36.495       -14.49106    -0.06590    -1.74219   -12.68296
     36.645       -14.48557    -0.06582    -1.74202   -12.67773
     36.795       -14.48007    -0.06574    -1.74184   -12.67248
     36.945       -14.47462    -0.06566    -1.74167   -12.66729
     37.095       -14.46916    -0.06557    -1.74150   -12.66209
     37.245       -14.46374    -0.06549    -1.74133   -12.65692
     37.395       -14.45834    -0.06541    -1.74116   -12.65177
     37.545       -14.45300    -0.06533    -1.74099   -12.64668
     37.695       -14.44764    -0.06525    -1.74082   -12.64157
     37.845       -14.44230    -0.06517    -1.74065   -12.63649
     37.995       -14.43702    -0.06509    -1.74048   -12.63145
     38.145       -14.43173    -0.06501    -1.74031   -12.62640
     38.295       -14.42649    -0.06493    -1.74015   -12.62141
     38.445       -14.42127    -0.06485    -1.73998   -12.61644
     38.595       -14.41605    -0.06477    -1.73981   -12.61146
     38.745       -14.41086    -0.06470    -1.73965   -12.60652
     38.895       -14.40569    -0.06462    -1.73949   -12.60159
     39.045       -14.40055    -0.06454    -1.73933   -12.59668
     39.195       -14.39543    -0.06447    -1.73916   -12.59180
     39.345       -14.39032    -0.06439    -1.73900   -12.58693
     39.495       -14.38523    -0.06432    -1.73884   -12.58208
     39.645       -14.38015    -0.06424    -1.73868   -12.57724
     39.795       -14.37509    -0.06416    -1.73852   -12.57240
     39.945       -14.37007    -0.06408    -1.73836   -12.56763
     40.095       -14.36509    -0.06401    -1.73821   -12.56287
     40.245       -14.36009    -0.06394    -1.73805   -12.55810
     40.395       -14.35511    -0.06386    -1.73789   -12.55335
     40.545       -14.35016    -0.06379    -1.73774   -12.54863
     40.695       -14.34520    -0.06371    -1.73758   -12.54390
     40.845       -14.34027    -0.06363    -1.73743   -12.53921
     40.995       -14.33537    -0.06356    -1.73727   -12.53454
     41.145       -14.33051    -0.06349    -1.73712   -12.52991
     41.295       -14.32564    -0.06341    -1.73696   -12.52527
     41.445       -14.32077    -0.06334    -1.73681   -12.52062
     41.595       -14.31598    -0.06327    -1.73666   -12.51605
     41.745       -14.31117    -0.06319    -1.73651   -12.51148
     41.895       -14.30640    -0.06312    -1.73636   -12.50692
     42.045       -14.30163    -0.06305    -1.73621   -12.50237
     42.195       -14.29689    -0.06298    -1.73606   -12.49786
     42.345       -14.29219    -0.06291    -1.73591   -12.49336
     42.495       -14.28748    -0.06284    -1.73576   -12.48888
     42.645       -14.28281    -0.06277    -1.73561   -12.48442
     42.795       -14.27816    -0.06271    -1.73547   -12.47999
     42.945       -14.27349    -0.06263    -1.73531   -12.47554
     43.095       -14.26886    -0.06257    -1.73517   -12.47112
     43.245       -14.26423    -0.06250    -1.73502   -12.46671
     43.395       -14.25963    -0.06243    -1.73487   -12.46233
     43.545       -14.25505    -0.06236    -1.73473   -12.45796
     43.695       -14.25047    -0.06230    -1.73458   -12.45359
     43.845       -14.24590    -0.06223    -1.73444   -12.44923
     43.995       -14.24135    -0.06216    -1.73429   -12.44490
     44.145       -14.23682    -0.06210    -1.73415   -12.44058
     44.295       -14.23231    -0.06203    -1.73401   -12.43627
     44.445       -14.22780    -0.06196    -1.73387   -12.43198
     44.595       -14.22332    -0.06189    -1.73372   -12.42771
     44.745       -14.21886    -0.06183    -1.73358   -12.42346
     44.895       -14.21440    -0.06176    -1.73344   -12.41920
     45.045       -14.20998    -0.06170    -1.73330   -12.41499
     45.195       -14.20555    -0.06163    -1.73316   -12.41076
     45.345       -14.20116    -0.06156    -1.73302   -12.40657
     45.495       -14.19677    -0.06149    -1.73288   -12.40240
     45.645       -14.19240    -0.06143    -1.73275   -12.39823
     45.795       -14.18805    -0.06136    -1.73261   -12.39408
     45.945       -14.18372    -0.06130    -1.73247   -12.38995
     46.095       -14.17940    -0.06123    -1.73234   -12.38583
     46.245       -14.17507    -0.06117    -1.73220   -12.38170
     46.395       -14.17081    -0.06110    -1.73207   -12.37764
     46.545       -14.16652    -0.06104    -1.73193   -12.37355
     46.695       -14.16227    -0.06097    -1.73180   -12.36949
     46.845       -14.15802    -0.06091    -1.73167   -12.36544
     46.995       -14.15378    -0.06085    -1.73154   -12.36140
     47.145       -14.14958    -0.06079    -1.73140   -12.35739
     47.295       -14.14539    -0.06073    -1.73127   -12.35339
     47.445       -14.14121    -0.06066    -1.73114   -12.34940
     47.595       -14.13704    -0.06060    -1.73101   -12.34543
     47.745       -14.13288    -0.06054    -1.73088   -12.34146
     47.895       -14.12873    -0.06048    -1.73075   -12.33750
     48.045       -14.12460    -0.06042    -1.73062   -12.33356
     48.195       -14.12047    -0.06036    -1.73049   -12.32962
     48.345       -14.11639    -0.06030    -1.73036   -12.32572
     48.495       -14.11229    -0.06024    -1.73023   -12.32181
     48.645       -14.10821    -0.06018    -1.73010   -12.31792
     48.795       -14.10415    -0.06012    -1.72997   -12.31405
     48.945       -14.10009    -0.06005    -1.72984   -12.31019
     49.095       -14.09604    -0.05999    -1.72972   -12.30633
     49.245       -14.09201    -0.05994    -1.72959   -12.30248
     49.395       -14.08800    -0.05988    -1.72946   -12.29866
     49.545       -14.08402    -0.05982    -1.72934   -12.29486
     49.695       -14.08004    -0.05977    -1.72921   -12.29107
     49.845       -14.07607    -0.05971    -1.72909   -12.28728
     49.995       -14.07214    -0.05965    -1.72896   -12.28353
     50.145       -14.06821    -0.05959    -1.72883   -12.27978
     50.295       -14.06428    -0.05954    -1.72871   -12.27604
     50.445       -14.06037    -0.05948    -1.72859   -12.27231
     50.595       -14.05647    -0.05942    -1.72846   -12.26858
     50.745       -14.05259    -0.05937    -1.72834   -12.26488
     50.895       -14.04868    -0.05931    -1.72821   -12.26116
     51.045       -14.04481    -0.05925    -1.72809   -12.25747
     51.195       -14.04094    -0.05919    -1.72797   -12.25378
     51.345       -14.03710    -0.05914    -1.72785   -12.25012
     51.495       -14.03326    -0.05908    -1.72772   -12.24646
     51.645       -14.02942    -0.05902    -1.72760   -12.24280
     51.795       -14.02562    -0.05897    -1.72748   -12.23918
     51.945       -14.02182    -0.05891    -1.72736   -12.23555
     52.095       -14.01801    -0.05885    -1.72723   -12.23192
     52.245       -14.01425    -0.05880    -1.72712   -12.22833
     52.395       -14.01049    -0.05874    -1.72700   -12.22475
     52.545       -14.00673    -0.05868    -1.72688   -12.22116
     52.695       -14.00300    -0.05863    -1.72676   -12.21760
     52.845       -13.99925    -0.05858    -1.72664   -12.21403
     52.995       -13.99554    -0.05852    -1.72653   -12.21049
     53.145       -13.99183    -0.05847    -1.72641   -12.20695
     53.295       -13.98814    -0.05841    -1.72630   -12.20343
     53.445       -13.98446    -0.05836    -1.72619   -12.19992
     53.595       -13.98077    -0.05830    -1.72607   -12.19640
     53.745       -13.97710    -0.05825    -1.72595   -12.19290
     53.895       -13.97344    -0.05820    -1.72584   -12.18940
     54.045       -13.96979    -0.05815    -1.72572   -12.18592
     54.195       -13.96617    -0.05810    -1.72561   -12.18246
     54.345       -13.96254    -0.05804    -1.72550   -12.17900
     54.495       -13.95892    -0.05799    -1.72538   -12.17555
     54.645       -13.95534    -0.05794    -1.72527   -12.17214
     54.795       -13.95173    -0.05788    -1.72516   -12.16869
     54.945       -13.94814    -0.05783    -1.72504   -12.16526
     55.095       -13.94458    -0.05778    -1.72493   -12.16188
     59.433       -13.66478    -0.05364    -1.71606   -11.89507
     80.646       -13.25515    -0.04755    -1.70302   -11.50458
     111.21       -12.85620    -0.04168    -1.69028   -11.12424
     153.36       -12.46861    -0.03596    -1.67789   -10.75476
     211.49       -12.09263    -0.03042    -1.66583   -10.39638
     291.64       -11.72842    -0.02503    -1.65414   -10.04925
     402.18       -11.37570    -0.01981    -1.64288    -9.71301
     554.60       -11.03464    -0.01473    -1.63201    -9.38791
     764.80       -10.70465    -0.00983    -1.62151    -9.07331
     1054.7       -10.38570    -0.00506    -1.61143    -8.76921
     1454.4       -10.07717    -0.00042    -1.60177    -8.47498
     2005.6        -9.77872     0.00405    -1.59245    -8.19031
     2765.8        -9.49005     0.00840    -1.58354    -7.91490
     3814.0        -9.21058     0.01263    -1.57495    -7.64826
     5259.5        -8.93970     0.01671    -1.56669    -7.38972
     7252.9        -8.67699     0.02070    -1.55874    -7.13894
     10002.        -8.42219     0.02456    -1.55108    -6.89567
     13793.        -8.17533     0.02831    -1.54374    -6.65989
     19020.        -7.93663     0.03194    -1.53665    -6.43192
     26229.        -7.70650     0.03544    -1.52985    -6.21209
     36170.        -7.48529     0.03880    -1.52327    -6.00082
     49878.        -7.27342     0.04204    -1.51693    -5.79853
     68782.        -7.07089     0.04514    -1.51079    -5.60524
     94851.        -6.87728     0.04809    -1.50486    -5.42050
    0.13080E+06    -6.69245     0.05088    -1.49914    -5.24419
    0.18038E+06    -6.51609     0.05356    -1.49357    -5.07607
    0.24874E+06    -6.34781     0.05614    -1.48819    -4.91575
    0.34301E+06    -6.18730     0.05859    -1.48298    -4.76292
    0.47302E+06    -6.03452     0.06092    -1.47797    -4.61748
    0.65229E+06    -5.88893     0.06312    -1.47320    -4.47886
    0.89952E+06    -5.75017     0.06523    -1.46858    -4.34682
    0.12404E+07    -5.61813     0.06723    -1.46418    -4.22117
    0.17106E+07    -5.49238     0.06914    -1.45997    -4.10155
    0.23589E+07    -5.37272     0.07096    -1.45595    -3.98773
    0.32529E+07    -5.25869     0.07268    -1.45211    -3.87927
    0.44858E+07    -5.15011     0.07430    -1.44846    -3.77594
    0.61860E+07    -5.04699     0.07585    -1.44500    -3.67784
    0.85305E+07    -4.94878     0.07733    -1.44170    -3.58441
    0.11764E+08    -4.85526     0.07875    -1.43855    -3.49547
    0.16222E+08    -4.76632     0.08009    -1.43556    -3.41085
    0.22370E+08    -4.68175     0.08136    -1.43271    -3.33040
    0.30849E+08    -4.60150     0.08255    -1.42999    -3.25406
    0.42541E+08    -4.52575     0.08370    -1.42740    -3.18205
    0.58664E+08    -4.45490     0.08477    -1.42495    -3.11472
    0.80898E+08    -4.38853     0.08578    -1.42261    -3.05170
    0.11156E+09    -4.32647     0.08670    -1.42039    -2.99278
    0.15384E+09    -4.26821     0.08758    -1.41827    -2.93751
    0.21215E+09    -4.21348     0.08838    -1.41623    -2.88564
    0.29255E+09    -4.16212     0.08916    -1.41432    -2.83697
    0.40343E+09    -4.11374     0.08989    -1.41248    -2.79115
    0.55633E+09    -4.06839     0.09056    -1.41074    -2.74820
    0.76719E+09    -4.02599     0.09120    -1.40909    -2.70810
    0.10580E+10    -3.98766     0.09179    -1.40756    -2.67188
    0.14589E+10    -3.95253     0.09231    -1.40614    -2.63871
    0.20119E+10    -3.92029     0.09281    -1.40480    -2.60830
    0.27744E+10    -3.89048     0.09325    -1.40354    -2.58019
    0.38259E+10    -3.86300     0.09366    -1.40236    -2.55430
    0.52760E+10    -3.83761     0.09405    -1.40126    -2.53040
    0.72756E+10    -3.81421     0.09440    -1.40022    -2.50840
    0.10033E+11    -3.79255     0.09472    -1.39924    -2.48804
    0.13836E+11    -3.77262     0.09502    -1.39834    -2.46930
    0.19079E+11    -3.75418     0.09529    -1.39751    -2.45197
    0.26311E+11    -3.73713     0.09555    -1.39676    -2.43592
    0.36283E+11    -3.72146     0.09577    -1.39606    -2.42117
    0.50034E+11    -3.70697     0.09599    -1.39541    -2.40754
    0.68997E+11    -3.69355     0.09619    -1.39483    -2.39490
    0.10000E+12    -3.53304     0.09856    -1.38781    -2.24380
