    -99.945         0.00000     0.00000     0.00000     0.00000
    -99.795         0.00000     0.00000     0.00000     0.00000
    -99.645         0.00000     0.00000     0.00000     0.00000
    -99.495         0.00000     0.00000     0.00000     0.00000
    -99.345         0.00000     0.00000     0.00000     0.00000
    -99.195         0.00000     0.00000     0.00000     0.00000
    -99.045         0.00000     0.00000     0.00000     0.00000
    -98.895         0.00000     0.00000     0.00000     0.00000
    -98.745         0.00000     0.00000     0.00000     0.00000
    -98.595         0.00000     0.00000     0.00000     0.00000
    -98.445         0.00000     0.00000     0.00000     0.00000
    -98.295         0.00000     0.00000     0.00000     0.00000
    -98.145         0.00000     0.00000     0.00000     0.00000
    -97.995         0.00000     0.00000     0.00000     0.00000
    -97.845         0.00000     0.00000     0.00000     0.00000
    -97.695         0.00000     0.00000     0.00000     0.00000
    -97.545         0.00000     0.00000     0.00000     0.00000
    -97.395         0.00000     0.00000     0.00000     0.00000
    -97.245         0.00000     0.00000     0.00000     0.00000
    -97.095         0.00000     0.00000     0.00000     0.00000
    -96.945         0.00000     0.00000     0.00000     0.00000
    -96.795         0.00000     0.00000     0.00000     0.00000
    -96.645         0.00000     0.00000     0.00000     0.00000
    -96.495         0.00000     0.00000     0.00000     0.00000
    -96.345         0.00000     0.00000     0.00000     0.00000
    -96.195         0.00000     0.00000     0.00000     0.00000
    -96.045         0.00000     0.00000     0.00000     0.00000
    -95.895         0.00000     0.00000     0.00000     0.00000
    -95.745         0.00000     0.00000     0.00000     0.00000
    -95.595         0.00000     0.00000     0.00000     0.00000
    -95.445         0.00000     0.00000     0.00000     0.00000
    -95.295         0.00000     0.00000     0.00000     0.00000
    -95.145         0.00000     0.00000     0.00000     0.00000
    -94.995         0.00000     0.00000     0.00000     0.00000
    -94.845         0.00000     0.00000     0.00000     0.00000
    -94.695         0.00000     0.00000     0.00000     0.00000
    -94.545         0.00000     0.00000     0.00000     0.00000
    -94.395         0.00000     0.00000     0.00000     0.00000
    -94.245         0.00000     0.00000     0.00000     0.00000
    -94.095         0.00000     0.00000     0.00000     0.00000
    -93.945         0.00000     0.00000     0.00000     0.00000
    -93.795         0.00000     0.00000     0.00000     0.00000
    -93.645         0.00000     0.00000     0.00000     0.00000
    -93.495         0.00000     0.00000     0.00000     0.00000
    -93.345         0.00000     0.00000     0.00000     0.00000
    -93.195         0.00000     0.00000     0.00000     0.00000
    -93.045         0.00000     0.00000     0.00000     0.00000
    -92.895         0.00000     0.00000     0.00000     0.00000
    -92.745         0.00000     0.00000     0.00000     0.00000
    -92.595         0.00000     0.00000     0.00000     0.00000
    -92.445         0.00000     0.00000     0.00000     0.00000
    -92.295         0.00000     0.00000     0.00000     0.00000
    -92.145         0.00000     0.00000     0.00000     0.00000
    -91.995         0.00000     0.00000     0.00000     0.00000
    -91.845         0.00000     0.00000     0.00000     0.00000
    -91.695         0.00000     0.00000     0.00000     0.00000
    -91.545         0.00000     0.00000     0.00000     0.00000
    -91.395         0.00000     0.00000     0.00000     0.00000
    -91.245         0.00000     0.00000     0.00000     0.00000
    -91.095         0.00000     0.00000     0.00000     0.00000
    -90.945         0.00000     0.00000     0.00000     0.00000
    -90.795         0.00000     0.00000     0.00000     0.00000
    -90.645         0.00000     0.00000     0.00000     0.00000
    -90.495         0.00000     0.00000     0.00000     0.00000
    -90.345         0.00000     0.00000     0.00000     0.00000
    -90.195         0.00000     0.00000     0.00000     0.00000
    -90.045         0.00000     0.00000     0.00000     0.00000
    -89.895         0.00000     0.00000     0.00000     0.00000
    -89.745         0.00000     0.00000     0.00000     0.00000
    -89.595         0.00000     0.00000     0.00000     0.00000
    -89.445         0.00000     0.00000     0.00000     0.00000
    -89.295         0.00000     0.00000     0.00000     0.00000
    -89.145         0.00000     0.00000     0.00000     0.00000
    -88.995         0.00000     0.00000     0.00000     0.00000
    -88.845         0.00000     0.00000     0.00000     0.00000
    -88.695         0.00000     0.00000     0.00000     0.00000
    -88.545         0.00000     0.00000     0.00000     0.00000
    -88.395         0.00000     0.00000     0.00000     0.00000
    -88.245         0.00000     0.00000     0.00000     0.00000
    -88.095         0.00000     0.00000     0.00000     0.00000
    -87.945         0.00000     0.00000     0.00000     0.00000
    -87.795         0.00000     0.00000     0.00000     0.00000
    -87.645         0.00000     0.00000     0.00000     0.00000
    -87.495         0.00000     0.00000     0.00000     0.00000
    -87.345         0.00000     0.00000     0.00000     0.00000
    -87.195         0.00000     0.00000     0.00000     0.00000
    -87.045         0.00000     0.00000     0.00000     0.00000
    -86.895         0.00000     0.00000     0.00000     0.00000
    -86.745         0.00000     0.00000     0.00000     0.00000
    -86.595         0.00000     0.00000     0.00000     0.00000
    -86.445         0.00000     0.00000     0.00000     0.00000
    -86.295         0.00000     0.00000     0.00000     0.00000
    -86.145         0.00000     0.00000     0.00000     0.00000
    -85.995         0.00000     0.00000     0.00000     0.00000
    -85.845         0.00000     0.00000     0.00000     0.00000
    -85.695         0.00000     0.00000     0.00000     0.00000
    -85.545         0.00000     0.00000     0.00000     0.00000
    -85.395         0.00000     0.00000     0.00000     0.00000
    -85.245         0.00000     0.00000     0.00000     0.00000
    -85.095         0.00000     0.00000     0.00000     0.00000
    -84.945         0.00000     0.00000     0.00000     0.00000
    -84.795         0.00000     0.00000     0.00000     0.00000
    -84.645         0.00000     0.00000     0.00000     0.00000
    -84.495         0.00000     0.00000     0.00000     0.00000
    -84.345         0.00000     0.00000     0.00000     0.00000
    -84.195         0.00000     0.00000     0.00000     0.00000
    -84.045         0.00000     0.00000     0.00000     0.00000
    -83.895         0.00000     0.00000     0.00000     0.00000
    -83.745         0.00000     0.00000     0.00000     0.00000
    -83.595         0.00000     0.00000     0.00000     0.00000
    -83.445         0.00000     0.00000     0.00000     0.00000
    -83.295         0.00000     0.00000     0.00000     0.00000
    -83.145         0.00000     0.00000     0.00000     0.00000
    -82.995         0.00000     0.00000     0.00000     0.00000
    -82.845         0.00000     0.00000     0.00000     0.00000
    -82.695         0.00000     0.00000     0.00000     0.00000
    -82.545         0.00000     0.00000     0.00000     0.00000
    -82.395         0.00000     0.00000     0.00000     0.00000
    -82.245         0.00000     0.00000     0.00000     0.00000
    -82.095         0.00000     0.00000     0.00000     0.00000
    -81.945         0.00000     0.00000     0.00000     0.00000
    -81.795         0.00000     0.00000     0.00000     0.00000
    -81.645         0.00000     0.00000     0.00000     0.00000
    -81.495         0.00000     0.00000     0.00000     0.00000
    -81.345         0.00000     0.00000     0.00000     0.00000
    -81.195         0.00000     0.00000     0.00000     0.00000
    -81.045         0.00000     0.00000     0.00000     0.00000
    -80.895         0.00000     0.00000     0.00000     0.00000
    -80.745         0.00000     0.00000     0.00000     0.00000
    -80.595         0.00000     0.00000     0.00000     0.00000
    -80.445         0.00000     0.00000     0.00000     0.00000
    -80.295         0.00000     0.00000     0.00000     0.00000
    -80.145         0.00000     0.00000     0.00000     0.00000
    -79.995         0.00000     0.00000     0.00000     0.00000
    -79.845         0.00000     0.00000     0.00000     0.00000
    -79.695         0.00000     0.00000     0.00000     0.00000
    -79.545         0.00000     0.00000     0.00000     0.00000
    -79.395         0.00000     0.00000     0.00000     0.00000
    -79.245         0.00000     0.00000     0.00000     0.00000
    -79.095         0.00000     0.00000     0.00000     0.00000
    -78.945         0.00000     0.00000     0.00000     0.00000
    -78.795         0.00000     0.00000     0.00000     0.00000
    -78.645         0.00000     0.00000     0.00000     0.00000
    -78.495         0.00000     0.00000     0.00000     0.00000
    -78.345         0.00000     0.00000     0.00000     0.00000
    -78.195         0.00000     0.00000     0.00000     0.00000
    -78.045         0.00000     0.00000     0.00000     0.00000
    -77.895         0.00000     0.00000     0.00000     0.00000
    -77.745         0.00000     0.00000     0.00000     0.00000
    -77.595         0.00000     0.00000     0.00000     0.00000
    -77.445         0.00000     0.00000     0.00000     0.00000
    -77.295         0.00000     0.00000     0.00000     0.00000
    -77.145         0.00000     0.00000     0.00000     0.00000
    -76.995         0.00000     0.00000     0.00000     0.00000
    -76.845         0.00000     0.00000     0.00000     0.00000
    -76.695         0.00000     0.00000     0.00000     0.00000
    -76.545         0.00000     0.00000     0.00000     0.00000
    -76.395         0.00000     0.00000     0.00000     0.00000
    -76.245         0.00000     0.00000     0.00000     0.00000
    -76.095         0.00000     0.00000     0.00000     0.00000
    -75.945         0.00000     0.00000     0.00000     0.00000
    -75.795         0.00000     0.00000     0.00000     0.00000
    -75.645         0.00000     0.00000     0.00000     0.00000
    -75.495         0.00000     0.00000     0.00000     0.00000
    -75.345         0.00000     0.00000     0.00000     0.00000
    -75.195         0.00000     0.00000     0.00000     0.00000
    -75.045         0.00000     0.00000     0.00000     0.00000
    -74.895         0.00000     0.00000     0.00000     0.00000
    -74.745         0.00000     0.00000     0.00000     0.00000
    -74.595         0.00000     0.00000     0.00000     0.00000
    -74.445         0.00000     0.00000     0.00000     0.00000
    -74.295         0.00000     0.00000     0.00000     0.00000
    -74.145         0.00000     0.00000     0.00000     0.00000
    -73.995         0.00000     0.00000     0.00000     0.00000
    -73.845         0.00000     0.00000     0.00000     0.00000
    -73.695         0.00000     0.00000     0.00000     0.00000
    -73.545         0.00000     0.00000     0.00000     0.00000
    -73.395         0.00000     0.00000     0.00000     0.00000
    -73.245         0.00000     0.00000     0.00000     0.00000
    -73.095         0.00000     0.00000     0.00000     0.00000
    -72.945         0.00000     0.00000     0.00000     0.00000
    -72.795         0.00000     0.00000     0.00000     0.00000
    -72.645         0.00000     0.00000     0.00000     0.00000
    -72.495         0.00000     0.00000     0.00000     0.00000
    -72.345         0.00000     0.00000     0.00000     0.00000
    -72.195         0.00000     0.00000     0.00000     0.00000
    -72.045         0.00000     0.00000     0.00000     0.00000
    -71.895         0.00000     0.00000     0.00000     0.00000
    -71.745         0.00000     0.00000     0.00000     0.00000
    -71.595         0.00000     0.00000     0.00000     0.00000
    -71.445         0.00000     0.00000     0.00000     0.00000
    -71.295         0.00000     0.00000     0.00000     0.00000
    -71.145         0.00000     0.00000     0.00000     0.00000
    -70.995         0.00000     0.00000     0.00000     0.00000
    -70.845         0.00000     0.00000     0.00000     0.00000
    -70.695         0.00000     0.00000     0.00000     0.00000
    -70.545         0.00000     0.00000     0.00000     0.00000
    -70.395         0.00000     0.00000     0.00000     0.00000
    -70.245         0.00000     0.00000     0.00000     0.00000
    -70.095         0.00000     0.00000     0.00000     0.00000
    -69.945         0.00000     0.00000     0.00000     0.00000
    -69.795         0.00000     0.00000     0.00000     0.00000
    -69.645         0.00000     0.00000     0.00000     0.00000
    -69.495         0.00000     0.00000     0.00000     0.00000
    -69.345         0.00000     0.00000     0.00000     0.00000
    -69.195         0.00000     0.00000     0.00000     0.00000
    -69.045         0.00000     0.00000     0.00000     0.00000
    -68.895         0.00000     0.00000     0.00000     0.00000
    -68.745         0.00000     0.00000     0.00000     0.00000
    -68.595         0.00000     0.00000     0.00000     0.00000
    -68.445         0.00000     0.00000     0.00000     0.00000
    -68.295         0.00000     0.00000     0.00000     0.00000
    -68.145         0.00000     0.00000     0.00000     0.00000
    -67.995         0.00000     0.00000     0.00000     0.00000
    -67.845         0.00000     0.00000     0.00000     0.00000
    -67.695         0.00000     0.00000     0.00000     0.00000
    -67.545         0.00000     0.00000     0.00000     0.00000
    -67.395         0.00000     0.00000     0.00000     0.00000
    -67.245         0.00000     0.00000     0.00000     0.00000
    -67.095         0.00000     0.00000     0.00000     0.00000
    -66.945         0.00000     0.00000     0.00000     0.00000
    -66.795         0.00000     0.00000     0.00000     0.00000
    -66.645         0.00000     0.00000     0.00000     0.00000
    -66.495         0.00000     0.00000     0.00000     0.00000
    -66.345         0.00000     0.00000     0.00000     0.00000
    -66.195         0.00000     0.00000     0.00000     0.00000
    -66.045         0.00000     0.00000     0.00000     0.00000
    -65.895         0.00000     0.00000     0.00000     0.00000
    -65.745         0.00000     0.00000     0.00000     0.00000
    -65.595         0.00000     0.00000     0.00000     0.00000
    -65.445         0.00000     0.00000     0.00000     0.00000
    -65.295         0.00000     0.00000     0.00000     0.00000
    -65.145         0.00000     0.00000     0.00000     0.00000
    -64.995         0.00000     0.00000     0.00000     0.00000
    -64.845         0.00000     0.00000     0.00000     0.00000
    -64.695         0.00000     0.00000     0.00000     0.00000
    -64.545         0.00000     0.00000     0.00000     0.00000
    -64.395         0.00000     0.00000     0.00000     0.00000
    -64.245         0.00000     0.00000     0.00000     0.00000
    -64.095         0.00000     0.00000     0.00000     0.00000
    -63.945         0.00000     0.00000     0.00000     0.00000
    -63.795         0.00000     0.00000     0.00000     0.00000
    -63.645         0.00000     0.00000     0.00000     0.00000
    -63.495         0.00000     0.00000     0.00000     0.00000
    -63.345         0.00000     0.00000     0.00000     0.00000
    -63.195         0.00000     0.00000     0.00000     0.00000
    -63.045         0.00000     0.00000     0.00000     0.00000
    -62.895         0.00000     0.00000     0.00000     0.00000
    -62.745         0.00000     0.00000     0.00000     0.00000
    -62.595         0.00000     0.00000     0.00000     0.00000
    -62.445         0.00000     0.00000     0.00000     0.00000
    -62.295         0.00000     0.00000     0.00000     0.00000
    -62.145         0.00000     0.00000     0.00000     0.00000
    -61.995         0.00000     0.00000     0.00000     0.00000
    -61.845         0.00000     0.00000     0.00000     0.00000
    -61.695         0.00000     0.00000     0.00000     0.00000
    -61.545         0.00000     0.00000     0.00000     0.00000
    -61.395         0.00000     0.00000     0.00000     0.00000
    -61.245         0.00000     0.00000     0.00000     0.00000
    -61.095         0.00000     0.00000     0.00000     0.00000
    -60.945         0.00000     0.00000     0.00000     0.00000
    -60.795         0.00000     0.00000     0.00000     0.00000
    -60.645         0.00000     0.00000     0.00000     0.00000
    -60.495         0.00000     0.00000     0.00000     0.00000
    -60.345         0.00000     0.00000     0.00000     0.00000
    -60.195         0.00000     0.00000     0.00000     0.00000
    -60.045         0.00000     0.00000     0.00000     0.00000
    -59.895         0.00000     0.00000     0.00000     0.00000
    -59.745         0.00000     0.00000     0.00000     0.00000
    -59.595         0.00000     0.00000     0.00000     0.00000
    -59.445         0.00000     0.00000     0.00000     0.00000
    -59.295         0.00000     0.00000     0.00000     0.00000
    -59.145         0.00000     0.00000     0.00000     0.00000
    -58.995         0.00000     0.00000     0.00000     0.00000
    -58.845         0.00000     0.00000     0.00000     0.00000
    -58.695         0.00000     0.00000     0.00000     0.00000
    -58.545         0.00000     0.00000     0.00000     0.00000
    -58.395         0.00000     0.00000     0.00000     0.00000
    -58.245         0.00000     0.00000     0.00000     0.00000
    -58.095         0.00000     0.00000     0.00000     0.00000
    -57.945         0.00000     0.00000     0.00000     0.00000
    -57.795         0.00000     0.00000     0.00000     0.00000
    -57.645         0.00000     0.00000     0.00000     0.00000
    -57.495         0.00000     0.00000     0.00000     0.00000
    -57.345         0.00000     0.00000     0.00000     0.00000
    -57.195         0.00000     0.00000     0.00000     0.00000
    -57.045         0.00000     0.00000     0.00000     0.00000
    -56.895         0.00000     0.00000     0.00000     0.00000
    -56.745         0.00000     0.00000     0.00000     0.00000
    -56.595         0.00000     0.00000     0.00000     0.00000
    -56.445         0.00000     0.00000     0.00000     0.00000
    -56.295         0.00000     0.00000     0.00000     0.00000
    -56.145         0.00000     0.00000     0.00000     0.00000
    -55.995         0.00000     0.00000     0.00000     0.00000
    -55.845         0.00000     0.00000     0.00000     0.00000
    -55.695         0.00000     0.00000     0.00000     0.00000
    -55.545         0.00000     0.00000     0.00000     0.00000
    -55.395         0.00000     0.00000     0.00000     0.00000
    -55.245         0.00000     0.00000     0.00000     0.00000
    -55.095         0.00000     0.00000     0.00000     0.00000
    -54.945         0.00000     0.00000     0.00000     0.00000
    -54.795         0.00000     0.00000     0.00000     0.00000
    -54.645         0.00000     0.00000     0.00000     0.00000
    -54.495         0.00000     0.00000     0.00000     0.00000
    -54.345         0.00000     0.00000     0.00000     0.00000
    -54.195         0.00000     0.00000     0.00000     0.00000
    -54.045         0.00000     0.00000     0.00000     0.00000
    -53.895         0.00000     0.00000     0.00000     0.00000
    -53.745         0.00000     0.00000     0.00000     0.00000
    -53.595         0.00000     0.00000     0.00000     0.00000
    -53.445         0.00000     0.00000     0.00000     0.00000
    -53.295         0.00000     0.00000     0.00000     0.00000
    -53.145         0.00000     0.00000     0.00000     0.00000
    -52.995         0.00000     0.00000     0.00000     0.00000
    -52.845         0.00000     0.00000     0.00000     0.00000
    -52.695         0.00000     0.00000     0.00000     0.00000
    -52.545         0.00000     0.00000     0.00000     0.00000
    -52.395         0.00000     0.00000     0.00000     0.00000
    -52.245         0.00000     0.00000     0.00000     0.00000
    -52.095         0.00000     0.00000     0.00000     0.00000
    -51.945         0.00000     0.00000     0.00000     0.00000
    -51.795         0.00000     0.00000     0.00000     0.00000
    -51.645         0.00000     0.00000     0.00000     0.00000
    -51.495         0.00000     0.00000     0.00000     0.00000
    -51.345         0.00000     0.00000     0.00000     0.00000
    -51.195         0.00000     0.00000     0.00000     0.00000
    -51.045         0.00000     0.00000     0.00000     0.00000
    -50.895         0.00000     0.00000     0.00000     0.00000
    -50.745         0.00000     0.00000     0.00000     0.00000
    -50.595         0.00000     0.00000     0.00000     0.00000
    -50.445         0.00000     0.00000     0.00000     0.00000
    -50.295         0.00000     0.00000     0.00000     0.00000
    -50.145         0.00000     0.00000     0.00000     0.00000
    -49.995         0.00000     0.00000     0.00000     0.00000
    -49.845         0.00000     0.00000     0.00000     0.00000
    -49.695         0.00000     0.00000     0.00000     0.00000
    -49.545         0.00000     0.00000     0.00000     0.00000
    -49.395         0.00000     0.00000     0.00000     0.00000
    -49.245         0.00000     0.00000     0.00000     0.00000
    -49.095         0.00000     0.00000     0.00000     0.00000
    -48.945         0.00000     0.00000     0.00000     0.00000
    -48.795         0.00000     0.00000     0.00000     0.00000
    -48.645         0.00000     0.00000     0.00000     0.00000
    -48.495         0.00000     0.00000     0.00000     0.00000
    -48.345         0.00000     0.00000     0.00000     0.00000
    -48.195         0.00000     0.00000     0.00000     0.00000
    -48.045         0.00000     0.00000     0.00000     0.00000
    -47.895         0.00000     0.00000     0.00000     0.00000
    -47.745         0.00000     0.00000     0.00000     0.00000
    -47.595         0.00000     0.00000     0.00000     0.00000
    -47.445         0.00000     0.00000     0.00000     0.00000
    -47.295         0.00000     0.00000     0.00000     0.00000
    -47.145         0.00000     0.00000     0.00000     0.00000
    -46.995         0.00000     0.00000     0.00000     0.00000
    -46.845         0.00000     0.00000     0.00000     0.00000
    -46.695         0.00000     0.00000     0.00000     0.00000
    -46.545         0.00000     0.00000     0.00000     0.00000
    -46.395         0.00000     0.00000     0.00000     0.00000
    -46.245         0.00000     0.00000     0.00000     0.00000
    -46.095         0.00000     0.00000     0.00000     0.00000
    -45.945         0.00000     0.00000     0.00000     0.00000
    -45.795         0.00000     0.00000     0.00000     0.00000
    -45.645         0.00000     0.00000     0.00000     0.00000
    -45.495         0.00000     0.00000     0.00000     0.00000
    -45.345         0.00000     0.00000     0.00000     0.00000
    -45.195         0.00000     0.00000     0.00000     0.00000
    -45.045         0.00000     0.00000     0.00000     0.00000
    -44.895         0.00000     0.00000     0.00000     0.00000
    -44.745         0.00000     0.00000     0.00000     0.00000
    -44.595         0.00000     0.00000     0.00000     0.00000
    -44.445         0.00000     0.00000     0.00000     0.00000
    -44.295         0.00000     0.00000     0.00000     0.00000
    -44.145         0.00000     0.00000     0.00000     0.00000
    -43.995         0.00000     0.00000     0.00000     0.00000
    -43.845         0.00000     0.00000     0.00000     0.00000
    -43.695         0.00000     0.00000     0.00000     0.00000
    -43.545         0.00000     0.00000     0.00000     0.00000
    -43.395         0.00000     0.00000     0.00000     0.00000
    -43.245         0.00000     0.00000     0.00000     0.00000
    -43.095         0.00000     0.00000     0.00000     0.00000
    -42.945         0.00000     0.00000     0.00000     0.00000
    -42.795         0.00000     0.00000     0.00000     0.00000
    -42.645         0.00000     0.00000     0.00000     0.00000
    -42.495         0.00000     0.00000     0.00000     0.00000
    -42.345         0.00000     0.00000     0.00000     0.00000
    -42.195         0.00000     0.00000     0.00000     0.00000
    -42.045         0.00000     0.00000     0.00000     0.00000
    -41.895         0.00000     0.00000     0.00000     0.00000
    -41.745         0.00000     0.00000     0.00000     0.00000
    -41.595         0.00000     0.00000     0.00000     0.00000
    -41.445         0.00000     0.00000     0.00000     0.00000
    -41.295         0.00000     0.00000     0.00000     0.00000
    -41.145         0.00000     0.00000     0.00000     0.00000
    -40.995         0.00000     0.00000     0.00000     0.00000
    -40.845         0.00000     0.00000     0.00000     0.00000
    -40.695         0.00000     0.00000     0.00000     0.00000
    -40.545         0.00000     0.00000     0.00000     0.00000
    -40.395         0.00000     0.00000     0.00000     0.00000
    -40.245         0.00000     0.00000     0.00000     0.00000
    -40.095         0.00000     0.00000     0.00000     0.00000
    -39.945         0.00000     0.00000     0.00000     0.00000
    -39.795         0.00000     0.00000     0.00000     0.00000
    -39.645         0.00000     0.00000     0.00000     0.00000
    -39.495         0.00000     0.00000     0.00000     0.00000
    -39.345         0.00000     0.00000     0.00000     0.00000
    -39.195         0.00000     0.00000     0.00000     0.00000
    -39.045         0.00000     0.00000     0.00000     0.00000
    -38.895         0.00000     0.00000     0.00000     0.00000
    -38.745         0.00000     0.00000     0.00000     0.00000
    -38.595         0.00000     0.00000     0.00000     0.00000
    -38.445         0.00000     0.00000     0.00000     0.00000
    -38.295         0.00000     0.00000     0.00000     0.00000
    -38.145         0.00000     0.00000     0.00000     0.00000
    -37.995         0.00000     0.00000     0.00000     0.00000
    -37.845         0.00000     0.00000     0.00000     0.00000
    -37.695         0.00000     0.00000     0.00000     0.00000
    -37.545         0.00000     0.00000     0.00000     0.00000
    -37.395         0.00000     0.00000     0.00000     0.00000
    -37.245         0.00000     0.00000     0.00000     0.00000
    -37.095         0.00000     0.00000     0.00000     0.00000
    -36.945         0.00000     0.00000     0.00000     0.00000
    -36.795         0.00000     0.00000     0.00000     0.00000
    -36.645         0.00000     0.00000     0.00000     0.00000
    -36.495         0.00000     0.00000     0.00000     0.00000
    -36.345         0.00000     0.00000     0.00000     0.00000
    -36.195         0.00000     0.00000     0.00000     0.00000
    -36.045         0.00000     0.00000     0.00000     0.00000
    -35.895         0.00000     0.00000     0.00000     0.00000
    -35.745         0.00000     0.00000     0.00000     0.00000
    -35.595         0.00000     0.00000     0.00000     0.00000
    -35.445         0.00000     0.00000     0.00000     0.00000
    -35.295         0.00000     0.00000     0.00000     0.00000
    -35.145         0.00000     0.00000     0.00000     0.00000
    -34.995         0.00000     0.00000     0.00000     0.00000
    -34.845         0.00000     0.00000     0.00000     0.00000
    -34.695         0.00000     0.00000     0.00000     0.00000
    -34.545         0.00000     0.00000     0.00000     0.00000
    -34.395         0.00000     0.00000     0.00000     0.00000
    -34.245         0.00000     0.00000     0.00000     0.00000
    -34.095         0.00000     0.00000     0.00000     0.00000
    -33.945         0.00000     0.00000     0.00000     0.00000
    -33.795         0.00000     0.00000     0.00000     0.00000
    -33.645         0.00000     0.00000     0.00000     0.00000
    -33.495         0.00000     0.00000     0.00000     0.00000
    -33.345         0.00000     0.00000     0.00000     0.00000
    -33.195         0.00000     0.00000     0.00000     0.00000
    -33.045         0.00000     0.00000     0.00000     0.00000
    -32.895         0.00000     0.00000     0.00000     0.00000
    -32.745         0.00000     0.00000     0.00000     0.00000
    -32.595         0.00000     0.00000     0.00000     0.00000
    -32.445         0.00000     0.00000     0.00000     0.00000
    -32.295         0.00000     0.00000     0.00000     0.00000
    -32.145         0.00000     0.00000     0.00000     0.00000
    -31.995         0.00000     0.00000     0.00000     0.00000
    -31.845         0.00000     0.00000     0.00000     0.00000
    -31.695         0.00000     0.00000     0.00000     0.00000
    -31.545         0.00000     0.00000     0.00000     0.00000
    -31.395         0.00000     0.00000     0.00000     0.00000
    -31.245         0.00000     0.00000     0.00000     0.00000
    -31.095         0.00000     0.00000     0.00000     0.00000
    -30.945         0.00000     0.00000     0.00000     0.00000
    -30.795         0.00000     0.00000     0.00000     0.00000
    -30.645         0.00000     0.00000     0.00000     0.00000
    -30.495         0.00000     0.00000     0.00000     0.00000
    -30.345         0.00000     0.00000     0.00000     0.00000
    -30.195         0.00000     0.00000     0.00000     0.00000
    -30.045         0.00000     0.00000     0.00000     0.00000
    -29.895         0.00000     0.00000     0.00000     0.00000
    -29.745         0.00000     0.00000     0.00000     0.00000
    -29.595         0.00000     0.00000     0.00000     0.00000
    -29.445         0.00000     0.00000     0.00000     0.00000
    -29.295         0.00000     0.00000     0.00000     0.00000
    -29.145         0.00000     0.00000     0.00000     0.00000
    -28.995         0.00000     0.00000     0.00000     0.00000
    -28.845         0.00000     0.00000     0.00000     0.00000
    -28.695         0.00000     0.00000     0.00000     0.00000
    -28.545         0.00000     0.00000     0.00000     0.00000
    -28.395         0.00000     0.00000     0.00000     0.00000
    -28.245         0.00000     0.00000     0.00000     0.00000
    -28.095         0.00000     0.00000     0.00000     0.00000
    -27.945         0.00000     0.00000     0.00000     0.00000
    -27.795         0.00000     0.00000     0.00000     0.00000
    -27.645         0.00000     0.00000     0.00000     0.00000
    -27.495         0.00000     0.00000     0.00000     0.00000
    -27.345         0.00000     0.00000     0.00000     0.00000
    -27.195         0.00000     0.00000     0.00000     0.00000
    -27.045         0.00000     0.00000     0.00000     0.00000
    -26.895         0.00000     0.00000     0.00000     0.00000
    -26.745         0.00000     0.00000     0.00000     0.00000
    -26.595         0.00000     0.00000     0.00000     0.00000
    -26.445         0.00000     0.00000     0.00000     0.00000
    -26.295         0.00000     0.00000     0.00000     0.00000
    -26.145         0.00000     0.00000     0.00000     0.00000
    -25.995         0.00000     0.00000     0.00000     0.00000
    -25.845         0.00000     0.00000     0.00000     0.00000
    -25.695         0.00000     0.00000     0.00000     0.00000
    -25.545         0.00000     0.00000     0.00000     0.00000
    -25.395         0.00000     0.00000     0.00000     0.00000
    -25.245         0.00000     0.00000     0.00000     0.00000
    -25.095         0.00000     0.00000     0.00000     0.00000
    -24.945         0.00000     0.00000     0.00000     0.00000
    -24.795         0.00000     0.00000     0.00000     0.00000
    -24.645         0.00000     0.00000     0.00000     0.00000
    -24.495        -0.00000    -0.00000     0.00000     0.00000
    -24.345        -0.00000    -0.00000     0.00000     0.00000
    -24.195        -0.00000    -0.00000     0.00000     0.00000
    -24.045        -0.00000    -0.00000     0.00000     0.00000
    -23.895        -0.00000    -0.00000     0.00000     0.00000
    -23.745        -0.00001    -0.00001     0.00000     0.00000
    -23.595        -0.00001    -0.00001     0.00000     0.00000
    -23.445        -0.00002    -0.00002     0.00000     0.00000
    -23.295        -0.00003    -0.00003     0.00000     0.00000
    -23.145        -0.00004    -0.00004     0.00000     0.00000
    -22.995        -0.00005    -0.00005     0.00000     0.00000
    -22.845        -0.00007    -0.00007     0.00000     0.00000
    -22.695        -0.00009    -0.00009     0.00000     0.00000
    -22.545        -0.00011    -0.00011     0.00000     0.00000
    -22.395        -0.00014    -0.00014     0.00000     0.00000
    -22.245        -0.00017    -0.00017     0.00000     0.00000
    -22.095        -0.00020    -0.00020     0.00000     0.00000
    -21.945        -0.00023    -0.00023     0.00000     0.00000
    -21.795        -0.00027    -0.00027     0.00000     0.00000
    -21.645        -0.00030    -0.00030    -0.00000     0.00000
    -21.495        -0.00034    -0.00034    -0.00000     0.00000
    -21.345        -0.00039    -0.00039    -0.00000     0.00000
    -21.195        -0.00044    -0.00044    -0.00000     0.00000
    -21.045        -0.00049    -0.00048    -0.00000     0.00000
    -20.895        -0.00053    -0.00053    -0.00000     0.00000
    -20.745        -0.00059    -0.00058    -0.00000     0.00000
    -20.595        -0.00064    -0.00064    -0.00000     0.00000
    -20.445        -0.00070    -0.00070    -0.00001     0.00000
    -20.295        -0.00076    -0.00075    -0.00001     0.00000
    -20.145        -0.00082    -0.00081    -0.00001     0.00000
    -19.995        -0.00088    -0.00087    -0.00002     0.00000
    -19.845        -0.00096    -0.00094    -0.00002     0.00000
    -19.695        -0.00102    -0.00100    -0.00002     0.00000
    -19.545        -0.00110    -0.00107    -0.00003     0.00000
    -19.395        -0.00118    -0.00115    -0.00004     0.00000
    -19.245        -0.00126    -0.00122    -0.00004     0.00000
    -19.095        -0.00134    -0.00129    -0.00005     0.00000
    -18.945        -0.00143    -0.00137    -0.00006     0.00000
    -18.795        -0.00152    -0.00146    -0.00007     0.00000
    -18.645        -0.00162    -0.00154    -0.00008     0.00000
    -18.495        -0.00171    -0.00162    -0.00009     0.00000
    -18.345        -0.00180    -0.00170    -0.00010     0.00000
    -18.195        -0.00190    -0.00179    -0.00011     0.00000
    -18.045        -0.00199    -0.00187    -0.00012     0.00000
    -17.895        -0.00209    -0.00197    -0.00013     0.00000
    -17.745        -0.00219    -0.00206    -0.00013     0.00000
    -17.595        -0.00229    -0.00215    -0.00014     0.00000
    -17.445        -0.00240    -0.00224    -0.00016     0.00000
    -17.295        -0.00250    -0.00234    -0.00017     0.00000
    -17.145        -0.00261    -0.00243    -0.00018     0.00000
    -16.995        -0.00273    -0.00254    -0.00019     0.00000
    -16.845        -0.00284    -0.00264    -0.00021     0.00000
    -16.695        -0.00295    -0.00274    -0.00022     0.00000
    -16.545        -0.00308    -0.00284    -0.00023     0.00000
    -16.395        -0.00320    -0.00295    -0.00025     0.00000
    -16.245        -0.00333    -0.00307    -0.00026     0.00000
    -16.095        -0.00346    -0.00318    -0.00028     0.00000
    -15.945        -0.00358    -0.00328    -0.00030     0.00000
    -15.795        -0.00371    -0.00340    -0.00031     0.00000
    -15.645        -0.00386    -0.00353    -0.00033     0.00000
    -15.495        -0.00400    -0.00365    -0.00035     0.00000
    -15.345        -0.00415    -0.00378    -0.00037     0.00000
    -15.195        -0.00430    -0.00391    -0.00039     0.00000
    -15.045        -0.00445    -0.00404    -0.00041     0.00000
    -14.895        -0.00460    -0.00417    -0.00043     0.00000
    -14.745        -0.00475    -0.00430    -0.00045     0.00000
    -14.595        -0.00492    -0.00444    -0.00047     0.00000
    -14.445        -0.00508    -0.00458    -0.00049     0.00000
    -14.295        -0.00525    -0.00473    -0.00052     0.00000
    -14.145        -0.00541    -0.00487    -0.00055     0.00000
    -13.995        -0.00559    -0.00502    -0.00057     0.00000
    -13.845        -0.00577    -0.00517    -0.00059     0.00000
    -13.695        -0.00595    -0.00533    -0.00062     0.00000
    -13.545        -0.00613    -0.00549    -0.00065     0.00000
    -13.395        -0.00632    -0.00564    -0.00068     0.00000
    -13.245        -0.00651    -0.00580    -0.00070     0.00000
    -13.095        -0.00671    -0.00597    -0.00074     0.00000
    -12.945        -0.00692    -0.00615    -0.00077     0.00000
    -12.795        -0.00713    -0.00632    -0.00080     0.00000
    -12.645        -0.00734    -0.00651    -0.00084     0.00000
    -12.495        -0.00756    -0.00669    -0.00087     0.00000
    -12.345        -0.00779    -0.00689    -0.00090     0.00000
    -12.195        -0.00802    -0.00708    -0.00094     0.00000
    -12.045        -0.00825    -0.00728    -0.00097     0.00000
    -11.895        -0.00850    -0.00749    -0.00101     0.00000
    -11.745        -0.00875    -0.00771    -0.00104     0.00000
    -11.595        -0.01045    -0.00937    -0.00108     0.00000
    -11.445        -0.01071    -0.00959    -0.00113     0.00000
    -11.295        -0.01097    -0.00980    -0.00117     0.00000
    -11.145        -0.01272    -0.01151    -0.00122     0.00000
    -10.995        -0.01299    -0.01172    -0.00126     0.00000
    -10.845        -0.01325    -0.01195    -0.00131     0.00000
    -10.695        -0.01502    -0.01367    -0.00135     0.00000
    -10.545        -0.01680    -0.01541    -0.00139     0.00000
    -10.395        -0.01859    -0.01715    -0.00144     0.00000
    -10.245        -0.01888    -0.01739    -0.00149     0.00000
    -10.095        -0.01917    -0.01763    -0.00154     0.00000
    -9.9450        -0.02165    -0.02006    -0.00159     0.00000
    -9.7950        -0.02350    -0.02184    -0.00165     0.00000
    -9.6450        -0.02535    -0.02364    -0.00171     0.00000
    -9.4950        -0.02721    -0.02543    -0.00178     0.00000
    -9.3450        -0.02975    -0.02791    -0.00183     0.00000
    -9.1950        -0.03231    -0.03041    -0.00190     0.00000
    -9.0450        -0.03264    -0.03070    -0.00194     0.00000
    -8.8950        -0.03523    -0.03323    -0.00200     0.00000
    -8.7450        -0.03835    -0.03630    -0.00206     0.00000
    -8.5950        -0.04149    -0.03937    -0.00212     0.00000
    -8.4450        -0.04412    -0.04194    -0.00218     0.00000
    -8.2950        -0.05021    -0.04795    -0.00225     0.00000
    -8.1450        -0.05626    -0.05395    -0.00231     0.00000
    -7.9950        -0.06071    -0.05833    -0.00238     0.00000
    -7.8450        -0.06595    -0.06350    -0.00245     0.00000
    -7.6950        -0.07425    -0.07172    -0.00252     0.00000
    -7.5450        -0.08062    -0.07805    -0.00257     0.00000
    -7.3950        -0.08705    -0.08402    -0.00262    -0.00041
    -7.2450        -0.09480    -0.08889    -0.00269    -0.00321
    -7.0950        -0.11338    -0.09800    -0.00275    -0.01263
    -6.9450        -0.14533    -0.10500    -0.00279    -0.03753
    -6.7950        -0.20066    -0.11399    -0.00285    -0.08383
    -6.6450        -0.29047    -0.12094    -0.00292    -0.16661
    -6.4950        -0.42110    -0.12726    -0.00295    -0.29088
    -6.3450        -0.59784    -0.13613    -0.00299    -0.45871
    -6.1950        -0.81050    -0.14587    -0.00303    -0.66160
    -6.0450        -1.04197    -0.15496    -0.00303    -0.88399
    -5.8950        -1.31769    -0.16606    -0.00302    -1.14861
    -5.7450        -1.58349    -0.17819    -0.00301    -1.40230
    -5.5950        -1.85803    -0.18751    -0.00298    -1.66754
    -5.4450        -2.12627    -0.19764    -0.00290    -1.92573
    -5.2950        -2.39700    -0.20723    -0.00285    -2.18691
    -5.1450        -2.64014    -0.21501    -0.00274    -2.42239
    -4.9950        -2.89767    -0.22609    -0.00260    -2.66897
    -4.8450        -3.13985    -0.23547    -0.00241    -2.90196
    -4.6950        -3.37405    -0.24607    -0.00215    -3.12582
    -4.5450        -3.60684    -0.25717    -0.00337    -3.34630
    -4.3950        -3.82427    -0.26830    -0.00555    -3.55041
    -4.2450        -4.03057    -0.28052    -0.00766    -3.74238
    -4.0950        -4.22160    -0.29176    -0.01125    -3.91858
    -3.9450        -4.41619    -0.30391    -0.01408    -4.09820
    -3.7950        -4.60554    -0.32087    -0.01923    -4.26544
    -3.6450        -4.79303    -0.33763    -0.02486    -4.43054
    -3.4950        -4.96506    -0.35547    -0.02815    -4.58144
    -3.3450        -5.13884    -0.37412    -0.03634    -4.72838
    -3.1950        -5.31596    -0.39490    -0.04366    -4.87741
    -3.0450        -5.50757    -0.41790    -0.05548    -5.03419
    -2.8950        -5.69831    -0.44301    -0.06763    -5.18767
    -2.7450        -5.90160    -0.46998    -0.08446    -5.34716
    -2.5950        -6.12070    -0.50272    -0.10065    -5.51732
    -2.4450        -6.36009    -0.53926    -0.11937    -5.70146
    -2.2950        -6.61317    -0.57726    -0.13847    -5.89744
    -2.1450        -6.90827    -0.61703    -0.16239    -6.12885
    -1.9950        -7.23266    -0.66034    -0.18736    -6.38495
    -1.8450        -7.61613    -0.70377    -0.21772    -6.69464
    -1.6950        -8.07113    -0.75231    -0.25648    -7.06235
    -1.5450        -8.62955    -0.80778    -0.30306    -7.51872
    -1.3950        -9.32943    -0.87174    -0.35863    -8.09906
    -1.2450       -10.21329    -0.94587    -0.42584    -8.84157
    -1.0950       -11.29537    -1.03523    -0.51042    -9.74972
   -0.94500       -12.66276    -1.15421    -0.61632   -10.89223
   -0.79500       -14.31910    -1.29988    -0.75315   -12.26608
   -0.64500       -16.39613    -1.49177    -0.92743   -13.97693
   -0.49500       -19.08347    -1.74926    -1.17159   -16.16263
   -0.34500       -22.61661    -2.14060    -1.55117   -18.92484
   -0.22700       -24.08161    -2.32711    -1.73244   -20.02206
   -0.21300       -24.26989    -2.35200    -1.75688   -20.16101
   -0.20700       -24.46395    -2.37784    -1.78269   -20.30341
   -0.20100       -24.66430    -2.40409    -1.80978   -20.45043
   -0.19500       -24.86823    -2.43133    -1.83768   -20.59922
   -0.18900       -25.07860    -2.45958    -1.86651   -20.75250
   -0.18300       -25.29315    -2.48883    -1.89699   -20.90733
   -0.17700       -25.51342    -2.51804    -1.92858   -21.06680
   -0.17100       -25.73959    -2.54896    -1.96166   -21.22897
   -0.16500       -25.97324    -2.57987    -1.99650   -21.39687
   -0.15900       -26.21308    -2.61271    -2.03161   -21.56876
   -0.15300       -26.46013    -2.64612    -2.06944   -21.74457
   -0.14700       -26.71548    -2.68025    -2.10861   -21.92661
   -0.14100       -26.97971    -2.71598    -2.14995   -22.11379
   -0.13500       -27.25344    -2.75262    -2.19364   -22.30718
   -0.12900       -27.53848    -2.79079    -2.23898   -22.50872
   -0.12300       -27.83516    -2.83061    -2.28692   -22.71763
   -0.11700       -28.14467    -2.87243    -2.33737   -22.93486
   -0.11100       -28.46866    -2.91654    -2.39049   -23.16163
   -0.10500       -28.80747    -2.96253    -2.44640   -23.39853
   -0.99000E-01   -29.16298    -3.00980    -2.50672   -23.64646
   -0.93000E-01   -29.53607    -3.06003    -2.56919   -23.90685
   -0.87000E-01   -29.93116    -3.11227    -2.63597   -24.18292
   -0.81000E-01   -30.34505    -3.16633    -2.70585   -24.47288
   -0.75000E-01   -30.78741    -3.22331    -2.77948   -24.78462
   -0.69000E-01   -31.25971    -3.28244    -2.85887   -25.11840
   -0.63000E-01   -31.76921    -3.34494    -2.94555   -25.47872
   -0.57000E-01   -32.32566    -3.41296    -3.04110   -25.87161
   -0.51000E-01   -32.93747    -3.48689    -3.14432   -26.30626
   -0.45000E-01   -33.61158    -3.56619    -3.25467   -26.79073
   -0.39000E-01   -34.36222    -3.64841    -3.36752   -27.34629
   -0.33000E-01   -35.20868    -3.73240    -3.47789   -27.99839
   -0.27000E-01   -36.19004    -3.81370    -3.58154   -28.79480
   -0.21300E-01   -36.96796    -3.86433    -3.64403   -29.45960
   -0.19500E-01   -37.09186    -3.87131    -3.65238   -29.56817
   -0.18900E-01   -37.21890    -3.87820    -3.66058   -29.68013
   -0.18300E-01   -37.34948    -3.88498    -3.66859   -29.79591
   -0.17700E-01   -37.48345    -3.89164    -3.67639   -29.91542
   -0.17100E-01   -37.62136    -3.89822    -3.68386   -30.03928
   -0.16500E-01   -37.76341    -3.90455    -3.69117   -30.16769
   -0.15900E-01   -37.90995    -3.91083    -3.69826   -30.30086
   -0.15300E-01   -38.06111    -3.91685    -3.70506   -30.43920
   -0.14700E-01   -38.21831    -3.92276    -3.71160   -30.58396
   -0.14100E-01   -38.38080    -3.92849    -3.71790   -30.73441
   -0.13500E-01   -38.54983    -3.93399    -3.72389   -30.89195
   -0.12900E-01   -38.72591    -3.93927    -3.72968   -31.05696
   -0.12300E-01   -38.90984    -3.94445    -3.73525   -31.23013
   -0.11700E-01   -39.10261    -3.94939    -3.74057   -31.41265
   -0.11100E-01   -39.30508    -3.95409    -3.74568   -31.60531
   -0.10500E-01   -39.51875    -3.95857    -3.75048   -31.80969
   -0.99000E-02   -39.74545    -3.96284    -3.75499   -32.02762
   -0.93000E-02   -39.98657    -3.96682    -3.75924   -32.26050
   -0.87000E-02   -40.24466    -3.97059    -3.76321   -32.51085
   -0.81000E-02   -40.52347    -3.97413    -3.76697   -32.78237
   -0.75000E-02   -40.82736    -3.97744    -3.77046   -33.07946
   -0.69000E-02   -41.16014    -3.98053    -3.77364   -33.40597
   -0.63000E-02   -41.52753    -3.98336    -3.77653   -33.76764
   -0.57000E-02   -41.93565    -3.98595    -3.77915   -34.17055
   -0.51000E-02   -42.39180    -3.98825    -3.78150   -34.62205
   -0.45000E-02   -42.90387    -3.99029    -3.78359   -35.12999
   -0.39000E-02   -43.48048    -3.99206    -3.78539   -35.70304
   -0.33000E-02   -44.13215    -3.99357    -3.78693   -36.35165
   -0.27000E-02   -44.87348    -3.99480    -3.78818   -37.09050
   -0.21000E-02   -45.72984    -3.99578    -3.78914   -37.94491
   -0.15000E-02   -46.72111    -3.99647    -3.78984   -38.93479
   -0.90000E-03   -47.68913    -3.99690    -3.79026   -39.90197
   -0.30000E-03   -48.10762    -3.99704    -3.79040   -40.32018
    0.30000E-03   -47.70175    -3.99690    -3.79027   -39.91458
    0.90000E-03   -46.73368    -3.99648    -3.78986   -38.94734
    0.15000E-02   -45.74335    -3.99580    -3.78918   -37.95837
    0.21000E-02   -44.89088    -3.99481    -3.78821   -37.10786
    0.27000E-02   -44.15242    -3.99358    -3.78699   -36.37186
    0.33000E-02   -43.50243    -3.99208    -3.78547   -35.72489
    0.39000E-02   -42.92856    -3.99029    -3.78367   -35.15460
    0.45000E-02   -42.41924    -3.98819    -3.78164   -34.64941
    0.51000E-02   -41.96562    -3.98584    -3.77932   -34.20046
    0.57000E-02   -41.56052    -3.98322    -3.77675   -33.80055
    0.63000E-02   -41.19592    -3.98034    -3.77391   -33.44167
    0.69000E-02   -40.86627    -3.97723    -3.77081   -33.11823
    0.75000E-02   -40.56529    -3.97377    -3.76743   -32.82408
    0.81000E-02   -40.28885    -3.97010    -3.76382   -32.55493
    0.87000E-02   -40.03213    -3.96610    -3.76002   -32.30601
    0.93000E-02   -39.79265    -3.96184    -3.75596   -32.07485
    0.99000E-02   -39.56739    -3.95730    -3.75166   -31.85843
    0.10500E-01   -39.35470    -3.95248    -3.74719   -31.65503
    0.11100E-01   -39.15336    -3.94741    -3.74249   -31.46345
    0.11700E-01   -38.96169    -3.94209    -3.73754   -31.28206
    0.12300E-01   -38.77858    -3.93649    -3.73243   -31.10966
    0.12900E-01   -38.60355    -3.93051    -3.72715   -30.94589
    0.13500E-01   -38.43558    -3.92442    -3.72167   -30.78949
    0.14100E-01   -38.27361    -3.91795    -3.71598   -30.63968
    0.14700E-01   -38.11781    -3.91135    -3.71017   -30.49629
    0.15300E-01   -37.96712    -3.90455    -3.70418   -30.35840
    0.15900E-01   -37.82156    -3.89742    -3.69793   -30.22621
    0.16500E-01   -37.68022    -3.89000    -3.69157   -30.09866
    0.17100E-01   -37.54343    -3.88230    -3.68518   -29.97595
    0.17700E-01   -37.41043    -3.87445    -3.67853   -29.85745
    0.18300E-01   -37.28089    -3.86642    -3.67179   -29.74268
    0.18900E-01   -37.15494    -3.85810    -3.66479   -29.63204
    0.19500E-01   -37.03210    -3.84960    -3.65783   -29.52467
    0.21300E-01   -36.26440    -3.78732    -3.60754   -28.86955
    0.27000E-01   -35.30547    -3.68381    -3.52696   -28.09470
    0.33000E-01   -34.49280    -3.57464    -3.44293   -27.47524
    0.39000E-01   -33.78626    -3.46551    -3.35974   -26.96101
    0.45000E-01   -33.16248    -3.35735    -3.28062   -26.52451
    0.51000E-01   -32.61099    -3.25664    -3.20653   -26.14781
    0.57000E-01   -32.11991    -3.16400    -3.13820   -25.81771
    0.63000E-01   -31.68032    -3.07995    -3.07428   -25.52609
    0.69000E-01   -31.28277    -3.00228    -3.01355   -25.26694
    0.75000E-01   -30.92096    -2.93069    -2.95563   -25.03464
    0.81000E-01   -30.58846    -2.86391    -2.89980   -24.82475
    0.87000E-01   -30.27989    -2.80122    -2.84608   -24.63259
    0.93000E-01   -29.99196    -2.74160    -2.79417   -24.45619
    0.99000E-01   -29.72420    -2.68485    -2.74483   -24.29452
    0.10500       -29.47241    -2.63044    -2.69756   -24.14441
    0.11100       -29.23515    -2.57830    -2.65242   -24.00443
    0.11700       -29.00988    -2.52834    -2.60937   -23.87217
    0.12300       -28.79865    -2.48058    -2.56845   -23.74962
    0.12900       -28.59637    -2.43400    -2.52823   -23.63414
    0.13500       -28.40533    -2.39009    -2.49019   -23.52505
    0.14100       -28.22370    -2.34735    -2.45413   -23.42222
    0.14700       -28.05022    -2.30582    -2.41933   -23.32507
    0.15300       -27.88575    -2.26753    -2.38594   -23.23227
    0.15900       -27.72865    -2.22991    -2.35460   -23.14414
    0.16500       -27.57607    -2.19349    -2.32302   -23.05956
    0.17100       -27.42995    -2.15886    -2.29281   -22.97828
    0.17700       -27.29170    -2.12533    -2.26362   -22.90275
    0.18300       -27.15751    -2.09288    -2.23552   -22.82911
    0.18900       -27.02902    -2.06199    -2.20798   -22.75905
    0.19500       -26.90256    -2.03082    -2.18156   -22.69019
    0.20100       -26.78264    -2.00136    -2.15650   -22.62479
    0.20700       -26.66535    -1.97252    -2.13173   -22.56110
    0.21300       -26.55341    -1.94512    -2.10781   -22.50048
    0.22700       -25.73652    -1.74077    -1.93056   -22.06518
    0.34500       -24.08935    -1.33186    -1.55452   -21.20297
    0.49500       -23.04384    -1.07333    -1.31255   -20.65796
    0.64500       -22.26791    -0.89205    -1.13604   -20.23982
    0.79500       -21.64975    -0.75418    -1.00096   -19.89460
    0.94500       -21.14183    -0.64674    -0.89394   -19.60115
     1.0950       -20.70732    -0.56034    -0.80646   -19.34053
     1.2450       -20.33939    -0.49179    -0.73390   -19.11370
     1.3950       -20.01766    -0.43495    -0.67333   -18.90938
     1.5450       -19.74251    -0.38785    -0.62317   -18.73150
     1.6950       -19.49823    -0.34659    -0.58058   -18.57106
     1.8450       -19.27557    -0.31060    -0.54376   -18.42121
     1.9950       -19.07642    -0.27892    -0.51345   -18.28405
     2.1450       -18.89765    -0.25092    -0.48421   -18.16252
     2.2950       -18.73618    -0.22819    -0.45903   -18.04897
     2.4450       -18.58825    -0.20789    -0.43663   -17.94373
     2.5950       -18.45383    -0.19179    -0.41572   -17.84632
     2.7450       -18.32765    -0.17625    -0.39648   -17.75492
     2.8950       -18.21441    -0.16500    -0.37885   -17.67056
     3.0450       -18.11271    -0.15876    -0.36251   -17.59144
     3.1950       -18.01433    -0.14956    -0.34760   -17.51716
     3.3450       -17.91836    -0.14304    -0.33377   -17.44155
     3.4950       -17.83803    -0.13697    -0.32400   -17.37706
     3.6450       -17.76114    -0.13210    -0.31311   -17.31593
     3.7950       -17.68727    -0.12789    -0.30179   -17.25760
     3.9450       -17.61999    -0.12635    -0.29200   -17.20164
     4.0950       -17.55346    -0.12376    -0.28218   -17.14753
     4.2450       -17.48687    -0.11865    -0.27298   -17.09524
     4.3950       -17.42775    -0.11704    -0.26363   -17.04708
     4.5450       -17.36899    -0.11332    -0.25508   -17.00058
     4.6950       -17.31346    -0.11167    -0.24735   -16.95445
     4.8450       -17.26236    -0.11124    -0.24041   -16.91070
     4.9950       -17.20929    -0.10952    -0.23232   -16.86744
     5.1450       -17.15824    -0.10775    -0.22409   -16.82640
     5.2950       -17.10693    -0.10477    -0.21681   -16.78535
     5.4450       -17.05747    -0.10178    -0.20914   -16.74655
     5.5950       -17.01029    -0.09993    -0.20164   -16.70872
     5.7450       -16.96591    -0.09964    -0.19432   -16.67196
     5.8950       -16.92302    -0.09937    -0.18763   -16.63602
     6.0450       -16.87761    -0.09567    -0.18087   -16.60108
     6.1950       -16.83661    -0.09542    -0.17425   -16.56694
     6.3450       -16.79381    -0.09238    -0.16794   -16.53349
     6.4950       -16.75080    -0.09038    -0.16194   -16.49848
     6.6450       -16.71296    -0.09018    -0.15623   -16.46656
     6.7950       -16.67378    -0.08816    -0.15035   -16.43527
     6.9450       -16.63746    -0.08798    -0.14476   -16.40471
     7.0950       -16.60207    -0.08780    -0.13944   -16.37484
     7.2450       -16.56515    -0.08575    -0.13388   -16.34552
     7.3950       -16.53117    -0.08559    -0.12873   -16.31685
     7.5450       -16.49787    -0.08544    -0.12372   -16.28871
     7.6950       -16.46358    -0.08531    -0.11876   -16.25950
     7.8450       -16.43155    -0.08518    -0.11392   -16.23245
     7.9950       -16.40022    -0.08505    -0.10924   -16.20593
     8.1450       -16.36946    -0.08494    -0.10477   -16.17975
     8.2950       -16.33926    -0.08482    -0.10033   -16.15411
     8.4450       -16.30955    -0.08471    -0.09587   -16.12896
     8.5950       -16.28062    -0.08461    -0.09174   -16.10427
     8.7450       -16.25205    -0.08451    -0.08757   -16.07998
     8.8950       -16.22558    -0.08443    -0.08501   -16.05614
     9.0450       -16.19830    -0.08434    -0.08134   -16.03263
     9.1950       -16.17174    -0.08423    -0.07800   -16.00952
     9.3450       -16.14556    -0.08416    -0.07467   -15.98673
     9.4950       -16.12275    -0.08408    -0.07440   -15.96428
     9.6450       -16.10033    -0.08402    -0.07414   -15.94217
     9.7950       -16.07597    -0.08395    -0.07159   -15.92043
     9.9450       -16.05202    -0.08389    -0.06908   -15.89904
     10.095       -16.03059    -0.08382    -0.06885   -15.87791
     10.245       -16.00960    -0.08375    -0.06863   -15.85722
     10.395       -15.98654    -0.08370    -0.06612   -15.83672
     10.545       -15.96334    -0.08364    -0.06310   -15.81660
     10.695       -15.94085    -0.08359    -0.06060   -15.79665
     10.845       -15.92097    -0.08353    -0.06040   -15.77703
     10.995       -15.90142    -0.08348    -0.06021   -15.75774
     11.145       -15.87979    -0.08342    -0.05774   -15.73863
     11.295       -15.86074    -0.08338    -0.05756   -15.71980
     11.445       -15.84189    -0.08333    -0.05738   -15.70117
     11.595       -15.82339    -0.08329    -0.05721   -15.68288
     11.745       -15.80511    -0.08326    -0.05704   -15.66481
     11.895       -15.78700    -0.08321    -0.05689   -15.64690
     12.045       -15.76918    -0.08317    -0.05672   -15.62930
     12.195       -15.75156    -0.08312    -0.05656   -15.61187
     12.345       -15.73418    -0.08308    -0.05642   -15.59469
     12.495       -15.71700    -0.08305    -0.05627   -15.57768
     12.645       -15.70005    -0.08302    -0.05613   -15.56090
     12.795       -15.68334    -0.08300    -0.05600   -15.54434
     12.945       -15.66678    -0.08297    -0.05587   -15.52795
     13.095       -15.65035    -0.08292    -0.05574   -15.51169
     13.245       -15.63418    -0.08289    -0.05561   -15.49568
     13.395       -15.61822    -0.08287    -0.05547   -15.47988
     13.545       -15.60241    -0.08286    -0.05535   -15.46421
     13.695       -15.58675    -0.08284    -0.05523   -15.44869
     13.845       -15.57132    -0.08282    -0.05512   -15.43339
     13.995       -15.55601    -0.08280    -0.05501   -15.41821
     14.145       -15.54088    -0.08278    -0.05490   -15.40320
     14.295       -15.52590    -0.08275    -0.05479   -15.38835
     14.445       -15.51108    -0.08273    -0.05467   -15.37368
     14.595       -15.49643    -0.08270    -0.05456   -15.35917
     14.745       -15.48193    -0.08268    -0.05445   -15.34480
     14.895       -15.46757    -0.08266    -0.05434   -15.33057
     15.045       -15.45340    -0.08264    -0.05424   -15.31652
     15.195       -15.43941    -0.08262    -0.05414   -15.30265
     15.345       -15.42553    -0.08261    -0.05405   -15.28886
     15.495       -15.41177    -0.08260    -0.05395   -15.27521
     15.645       -15.39815    -0.08260    -0.05387   -15.26169
     15.795       -15.38464    -0.08258    -0.05377   -15.24829
     15.945       -15.37126    -0.08257    -0.05369   -15.23501
     16.095       -15.35799    -0.08256    -0.05360   -15.22183
     16.245       -15.34491    -0.08254    -0.05352   -15.20885
     16.395       -15.33193    -0.08252    -0.05343   -15.19597
     16.545       -15.31908    -0.08251    -0.05335   -15.18322
     16.695       -15.30631    -0.08249    -0.05328   -15.17054
     16.845       -15.29368    -0.08247    -0.05322   -15.15799
     16.995       -15.28118    -0.08246    -0.05314   -15.14558
     17.145       -15.26883    -0.08245    -0.05307   -15.13331
     17.295       -15.25655    -0.08243    -0.05300   -15.12112
     17.445       -15.24435    -0.08243    -0.05292   -15.10900
     17.595       -15.23225    -0.08240    -0.05285   -15.09699
     17.745       -15.22030    -0.08240    -0.05278   -15.08512
     17.895       -15.20844    -0.08238    -0.05272   -15.07334
     18.045       -15.19665    -0.08236    -0.05265   -15.06164
     18.195       -15.18500    -0.08235    -0.05258   -15.05007
     18.345       -15.17347    -0.08235    -0.05252   -15.03860
     18.495       -15.16198    -0.08234    -0.05246   -15.02718
     18.645       -15.15061    -0.08234    -0.05239   -15.01588
     18.795       -15.13932    -0.08233    -0.05232   -15.00466
     18.945       -15.12809    -0.08231    -0.05226   -14.99352
     19.095       -15.11700    -0.08231    -0.05220   -14.98250
     19.245       -15.10599    -0.08230    -0.05214   -14.97155
     19.395       -15.09508    -0.08230    -0.05208   -14.96069
     19.545       -15.08423    -0.08229    -0.05202   -14.94993
     19.695       -15.07349    -0.08229    -0.05197   -14.93924
     19.845       -15.06285    -0.08229    -0.05191   -14.92866
     19.995       -15.05221    -0.08228    -0.05185   -14.91809
     20.145       -15.04168    -0.08226    -0.05178   -14.90763
     20.295       -15.03127    -0.08225    -0.05173   -14.89729
     20.445       -15.02092    -0.08224    -0.05167   -14.88700
     20.595       -15.01063    -0.08224    -0.05162   -14.87677
     20.745       -15.00043    -0.08224    -0.05156   -14.86663
     20.895       -14.99033    -0.08224    -0.05151   -14.85659
     21.045       -14.98032    -0.08223    -0.05146   -14.84663
     21.195       -14.97032    -0.08223    -0.05140   -14.83668
     21.345       -14.96040    -0.08222    -0.05136   -14.82682
     21.495       -14.95059    -0.08222    -0.05131   -14.81706
     21.645       -14.94082    -0.08222    -0.05126   -14.80735
     21.795       -14.93113    -0.08222    -0.05120   -14.79771
     21.945       -14.92154    -0.08221    -0.05116   -14.78817
     22.095       -14.91202    -0.08220    -0.05112   -14.77870
     22.245       -14.90255    -0.08219    -0.05106   -14.76929
     22.395       -14.89315    -0.08220    -0.05101   -14.75994
     22.545       -14.88380    -0.08219    -0.05096   -14.75065
     22.695       -14.87453    -0.08218    -0.05091   -14.74144
     22.845       -14.86527    -0.08218    -0.05086   -14.73223
     22.995       -14.85610    -0.08217    -0.05083   -14.72311
     23.145       -14.84701    -0.08216    -0.05078   -14.71408
     23.295       -14.83799    -0.08216    -0.05074   -14.70510
     23.445       -14.82903    -0.08215    -0.05069   -14.69619
     23.595       -14.82013    -0.08215    -0.05065   -14.68733
     23.745       -14.81125    -0.08215    -0.05060   -14.67850
     23.895       -14.80248    -0.08214    -0.05056   -14.66978
     24.045       -14.79372    -0.08214    -0.05052   -14.66107
     24.195       -14.78501    -0.08213    -0.05047   -14.65240
     24.345       -14.77638    -0.08213    -0.05043   -14.64383
     24.495       -14.76782    -0.08212    -0.05038   -14.63532
     24.645       -14.75931    -0.08212    -0.05034   -14.62684
     24.795       -14.75086    -0.08212    -0.05030   -14.61844
     24.945       -14.74242    -0.08212    -0.05026   -14.61004
     25.095       -14.73406    -0.08210    -0.05022   -14.60174
     25.245       -14.72575    -0.08211    -0.05018   -14.59347
     25.395       -14.71751    -0.08210    -0.05014   -14.58527
     25.545       -14.70933    -0.08211    -0.05010   -14.57713
     25.695       -14.70117    -0.08210    -0.05006   -14.56901
     25.845       -14.69305    -0.08209    -0.05002   -14.56094
     25.995       -14.68502    -0.08209    -0.04998   -14.55295
     26.145       -14.67700    -0.08209    -0.04994   -14.54496
     26.295       -14.66903    -0.08209    -0.04991   -14.53703
     26.445       -14.66108    -0.08209    -0.04987   -14.52913
     26.595       -14.65323    -0.08208    -0.04983   -14.52132
     26.745       -14.64543    -0.08208    -0.04980   -14.51354
     26.895       -14.63766    -0.08208    -0.04977   -14.50582
     27.045       -14.62994    -0.08208    -0.04974   -14.49813
     27.195       -14.62222    -0.08207    -0.04970   -14.49045
     27.345       -14.61459    -0.08207    -0.04967   -14.48286
     27.495       -14.60700    -0.08206    -0.04963   -14.47531
     27.645       -14.59946    -0.08206    -0.04960   -14.46780
     27.795       -14.59194    -0.08207    -0.04955   -14.46032
     27.945       -14.58446    -0.08207    -0.04952   -14.45287
     28.095       -14.57706    -0.08206    -0.04948   -14.44552
     28.245       -14.56965    -0.08206    -0.04944   -14.43815
     28.395       -14.56233    -0.08206    -0.04941   -14.43086
     28.545       -14.55501    -0.08206    -0.04937   -14.42358
     28.695       -14.54780    -0.08206    -0.04935   -14.41639
     28.845       -14.54056    -0.08206    -0.04932   -14.40919
     28.995       -14.53337    -0.08205    -0.04928   -14.40204
     29.145       -14.52624    -0.08205    -0.04924   -14.39494
     29.295       -14.51909    -0.08205    -0.04921   -14.38783
     29.445       -14.51201    -0.08205    -0.04917   -14.38079
     29.595       -14.50497    -0.08205    -0.04914   -14.37378
     29.745       -14.49799    -0.08205    -0.04911   -14.36682
     29.895       -14.49104    -0.08205    -0.04909   -14.35990
     30.045       -14.48410    -0.08205    -0.04905   -14.35299
     30.195       -14.47721    -0.08205    -0.04902   -14.34614
     30.345       -14.47033    -0.08206    -0.04899   -14.33929
     30.495       -14.46351    -0.08206    -0.04895   -14.33249
     30.645       -14.45674    -0.08206    -0.04893   -14.32575
     30.795       -14.44998    -0.08206    -0.04889   -14.31903
     30.945       -14.44328    -0.08205    -0.04886   -14.31237
     31.095       -14.43660    -0.08205    -0.04882   -14.30574
     31.245       -14.42995    -0.08205    -0.04879   -14.29910
     31.395       -14.42333    -0.08205    -0.04876   -14.29252
     31.545       -14.41673    -0.08205    -0.04873   -14.28595
     31.695       -14.41018    -0.08205    -0.04870   -14.27943
     31.845       -14.40367    -0.08205    -0.04867   -14.27295
     31.995       -14.39719    -0.08205    -0.04864   -14.26650
     32.145       -14.39074    -0.08206    -0.04861   -14.26008
     32.295       -14.38432    -0.08206    -0.04858   -14.25368
     32.445       -14.37793    -0.08205    -0.04855   -14.24732
     32.595       -14.37155    -0.08205    -0.04852   -14.24097
     32.745       -14.36524    -0.08205    -0.04850   -14.23470
     32.895       -14.35893    -0.08205    -0.04847   -14.22841
     33.045       -14.35265    -0.08205    -0.04844   -14.22215
     33.195       -14.34641    -0.08205    -0.04842   -14.21595
     33.345       -14.34021    -0.08204    -0.04840   -14.20977
     33.495       -14.33405    -0.08204    -0.04836   -14.20364
     33.645       -14.32793    -0.08204    -0.04834   -14.19755
     33.795       -14.32182    -0.08204    -0.04831   -14.19147
     33.945       -14.31574    -0.08204    -0.04828   -14.18542
     34.095       -14.30970    -0.08204    -0.04825   -14.17941
     34.245       -14.30368    -0.08204    -0.04822   -14.17342
     34.395       -14.29767    -0.08205    -0.04819   -14.16743
     34.545       -14.29170    -0.08205    -0.04816   -14.16149
     34.695       -14.28574    -0.08205    -0.04813   -14.15556
     34.845       -14.27984    -0.08205    -0.04810   -14.14968
     34.995       -14.27392    -0.08205    -0.04807   -14.14380
     35.145       -14.26808    -0.08206    -0.04805   -14.13798
     35.295       -14.26228    -0.08206    -0.04803   -14.13219
     35.445       -14.25646    -0.08207    -0.04800   -14.12639
     35.595       -14.25068    -0.08207    -0.04797   -14.12064
     35.745       -14.24494    -0.08208    -0.04795   -14.11492
     35.895       -14.23921    -0.08207    -0.04792   -14.10922
     36.045       -14.23351    -0.08207    -0.04790   -14.10354
     36.195       -14.22783    -0.08207    -0.04787   -14.09788
     36.345       -14.22218    -0.08207    -0.04785   -14.09226
     36.495       -14.21652    -0.08207    -0.04783   -14.08663
     36.645       -14.21090    -0.08207    -0.04780   -14.08103
     36.795       -14.20527    -0.08207    -0.04777   -14.07543
     36.945       -14.19970    -0.08207    -0.04775   -14.06989
     37.095       -14.19416    -0.08206    -0.04772   -14.06437
     37.245       -14.18867    -0.08206    -0.04769   -14.05892
     37.395       -14.18319    -0.08206    -0.04767   -14.05346
     37.545       -14.17773    -0.08206    -0.04765   -14.04803
     37.695       -14.17226    -0.08205    -0.04762   -14.04259
     37.845       -14.16683    -0.08206    -0.04760   -14.03718
     37.995       -14.16140    -0.08206    -0.04757   -14.03177
     38.145       -14.15601    -0.08205    -0.04755   -14.02641
     38.295       -14.15067    -0.08205    -0.04753   -14.02109
     38.445       -14.14533    -0.08205    -0.04750   -14.01578
     38.595       -14.14003    -0.08206    -0.04748   -14.01049
     38.745       -14.13474    -0.08206    -0.04745   -14.00523
     38.895       -14.12946    -0.08206    -0.04743   -13.99998
     39.045       -14.12421    -0.08205    -0.04741   -13.99475
     39.195       -14.11900    -0.08206    -0.04738   -13.98956
     39.345       -14.11380    -0.08206    -0.04736   -13.98438
     39.495       -14.10860    -0.08205    -0.04734   -13.97921
     39.645       -14.10345    -0.08205    -0.04732   -13.97408
     39.795       -14.09831    -0.08206    -0.04730   -13.96896
     39.945       -14.09318    -0.08206    -0.04728   -13.96385
     40.095       -14.08809    -0.08206    -0.04726   -13.95878
     40.245       -14.08301    -0.08206    -0.04723   -13.95372
     40.395       -14.07795    -0.08206    -0.04721   -13.94868
     40.545       -14.07290    -0.08206    -0.04719   -13.94365
     40.695       -14.06787    -0.08206    -0.04716   -13.93865
     40.845       -14.06289    -0.08206    -0.04714   -13.93369
     40.995       -14.05789    -0.08206    -0.04712   -13.92871
     41.145       -14.05292    -0.08206    -0.04710   -13.92376
     41.295       -14.04796    -0.08206    -0.04708   -13.91882
     41.445       -14.04303    -0.08206    -0.04706   -13.91391
     41.595       -14.03812    -0.08206    -0.04704   -13.90902
     41.745       -14.03322    -0.08206    -0.04701   -13.90415
     41.895       -14.02837    -0.08206    -0.04699   -13.89932
     42.045       -14.02349    -0.08205    -0.04697   -13.89447
     42.195       -14.01867    -0.08205    -0.04696   -13.88965
     42.345       -14.01386    -0.08206    -0.04694   -13.88486
     42.495       -14.00906    -0.08205    -0.04691   -13.88009
     42.645       -14.00429    -0.08205    -0.04690   -13.87534
     42.795       -13.99953    -0.08206    -0.04687   -13.87060
     42.945       -13.99477    -0.08206    -0.04686   -13.86586
     43.095       -13.99003    -0.08206    -0.04683   -13.86114
     43.245       -13.98533    -0.08206    -0.04682   -13.85645
     43.395       -13.98063    -0.08206    -0.04681   -13.85176
     43.545       -13.97596    -0.08206    -0.04679   -13.84711
     43.695       -13.97130    -0.08206    -0.04677   -13.84247
     43.845       -13.96665    -0.08207    -0.04674   -13.83784
     43.995       -13.96204    -0.08206    -0.04672   -13.83325
     44.145       -13.95741    -0.08206    -0.04671   -13.82865
     44.295       -13.95283    -0.08206    -0.04669   -13.82409
     44.445       -13.94826    -0.08207    -0.04666   -13.81953
     44.595       -13.94371    -0.08206    -0.04664   -13.81501
     44.745       -13.93915    -0.08206    -0.04662   -13.81047
     44.895       -13.93460    -0.08206    -0.04660   -13.80594
     45.045       -13.93007    -0.08205    -0.04658   -13.80144
     45.195       -13.92557    -0.08205    -0.04655   -13.79697
     45.345       -13.92111    -0.08206    -0.04654   -13.79252
     45.495       -13.91666    -0.08206    -0.04651   -13.78809
     45.645       -13.91223    -0.08206    -0.04650   -13.78367
     45.795       -13.90777    -0.08206    -0.04648   -13.77923
     45.945       -13.90333    -0.08206    -0.04646   -13.77481
     46.095       -13.89897    -0.08206    -0.04644   -13.77046
     46.245       -13.89457    -0.08206    -0.04643   -13.76608
     46.395       -13.89020    -0.08206    -0.04641   -13.76173
     46.545       -13.88586    -0.08206    -0.04639   -13.75741
     46.695       -13.88153    -0.08206    -0.04637   -13.75309
     46.845       -13.87722    -0.08207    -0.04635   -13.74881
     46.995       -13.87290    -0.08207    -0.04633   -13.74451
     47.145       -13.86860    -0.08206    -0.04630   -13.74024
     47.295       -13.86431    -0.08206    -0.04628   -13.73597
     47.445       -13.86005    -0.08206    -0.04626   -13.73172
     47.595       -13.85578    -0.08207    -0.04625   -13.72747
     47.745       -13.85152    -0.08207    -0.04623   -13.72323
     47.895       -13.84730    -0.08207    -0.04621   -13.71902
     48.045       -13.84310    -0.08207    -0.04619   -13.71484
     48.195       -13.83890    -0.08206    -0.04618   -13.71066
     48.345       -13.83470    -0.08206    -0.04616   -13.70648
     48.495       -13.83053    -0.08205    -0.04615   -13.70233
     48.645       -13.82637    -0.08206    -0.04613   -13.69818
     48.795       -13.82222    -0.08206    -0.04611   -13.69405
     48.945       -13.81810    -0.08206    -0.04609   -13.68995
     49.095       -13.81398    -0.08206    -0.04608   -13.68584
     49.245       -13.80990    -0.08206    -0.04607   -13.68177
     49.395       -13.80581    -0.08206    -0.04606   -13.67770
     49.545       -13.80173    -0.08206    -0.04604   -13.67363
     49.695       -13.79765    -0.08207    -0.04602   -13.66957
     49.845       -13.79362    -0.08207    -0.04600   -13.66555
     49.995       -13.78960    -0.08207    -0.04599   -13.66154
     50.145       -13.78556    -0.08207    -0.04598   -13.65751
     50.295       -13.78154    -0.08207    -0.04596   -13.65351
     50.445       -13.77755    -0.08207    -0.04594   -13.64954
     50.595       -13.77356    -0.08207    -0.04593   -13.64557
     50.745       -13.76960    -0.08207    -0.04591   -13.64162
     50.895       -13.76563    -0.08207    -0.04590   -13.63767
     51.045       -13.76169    -0.08207    -0.04588   -13.63374
     51.195       -13.75775    -0.08207    -0.04587   -13.62981
     51.345       -13.75383    -0.08207    -0.04585   -13.62591
     51.495       -13.74992    -0.08207    -0.04584   -13.62201
     51.645       -13.74602    -0.08207    -0.04583   -13.61812
     51.795       -13.74213    -0.08207    -0.04581   -13.61424
     51.945       -13.73827    -0.08207    -0.04580   -13.61040
     52.095       -13.73442    -0.08208    -0.04578   -13.60656
     52.245       -13.73057    -0.08208    -0.04577   -13.60273
     52.395       -13.72673    -0.08208    -0.04575   -13.59890
     52.545       -13.72287    -0.08208    -0.04574   -13.59505
     52.695       -13.71904    -0.08208    -0.04572   -13.59124
     52.845       -13.71524    -0.08207    -0.04571   -13.58746
     52.995       -13.71144    -0.08207    -0.04569   -13.58368
     53.145       -13.70765    -0.08207    -0.04567   -13.57990
     53.295       -13.70389    -0.08208    -0.04566   -13.57615
     53.445       -13.70014    -0.08208    -0.04565   -13.57242
     53.595       -13.69641    -0.08208    -0.04563   -13.56870
     53.745       -13.69266    -0.08208    -0.04561   -13.56497
     53.895       -13.68893    -0.08208    -0.04559   -13.56126
     54.045       -13.68523    -0.08208    -0.04557   -13.55757
     54.195       -13.68153    -0.08208    -0.04556   -13.55389
     54.345       -13.67784    -0.08208    -0.04555   -13.55022
     54.495       -13.67417    -0.08208    -0.04553   -13.54656
     54.645       -13.67047    -0.08208    -0.04551   -13.54288
     54.795       -13.66681    -0.08208    -0.04549   -13.53923
     54.945       -13.66313    -0.08208    -0.04548   -13.53557
     55.095       -13.65950    -0.08208    -0.04546   -13.53196
     59.433       -13.37421    -0.08215    -0.04428   -13.24777
     80.646       -12.95665    -0.08222    -0.04249   -12.83194
     111.21       -12.54995    -0.08237    -0.04081   -12.42676
     153.36       -12.15481    -0.08252    -0.03909   -12.03320
     211.49       -11.77177    -0.08270    -0.03749   -11.65158
     291.64       -11.40051    -0.08294    -0.03585   -11.28171
     402.18       -11.04088    -0.08314    -0.03424   -10.92351
     554.60       -10.69302    -0.08331    -0.03271   -10.57700
     764.80       -10.35666    -0.08350    -0.03119   -10.24198
     1054.7       -10.03147    -0.08369    -0.02973    -9.91805
     1454.4        -9.71670    -0.08389    -0.02828    -9.60453
     2005.6        -9.41232    -0.08414    -0.02686    -9.30132
     2765.8        -9.11766    -0.08437    -0.02551    -9.00779
     3814.0        -8.83214    -0.08457    -0.02414    -8.72342
     5259.5        -8.55569    -0.08484    -0.02281    -8.44804
     7252.9        -8.28758    -0.08508    -0.02150    -8.18100
     10002.        -8.02756    -0.08532    -0.02022    -7.92202
     13793.        -7.77547    -0.08556    -0.01900    -7.67091
     19020.        -7.53172    -0.08582    -0.01780    -7.42810
     26229.        -7.29673    -0.08608    -0.01665    -7.19400
     36170.        -7.07098    -0.08632    -0.01554    -6.96912
     49878.        -6.85484    -0.08655    -0.01447    -6.75382
     68782.        -6.64806    -0.08678    -0.01347    -6.54782
     94851.        -6.45068    -0.08700    -0.01249    -6.35119
    0.13080E+06    -6.26230    -0.08724    -0.01158    -6.16349
    0.18038E+06    -6.08260    -0.08750    -0.01067    -5.98443
    0.24874E+06    -5.91127    -0.08772    -0.00983    -5.81373
    0.34301E+06    -5.74800    -0.08797    -0.00900    -5.65103
    0.47302E+06    -5.59246    -0.08821    -0.00822    -5.49604
    0.65229E+06    -5.44428    -0.08842    -0.00748    -5.34838
    0.89952E+06    -5.30319    -0.08863    -0.00678    -5.20778
    0.12404E+07    -5.16894    -0.08886    -0.00610    -5.07397
    0.17106E+07    -5.04118    -0.08911    -0.00547    -4.94660
    0.23589E+07    -4.91951    -0.08934    -0.00486    -4.82531
    0.32529E+07    -4.80379    -0.08956    -0.00428    -4.70996
    0.44858E+07    -4.69368    -0.08977    -0.00373    -4.60019
    0.61860E+07    -4.58889    -0.08998    -0.00320    -4.49571
    0.85305E+07    -4.48918    -0.09016    -0.00270    -4.39631
    0.11764E+08    -4.39421    -0.09033    -0.00222    -4.30166
    0.16222E+08    -4.30392    -0.09051    -0.00176    -4.21165
    0.22370E+08    -4.21799    -0.09068    -0.00133    -4.12599
    0.30849E+08    -4.13643    -0.09083    -0.00092    -4.04468
    0.42541E+08    -4.05951    -0.09096    -0.00054    -3.96802
    0.58664E+08    -3.98763    -0.09109    -0.00019    -3.89636
    0.80898E+08    -3.92034    -0.09122     0.00015    -3.82927
    0.11156E+09    -3.85740    -0.09134     0.00045    -3.76652
    0.15384E+09    -3.79845    -0.09144     0.00075    -3.70775
    0.21215E+09    -3.74306    -0.09155     0.00102    -3.65253
    0.29255E+09    -3.69099    -0.09165     0.00128    -3.60062
    0.40343E+09    -3.64211    -0.09173     0.00153    -3.55191
    0.55633E+09    -3.59618    -0.09181     0.00176    -3.50612
    0.76719E+09    -3.55339    -0.09189     0.00197    -3.46347
    0.10580E+10    -3.51471    -0.09196     0.00215    -3.42490
    0.14589E+10    -3.47931    -0.09203     0.00233    -3.38961
    0.20119E+10    -3.44671    -0.09208     0.00249    -3.35712
    0.27744E+10    -3.41667    -0.09214     0.00264    -3.32717
    0.38259E+10    -3.38901    -0.09219     0.00278    -3.29959
    0.52760E+10    -3.36347    -0.09224     0.00290    -3.27413
    0.72756E+10    -3.33991    -0.09228     0.00302    -3.25066
    0.10033E+11    -3.31817    -0.09231     0.00313    -3.22898
    0.13836E+11    -3.29802    -0.09236     0.00324    -3.20890
    0.19079E+11    -3.27950    -0.09239     0.00334    -3.19045
    0.26311E+11    -3.26241    -0.09242     0.00343    -3.17341
    0.36283E+11    -3.24660    -0.09245     0.00351    -3.15766
    0.50034E+11    -3.23201    -0.09248     0.00359    -3.14311
    0.68997E+11    -3.21858    -0.09251     0.00366    -3.12973
    0.10000E+12    -3.05716    -0.09284     0.00453    -2.96885
