    -99.945         0.00000     0.00000     0.00000     0.00000
    -99.795         0.00000     0.00000     0.00000     0.00000
    -99.645         0.00000     0.00000     0.00000     0.00000
    -99.495         0.00000     0.00000     0.00000     0.00000
    -99.345         0.00000     0.00000     0.00000     0.00000
    -99.195         0.00000     0.00000     0.00000     0.00000
    -99.045         0.00000     0.00000     0.00000     0.00000
    -98.895         0.00000     0.00000     0.00000     0.00000
    -98.745         0.00000     0.00000     0.00000     0.00000
    -98.595         0.00000     0.00000     0.00000     0.00000
    -98.445         0.00000     0.00000     0.00000     0.00000
    -98.295         0.00000     0.00000     0.00000     0.00000
    -98.145         0.00000     0.00000     0.00000     0.00000
    -97.995         0.00000     0.00000     0.00000     0.00000
    -97.845         0.00000     0.00000     0.00000     0.00000
    -97.695         0.00000     0.00000     0.00000     0.00000
    -97.545         0.00000     0.00000     0.00000     0.00000
    -97.395         0.00000     0.00000     0.00000     0.00000
    -97.245         0.00000     0.00000     0.00000     0.00000
    -97.095         0.00000     0.00000     0.00000     0.00000
    -96.945         0.00000     0.00000     0.00000     0.00000
    -96.795         0.00000     0.00000     0.00000     0.00000
    -96.645         0.00000     0.00000     0.00000     0.00000
    -96.495         0.00000     0.00000     0.00000     0.00000
    -96.345         0.00000     0.00000     0.00000     0.00000
    -96.195         0.00000     0.00000     0.00000     0.00000
    -96.045         0.00000     0.00000     0.00000     0.00000
    -95.895         0.00000     0.00000     0.00000     0.00000
    -95.745         0.00000     0.00000     0.00000     0.00000
    -95.595         0.00000     0.00000     0.00000     0.00000
    -95.445         0.00000     0.00000     0.00000     0.00000
    -95.295         0.00000     0.00000     0.00000     0.00000
    -95.145         0.00000     0.00000     0.00000     0.00000
    -94.995         0.00000     0.00000     0.00000     0.00000
    -94.845         0.00000     0.00000     0.00000     0.00000
    -94.695         0.00000     0.00000     0.00000     0.00000
    -94.545         0.00000     0.00000     0.00000     0.00000
    -94.395         0.00000     0.00000     0.00000     0.00000
    -94.245         0.00000     0.00000     0.00000     0.00000
    -94.095         0.00000     0.00000     0.00000     0.00000
    -93.945         0.00000     0.00000     0.00000     0.00000
    -93.795         0.00000     0.00000     0.00000     0.00000
    -93.645         0.00000     0.00000     0.00000     0.00000
    -93.495         0.00000     0.00000     0.00000     0.00000
    -93.345         0.00000     0.00000     0.00000     0.00000
    -93.195         0.00000     0.00000     0.00000     0.00000
    -93.045         0.00000     0.00000     0.00000     0.00000
    -92.895         0.00000     0.00000     0.00000     0.00000
    -92.745         0.00000     0.00000     0.00000     0.00000
    -92.595         0.00000     0.00000     0.00000     0.00000
    -92.445         0.00000     0.00000     0.00000     0.00000
    -92.295         0.00000     0.00000     0.00000     0.00000
    -92.145         0.00000     0.00000     0.00000     0.00000
    -91.995         0.00000     0.00000     0.00000     0.00000
    -91.845         0.00000     0.00000     0.00000     0.00000
    -91.695         0.00000     0.00000     0.00000     0.00000
    -91.545         0.00000     0.00000     0.00000     0.00000
    -91.395         0.00000     0.00000     0.00000     0.00000
    -91.245         0.00000     0.00000     0.00000     0.00000
    -91.095         0.00000     0.00000     0.00000     0.00000
    -90.945         0.00000     0.00000     0.00000     0.00000
    -90.795         0.00000     0.00000     0.00000     0.00000
    -90.645         0.00000     0.00000     0.00000     0.00000
    -90.495         0.00000     0.00000     0.00000     0.00000
    -90.345         0.00000     0.00000     0.00000     0.00000
    -90.195         0.00000     0.00000     0.00000     0.00000
    -90.045         0.00000     0.00000     0.00000     0.00000
    -89.895         0.00000     0.00000     0.00000     0.00000
    -89.745         0.00000     0.00000     0.00000     0.00000
    -89.595         0.00000     0.00000     0.00000     0.00000
    -89.445         0.00000     0.00000     0.00000     0.00000
    -89.295         0.00000     0.00000     0.00000     0.00000
    -89.145         0.00000     0.00000     0.00000     0.00000
    -88.995         0.00000     0.00000     0.00000     0.00000
    -88.845         0.00000     0.00000     0.00000     0.00000
    -88.695         0.00000     0.00000     0.00000     0.00000
    -88.545         0.00000     0.00000     0.00000     0.00000
    -88.395         0.00000     0.00000     0.00000     0.00000
    -88.245         0.00000     0.00000     0.00000     0.00000
    -88.095         0.00000     0.00000     0.00000     0.00000
    -87.945         0.00000     0.00000     0.00000     0.00000
    -87.795         0.00000     0.00000     0.00000     0.00000
    -87.645         0.00000     0.00000     0.00000     0.00000
    -87.495         0.00000     0.00000     0.00000     0.00000
    -87.345         0.00000     0.00000     0.00000     0.00000
    -87.195         0.00000     0.00000     0.00000     0.00000
    -87.045         0.00000     0.00000     0.00000     0.00000
    -86.895         0.00000     0.00000     0.00000     0.00000
    -86.745         0.00000     0.00000     0.00000     0.00000
    -86.595         0.00000     0.00000     0.00000     0.00000
    -86.445         0.00000     0.00000     0.00000     0.00000
    -86.295         0.00000     0.00000     0.00000     0.00000
    -86.145         0.00000     0.00000     0.00000     0.00000
    -85.995         0.00000     0.00000     0.00000     0.00000
    -85.845         0.00000     0.00000     0.00000     0.00000
    -85.695         0.00000     0.00000     0.00000     0.00000
    -85.545         0.00000     0.00000     0.00000     0.00000
    -85.395         0.00000     0.00000     0.00000     0.00000
    -85.245         0.00000     0.00000     0.00000     0.00000
    -85.095         0.00000     0.00000     0.00000     0.00000
    -84.945         0.00000     0.00000     0.00000     0.00000
    -84.795         0.00000     0.00000     0.00000     0.00000
    -84.645         0.00000     0.00000     0.00000     0.00000
    -84.495         0.00000     0.00000     0.00000     0.00000
    -84.345         0.00000     0.00000     0.00000     0.00000
    -84.195         0.00000     0.00000     0.00000     0.00000
    -84.045         0.00000     0.00000     0.00000     0.00000
    -83.895         0.00000     0.00000     0.00000     0.00000
    -83.745         0.00000     0.00000     0.00000     0.00000
    -83.595         0.00000     0.00000     0.00000     0.00000
    -83.445         0.00000     0.00000     0.00000     0.00000
    -83.295         0.00000     0.00000     0.00000     0.00000
    -83.145         0.00000     0.00000     0.00000     0.00000
    -82.995         0.00000     0.00000     0.00000     0.00000
    -82.845         0.00000     0.00000     0.00000     0.00000
    -82.695         0.00000     0.00000     0.00000     0.00000
    -82.545         0.00000     0.00000     0.00000     0.00000
    -82.395         0.00000     0.00000     0.00000     0.00000
    -82.245         0.00000     0.00000     0.00000     0.00000
    -82.095         0.00000     0.00000     0.00000     0.00000
    -81.945         0.00000     0.00000     0.00000     0.00000
    -81.795         0.00000     0.00000     0.00000     0.00000
    -81.645         0.00000     0.00000     0.00000     0.00000
    -81.495         0.00000     0.00000     0.00000     0.00000
    -81.345         0.00000     0.00000     0.00000     0.00000
    -81.195         0.00000     0.00000     0.00000     0.00000
    -81.045         0.00000     0.00000     0.00000     0.00000
    -80.895         0.00000     0.00000     0.00000     0.00000
    -80.745         0.00000     0.00000     0.00000     0.00000
    -80.595         0.00000     0.00000     0.00000     0.00000
    -80.445         0.00000     0.00000     0.00000     0.00000
    -80.295         0.00000     0.00000     0.00000     0.00000
    -80.145         0.00000     0.00000     0.00000     0.00000
    -79.995         0.00000     0.00000     0.00000     0.00000
    -79.845         0.00000     0.00000     0.00000     0.00000
    -79.695         0.00000     0.00000     0.00000     0.00000
    -79.545         0.00000     0.00000     0.00000     0.00000
    -79.395         0.00000     0.00000     0.00000     0.00000
    -79.245         0.00000     0.00000     0.00000     0.00000
    -79.095         0.00000     0.00000     0.00000     0.00000
    -78.945         0.00000     0.00000     0.00000     0.00000
    -78.795         0.00000     0.00000     0.00000     0.00000
    -78.645         0.00000     0.00000     0.00000     0.00000
    -78.495         0.00000     0.00000     0.00000     0.00000
    -78.345         0.00000     0.00000     0.00000     0.00000
    -78.195         0.00000     0.00000     0.00000     0.00000
    -78.045         0.00000     0.00000     0.00000     0.00000
    -77.895         0.00000     0.00000     0.00000     0.00000
    -77.745         0.00000     0.00000     0.00000     0.00000
    -77.595         0.00000     0.00000     0.00000     0.00000
    -77.445         0.00000     0.00000     0.00000     0.00000
    -77.295         0.00000     0.00000     0.00000     0.00000
    -77.145         0.00000     0.00000     0.00000     0.00000
    -76.995         0.00000     0.00000     0.00000     0.00000
    -76.845         0.00000     0.00000     0.00000     0.00000
    -76.695         0.00000     0.00000     0.00000     0.00000
    -76.545         0.00000     0.00000     0.00000     0.00000
    -76.395         0.00000     0.00000     0.00000     0.00000
    -76.245         0.00000     0.00000     0.00000     0.00000
    -76.095         0.00000     0.00000     0.00000     0.00000
    -75.945         0.00000     0.00000     0.00000     0.00000
    -75.795         0.00000     0.00000     0.00000     0.00000
    -75.645         0.00000     0.00000     0.00000     0.00000
    -75.495         0.00000     0.00000     0.00000     0.00000
    -75.345         0.00000     0.00000     0.00000     0.00000
    -75.195         0.00000     0.00000     0.00000     0.00000
    -75.045         0.00000     0.00000     0.00000     0.00000
    -74.895         0.00000     0.00000     0.00000     0.00000
    -74.745         0.00000     0.00000     0.00000     0.00000
    -74.595         0.00000     0.00000     0.00000     0.00000
    -74.445         0.00000     0.00000     0.00000     0.00000
    -74.295         0.00000     0.00000     0.00000     0.00000
    -74.145         0.00000     0.00000     0.00000     0.00000
    -73.995         0.00000     0.00000     0.00000     0.00000
    -73.845         0.00000     0.00000     0.00000     0.00000
    -73.695         0.00000     0.00000     0.00000     0.00000
    -73.545         0.00000     0.00000     0.00000     0.00000
    -73.395         0.00000     0.00000     0.00000     0.00000
    -73.245         0.00000     0.00000     0.00000     0.00000
    -73.095         0.00000     0.00000     0.00000     0.00000
    -72.945         0.00000     0.00000     0.00000     0.00000
    -72.795         0.00000     0.00000     0.00000     0.00000
    -72.645         0.00000     0.00000     0.00000     0.00000
    -72.495         0.00000     0.00000     0.00000     0.00000
    -72.345         0.00000     0.00000     0.00000     0.00000
    -72.195         0.00000     0.00000     0.00000     0.00000
    -72.045         0.00000     0.00000     0.00000     0.00000
    -71.895         0.00000     0.00000     0.00000     0.00000
    -71.745         0.00000     0.00000     0.00000     0.00000
    -71.595         0.00000     0.00000     0.00000     0.00000
    -71.445         0.00000     0.00000     0.00000     0.00000
    -71.295         0.00000     0.00000     0.00000     0.00000
    -71.145         0.00000     0.00000     0.00000     0.00000
    -70.995         0.00000     0.00000     0.00000     0.00000
    -70.845         0.00000     0.00000     0.00000     0.00000
    -70.695         0.00000     0.00000     0.00000     0.00000
    -70.545         0.00000     0.00000     0.00000     0.00000
    -70.395         0.00000     0.00000     0.00000     0.00000
    -70.245         0.00000     0.00000     0.00000     0.00000
    -70.095         0.00000     0.00000     0.00000     0.00000
    -69.945         0.00000     0.00000     0.00000     0.00000
    -69.795         0.00000     0.00000     0.00000     0.00000
    -69.645         0.00000     0.00000     0.00000     0.00000
    -69.495         0.00000     0.00000     0.00000     0.00000
    -69.345         0.00000     0.00000     0.00000     0.00000
    -69.195         0.00000     0.00000     0.00000     0.00000
    -69.045         0.00000     0.00000     0.00000     0.00000
    -68.895         0.00000     0.00000     0.00000     0.00000
    -68.745         0.00000     0.00000     0.00000     0.00000
    -68.595         0.00000     0.00000     0.00000     0.00000
    -68.445         0.00000     0.00000     0.00000     0.00000
    -68.295         0.00000     0.00000     0.00000     0.00000
    -68.145         0.00000     0.00000     0.00000     0.00000
    -67.995         0.00000     0.00000     0.00000     0.00000
    -67.845         0.00000     0.00000     0.00000     0.00000
    -67.695         0.00000     0.00000     0.00000     0.00000
    -67.545         0.00000     0.00000     0.00000     0.00000
    -67.395         0.00000     0.00000     0.00000     0.00000
    -67.245         0.00000     0.00000     0.00000     0.00000
    -67.095         0.00000     0.00000     0.00000     0.00000
    -66.945         0.00000     0.00000     0.00000     0.00000
    -66.795         0.00000     0.00000     0.00000     0.00000
    -66.645         0.00000     0.00000     0.00000     0.00000
    -66.495         0.00000     0.00000     0.00000     0.00000
    -66.345         0.00000     0.00000     0.00000     0.00000
    -66.195         0.00000     0.00000     0.00000     0.00000
    -66.045         0.00000     0.00000     0.00000     0.00000
    -65.895         0.00000     0.00000     0.00000     0.00000
    -65.745         0.00000     0.00000     0.00000     0.00000
    -65.595         0.00000     0.00000     0.00000     0.00000
    -65.445         0.00000     0.00000     0.00000     0.00000
    -65.295         0.00000     0.00000     0.00000     0.00000
    -65.145         0.00000     0.00000     0.00000     0.00000
    -64.995         0.00000     0.00000     0.00000     0.00000
    -64.845         0.00000     0.00000     0.00000     0.00000
    -64.695         0.00000     0.00000     0.00000     0.00000
    -64.545         0.00000     0.00000     0.00000     0.00000
    -64.395         0.00000     0.00000     0.00000     0.00000
    -64.245         0.00000     0.00000     0.00000     0.00000
    -64.095         0.00000     0.00000     0.00000     0.00000
    -63.945         0.00000     0.00000     0.00000     0.00000
    -63.795         0.00000     0.00000     0.00000     0.00000
    -63.645         0.00000     0.00000     0.00000     0.00000
    -63.495         0.00000     0.00000     0.00000     0.00000
    -63.345         0.00000     0.00000     0.00000     0.00000
    -63.195         0.00000     0.00000     0.00000     0.00000
    -63.045         0.00000     0.00000     0.00000     0.00000
    -62.895         0.00000     0.00000     0.00000     0.00000
    -62.745         0.00000     0.00000     0.00000     0.00000
    -62.595         0.00000     0.00000     0.00000     0.00000
    -62.445         0.00000     0.00000     0.00000     0.00000
    -62.295         0.00000     0.00000     0.00000     0.00000
    -62.145         0.00000     0.00000     0.00000     0.00000
    -61.995         0.00000     0.00000     0.00000     0.00000
    -61.845         0.00000     0.00000     0.00000     0.00000
    -61.695         0.00000     0.00000     0.00000     0.00000
    -61.545         0.00000     0.00000     0.00000     0.00000
    -61.395         0.00000     0.00000     0.00000     0.00000
    -61.245         0.00000     0.00000     0.00000     0.00000
    -61.095         0.00000     0.00000     0.00000     0.00000
    -60.945         0.00000     0.00000     0.00000     0.00000
    -60.795         0.00000     0.00000     0.00000     0.00000
    -60.645         0.00000     0.00000     0.00000     0.00000
    -60.495         0.00000     0.00000     0.00000     0.00000
    -60.345         0.00000     0.00000     0.00000     0.00000
    -60.195         0.00000     0.00000     0.00000     0.00000
    -60.045         0.00000     0.00000     0.00000     0.00000
    -59.895         0.00000     0.00000     0.00000     0.00000
    -59.745         0.00000     0.00000     0.00000     0.00000
    -59.595         0.00000     0.00000     0.00000     0.00000
    -59.445         0.00000     0.00000     0.00000     0.00000
    -59.295         0.00000     0.00000     0.00000     0.00000
    -59.145         0.00000     0.00000     0.00000     0.00000
    -58.995         0.00000     0.00000     0.00000     0.00000
    -58.845         0.00000     0.00000     0.00000     0.00000
    -58.695         0.00000     0.00000     0.00000     0.00000
    -58.545         0.00000     0.00000     0.00000     0.00000
    -58.395         0.00000     0.00000     0.00000     0.00000
    -58.245         0.00000     0.00000     0.00000     0.00000
    -58.095         0.00000     0.00000     0.00000     0.00000
    -57.945         0.00000     0.00000     0.00000     0.00000
    -57.795         0.00000     0.00000     0.00000     0.00000
    -57.645         0.00000     0.00000     0.00000     0.00000
    -57.495         0.00000     0.00000     0.00000     0.00000
    -57.345         0.00000     0.00000     0.00000     0.00000
    -57.195         0.00000     0.00000     0.00000     0.00000
    -57.045         0.00000     0.00000     0.00000     0.00000
    -56.895         0.00000     0.00000     0.00000     0.00000
    -56.745         0.00000     0.00000     0.00000     0.00000
    -56.595         0.00000     0.00000     0.00000     0.00000
    -56.445         0.00000     0.00000     0.00000     0.00000
    -56.295         0.00000     0.00000     0.00000     0.00000
    -56.145         0.00000     0.00000     0.00000     0.00000
    -55.995         0.00000     0.00000     0.00000     0.00000
    -55.845         0.00000     0.00000     0.00000     0.00000
    -55.695         0.00000     0.00000     0.00000     0.00000
    -55.545         0.00000     0.00000     0.00000     0.00000
    -55.395         0.00000     0.00000     0.00000     0.00000
    -55.245         0.00000     0.00000     0.00000     0.00000
    -55.095         0.00000     0.00000     0.00000     0.00000
    -54.945         0.00000     0.00000     0.00000     0.00000
    -54.795         0.00000     0.00000     0.00000     0.00000
    -54.645         0.00000     0.00000     0.00000     0.00000
    -54.495         0.00000     0.00000     0.00000     0.00000
    -54.345         0.00000     0.00000     0.00000     0.00000
    -54.195         0.00000     0.00000     0.00000     0.00000
    -54.045         0.00000     0.00000     0.00000     0.00000
    -53.895         0.00000     0.00000     0.00000     0.00000
    -53.745         0.00000     0.00000     0.00000     0.00000
    -53.595         0.00000     0.00000     0.00000     0.00000
    -53.445         0.00000     0.00000     0.00000     0.00000
    -53.295         0.00000     0.00000     0.00000     0.00000
    -53.145         0.00000     0.00000     0.00000     0.00000
    -52.995         0.00000     0.00000     0.00000     0.00000
    -52.845         0.00000     0.00000     0.00000     0.00000
    -52.695         0.00000     0.00000     0.00000     0.00000
    -52.545         0.00000     0.00000     0.00000     0.00000
    -52.395         0.00000     0.00000     0.00000     0.00000
    -52.245         0.00000     0.00000     0.00000     0.00000
    -52.095         0.00000     0.00000     0.00000     0.00000
    -51.945         0.00000     0.00000     0.00000     0.00000
    -51.795         0.00000     0.00000     0.00000     0.00000
    -51.645         0.00000     0.00000     0.00000     0.00000
    -51.495         0.00000     0.00000     0.00000     0.00000
    -51.345         0.00000     0.00000     0.00000     0.00000
    -51.195         0.00000     0.00000     0.00000     0.00000
    -51.045         0.00000     0.00000     0.00000     0.00000
    -50.895         0.00000     0.00000     0.00000     0.00000
    -50.745         0.00000     0.00000     0.00000     0.00000
    -50.595         0.00000     0.00000     0.00000     0.00000
    -50.445         0.00000     0.00000     0.00000     0.00000
    -50.295         0.00000     0.00000     0.00000     0.00000
    -50.145         0.00000     0.00000     0.00000     0.00000
    -49.995         0.00000     0.00000     0.00000     0.00000
    -49.845         0.00000     0.00000     0.00000     0.00000
    -49.695         0.00000     0.00000     0.00000     0.00000
    -49.545         0.00000     0.00000     0.00000     0.00000
    -49.395         0.00000     0.00000     0.00000     0.00000
    -49.245         0.00000     0.00000     0.00000     0.00000
    -49.095         0.00000     0.00000     0.00000     0.00000
    -48.945         0.00000     0.00000     0.00000     0.00000
    -48.795         0.00000     0.00000     0.00000     0.00000
    -48.645         0.00000     0.00000     0.00000     0.00000
    -48.495         0.00000     0.00000     0.00000     0.00000
    -48.345         0.00000     0.00000     0.00000     0.00000
    -48.195         0.00000     0.00000     0.00000     0.00000
    -48.045         0.00000     0.00000     0.00000     0.00000
    -47.895         0.00000     0.00000     0.00000     0.00000
    -47.745         0.00000     0.00000     0.00000     0.00000
    -47.595         0.00000     0.00000     0.00000     0.00000
    -47.445         0.00000     0.00000     0.00000     0.00000
    -47.295         0.00000     0.00000     0.00000     0.00000
    -47.145         0.00000     0.00000     0.00000     0.00000
    -46.995         0.00000     0.00000     0.00000     0.00000
    -46.845         0.00000     0.00000     0.00000     0.00000
    -46.695         0.00000     0.00000     0.00000     0.00000
    -46.545         0.00000     0.00000     0.00000     0.00000
    -46.395         0.00000     0.00000     0.00000     0.00000
    -46.245         0.00000     0.00000     0.00000     0.00000
    -46.095         0.00000     0.00000     0.00000     0.00000
    -45.945         0.00000     0.00000     0.00000     0.00000
    -45.795         0.00000     0.00000     0.00000     0.00000
    -45.645         0.00000     0.00000     0.00000     0.00000
    -45.495         0.00000     0.00000     0.00000     0.00000
    -45.345         0.00000     0.00000     0.00000     0.00000
    -45.195         0.00000     0.00000     0.00000     0.00000
    -45.045         0.00000     0.00000     0.00000     0.00000
    -44.895         0.00000     0.00000     0.00000     0.00000
    -44.745         0.00000     0.00000     0.00000     0.00000
    -44.595         0.00000     0.00000     0.00000     0.00000
    -44.445         0.00000     0.00000     0.00000     0.00000
    -44.295         0.00000     0.00000     0.00000     0.00000
    -44.145         0.00000     0.00000     0.00000     0.00000
    -43.995         0.00000     0.00000     0.00000     0.00000
    -43.845         0.00000     0.00000     0.00000     0.00000
    -43.695         0.00000     0.00000     0.00000     0.00000
    -43.545         0.00000     0.00000     0.00000     0.00000
    -43.395         0.00000     0.00000     0.00000     0.00000
    -43.245         0.00000     0.00000     0.00000     0.00000
    -43.095         0.00000     0.00000     0.00000     0.00000
    -42.945         0.00000     0.00000     0.00000     0.00000
    -42.795         0.00000     0.00000     0.00000     0.00000
    -42.645         0.00000     0.00000     0.00000     0.00000
    -42.495         0.00000     0.00000     0.00000     0.00000
    -42.345         0.00000     0.00000     0.00000     0.00000
    -42.195         0.00000     0.00000     0.00000     0.00000
    -42.045         0.00000     0.00000     0.00000     0.00000
    -41.895         0.00000     0.00000     0.00000     0.00000
    -41.745         0.00000     0.00000     0.00000     0.00000
    -41.595         0.00000     0.00000     0.00000     0.00000
    -41.445         0.00000     0.00000     0.00000     0.00000
    -41.295         0.00000     0.00000     0.00000     0.00000
    -41.145         0.00000     0.00000     0.00000     0.00000
    -40.995         0.00000     0.00000     0.00000     0.00000
    -40.845         0.00000     0.00000     0.00000     0.00000
    -40.695         0.00000     0.00000     0.00000     0.00000
    -40.545         0.00000     0.00000     0.00000     0.00000
    -40.395         0.00000     0.00000     0.00000     0.00000
    -40.245         0.00000     0.00000     0.00000     0.00000
    -40.095         0.00000     0.00000     0.00000     0.00000
    -39.945         0.00000     0.00000     0.00000     0.00000
    -39.795         0.00000     0.00000     0.00000     0.00000
    -39.645         0.00000     0.00000     0.00000     0.00000
    -39.495         0.00000     0.00000     0.00000     0.00000
    -39.345         0.00000     0.00000     0.00000     0.00000
    -39.195         0.00000     0.00000     0.00000     0.00000
    -39.045         0.00000     0.00000     0.00000     0.00000
    -38.895         0.00000     0.00000     0.00000     0.00000
    -38.745         0.00000     0.00000     0.00000     0.00000
    -38.595         0.00000     0.00000     0.00000     0.00000
    -38.445         0.00000     0.00000     0.00000     0.00000
    -38.295         0.00000     0.00000     0.00000     0.00000
    -38.145         0.00000     0.00000     0.00000     0.00000
    -37.995         0.00000     0.00000     0.00000     0.00000
    -37.845         0.00000     0.00000     0.00000     0.00000
    -37.695         0.00000     0.00000     0.00000     0.00000
    -37.545         0.00000     0.00000     0.00000     0.00000
    -37.395         0.00000     0.00000     0.00000     0.00000
    -37.245         0.00000     0.00000     0.00000     0.00000
    -37.095         0.00000     0.00000     0.00000     0.00000
    -36.945         0.00000     0.00000     0.00000     0.00000
    -36.795         0.00000     0.00000     0.00000     0.00000
    -36.645         0.00000     0.00000     0.00000     0.00000
    -36.495         0.00000     0.00000     0.00000     0.00000
    -36.345         0.00000     0.00000     0.00000     0.00000
    -36.195         0.00000     0.00000     0.00000     0.00000
    -36.045         0.00000     0.00000     0.00000     0.00000
    -35.895         0.00000     0.00000     0.00000     0.00000
    -35.745         0.00000     0.00000     0.00000     0.00000
    -35.595         0.00000     0.00000     0.00000     0.00000
    -35.445         0.00000     0.00000     0.00000     0.00000
    -35.295         0.00000     0.00000     0.00000     0.00000
    -35.145         0.00000     0.00000     0.00000     0.00000
    -34.995         0.00000     0.00000     0.00000     0.00000
    -34.845         0.00000     0.00000     0.00000     0.00000
    -34.695         0.00000     0.00000     0.00000     0.00000
    -34.545         0.00000     0.00000     0.00000     0.00000
    -34.395         0.00000     0.00000     0.00000     0.00000
    -34.245         0.00000     0.00000     0.00000     0.00000
    -34.095         0.00000     0.00000     0.00000     0.00000
    -33.945         0.00000     0.00000     0.00000     0.00000
    -33.795         0.00000     0.00000     0.00000     0.00000
    -33.645         0.00000     0.00000     0.00000     0.00000
    -33.495         0.00000     0.00000     0.00000     0.00000
    -33.345         0.00000     0.00000     0.00000     0.00000
    -33.195         0.00000     0.00000     0.00000     0.00000
    -33.045         0.00000     0.00000     0.00000     0.00000
    -32.895         0.00000     0.00000     0.00000     0.00000
    -32.745         0.00000     0.00000     0.00000     0.00000
    -32.595         0.00000     0.00000     0.00000     0.00000
    -32.445         0.00000     0.00000     0.00000     0.00000
    -32.295         0.00000     0.00000     0.00000     0.00000
    -32.145         0.00000     0.00000     0.00000     0.00000
    -31.995         0.00000     0.00000     0.00000     0.00000
    -31.845         0.00000     0.00000     0.00000     0.00000
    -31.695         0.00000     0.00000     0.00000     0.00000
    -31.545         0.00000     0.00000     0.00000     0.00000
    -31.395         0.00000     0.00000     0.00000     0.00000
    -31.245         0.00000     0.00000     0.00000     0.00000
    -31.095         0.00000     0.00000     0.00000     0.00000
    -30.945         0.00000     0.00000     0.00000     0.00000
    -30.795         0.00000     0.00000     0.00000     0.00000
    -30.645         0.00000     0.00000     0.00000     0.00000
    -30.495         0.00000     0.00000     0.00000     0.00000
    -30.345         0.00000     0.00000     0.00000     0.00000
    -30.195         0.00000     0.00000     0.00000     0.00000
    -30.045         0.00000     0.00000     0.00000     0.00000
    -29.895         0.00000     0.00000     0.00000     0.00000
    -29.745         0.00000     0.00000     0.00000     0.00000
    -29.595         0.00000     0.00000     0.00000     0.00000
    -29.445         0.00000     0.00000     0.00000     0.00000
    -29.295         0.00000     0.00000     0.00000     0.00000
    -29.145         0.00000     0.00000     0.00000     0.00000
    -28.995         0.00000     0.00000     0.00000     0.00000
    -28.845         0.00000     0.00000     0.00000     0.00000
    -28.695         0.00000     0.00000     0.00000     0.00000
    -28.545         0.00000     0.00000     0.00000     0.00000
    -28.395         0.00000     0.00000     0.00000     0.00000
    -28.245         0.00000     0.00000     0.00000     0.00000
    -28.095         0.00000     0.00000     0.00000     0.00000
    -27.945         0.00000     0.00000     0.00000     0.00000
    -27.795         0.00000     0.00000     0.00000     0.00000
    -27.645         0.00000     0.00000     0.00000     0.00000
    -27.495         0.00000     0.00000     0.00000     0.00000
    -27.345         0.00000     0.00000     0.00000     0.00000
    -27.195         0.00000     0.00000     0.00000     0.00000
    -27.045         0.00000     0.00000     0.00000     0.00000
    -26.895         0.00000     0.00000     0.00000     0.00000
    -26.745         0.00000     0.00000     0.00000     0.00000
    -26.595         0.00000     0.00000     0.00000     0.00000
    -26.445         0.00000     0.00000     0.00000     0.00000
    -26.295         0.00000     0.00000     0.00000     0.00000
    -26.145         0.00000     0.00000     0.00000     0.00000
    -25.995         0.00000     0.00000     0.00000     0.00000
    -25.845         0.00000     0.00000     0.00000     0.00000
    -25.695         0.00000     0.00000     0.00000     0.00000
    -25.545         0.00000     0.00000     0.00000     0.00000
    -25.395         0.00000     0.00000     0.00000     0.00000
    -25.245         0.00000     0.00000     0.00000     0.00000
    -25.095         0.00000     0.00000     0.00000     0.00000
    -24.945         0.00000     0.00000     0.00000     0.00000
    -24.795         0.00000     0.00000     0.00000     0.00000
    -24.645         0.00000     0.00000     0.00000     0.00000
    -24.495         0.00000     0.00000     0.00000     0.00000
    -24.345         0.00000     0.00000     0.00000     0.00000
    -24.195         0.00000     0.00000     0.00000     0.00000
    -24.045         0.00000     0.00000     0.00000     0.00000
    -23.895         0.00000     0.00000     0.00000     0.00000
    -23.745         0.00000     0.00000     0.00000     0.00000
    -23.595         0.00000     0.00000     0.00000     0.00000
    -23.445         0.00000     0.00000     0.00000     0.00000
    -23.295         0.00000     0.00000     0.00000     0.00000
    -23.145         0.00000     0.00000     0.00000     0.00000
    -22.995         0.00000     0.00000     0.00000     0.00000
    -22.845         0.00000     0.00000     0.00000     0.00000
    -22.695         0.00000     0.00000     0.00000     0.00000
    -22.545         0.00000     0.00000     0.00000     0.00000
    -22.395         0.00000     0.00000     0.00000     0.00000
    -22.245         0.00000     0.00000     0.00000     0.00000
    -22.095         0.00000     0.00000     0.00000     0.00000
    -21.945         0.00000     0.00000     0.00000     0.00000
    -21.795         0.00000     0.00000     0.00000     0.00000
    -21.645         0.00000     0.00000     0.00000     0.00000
    -21.495         0.00000     0.00000     0.00000     0.00000
    -21.345         0.00000     0.00000     0.00000     0.00000
    -21.195         0.00000     0.00000     0.00000     0.00000
    -21.045         0.00000     0.00000     0.00000     0.00000
    -20.895         0.00000     0.00000     0.00000     0.00000
    -20.745         0.00000     0.00000     0.00000     0.00000
    -20.595         0.00000     0.00000     0.00000     0.00000
    -20.445         0.00000     0.00000     0.00000     0.00000
    -20.295         0.00000     0.00000     0.00000     0.00000
    -20.145         0.00000     0.00000     0.00000     0.00000
    -19.995         0.00000     0.00000     0.00000     0.00000
    -19.845         0.00000     0.00000     0.00000     0.00000
    -19.695         0.00000     0.00000     0.00000     0.00000
    -19.545         0.00000     0.00000     0.00000     0.00000
    -19.395         0.00000     0.00000     0.00000     0.00000
    -19.245         0.00000     0.00000     0.00000     0.00000
    -19.095         0.00000     0.00000     0.00000     0.00000
    -18.945         0.00000     0.00000     0.00000     0.00000
    -18.795         0.00000     0.00000     0.00000     0.00000
    -18.645         0.00000     0.00000     0.00000     0.00000
    -18.495         0.00000     0.00000     0.00000     0.00000
    -18.345         0.00000     0.00000     0.00000     0.00000
    -18.195         0.00000     0.00000     0.00000     0.00000
    -18.045         0.00000     0.00000     0.00000     0.00000
    -17.895         0.00000     0.00000     0.00000     0.00000
    -17.745         0.00000     0.00000     0.00000     0.00000
    -17.595         0.00000     0.00000     0.00000     0.00000
    -17.445         0.00000     0.00000     0.00000     0.00000
    -17.295         0.00000     0.00000     0.00000     0.00000
    -17.145         0.00000     0.00000     0.00000     0.00000
    -16.995         0.00000     0.00000     0.00000     0.00000
    -16.845         0.00000     0.00000     0.00000     0.00000
    -16.695         0.00000     0.00000     0.00000     0.00000
    -16.545         0.00000     0.00000     0.00000     0.00000
    -16.395         0.00000     0.00000     0.00000     0.00000
    -16.245         0.00000     0.00000     0.00000     0.00000
    -16.095         0.00000     0.00000     0.00000     0.00000
    -15.945         0.00000     0.00000     0.00000     0.00000
    -15.795         0.00000     0.00000     0.00000     0.00000
    -15.645         0.00000     0.00000     0.00000     0.00000
    -15.495         0.00000     0.00000     0.00000     0.00000
    -15.345         0.00000     0.00000     0.00000     0.00000
    -15.195         0.00000     0.00000     0.00000     0.00000
    -15.045         0.00000     0.00000     0.00000     0.00000
    -14.895         0.00000     0.00000     0.00000     0.00000
    -14.745         0.00000     0.00000     0.00000     0.00000
    -14.595         0.00000     0.00000     0.00000     0.00000
    -14.445         0.00000     0.00000     0.00000     0.00000
    -14.295         0.00000     0.00000     0.00000     0.00000
    -14.145         0.00000     0.00000     0.00000     0.00000
    -13.995         0.00000     0.00000     0.00000     0.00000
    -13.845         0.00000     0.00000     0.00000     0.00000
    -13.695         0.00000     0.00000     0.00000     0.00000
    -13.545         0.00000     0.00000     0.00000     0.00000
    -13.395         0.00000     0.00000     0.00000     0.00000
    -13.245         0.00000     0.00000     0.00000     0.00000
    -13.095         0.00000     0.00000     0.00000     0.00000
    -12.945         0.00000     0.00000     0.00000     0.00000
    -12.795         0.00000     0.00000     0.00000     0.00000
    -12.645         0.00000     0.00000     0.00000     0.00000
    -12.495         0.00000     0.00000     0.00000     0.00000
    -12.345         0.00000     0.00000     0.00000     0.00000
    -12.195         0.00000     0.00000     0.00000     0.00000
    -12.045         0.00000     0.00000     0.00000     0.00000
    -11.895         0.00000     0.00000     0.00000     0.00000
    -11.745         0.00000     0.00000     0.00000     0.00000
    -11.595         0.00000     0.00000     0.00000     0.00000
    -11.445         0.00000     0.00000     0.00000     0.00000
    -11.295         0.00000     0.00000     0.00000     0.00000
    -11.145         0.00000     0.00000     0.00000     0.00000
    -10.995         0.00000     0.00000     0.00000     0.00000
    -10.845         0.00000     0.00000     0.00000     0.00000
    -10.695         0.00000     0.00000     0.00000     0.00000
    -10.545         0.00000     0.00000     0.00000     0.00000
    -10.395         0.00000     0.00000     0.00000     0.00000
    -10.245         0.00000     0.00000     0.00000     0.00000
    -10.095         0.00000     0.00000     0.00000     0.00000
    -9.9450         0.00000     0.00000     0.00000     0.00000
    -9.7950         0.00000     0.00000     0.00000     0.00000
    -9.6450         0.00000     0.00000     0.00000     0.00000
    -9.4950         0.00000     0.00000     0.00000     0.00000
    -9.3450         0.00000     0.00000     0.00000     0.00000
    -9.1950         0.00000     0.00000     0.00000     0.00000
    -9.0450         0.00000     0.00000     0.00000     0.00000
    -8.8950         0.00000     0.00000     0.00000     0.00000
    -8.7450         0.00000     0.00000     0.00000     0.00000
    -8.5950         0.00000     0.00000     0.00000     0.00000
    -8.4450         0.00000     0.00000     0.00000     0.00000
    -8.2950         0.00000     0.00000     0.00000     0.00000
    -8.1450         0.00000     0.00000     0.00000     0.00000
    -7.9950         0.00000     0.00000     0.00000     0.00000
    -7.8450         0.00000     0.00000     0.00000     0.00000
    -7.6950         0.00000     0.00000     0.00000     0.00000
    -7.5450         0.00000     0.00000     0.00000     0.00000
    -7.3950         0.00000     0.00000     0.00000     0.00000
    -7.2450         0.00000     0.00000     0.00000     0.00000
    -7.0950         0.00000     0.00000     0.00000     0.00000
    -6.9450         0.00000     0.00000     0.00000     0.00000
    -6.7950         0.00000     0.00000     0.00000     0.00000
    -6.6450         0.00000     0.00000     0.00000     0.00000
    -6.4950         0.00000     0.00000     0.00000     0.00000
    -6.3450         0.00000     0.00000     0.00000     0.00000
    -6.1950         0.00000     0.00000     0.00000     0.00000
    -6.0450         0.00000     0.00000     0.00000     0.00000
    -5.8950         0.00000     0.00000     0.00000     0.00000
    -5.7450         0.00000     0.00000     0.00000     0.00000
    -5.5950         0.00000     0.00000     0.00000     0.00000
    -5.4450         0.00000     0.00000     0.00000     0.00000
    -5.2950         0.00000     0.00000     0.00000     0.00000
    -5.1450         0.00000     0.00000     0.00000     0.00000
    -4.9950         0.00000     0.00000     0.00000     0.00000
    -4.8450         0.00000     0.00000     0.00000     0.00000
    -4.6950         0.00000     0.00000     0.00000     0.00000
    -4.5450         0.00000     0.00000     0.00000     0.00000
    -4.3950         0.00000     0.00000     0.00000     0.00000
    -4.2450         0.00000     0.00000     0.00000     0.00000
    -4.0950         0.00000     0.00000     0.00000     0.00000
    -3.9450         0.00000     0.00000     0.00000     0.00000
    -3.7950         0.00000     0.00000     0.00000     0.00000
    -3.6450         0.00000     0.00000     0.00000     0.00000
    -3.4950         0.00000     0.00000     0.00000     0.00000
    -3.3450         0.00000     0.00000     0.00000     0.00000
    -3.1950         0.00000     0.00000     0.00000     0.00000
    -3.0450         0.00000     0.00000     0.00000     0.00000
    -2.8950         0.00000     0.00000     0.00000     0.00000
    -2.7450         0.00000     0.00000     0.00000     0.00000
    -2.5950         0.00000     0.00000     0.00000     0.00000
    -2.4450         0.00000     0.00000     0.00000     0.00000
    -2.2950         0.00000     0.00000     0.00000     0.00000
    -2.1450         0.00000     0.00000     0.00000     0.00000
    -1.9950         0.00000     0.00000     0.00000     0.00000
    -1.8450         0.00000     0.00000     0.00000     0.00000
    -1.6950         0.00000     0.00000     0.00000     0.00000
    -1.5450         0.00000     0.00000     0.00000     0.00000
    -1.3950        -0.00000    -0.00000     0.00000     0.00000
    -1.2450         0.00000     0.00000     0.00000     0.00000
    -1.0950        -0.00000    -0.00000     0.00000     0.00000
   -0.94500        -0.00000    -0.00001     0.00000     0.00001
   -0.79500        -0.00176    -0.00003    -0.00096    -0.00077
   -0.64500        -0.04099    -0.00011    -0.01155    -0.02934
   -0.49500        -0.41884    -0.00032    -0.03160    -0.38692
   -0.34500        -2.28106    -0.00092    -0.04652    -2.23362
   -0.22700        -2.96205    -0.00107    -0.05130    -2.90968
   -0.21300        -3.03392    -0.00106    -0.05186    -2.98101
   -0.20700        -3.10430    -0.00099    -0.05244    -3.05086
   -0.20100        -3.17308    -0.00099    -0.05304    -3.11905
   -0.19500        -3.24053    -0.00103    -0.05360    -3.18590
   -0.18900        -3.30677    -0.00105    -0.05418    -3.25154
   -0.18300        -3.37174    -0.00115    -0.05479    -3.31579
   -0.17700        -3.43544    -0.00110    -0.05533    -3.37901
   -0.17100        -3.49844    -0.00121    -0.05597    -3.44126
   -0.16500        -3.56056    -0.00129    -0.05660    -3.50267
   -0.15900        -3.62222    -0.00125    -0.05730    -3.56367
   -0.15300        -3.68317    -0.00128    -0.05797    -3.62392
   -0.14700        -3.74379    -0.00137    -0.05864    -3.68378
   -0.14100        -3.80393    -0.00153    -0.05935    -3.74304
   -0.13500        -3.86409    -0.00159    -0.06011    -3.80239
   -0.12900        -3.92428    -0.00173    -0.06087    -3.86168
   -0.12300        -3.98449    -0.00182    -0.06169    -3.92097
   -0.11700        -4.04507    -0.00204    -0.06253    -3.98050
   -0.11100        -4.10612    -0.00217    -0.06345    -4.04050
   -0.10500        -4.16768    -0.00226    -0.06436    -4.10105
   -0.99000E-01    -4.23035    -0.00233    -0.06535    -4.16267
   -0.93000E-01    -4.29410    -0.00244    -0.06639    -4.22527
   -0.87000E-01    -4.35957    -0.00266    -0.06751    -4.28940
   -0.81000E-01    -4.42686    -0.00283    -0.06870    -4.35533
   -0.75000E-01    -4.49642    -0.00313    -0.06999    -4.42330
   -0.69000E-01    -4.56889    -0.00342    -0.07137    -4.49411
   -0.63000E-01    -4.64491    -0.00374    -0.07286    -4.56831
   -0.57000E-01    -4.72594    -0.00417    -0.07448    -4.64729
   -0.51000E-01    -4.81303    -0.00466    -0.07623    -4.73215
   -0.45000E-01    -4.90879    -0.00521    -0.07816    -4.82542
   -0.39000E-01    -5.01655    -0.00603    -0.08031    -4.93020
   -0.33000E-01    -5.13935    -0.00714    -0.08276    -5.04944
   -0.27000E-01    -5.27935    -0.00866    -0.08563    -5.18506
   -0.21300E-01    -5.38533    -0.01006    -0.08795    -5.28732
   -0.19500E-01    -5.40164    -0.01031    -0.08832    -5.30300
   -0.18900E-01    -5.41821    -0.01056    -0.08871    -5.31893
   -0.18300E-01    -5.43500    -0.01083    -0.08911    -5.33506
   -0.17700E-01    -5.45205    -0.01111    -0.08953    -5.35140
   -0.17100E-01    -5.46937    -0.01141    -0.08996    -5.36800
   -0.16500E-01    -5.48696    -0.01171    -0.09041    -5.38483
   -0.15900E-01    -5.50485    -0.01203    -0.09088    -5.40194
   -0.15300E-01    -5.52301    -0.01237    -0.09137    -5.41927
   -0.14700E-01    -5.54153    -0.01273    -0.09188    -5.43692
   -0.14100E-01    -5.56044    -0.01311    -0.09242    -5.45490
   -0.13500E-01    -5.57971    -0.01352    -0.09299    -5.47319
   -0.12900E-01    -5.59940    -0.01395    -0.09360    -5.49185
   -0.12300E-01    -5.61955    -0.01440    -0.09425    -5.51090
   -0.11700E-01    -5.64025    -0.01489    -0.09494    -5.53042
   -0.11100E-01    -5.66149    -0.01541    -0.09568    -5.55039
   -0.10500E-01    -5.68335    -0.01598    -0.09649    -5.57088
   -0.99000E-02    -5.70587    -0.01657    -0.09737    -5.59192
   -0.93000E-02    -5.72906    -0.01721    -0.09833    -5.61352
   -0.87000E-02    -5.75316    -0.01791    -0.09939    -5.63586
   -0.81000E-02    -5.77820    -0.01867    -0.10056    -5.65896
   -0.75000E-02    -5.80425    -0.01950    -0.10188    -5.68288
   -0.69000E-02    -5.83156    -0.02040    -0.10337    -5.70779
   -0.63000E-02    -5.86014    -0.02139    -0.10507    -5.73369
   -0.57000E-02    -5.89026    -0.02249    -0.10704    -5.76074
   -0.51000E-02    -5.92210    -0.02370    -0.10936    -5.78903
   -0.45000E-02    -5.95587    -0.02506    -0.11217    -5.81864
   -0.39000E-02    -5.99169    -0.02659    -0.11563    -5.84947
   -0.33000E-02    -6.02962    -0.02832    -0.12007    -5.88124
   -0.27000E-02    -6.06978    -0.03027    -0.12614    -5.91337
   -0.21000E-02    -6.11329    -0.03250    -0.13560    -5.94519
   -0.15000E-02    -6.16563    -0.03500    -0.15352    -5.97712
   -0.90000E-03    -6.23730    -0.03766    -0.18086    -6.01879
   -0.30000E-03    -7.70920    -0.03964    -0.18663    -7.48292
    0.30000E-03    -6.24029    -0.03387    -0.18465    -6.02176
    0.90000E-03    -6.18613    -0.00656    -0.18203    -5.99754
    0.15000E-02    -6.16083     0.01138    -0.17960    -5.99261
    0.21000E-02    -6.14815     0.02090    -0.17743    -5.99161
    0.27000E-02    -6.13993     0.02703    -0.17555    -5.99141
    0.33000E-02    -6.13377     0.03149    -0.17390    -5.99137
    0.39000E-02    -6.12884     0.03496    -0.17245    -5.99135
    0.45000E-02    -6.12476     0.03775    -0.17116    -5.99134
    0.51000E-02    -6.12129     0.04006    -0.17002    -5.99133
    0.57000E-02    -6.11833     0.04199    -0.16900    -5.99132
    0.63000E-02    -6.11574     0.04366    -0.16808    -5.99131
    0.69000E-02    -6.11346     0.04510    -0.16725    -5.99130
    0.75000E-02    -6.11143     0.04637    -0.16651    -5.99129
    0.81000E-02    -6.10962     0.04750    -0.16583    -5.99128
    0.87000E-02    -6.10798     0.04850    -0.16522    -5.99126
    0.93000E-02    -6.10650     0.04941    -0.16466    -5.99125
    0.99000E-02    -6.10515     0.05023    -0.16415    -5.99123
    0.10500E-01    -6.10392     0.05098    -0.16368    -5.99121
    0.11100E-01    -6.10279     0.05166    -0.16325    -5.99120
    0.11700E-01    -6.10175     0.05229    -0.16286    -5.99118
    0.12300E-01    -6.10077     0.05288    -0.16249    -5.99116
    0.12900E-01    -6.09988     0.05342    -0.16216    -5.99114
    0.13500E-01    -6.09905     0.05392    -0.16185    -5.99111
    0.14100E-01    -6.09828     0.05438    -0.16157    -5.99109
    0.14700E-01    -6.09757     0.05481    -0.16131    -5.99107
    0.15300E-01    -6.09690     0.05522    -0.16107    -5.99105
    0.15900E-01    -6.09627     0.05560    -0.16085    -5.99102
    0.16500E-01    -6.09568     0.05596    -0.16065    -5.99100
    0.17100E-01    -6.09512     0.05631    -0.16046    -5.99097
    0.17700E-01    -6.09460     0.05663    -0.16029    -5.99094
    0.18300E-01    -6.09410     0.05694    -0.16013    -5.99091
    0.18900E-01    -6.09364     0.05723    -0.15999    -5.99088
    0.19500E-01    -6.09320     0.05750    -0.15986    -5.99085
    0.21300E-01    -6.09072     0.05908    -0.15920    -5.99061
    0.27000E-01    -6.08820     0.06071    -0.15871    -5.99019
    0.33000E-01    -6.08635     0.06185    -0.15851    -5.98969
    0.39000E-01    -6.08482     0.06271    -0.15841    -5.98912
    0.45000E-01    -6.08347     0.06336    -0.15836    -5.98847
    0.51000E-01    -6.08223     0.06388    -0.15834    -5.98777
    0.57000E-01    -6.08100     0.06431    -0.15832    -5.98699
    0.63000E-01    -6.07974     0.06463    -0.15825    -5.98612
    0.69000E-01    -6.07854     0.06486    -0.15821    -5.98519
    0.75000E-01    -6.07732     0.06505    -0.15815    -5.98422
    0.81000E-01    -6.07608     0.06519    -0.15810    -5.98317
    0.87000E-01    -6.07481     0.06532    -0.15804    -5.98209
    0.93000E-01    -6.07345     0.06545    -0.15797    -5.98092
    0.99000E-01    -6.07202     0.06559    -0.15791    -5.97969
    0.10500        -6.07056     0.06570    -0.15786    -5.97841
    0.11100        -6.06915     0.06575    -0.15779    -5.97711
    0.11700        -6.06766     0.06584    -0.15774    -5.97577
    0.12300        -6.06612     0.06592    -0.15768    -5.97436
    0.12900        -6.06446     0.06604    -0.15762    -5.97289
    0.13500        -6.06280     0.06611    -0.15755    -5.97137
    0.14100        -6.06108     0.06619    -0.15748    -5.96979
    0.14700        -6.05934     0.06627    -0.15742    -5.96818
    0.15300        -6.05761     0.06634    -0.15735    -5.96659
    0.15900        -6.05578     0.06642    -0.15730    -5.96490
    0.16500        -6.05396     0.06647    -0.15724    -5.96319
    0.17100        -6.05214     0.06653    -0.15719    -5.96148
    0.17700        -6.05023     0.06658    -0.15712    -5.95968
    0.18300        -6.04834     0.06661    -0.15707    -5.95788
    0.18900        -6.04640     0.06666    -0.15702    -5.95604
    0.19500        -6.04443     0.06670    -0.15696    -5.95417
    0.20100        -6.04241     0.06673    -0.15690    -5.95224
    0.20700        -6.04045     0.06676    -0.15685    -5.95036
    0.21300        -6.03839     0.06680    -0.15679    -5.94840
    0.22700        -6.02052     0.06695    -0.15647    -5.93100
    0.34500        -5.96126     0.06726    -0.15579    -5.87273
    0.49500        -5.89770     0.06747    -0.15497    -5.81019
    0.64500        -5.83283     0.06762    -0.15422    -5.74623
    0.79500        -5.76812     0.06775    -0.15338    -5.68249
    0.94500        -5.70379     0.06785    -0.15262    -5.61902
     1.0950        -5.64013     0.06796    -0.15179    -5.55630
     1.2450        -5.57748     0.06805    -0.15101    -5.49452
     1.3950        -5.51618     0.06812    -0.15028    -5.43403
     1.5450        -5.45654     0.06819    -0.14960    -5.37514
     1.6950        -5.39853     0.06825    -0.14896    -5.31783
     1.8450        -5.34258     0.06830    -0.14834    -5.26254
     1.9950        -5.28842     0.06836    -0.14776    -5.20902
     2.1450        -5.23619     0.06841    -0.14720    -5.15741
     2.2950        -5.18590     0.06845    -0.14665    -5.10770
     2.4450        -5.13760     0.06849    -0.14615    -5.05995
     2.5950        -5.09113     0.06853    -0.14566    -5.01400
     2.7450        -5.04652     0.06857    -0.14520    -4.96990
     2.8950        -5.00358     0.06860    -0.14477    -4.92742
     3.0450        -4.96227     0.06864    -0.14434    -4.88657
     3.1950        -4.92264     0.06866    -0.14389    -4.84741
     3.3450        -4.88437     0.06869    -0.14350    -4.80956
     3.4950        -4.84763     0.06872    -0.14312    -4.77324
     3.6450        -4.81210     0.06875    -0.14275    -4.73810
     3.7950        -4.77788     0.06878    -0.14239    -4.70427
     3.9450        -4.74469     0.06880    -0.14205    -4.67144
     4.0950        -4.71267     0.06883    -0.14172    -4.63977
     4.2450        -4.68164     0.06885    -0.14140    -4.60909
     4.3950        -4.65163     0.06887    -0.14109    -4.57942
     4.5450        -4.62244     0.06889    -0.14078    -4.55055
     4.6950        -4.59421     0.06891    -0.14048    -4.52264
     4.8450        -4.56672     0.06894    -0.14020    -4.49546
     4.9950        -4.53991     0.06895    -0.13992    -4.46894
     5.1450        -4.51404     0.06897    -0.13966    -4.44336
     5.2950        -4.48893     0.06899    -0.13938    -4.41854
     5.4450        -4.46438     0.06901    -0.13912    -4.39427
     5.5950        -4.44049     0.06903    -0.13887    -4.37064
     5.7450        -4.41727     0.06905    -0.13862    -4.34769
     5.8950        -4.39449     0.06906    -0.13837    -4.32518
     6.0450        -4.37238     0.06907    -0.13814    -4.30332
     6.1950        -4.35077     0.06909    -0.13790    -4.28195
     6.3450        -4.32967     0.06910    -0.13768    -4.26110
     6.4950        -4.30900     0.06912    -0.13745    -4.24066
     6.6450        -4.28878     0.06914    -0.13723    -4.22068
     6.7950        -4.26904     0.06914    -0.13701    -4.20116
     6.9450        -4.24972     0.06916    -0.13680    -4.18208
     7.0950        -4.23078     0.06917    -0.13659    -4.16335
     7.2450        -4.21223     0.06918    -0.13640    -4.14502
     7.3950        -4.19406     0.06920    -0.13619    -4.12706
     7.5450        -4.17622     0.06921    -0.13600    -4.10943
     7.6950        -4.15873     0.06922    -0.13581    -4.09215
     7.8450        -4.14159     0.06924    -0.13562    -4.07520
     7.9950        -4.12473     0.06925    -0.13544    -4.05854
     8.1450        -4.10825     0.06926    -0.13526    -4.04224
     8.2950        -4.09203     0.06927    -0.13509    -4.02622
     8.4450        -4.07611     0.06929    -0.13491    -4.01048
     8.5950        -4.06049     0.06929    -0.13474    -3.99505
     8.7450        -4.04514     0.06931    -0.13457    -3.97987
     8.8950        -4.03001     0.06932    -0.13440    -3.96492
     9.0450        -4.01512     0.06933    -0.13424    -3.95021
     9.1950        -4.00052     0.06934    -0.13408    -3.93578
     9.3450        -3.98611     0.06936    -0.13392    -3.92155
     9.4950        -3.97196     0.06937    -0.13377    -3.90756
     9.6450        -3.95803     0.06938    -0.13361    -3.89379
     9.7950        -3.94435     0.06938    -0.13346    -3.88027
     9.9450        -3.93085     0.06939    -0.13331    -3.86693
     10.095        -3.91754     0.06940    -0.13316    -3.85379
     10.245        -3.90446     0.06941    -0.13301    -3.84086
     10.395        -3.89158     0.06942    -0.13287    -3.82813
     10.545        -3.87886     0.06943    -0.13273    -3.81556
     10.695        -3.86636     0.06944    -0.13259    -3.80320
     10.845        -3.85397     0.06944    -0.13246    -3.79095
     10.995        -3.84177     0.06946    -0.13232    -3.77890
     11.145        -3.82975     0.06946    -0.13219    -3.76702
     11.295        -3.81787     0.06947    -0.13206    -3.75528
     11.445        -3.80617     0.06948    -0.13193    -3.74372
     11.595        -3.79464     0.06949    -0.13180    -3.73234
     11.745        -3.78326     0.06950    -0.13167    -3.72109
     11.895        -3.77200     0.06950    -0.13154    -3.70995
     12.045        -3.76089     0.06951    -0.13142    -3.69898
     12.195        -3.74993     0.06952    -0.13130    -3.68815
     12.345        -3.73911     0.06953    -0.13118    -3.67746
     12.495        -3.72843     0.06954    -0.13106    -3.66691
     12.645        -3.71789     0.06954    -0.13095    -3.65649
     12.795        -3.70748     0.06955    -0.13083    -3.64620
     12.945        -3.69718     0.06955    -0.13072    -3.63601
     13.095        -3.68699     0.06956    -0.13060    -3.62595
     13.245        -3.67694     0.06957    -0.13049    -3.61602
     13.395        -3.66699     0.06958    -0.13038    -3.60619
     13.545        -3.65714     0.06958    -0.13027    -3.59646
     13.695        -3.64739     0.06959    -0.13016    -3.58682
     13.845        -3.63776     0.06959    -0.13005    -3.57731
     13.995        -3.62823     0.06960    -0.12994    -3.56789
     14.145        -3.61883     0.06961    -0.12984    -3.55859
     14.295        -3.60953     0.06961    -0.12973    -3.54941
     14.445        -3.60032     0.06962    -0.12963    -3.54031
     14.595        -3.59123     0.06962    -0.12953    -3.53133
     14.745        -3.58218     0.06963    -0.12943    -3.52238
     14.895        -3.57325     0.06964    -0.12933    -3.51356
     15.045        -3.56444     0.06965    -0.12923    -3.50486
     15.195        -3.55568     0.06966    -0.12913    -3.49621
     15.345        -3.54703     0.06966    -0.12903    -3.48766
     15.495        -3.53848     0.06966    -0.12894    -3.47921
     15.645        -3.53002     0.06967    -0.12884    -3.47084
     15.795        -3.52164     0.06968    -0.12875    -3.46257
     15.945        -3.51334     0.06968    -0.12866    -3.45436
     16.095        -3.50510     0.06968    -0.12857    -3.44622
     16.245        -3.49695     0.06969    -0.12847    -3.43817
     16.395        -3.48893     0.06969    -0.12838    -3.43024
     16.545        -3.48095     0.06970    -0.12829    -3.42236
     16.695        -3.47304     0.06970    -0.12820    -3.41455
     16.845        -3.46521     0.06971    -0.12811    -3.40681
     16.995        -3.45745     0.06971    -0.12802    -3.39914
     17.145        -3.44974     0.06972    -0.12793    -3.39153
     17.295        -3.44215     0.06972    -0.12784    -3.38402
     17.445        -3.43457     0.06973    -0.12776    -3.37655
     17.595        -3.42705     0.06973    -0.12767    -3.36912
     17.745        -3.41964     0.06974    -0.12759    -3.36179
     17.895        -3.41228     0.06974    -0.12750    -3.35452
     18.045        -3.40500     0.06975    -0.12742    -3.34733
     18.195        -3.39778     0.06975    -0.12734    -3.34019
     18.345        -3.39062     0.06976    -0.12726    -3.33312
     18.495        -3.38351     0.06976    -0.12718    -3.32609
     18.645        -3.37647     0.06976    -0.12710    -3.31913
     18.795        -3.36950     0.06977    -0.12702    -3.31224
     18.945        -3.36259     0.06978    -0.12694    -3.30542
     19.095        -3.35574     0.06978    -0.12687    -3.29865
     19.245        -3.34895     0.06978    -0.12679    -3.29194
     19.395        -3.34220     0.06979    -0.12671    -3.28528
     19.545        -3.33550     0.06979    -0.12664    -3.27866
     19.695        -3.32885     0.06980    -0.12656    -3.27209
     19.845        -3.32225     0.06981    -0.12648    -3.26558
     19.995        -3.31575     0.06981    -0.12641    -3.25915
     20.145        -3.30926     0.06981    -0.12633    -3.25274
     20.295        -3.30283     0.06982    -0.12626    -3.24639
     20.445        -3.29644     0.06982    -0.12619    -3.24008
     20.595        -3.29011     0.06983    -0.12611    -3.23382
     20.745        -3.28382     0.06983    -0.12604    -3.22760
     20.895        -3.27757     0.06984    -0.12597    -3.22144
     21.045        -3.27140     0.06984    -0.12590    -3.21534
     21.195        -3.26526     0.06985    -0.12583    -3.20928
     21.345        -3.25920     0.06985    -0.12576    -3.20329
     21.495        -3.25314     0.06985    -0.12569    -3.19730
     21.645        -3.24713     0.06986    -0.12562    -3.19136
     21.795        -3.24116     0.06986    -0.12556    -3.18547
     21.945        -3.23524     0.06986    -0.12549    -3.17962
     22.095        -3.22934     0.06987    -0.12542    -3.17379
     22.245        -3.22353     0.06987    -0.12535    -3.16805
     22.395        -3.21773     0.06987    -0.12529    -3.16232
     22.545        -3.21197     0.06988    -0.12522    -3.15662
     22.695        -3.20625     0.06988    -0.12515    -3.15097
     22.845        -3.20057     0.06988    -0.12509    -3.14537
     22.995        -3.19493     0.06989    -0.12502    -3.13979
     23.145        -3.18934     0.06989    -0.12496    -3.13427
     23.295        -3.18378     0.06989    -0.12490    -3.12878
     23.445        -3.17828     0.06990    -0.12484    -3.12334
     23.595        -3.17281     0.06990    -0.12477    -3.11794
     23.745        -3.16735     0.06990    -0.12471    -3.11254
     23.895        -3.16193     0.06991    -0.12465    -3.10718
     24.045        -3.15655     0.06991    -0.12459    -3.10187
     24.195        -3.15122     0.06991    -0.12453    -3.09660
     24.345        -3.14592     0.06992    -0.12447    -3.09137
     24.495        -3.14065     0.06992    -0.12441    -3.08616
     24.645        -3.13543     0.06992    -0.12434    -3.08101
     24.795        -3.13023     0.06992    -0.12429    -3.07587
     24.945        -3.12507     0.06993    -0.12423    -3.07077
     25.095        -3.11995     0.06993    -0.12417    -3.06571
     25.245        -3.11484     0.06993    -0.12411    -3.06067
     25.395        -3.10979     0.06994    -0.12405    -3.05567
     25.545        -3.10472     0.06994    -0.12399    -3.05067
     25.695        -3.09972     0.06994    -0.12393    -3.04573
     25.845        -3.09474     0.06995    -0.12388    -3.04082
     25.995        -3.08980     0.06995    -0.12382    -3.03594
     26.145        -3.08489     0.06995    -0.12376    -3.03108
     26.295        -3.08001     0.06996    -0.12370    -3.02626
     26.445        -3.07517     0.06996    -0.12365    -3.02149
     26.595        -3.07034     0.06996    -0.12359    -3.01671
     26.745        -3.06553     0.06997    -0.12354    -3.01196
     26.895        -3.06077     0.06997    -0.12348    -3.00726
     27.045        -3.05604     0.06997    -0.12343    -3.00259
     27.195        -3.05135     0.06998    -0.12337    -2.99795
     27.345        -3.04667     0.06998    -0.12332    -2.99333
     27.495        -3.04201     0.06998    -0.12326    -2.98874
     27.645        -3.03738     0.06999    -0.12321    -2.98416
     27.795        -3.03277     0.06999    -0.12315    -2.97961
     27.945        -3.02819     0.06999    -0.12310    -2.97509
     28.095        -3.02365     0.07000    -0.12305    -2.97060
     28.245        -3.01912     0.07000    -0.12300    -2.96613
     28.395        -3.01462     0.07000    -0.12295    -2.96167
     28.545        -3.01012     0.07001    -0.12289    -2.95723
     28.695        -3.00568     0.07001    -0.12284    -2.95285
     28.845        -3.00126     0.07001    -0.12279    -2.94848
     28.995        -2.99687     0.07002    -0.12274    -2.94415
     29.145        -2.99249     0.07002    -0.12269    -2.93982
     29.295        -2.98816     0.07002    -0.12264    -2.93554
     29.445        -2.98386     0.07002    -0.12259    -2.93129
     29.595        -2.97955     0.07002    -0.12254    -2.92704
     29.745        -2.97527     0.07003    -0.12249    -2.92281
     29.895        -2.97102     0.07003    -0.12244    -2.91861
     30.045        -2.96680     0.07003    -0.12239    -2.91444
     30.195        -2.96259     0.07003    -0.12234    -2.91029
     30.345        -2.95842     0.07004    -0.12229    -2.90616
     30.495        -2.95427     0.07004    -0.12225    -2.90207
     30.645        -2.95015     0.07004    -0.12220    -2.89799
     30.795        -2.94603     0.07005    -0.12215    -2.89393
     30.945        -2.94193     0.07005    -0.12210    -2.88988
     31.095        -2.93787     0.07005    -0.12206    -2.88586
     31.245        -2.93382     0.07006    -0.12201    -2.88186
     31.395        -2.92981     0.07006    -0.12196    -2.87790
     31.545        -2.92580     0.07006    -0.12192    -2.87394
     31.695        -2.92180     0.07006    -0.12187    -2.86999
     31.845        -2.91783     0.07006    -0.12183    -2.86606
     31.995        -2.91388     0.07006    -0.12178    -2.86216
     32.145        -2.90995     0.07007    -0.12174    -2.85828
     32.295        -2.90604     0.07007    -0.12169    -2.85441
     32.445        -2.90215     0.07007    -0.12164    -2.85057
     32.595        -2.89828     0.07007    -0.12160    -2.84675
     32.745        -2.89443     0.07008    -0.12156    -2.84295
     32.895        -2.89060     0.07008    -0.12151    -2.83917
     33.045        -2.88679     0.07008    -0.12147    -2.83540
     33.195        -2.88301     0.07008    -0.12142    -2.83167
     33.345        -2.87921     0.07009    -0.12138    -2.82792
     33.495        -2.87547     0.07009    -0.12134    -2.82423
     33.645        -2.87174     0.07009    -0.12129    -2.82054
     33.795        -2.86802     0.07009    -0.12125    -2.81687
     33.945        -2.86433     0.07010    -0.12121    -2.81322
     34.095        -2.86064     0.07010    -0.12116    -2.80957
     34.245        -2.85697     0.07010    -0.12112    -2.80595
     34.395        -2.85331     0.07010    -0.12108    -2.80234
     34.545        -2.84969     0.07011    -0.12104    -2.79876
     34.695        -2.84608     0.07011    -0.12099    -2.79519
     34.845        -2.84249     0.07011    -0.12095    -2.79165
     34.995        -2.83891     0.07011    -0.12091    -2.78811
     35.145        -2.83534     0.07011    -0.12087    -2.78458
     35.295        -2.83180     0.07012    -0.12083    -2.78109
     35.445        -2.82829     0.07012    -0.12079    -2.77761
     35.595        -2.82478     0.07012    -0.12075    -2.77415
     35.745        -2.82129     0.07012    -0.12071    -2.77070
     35.895        -2.81781     0.07013    -0.12068    -2.76726
     36.045        -2.81434     0.07013    -0.12063    -2.76383
     36.195        -2.81088     0.07013    -0.12059    -2.76042
     36.345        -2.80743     0.07014    -0.12056    -2.75701
     36.495        -2.80400     0.07014    -0.12051    -2.75362
     36.645        -2.80057     0.07014    -0.12047    -2.75024
     36.795        -2.79719     0.07014    -0.12043    -2.74690
     36.945        -2.79381     0.07014    -0.12039    -2.74356
     37.095        -2.79045     0.07015    -0.12035    -2.74025
     37.245        -2.78710     0.07015    -0.12032    -2.73693
     37.395        -2.78377     0.07015    -0.12028    -2.73364
     37.545        -2.78043     0.07016    -0.12024    -2.73035
     37.695        -2.77714     0.07016    -0.12020    -2.72710
     37.845        -2.77384     0.07016    -0.12016    -2.72385
     37.995        -2.77058     0.07017    -0.12012    -2.72063
     38.145        -2.76731     0.07017    -0.12008    -2.71740
     38.295        -2.76405     0.07017    -0.12004    -2.71417
     38.445        -2.76081     0.07017    -0.12001    -2.71097
     38.595        -2.75758     0.07017    -0.11997    -2.70778
     38.745        -2.75438     0.07018    -0.11993    -2.70463
     38.895        -2.75120     0.07018    -0.11989    -2.70149
     39.045        -2.74803     0.07018    -0.11986    -2.69835
     39.195        -2.74487     0.07018    -0.11982    -2.69523
     39.345        -2.74172     0.07019    -0.11979    -2.69212
     39.495        -2.73859     0.07019    -0.11975    -2.68903
     39.645        -2.73548     0.07019    -0.11971    -2.68595
     39.795        -2.73235     0.07019    -0.11968    -2.68287
     39.945        -2.72925     0.07019    -0.11964    -2.67980
     40.095        -2.72616     0.07019    -0.11961    -2.67674
     40.245        -2.72309     0.07019    -0.11957    -2.67371
     40.395        -2.72002     0.07020    -0.11953    -2.67069
     40.545        -2.71697     0.07020    -0.11950    -2.66768
     40.695        -2.71393     0.07020    -0.11946    -2.66467
     40.845        -2.71090     0.07020    -0.11943    -2.66168
     40.995        -2.70788     0.07021    -0.11939    -2.65869
     41.145        -2.70489     0.07021    -0.11935    -2.65574
     41.295        -2.70189     0.07021    -0.11932    -2.65278
     41.445        -2.69889     0.07021    -0.11929    -2.64981
     41.595        -2.69593     0.07021    -0.11925    -2.64689
     41.745        -2.69297     0.07022    -0.11922    -2.64397
     41.895        -2.69005     0.07022    -0.11918    -2.64108
     42.045        -2.68712     0.07022    -0.11915    -2.63819
     42.195        -2.68422     0.07022    -0.11912    -2.63533
     42.345        -2.68133     0.07022    -0.11908    -2.63247
     42.495        -2.67843     0.07023    -0.11905    -2.62961
     42.645        -2.67553     0.07023    -0.11901    -2.62674
     42.795        -2.67264     0.07023    -0.11898    -2.62389
     42.945        -2.66980     0.07023    -0.11894    -2.62108
     43.095        -2.66694     0.07023    -0.11891    -2.61827
     43.245        -2.66411     0.07023    -0.11888    -2.61547
     43.395        -2.66128     0.07024    -0.11884    -2.61267
     43.545        -2.65845     0.07024    -0.11881    -2.60987
     43.695        -2.65564     0.07024    -0.11878    -2.60711
     43.845        -2.65285     0.07024    -0.11874    -2.60434
     43.995        -2.65007     0.07024    -0.11871    -2.60160
     44.145        -2.64728     0.07024    -0.11868    -2.59885
     44.295        -2.64451     0.07025    -0.11865    -2.59611
     44.445        -2.64176     0.07025    -0.11861    -2.59340
     44.595        -2.63900     0.07025    -0.11858    -2.59067
     44.745        -2.63626     0.07025    -0.11855    -2.58796
     44.895        -2.63353     0.07025    -0.11852    -2.58526
     45.045        -2.63081     0.07025    -0.11848    -2.58257
     45.195        -2.62810     0.07025    -0.11845    -2.57989
     45.345        -2.62540     0.07025    -0.11842    -2.57723
     45.495        -2.62272     0.07026    -0.11840    -2.57458
     45.645        -2.62004     0.07026    -0.11837    -2.57193
     45.795        -2.61737     0.07026    -0.11833    -2.56930
     45.945        -2.61471     0.07026    -0.11830    -2.56667
     46.095        -2.61207     0.07026    -0.11827    -2.56406
     46.245        -2.60941     0.07027    -0.11823    -2.56144
     46.395        -2.60678     0.07027    -0.11820    -2.55885
     46.545        -2.60416     0.07027    -0.11817    -2.55626
     46.695        -2.60154     0.07028    -0.11814    -2.55367
     46.845        -2.59892     0.07028    -0.11811    -2.55108
     46.995        -2.59633     0.07028    -0.11808    -2.54853
     47.145        -2.59374     0.07028    -0.11805    -2.54597
     47.295        -2.59115     0.07028    -0.11802    -2.54341
     47.445        -2.58857     0.07029    -0.11799    -2.54087
     47.595        -2.58601     0.07029    -0.11796    -2.53834
     47.745        -2.58346     0.07029    -0.11793    -2.53582
     47.895        -2.58093     0.07029    -0.11790    -2.53332
     48.045        -2.57840     0.07029    -0.11787    -2.53083
     48.195        -2.57588     0.07029    -0.11784    -2.52833
     48.345        -2.57336     0.07029    -0.11781    -2.52584
     48.495        -2.57085     0.07030    -0.11778    -2.52336
     48.645        -2.56836     0.07030    -0.11775    -2.52090
     48.795        -2.56586     0.07030    -0.11772    -2.51843
     48.945        -2.56337     0.07030    -0.11769    -2.51597
     49.095        -2.56089     0.07030    -0.11767    -2.51353
     49.245        -2.55843     0.07030    -0.11764    -2.51110
     49.395        -2.55597     0.07030    -0.11761    -2.50867
     49.545        -2.55354     0.07031    -0.11758    -2.50627
     49.695        -2.55110     0.07031    -0.11755    -2.50386
     49.845        -2.54868     0.07031    -0.11752    -2.50146
     49.995        -2.54623     0.07031    -0.11749    -2.49905
     50.145        -2.54381     0.07032    -0.11747    -2.49666
     50.295        -2.54140     0.07032    -0.11744    -2.49428
     50.445        -2.53899     0.07032    -0.11741    -2.49190
     50.595        -2.53661     0.07032    -0.11738    -2.48955
     50.745        -2.53422     0.07032    -0.11735    -2.48718
     50.895        -2.53183     0.07032    -0.11732    -2.48483
     51.045        -2.52946     0.07032    -0.11730    -2.48248
     51.195        -2.52709     0.07033    -0.11727    -2.48015
     51.345        -2.52472     0.07033    -0.11724    -2.47781
     51.495        -2.52237     0.07033    -0.11721    -2.47549
     51.645        -2.52003     0.07033    -0.11718    -2.47318
     51.795        -2.51770     0.07033    -0.11715    -2.47088
     51.945        -2.51538     0.07033    -0.11713    -2.46859
     52.095        -2.51306     0.07034    -0.11710    -2.46630
     52.245        -2.51076     0.07034    -0.11707    -2.46402
     52.395        -2.50846     0.07034    -0.11705    -2.46175
     52.545        -2.50616     0.07034    -0.11702    -2.45948
     52.695        -2.50390     0.07034    -0.11699    -2.45725
     52.845        -2.50162     0.07034    -0.11697    -2.45499
     52.995        -2.49936     0.07035    -0.11694    -2.45276
     53.145        -2.49710     0.07035    -0.11691    -2.45053
     53.295        -2.49484     0.07035    -0.11689    -2.44830
     53.445        -2.49258     0.07035    -0.11686    -2.44607
     53.595        -2.49034     0.07035    -0.11683    -2.44385
     53.745        -2.48809     0.07035    -0.11681    -2.44164
     53.895        -2.48586     0.07035    -0.11678    -2.43943
     54.045        -2.48365     0.07036    -0.11676    -2.43724
     54.195        -2.48143     0.07036    -0.11673    -2.43505
     54.345        -2.47922     0.07036    -0.11671    -2.43287
     54.495        -2.47701     0.07036    -0.11668    -2.43070
     54.645        -2.47483     0.07036    -0.11665    -2.42854
     54.795        -2.47263     0.07036    -0.11663    -2.42637
     54.945        -2.47045     0.07036    -0.11660    -2.42421
     55.095        -2.46826     0.07036    -0.11657    -2.42205
     59.433        -2.29799     0.07046    -0.11456    -2.25389
     80.646        -2.05091     0.07063    -0.11165    -2.00989
     111.21        -1.81295     0.07079    -0.10880    -1.77494
     153.36        -1.58419     0.07093    -0.10606    -1.54906
     211.49        -1.36485     0.07106    -0.10343    -1.33247
     291.64        -1.15466     0.07117    -0.10089    -1.12493
     402.18        -0.95337     0.07127    -0.09848    -0.92616
     554.60        -0.76097     0.07138    -0.09614    -0.73621
     764.80        -0.57724     0.07145    -0.09391    -0.55479
     1054.7        -0.40164     0.07152    -0.09179    -0.38138
     1454.4        -0.23407     0.07157    -0.08977    -0.21587
     2005.6        -0.07406     0.07162    -0.08785    -0.05784
     2765.8         0.07862     0.07167    -0.08602     0.09297
     3814.0         0.22424     0.07169    -0.08426     0.23681
     5259.5         0.36321     0.07170    -0.08259     0.37410
     7252.9         0.49567     0.07170    -0.08098     0.50495
     10002.         0.62211     0.07170    -0.07945     0.62987
     13793.         0.74262     0.07167    -0.07800     0.74895
     19020.         0.85759     0.07165    -0.07661     0.86255
     26229.         0.96711     0.07161    -0.07528     0.97078
     36170.         1.07161     0.07158    -0.07402     1.07406
     49878.         1.17111     0.07153    -0.07280     1.17238
     68782.         1.26583     0.07148    -0.07165     1.26600
     94851.         1.35597     0.07143    -0.07054     1.35508
    0.13080E+06     1.44175     0.07137    -0.06949     1.43987
    0.18038E+06     1.52350     0.07131    -0.06851     1.52069
    0.24874E+06     1.60113     0.07125    -0.06756     1.59745
    0.34301E+06     1.67486     0.07117    -0.06666     1.67034
    0.47302E+06     1.74485     0.07111    -0.06580     1.73954
    0.65229E+06     1.81137     0.07104    -0.06498     1.80532
    0.89952E+06     1.87450     0.07097    -0.06420     1.86774
    0.12404E+07     1.93442     0.07089    -0.06346     1.92699
    0.17106E+07     1.99139     0.07082    -0.06276     1.98333
    0.23589E+07     2.04543     0.07074    -0.06209     2.03678
    0.32529E+07     2.09670     0.07067    -0.06146     2.08748
    0.44858E+07     2.14534     0.07060    -0.06085     2.13559
    0.61860E+07     2.19147     0.07052    -0.06028     2.18122
    0.85305E+07     2.23537     0.07045    -0.05973     2.22465
    0.11764E+08     2.27696     0.07039    -0.05921     2.26578
    0.16222E+08     2.31650     0.07032    -0.05873     2.30491
    0.22370E+08     2.35403     0.07026    -0.05827     2.34204
    0.30849E+08     2.38959     0.07019    -0.05782     2.37722
    0.42541E+08     2.42322     0.07014    -0.05740     2.41049
    0.58664E+08     2.45478     0.07008    -0.05700     2.44170
    0.80898E+08     2.48451     0.07003    -0.05662     2.47111
    0.11156E+09     2.51256     0.06998    -0.05627     2.49885
    0.15384E+09     2.53898     0.06993    -0.05593     2.52498
    0.21215E+09     2.56393     0.06989    -0.05561     2.54965
    0.29255E+09     2.58746     0.06985    -0.05530     2.57291
    0.40343E+09     2.60967     0.06981    -0.05502     2.59487
    0.55633E+09     2.63066     0.06978    -0.05475     2.61563
    0.76719E+09     2.65028     0.06975    -0.05449     2.63502
    0.10580E+10     2.66789     0.06972    -0.05425     2.65243
    0.14589E+10     2.68401     0.06969    -0.05403     2.66835
    0.20119E+10     2.69886     0.06966    -0.05381     2.68300
    0.27744E+10     2.71249     0.06964    -0.05361     2.69646
    0.38259E+10     2.72507     0.06962    -0.05342     2.70887
    0.52760E+10     2.73670     0.06959    -0.05325     2.72036
    0.72756E+10     2.74739     0.06957    -0.05310     2.73091
    0.10033E+11     2.75725     0.06956    -0.05296     2.74065
    0.13836E+11     2.76639     0.06954    -0.05282     2.74967
    0.19079E+11     2.77480     0.06953    -0.05270     2.75798
    0.26311E+11     2.78258     0.06951    -0.05259     2.76566
    0.36283E+11     2.78975     0.06950    -0.05249     2.77274
    0.50034E+11     2.79637     0.06948    -0.05239     2.77927
    0.68997E+11     2.80246     0.06947    -0.05230     2.78528
    0.10000E+12     2.87559     0.06933    -0.05125     2.85752
