    -99.945         0.00000     0.00000     0.00000     0.00000
    -99.795         0.00000     0.00000     0.00000     0.00000
    -99.645         0.00000     0.00000     0.00000     0.00000
    -99.495         0.00000     0.00000     0.00000     0.00000
    -99.345         0.00000     0.00000     0.00000     0.00000
    -99.195         0.00000     0.00000     0.00000     0.00000
    -99.045         0.00000     0.00000     0.00000     0.00000
    -98.895         0.00000     0.00000     0.00000     0.00000
    -98.745         0.00000     0.00000     0.00000     0.00000
    -98.595         0.00000     0.00000     0.00000     0.00000
    -98.445         0.00000     0.00000     0.00000     0.00000
    -98.295         0.00000     0.00000     0.00000     0.00000
    -98.145         0.00000     0.00000     0.00000     0.00000
    -97.995         0.00000     0.00000     0.00000     0.00000
    -97.845         0.00000     0.00000     0.00000     0.00000
    -97.695         0.00000     0.00000     0.00000     0.00000
    -97.545         0.00000     0.00000     0.00000     0.00000
    -97.395         0.00000     0.00000     0.00000     0.00000
    -97.245         0.00000     0.00000     0.00000     0.00000
    -97.095         0.00000     0.00000     0.00000     0.00000
    -96.945         0.00000     0.00000     0.00000     0.00000
    -96.795         0.00000     0.00000     0.00000     0.00000
    -96.645         0.00000     0.00000     0.00000     0.00000
    -96.495         0.00000     0.00000     0.00000     0.00000
    -96.345         0.00000     0.00000     0.00000     0.00000
    -96.195         0.00000     0.00000     0.00000     0.00000
    -96.045         0.00000     0.00000     0.00000     0.00000
    -95.895         0.00000     0.00000     0.00000     0.00000
    -95.745         0.00000     0.00000     0.00000     0.00000
    -95.595         0.00000     0.00000     0.00000     0.00000
    -95.445         0.00000     0.00000     0.00000     0.00000
    -95.295         0.00000     0.00000     0.00000     0.00000
    -95.145         0.00000     0.00000     0.00000     0.00000
    -94.995         0.00000     0.00000     0.00000     0.00000
    -94.845         0.00000     0.00000     0.00000     0.00000
    -94.695         0.00000     0.00000     0.00000     0.00000
    -94.545         0.00000     0.00000     0.00000     0.00000
    -94.395         0.00000     0.00000     0.00000     0.00000
    -94.245         0.00000     0.00000     0.00000     0.00000
    -94.095         0.00000     0.00000     0.00000     0.00000
    -93.945         0.00000     0.00000     0.00000     0.00000
    -93.795         0.00000     0.00000     0.00000     0.00000
    -93.645         0.00000     0.00000     0.00000     0.00000
    -93.495         0.00000     0.00000     0.00000     0.00000
    -93.345         0.00000     0.00000     0.00000     0.00000
    -93.195         0.00000     0.00000     0.00000     0.00000
    -93.045         0.00000     0.00000     0.00000     0.00000
    -92.895         0.00000     0.00000     0.00000     0.00000
    -92.745         0.00000     0.00000     0.00000     0.00000
    -92.595         0.00000     0.00000     0.00000     0.00000
    -92.445         0.00000     0.00000     0.00000     0.00000
    -92.295         0.00000     0.00000     0.00000     0.00000
    -92.145         0.00000     0.00000     0.00000     0.00000
    -91.995         0.00000     0.00000     0.00000     0.00000
    -91.845         0.00000     0.00000     0.00000     0.00000
    -91.695         0.00000     0.00000     0.00000     0.00000
    -91.545         0.00000     0.00000     0.00000     0.00000
    -91.395         0.00000     0.00000     0.00000     0.00000
    -91.245         0.00000     0.00000     0.00000     0.00000
    -91.095         0.00000     0.00000     0.00000     0.00000
    -90.945         0.00000     0.00000     0.00000     0.00000
    -90.795         0.00000     0.00000     0.00000     0.00000
    -90.645         0.00000     0.00000     0.00000     0.00000
    -90.495         0.00000     0.00000     0.00000     0.00000
    -90.345         0.00000     0.00000     0.00000     0.00000
    -90.195         0.00000     0.00000     0.00000     0.00000
    -90.045         0.00000     0.00000     0.00000     0.00000
    -89.895         0.00000     0.00000     0.00000     0.00000
    -89.745         0.00000     0.00000     0.00000     0.00000
    -89.595         0.00000     0.00000     0.00000     0.00000
    -89.445         0.00000     0.00000     0.00000     0.00000
    -89.295         0.00000     0.00000     0.00000     0.00000
    -89.145         0.00000     0.00000     0.00000     0.00000
    -88.995         0.00000     0.00000     0.00000     0.00000
    -88.845         0.00000     0.00000     0.00000     0.00000
    -88.695         0.00000     0.00000     0.00000     0.00000
    -88.545         0.00000     0.00000     0.00000     0.00000
    -88.395         0.00000     0.00000     0.00000     0.00000
    -88.245         0.00000     0.00000     0.00000     0.00000
    -88.095         0.00000     0.00000     0.00000     0.00000
    -87.945         0.00000     0.00000     0.00000     0.00000
    -87.795         0.00000     0.00000     0.00000     0.00000
    -87.645         0.00000     0.00000     0.00000     0.00000
    -87.495         0.00000     0.00000     0.00000     0.00000
    -87.345         0.00000     0.00000     0.00000     0.00000
    -87.195         0.00000     0.00000     0.00000     0.00000
    -87.045         0.00000     0.00000     0.00000     0.00000
    -86.895         0.00000     0.00000     0.00000     0.00000
    -86.745         0.00000     0.00000     0.00000     0.00000
    -86.595         0.00000     0.00000     0.00000     0.00000
    -86.445         0.00000     0.00000     0.00000     0.00000
    -86.295         0.00000     0.00000     0.00000     0.00000
    -86.145         0.00000     0.00000     0.00000     0.00000
    -85.995         0.00000     0.00000     0.00000     0.00000
    -85.845         0.00000     0.00000     0.00000     0.00000
    -85.695         0.00000     0.00000     0.00000     0.00000
    -85.545         0.00000     0.00000     0.00000     0.00000
    -85.395         0.00000     0.00000     0.00000     0.00000
    -85.245         0.00000     0.00000     0.00000     0.00000
    -85.095         0.00000     0.00000     0.00000     0.00000
    -84.945         0.00000     0.00000     0.00000     0.00000
    -84.795         0.00000     0.00000     0.00000     0.00000
    -84.645         0.00000     0.00000     0.00000     0.00000
    -84.495         0.00000     0.00000     0.00000     0.00000
    -84.345         0.00000     0.00000     0.00000     0.00000
    -84.195         0.00000     0.00000     0.00000     0.00000
    -84.045         0.00000     0.00000     0.00000     0.00000
    -83.895         0.00000     0.00000     0.00000     0.00000
    -83.745         0.00000     0.00000     0.00000     0.00000
    -83.595         0.00000     0.00000     0.00000     0.00000
    -83.445         0.00000     0.00000     0.00000     0.00000
    -83.295         0.00000     0.00000     0.00000     0.00000
    -83.145         0.00000     0.00000     0.00000     0.00000
    -82.995         0.00000     0.00000     0.00000     0.00000
    -82.845         0.00000     0.00000     0.00000     0.00000
    -82.695         0.00000     0.00000     0.00000     0.00000
    -82.545         0.00000     0.00000     0.00000     0.00000
    -82.395         0.00000     0.00000     0.00000     0.00000
    -82.245         0.00000     0.00000     0.00000     0.00000
    -82.095         0.00000     0.00000     0.00000     0.00000
    -81.945         0.00000     0.00000     0.00000     0.00000
    -81.795         0.00000     0.00000     0.00000     0.00000
    -81.645         0.00000     0.00000     0.00000     0.00000
    -81.495         0.00000     0.00000     0.00000     0.00000
    -81.345         0.00000     0.00000     0.00000     0.00000
    -81.195         0.00000     0.00000     0.00000     0.00000
    -81.045         0.00000     0.00000     0.00000     0.00000
    -80.895         0.00000     0.00000     0.00000     0.00000
    -80.745         0.00000     0.00000     0.00000     0.00000
    -80.595         0.00000     0.00000     0.00000     0.00000
    -80.445         0.00000     0.00000     0.00000     0.00000
    -80.295         0.00000     0.00000     0.00000     0.00000
    -80.145         0.00000     0.00000     0.00000     0.00000
    -79.995         0.00000     0.00000     0.00000     0.00000
    -79.845         0.00000     0.00000     0.00000     0.00000
    -79.695         0.00000     0.00000     0.00000     0.00000
    -79.545         0.00000     0.00000     0.00000     0.00000
    -79.395         0.00000     0.00000     0.00000     0.00000
    -79.245         0.00000     0.00000     0.00000     0.00000
    -79.095         0.00000     0.00000     0.00000     0.00000
    -78.945         0.00000     0.00000     0.00000     0.00000
    -78.795         0.00000     0.00000     0.00000     0.00000
    -78.645         0.00000     0.00000     0.00000     0.00000
    -78.495         0.00000     0.00000     0.00000     0.00000
    -78.345         0.00000     0.00000     0.00000     0.00000
    -78.195         0.00000     0.00000     0.00000     0.00000
    -78.045         0.00000     0.00000     0.00000     0.00000
    -77.895         0.00000     0.00000     0.00000     0.00000
    -77.745         0.00000     0.00000     0.00000     0.00000
    -77.595         0.00000     0.00000     0.00000     0.00000
    -77.445         0.00000     0.00000     0.00000     0.00000
    -77.295         0.00000     0.00000     0.00000     0.00000
    -77.145         0.00000     0.00000     0.00000     0.00000
    -76.995         0.00000     0.00000     0.00000     0.00000
    -76.845         0.00000     0.00000     0.00000     0.00000
    -76.695         0.00000     0.00000     0.00000     0.00000
    -76.545         0.00000     0.00000     0.00000     0.00000
    -76.395         0.00000     0.00000     0.00000     0.00000
    -76.245         0.00000     0.00000     0.00000     0.00000
    -76.095         0.00000     0.00000     0.00000     0.00000
    -75.945         0.00000     0.00000     0.00000     0.00000
    -75.795         0.00000     0.00000     0.00000     0.00000
    -75.645         0.00000     0.00000     0.00000     0.00000
    -75.495         0.00000     0.00000     0.00000     0.00000
    -75.345         0.00000     0.00000     0.00000     0.00000
    -75.195         0.00000     0.00000     0.00000     0.00000
    -75.045         0.00000     0.00000     0.00000     0.00000
    -74.895         0.00000     0.00000     0.00000     0.00000
    -74.745         0.00000     0.00000     0.00000     0.00000
    -74.595         0.00000     0.00000     0.00000     0.00000
    -74.445         0.00000     0.00000     0.00000     0.00000
    -74.295         0.00000     0.00000     0.00000     0.00000
    -74.145         0.00000     0.00000     0.00000     0.00000
    -73.995         0.00000     0.00000     0.00000     0.00000
    -73.845         0.00000     0.00000     0.00000     0.00000
    -73.695         0.00000     0.00000     0.00000     0.00000
    -73.545         0.00000     0.00000     0.00000     0.00000
    -73.395         0.00000     0.00000     0.00000     0.00000
    -73.245         0.00000     0.00000     0.00000     0.00000
    -73.095         0.00000     0.00000     0.00000     0.00000
    -72.945         0.00000     0.00000     0.00000     0.00000
    -72.795         0.00000     0.00000     0.00000     0.00000
    -72.645         0.00000     0.00000     0.00000     0.00000
    -72.495         0.00000     0.00000     0.00000     0.00000
    -72.345         0.00000     0.00000     0.00000     0.00000
    -72.195         0.00000     0.00000     0.00000     0.00000
    -72.045         0.00000     0.00000     0.00000     0.00000
    -71.895         0.00000     0.00000     0.00000     0.00000
    -71.745         0.00000     0.00000     0.00000     0.00000
    -71.595         0.00000     0.00000     0.00000     0.00000
    -71.445         0.00000     0.00000     0.00000     0.00000
    -71.295         0.00000     0.00000     0.00000     0.00000
    -71.145         0.00000     0.00000     0.00000     0.00000
    -70.995         0.00000     0.00000     0.00000     0.00000
    -70.845         0.00000     0.00000     0.00000     0.00000
    -70.695         0.00000     0.00000     0.00000     0.00000
    -70.545         0.00000     0.00000     0.00000     0.00000
    -70.395         0.00000     0.00000     0.00000     0.00000
    -70.245         0.00000     0.00000     0.00000     0.00000
    -70.095         0.00000     0.00000     0.00000     0.00000
    -69.945         0.00000     0.00000     0.00000     0.00000
    -69.795         0.00000     0.00000     0.00000     0.00000
    -69.645         0.00000     0.00000     0.00000     0.00000
    -69.495         0.00000     0.00000     0.00000     0.00000
    -69.345         0.00000     0.00000     0.00000     0.00000
    -69.195         0.00000     0.00000     0.00000     0.00000
    -69.045         0.00000     0.00000     0.00000     0.00000
    -68.895         0.00000     0.00000     0.00000     0.00000
    -68.745         0.00000     0.00000     0.00000     0.00000
    -68.595         0.00000     0.00000     0.00000     0.00000
    -68.445         0.00000     0.00000     0.00000     0.00000
    -68.295         0.00000     0.00000     0.00000     0.00000
    -68.145         0.00000     0.00000     0.00000     0.00000
    -67.995         0.00000     0.00000     0.00000     0.00000
    -67.845         0.00000     0.00000     0.00000     0.00000
    -67.695         0.00000     0.00000     0.00000     0.00000
    -67.545         0.00000     0.00000     0.00000     0.00000
    -67.395         0.00000     0.00000     0.00000     0.00000
    -67.245         0.00000     0.00000     0.00000     0.00000
    -67.095         0.00000     0.00000     0.00000     0.00000
    -66.945         0.00000     0.00000     0.00000     0.00000
    -66.795         0.00000     0.00000     0.00000     0.00000
    -66.645         0.00000     0.00000     0.00000     0.00000
    -66.495         0.00000     0.00000     0.00000     0.00000
    -66.345         0.00000     0.00000     0.00000     0.00000
    -66.195         0.00000     0.00000     0.00000     0.00000
    -66.045         0.00000     0.00000     0.00000     0.00000
    -65.895         0.00000     0.00000     0.00000     0.00000
    -65.745         0.00000     0.00000     0.00000     0.00000
    -65.595         0.00000     0.00000     0.00000     0.00000
    -65.445         0.00000     0.00000     0.00000     0.00000
    -65.295         0.00000     0.00000     0.00000     0.00000
    -65.145         0.00000     0.00000     0.00000     0.00000
    -64.995         0.00000     0.00000     0.00000     0.00000
    -64.845         0.00000     0.00000     0.00000     0.00000
    -64.695         0.00000     0.00000     0.00000     0.00000
    -64.545         0.00000     0.00000     0.00000     0.00000
    -64.395         0.00000     0.00000     0.00000     0.00000
    -64.245         0.00000     0.00000     0.00000     0.00000
    -64.095         0.00000     0.00000     0.00000     0.00000
    -63.945         0.00000     0.00000     0.00000     0.00000
    -63.795         0.00000     0.00000     0.00000     0.00000
    -63.645         0.00000     0.00000     0.00000     0.00000
    -63.495         0.00000     0.00000     0.00000     0.00000
    -63.345         0.00000     0.00000     0.00000     0.00000
    -63.195         0.00000     0.00000     0.00000     0.00000
    -63.045         0.00000     0.00000     0.00000     0.00000
    -62.895         0.00000     0.00000     0.00000     0.00000
    -62.745         0.00000     0.00000     0.00000     0.00000
    -62.595         0.00000     0.00000     0.00000     0.00000
    -62.445         0.00000     0.00000     0.00000     0.00000
    -62.295         0.00000     0.00000     0.00000     0.00000
    -62.145         0.00000     0.00000     0.00000     0.00000
    -61.995         0.00000     0.00000     0.00000     0.00000
    -61.845         0.00000     0.00000     0.00000     0.00000
    -61.695         0.00000     0.00000     0.00000     0.00000
    -61.545         0.00000     0.00000     0.00000     0.00000
    -61.395         0.00000     0.00000     0.00000     0.00000
    -61.245         0.00000     0.00000     0.00000     0.00000
    -61.095         0.00000     0.00000     0.00000     0.00000
    -60.945         0.00000     0.00000     0.00000     0.00000
    -60.795         0.00000     0.00000     0.00000     0.00000
    -60.645         0.00000     0.00000     0.00000     0.00000
    -60.495         0.00000     0.00000     0.00000     0.00000
    -60.345         0.00000     0.00000     0.00000     0.00000
    -60.195         0.00000     0.00000     0.00000     0.00000
    -60.045         0.00000     0.00000     0.00000     0.00000
    -59.895         0.00000     0.00000     0.00000     0.00000
    -59.745         0.00000     0.00000     0.00000     0.00000
    -59.595         0.00000     0.00000     0.00000     0.00000
    -59.445         0.00000     0.00000     0.00000     0.00000
    -59.295         0.00000     0.00000     0.00000     0.00000
    -59.145         0.00000     0.00000     0.00000     0.00000
    -58.995         0.00000     0.00000     0.00000     0.00000
    -58.845         0.00000     0.00000     0.00000     0.00000
    -58.695         0.00000     0.00000     0.00000     0.00000
    -58.545         0.00000     0.00000     0.00000     0.00000
    -58.395         0.00000     0.00000     0.00000     0.00000
    -58.245         0.00000     0.00000     0.00000     0.00000
    -58.095         0.00000     0.00000     0.00000     0.00000
    -57.945         0.00000     0.00000     0.00000     0.00000
    -57.795         0.00000     0.00000     0.00000     0.00000
    -57.645         0.00000     0.00000     0.00000     0.00000
    -57.495         0.00000     0.00000     0.00000     0.00000
    -57.345         0.00000     0.00000     0.00000     0.00000
    -57.195         0.00000     0.00000     0.00000     0.00000
    -57.045         0.00000     0.00000     0.00000     0.00000
    -56.895         0.00000     0.00000     0.00000     0.00000
    -56.745         0.00000     0.00000     0.00000     0.00000
    -56.595         0.00000     0.00000     0.00000     0.00000
    -56.445         0.00000     0.00000     0.00000     0.00000
    -56.295         0.00000     0.00000     0.00000     0.00000
    -56.145         0.00000     0.00000     0.00000     0.00000
    -55.995         0.00000     0.00000     0.00000     0.00000
    -55.845         0.00000     0.00000     0.00000     0.00000
    -55.695         0.00000     0.00000     0.00000     0.00000
    -55.545         0.00000     0.00000     0.00000     0.00000
    -55.395         0.00000     0.00000     0.00000     0.00000
    -55.245         0.00000     0.00000     0.00000     0.00000
    -55.095         0.00000     0.00000     0.00000     0.00000
    -54.945         0.00000     0.00000     0.00000     0.00000
    -54.795         0.00000     0.00000     0.00000     0.00000
    -54.645         0.00000     0.00000     0.00000     0.00000
    -54.495         0.00000     0.00000     0.00000     0.00000
    -54.345         0.00000     0.00000     0.00000     0.00000
    -54.195         0.00000     0.00000     0.00000     0.00000
    -54.045         0.00000     0.00000     0.00000     0.00000
    -53.895         0.00000     0.00000     0.00000     0.00000
    -53.745         0.00000     0.00000     0.00000     0.00000
    -53.595         0.00000     0.00000     0.00000     0.00000
    -53.445         0.00000     0.00000     0.00000     0.00000
    -53.295         0.00000     0.00000     0.00000     0.00000
    -53.145         0.00000     0.00000     0.00000     0.00000
    -52.995         0.00000     0.00000     0.00000     0.00000
    -52.845         0.00000     0.00000     0.00000     0.00000
    -52.695         0.00000     0.00000     0.00000     0.00000
    -52.545         0.00000     0.00000     0.00000     0.00000
    -52.395         0.00000     0.00000     0.00000     0.00000
    -52.245         0.00000     0.00000     0.00000     0.00000
    -52.095         0.00000     0.00000     0.00000     0.00000
    -51.945         0.00000     0.00000     0.00000     0.00000
    -51.795         0.00000     0.00000     0.00000     0.00000
    -51.645         0.00000     0.00000     0.00000     0.00000
    -51.495         0.00000     0.00000     0.00000     0.00000
    -51.345         0.00000     0.00000     0.00000     0.00000
    -51.195         0.00000     0.00000     0.00000     0.00000
    -51.045         0.00000     0.00000     0.00000     0.00000
    -50.895         0.00000     0.00000     0.00000     0.00000
    -50.745         0.00000     0.00000     0.00000     0.00000
    -50.595         0.00000     0.00000     0.00000     0.00000
    -50.445         0.00000     0.00000     0.00000     0.00000
    -50.295         0.00000     0.00000     0.00000     0.00000
    -50.145         0.00000     0.00000     0.00000     0.00000
    -49.995         0.00000     0.00000     0.00000     0.00000
    -49.845         0.00000     0.00000     0.00000     0.00000
    -49.695         0.00000     0.00000     0.00000     0.00000
    -49.545         0.00000     0.00000     0.00000     0.00000
    -49.395         0.00000     0.00000     0.00000     0.00000
    -49.245         0.00000     0.00000     0.00000     0.00000
    -49.095         0.00000     0.00000     0.00000     0.00000
    -48.945         0.00000     0.00000     0.00000     0.00000
    -48.795         0.00000     0.00000     0.00000     0.00000
    -48.645         0.00000     0.00000     0.00000     0.00000
    -48.495         0.00000     0.00000     0.00000     0.00000
    -48.345         0.00000     0.00000     0.00000     0.00000
    -48.195         0.00000     0.00000     0.00000     0.00000
    -48.045         0.00000     0.00000     0.00000     0.00000
    -47.895         0.00000     0.00000     0.00000     0.00000
    -47.745         0.00000     0.00000     0.00000     0.00000
    -47.595         0.00000     0.00000     0.00000     0.00000
    -47.445         0.00000     0.00000     0.00000     0.00000
    -47.295         0.00000     0.00000     0.00000     0.00000
    -47.145         0.00000     0.00000     0.00000     0.00000
    -46.995         0.00000     0.00000     0.00000     0.00000
    -46.845         0.00000     0.00000     0.00000     0.00000
    -46.695         0.00000     0.00000     0.00000     0.00000
    -46.545         0.00000     0.00000     0.00000     0.00000
    -46.395         0.00000     0.00000     0.00000     0.00000
    -46.245         0.00000     0.00000     0.00000     0.00000
    -46.095         0.00000     0.00000     0.00000     0.00000
    -45.945         0.00000     0.00000     0.00000     0.00000
    -45.795         0.00000     0.00000     0.00000     0.00000
    -45.645         0.00000     0.00000     0.00000     0.00000
    -45.495         0.00000     0.00000     0.00000     0.00000
    -45.345         0.00000     0.00000     0.00000     0.00000
    -45.195         0.00000     0.00000     0.00000     0.00000
    -45.045         0.00000     0.00000     0.00000     0.00000
    -44.895         0.00000     0.00000     0.00000     0.00000
    -44.745         0.00000     0.00000     0.00000     0.00000
    -44.595         0.00000     0.00000     0.00000     0.00000
    -44.445         0.00000     0.00000     0.00000     0.00000
    -44.295         0.00000     0.00000     0.00000     0.00000
    -44.145         0.00000     0.00000     0.00000     0.00000
    -43.995         0.00000     0.00000     0.00000     0.00000
    -43.845         0.00000     0.00000     0.00000     0.00000
    -43.695         0.00000     0.00000     0.00000     0.00000
    -43.545         0.00000     0.00000     0.00000     0.00000
    -43.395         0.00000     0.00000     0.00000     0.00000
    -43.245         0.00000     0.00000     0.00000     0.00000
    -43.095         0.00000     0.00000     0.00000     0.00000
    -42.945         0.00000     0.00000     0.00000     0.00000
    -42.795         0.00000     0.00000     0.00000     0.00000
    -42.645         0.00000     0.00000     0.00000     0.00000
    -42.495         0.00000     0.00000     0.00000     0.00000
    -42.345         0.00000     0.00000     0.00000     0.00000
    -42.195         0.00000     0.00000     0.00000     0.00000
    -42.045         0.00000     0.00000     0.00000     0.00000
    -41.895         0.00000     0.00000     0.00000     0.00000
    -41.745         0.00000     0.00000     0.00000     0.00000
    -41.595         0.00000     0.00000     0.00000     0.00000
    -41.445         0.00000     0.00000     0.00000     0.00000
    -41.295         0.00000     0.00000     0.00000     0.00000
    -41.145         0.00000     0.00000     0.00000     0.00000
    -40.995         0.00000     0.00000     0.00000     0.00000
    -40.845         0.00000     0.00000     0.00000     0.00000
    -40.695         0.00000     0.00000     0.00000     0.00000
    -40.545         0.00000     0.00000     0.00000     0.00000
    -40.395         0.00000     0.00000     0.00000     0.00000
    -40.245         0.00000     0.00000     0.00000     0.00000
    -40.095         0.00000     0.00000     0.00000     0.00000
    -39.945         0.00000     0.00000     0.00000     0.00000
    -39.795         0.00000     0.00000     0.00000     0.00000
    -39.645         0.00000     0.00000     0.00000     0.00000
    -39.495         0.00000     0.00000     0.00000     0.00000
    -39.345         0.00000     0.00000     0.00000     0.00000
    -39.195         0.00000     0.00000     0.00000     0.00000
    -39.045         0.00000     0.00000     0.00000     0.00000
    -38.895         0.00000     0.00000     0.00000     0.00000
    -38.745         0.00000     0.00000     0.00000     0.00000
    -38.595         0.00000     0.00000     0.00000     0.00000
    -38.445         0.00000     0.00000     0.00000     0.00000
    -38.295         0.00000     0.00000     0.00000     0.00000
    -38.145         0.00000     0.00000     0.00000     0.00000
    -37.995         0.00000     0.00000     0.00000     0.00000
    -37.845         0.00000     0.00000     0.00000     0.00000
    -37.695         0.00000     0.00000     0.00000     0.00000
    -37.545         0.00000     0.00000     0.00000     0.00000
    -37.395         0.00000     0.00000     0.00000     0.00000
    -37.245         0.00000     0.00000     0.00000     0.00000
    -37.095         0.00000     0.00000     0.00000     0.00000
    -36.945         0.00000     0.00000     0.00000     0.00000
    -36.795         0.00000     0.00000     0.00000     0.00000
    -36.645         0.00000     0.00000     0.00000     0.00000
    -36.495         0.00000     0.00000     0.00000     0.00000
    -36.345         0.00000     0.00000     0.00000     0.00000
    -36.195         0.00000     0.00000     0.00000     0.00000
    -36.045         0.00000     0.00000     0.00000     0.00000
    -35.895         0.00000     0.00000     0.00000     0.00000
    -35.745         0.00000     0.00000     0.00000     0.00000
    -35.595         0.00000     0.00000     0.00000     0.00000
    -35.445         0.00000     0.00000     0.00000     0.00000
    -35.295         0.00000     0.00000     0.00000     0.00000
    -35.145         0.00000     0.00000     0.00000     0.00000
    -34.995         0.00000     0.00000     0.00000     0.00000
    -34.845         0.00000     0.00000     0.00000     0.00000
    -34.695         0.00000     0.00000     0.00000     0.00000
    -34.545         0.00000     0.00000     0.00000     0.00000
    -34.395         0.00000     0.00000     0.00000     0.00000
    -34.245         0.00000     0.00000     0.00000     0.00000
    -34.095         0.00000     0.00000     0.00000     0.00000
    -33.945         0.00000     0.00000     0.00000     0.00000
    -33.795         0.00000     0.00000     0.00000     0.00000
    -33.645         0.00000     0.00000     0.00000     0.00000
    -33.495         0.00000     0.00000     0.00000     0.00000
    -33.345         0.00000     0.00000     0.00000     0.00000
    -33.195         0.00000     0.00000     0.00000     0.00000
    -33.045         0.00000     0.00000     0.00000     0.00000
    -32.895         0.00000     0.00000     0.00000     0.00000
    -32.745         0.00000     0.00000     0.00000     0.00000
    -32.595         0.00000     0.00000     0.00000     0.00000
    -32.445         0.00000     0.00000     0.00000     0.00000
    -32.295         0.00000     0.00000     0.00000     0.00000
    -32.145         0.00000     0.00000     0.00000     0.00000
    -31.995         0.00000     0.00000     0.00000     0.00000
    -31.845         0.00000     0.00000     0.00000     0.00000
    -31.695         0.00000     0.00000     0.00000     0.00000
    -31.545         0.00000     0.00000     0.00000     0.00000
    -31.395         0.00000     0.00000     0.00000     0.00000
    -31.245         0.00000     0.00000     0.00000     0.00000
    -31.095         0.00000     0.00000     0.00000     0.00000
    -30.945         0.00000     0.00000     0.00000     0.00000
    -30.795         0.00000     0.00000     0.00000     0.00000
    -30.645         0.00000     0.00000     0.00000     0.00000
    -30.495         0.00000     0.00000     0.00000     0.00000
    -30.345         0.00000     0.00000     0.00000     0.00000
    -30.195         0.00000     0.00000     0.00000     0.00000
    -30.045         0.00000     0.00000     0.00000     0.00000
    -29.895         0.00000     0.00000     0.00000     0.00000
    -29.745         0.00000     0.00000     0.00000     0.00000
    -29.595         0.00000     0.00000     0.00000     0.00000
    -29.445         0.00000     0.00000     0.00000     0.00000
    -29.295         0.00000     0.00000     0.00000     0.00000
    -29.145         0.00000     0.00000     0.00000     0.00000
    -28.995         0.00000     0.00000     0.00000     0.00000
    -28.845         0.00000     0.00000     0.00000     0.00000
    -28.695         0.00000     0.00000     0.00000     0.00000
    -28.545         0.00000     0.00000     0.00000     0.00000
    -28.395         0.00000     0.00000     0.00000     0.00000
    -28.245         0.00000     0.00000     0.00000     0.00000
    -28.095         0.00000     0.00000     0.00000     0.00000
    -27.945         0.00000     0.00000     0.00000     0.00000
    -27.795         0.00000     0.00000     0.00000     0.00000
    -27.645         0.00000     0.00000     0.00000     0.00000
    -27.495         0.00000     0.00000     0.00000     0.00000
    -27.345         0.00000     0.00000     0.00000     0.00000
    -27.195         0.00000     0.00000     0.00000     0.00000
    -27.045         0.00000     0.00000     0.00000     0.00000
    -26.895         0.00000     0.00000     0.00000     0.00000
    -26.745         0.00000     0.00000     0.00000     0.00000
    -26.595         0.00000     0.00000     0.00000     0.00000
    -26.445         0.00000     0.00000     0.00000     0.00000
    -26.295         0.00000     0.00000     0.00000     0.00000
    -26.145         0.00000     0.00000     0.00000     0.00000
    -25.995         0.00000     0.00000     0.00000     0.00000
    -25.845         0.00000     0.00000     0.00000     0.00000
    -25.695         0.00000     0.00000     0.00000     0.00000
    -25.545         0.00000     0.00000     0.00000     0.00000
    -25.395         0.00000     0.00000     0.00000     0.00000
    -25.245         0.00000     0.00000     0.00000     0.00000
    -25.095        -0.00000    -0.00000     0.00000     0.00000
    -24.945        -0.00000    -0.00000     0.00000     0.00000
    -24.795        -0.00000    -0.00000     0.00000     0.00000
    -24.645        -0.00000    -0.00000     0.00000     0.00000
    -24.495        -0.00000    -0.00000     0.00000     0.00000
    -24.345        -0.00000    -0.00000     0.00000     0.00000
    -24.195        -0.00000    -0.00000     0.00000     0.00000
    -24.045        -0.00000    -0.00000     0.00000     0.00000
    -23.895        -0.00000    -0.00000     0.00000     0.00000
    -23.745        -0.00000    -0.00000     0.00000     0.00000
    -23.595        -0.00000    -0.00000     0.00000     0.00000
    -23.445        -0.00000    -0.00000     0.00000     0.00000
    -23.295        -0.00001    -0.00001     0.00000     0.00000
    -23.145        -0.00001    -0.00001     0.00000     0.00000
    -22.995        -0.00002    -0.00002     0.00000     0.00000
    -22.845        -0.00002    -0.00002     0.00000     0.00000
    -22.695        -0.00003    -0.00003     0.00000     0.00000
    -22.545        -0.00005    -0.00005     0.00000     0.00000
    -22.395        -0.00007    -0.00007     0.00000     0.00000
    -22.245        -0.00009    -0.00009     0.00000     0.00000
    -22.095        -0.00012    -0.00012     0.00000     0.00000
    -21.945        -0.00016    -0.00016     0.00000     0.00000
    -21.795        -0.00021    -0.00021     0.00000     0.00000
    -21.645        -0.00026    -0.00026     0.00000     0.00000
    -21.495        -0.00031    -0.00031     0.00000     0.00000
    -21.345        -0.00038    -0.00038     0.00000     0.00000
    -21.195        -0.00044    -0.00044     0.00000     0.00000
    -21.045        -0.00051    -0.00051     0.00000     0.00000
    -20.895        -0.00059    -0.00059     0.00000     0.00000
    -20.745        -0.00067    -0.00067     0.00000     0.00000
    -20.595        -0.00076    -0.00076     0.00000     0.00000
    -20.445        -0.00085    -0.00085     0.00000     0.00000
    -20.295        -0.00094    -0.00094     0.00000     0.00000
    -20.145        -0.00104    -0.00104     0.00000     0.00000
    -19.995        -0.00114    -0.00114     0.00000     0.00000
    -19.845        -0.00125    -0.00125     0.00000     0.00000
    -19.695        -0.00136    -0.00136     0.00000     0.00000
    -19.545        -0.00148    -0.00148     0.00000     0.00000
    -19.395        -0.00160    -0.00160     0.00000     0.00000
    -19.245        -0.00171    -0.00171     0.00000     0.00000
    -19.095        -0.00183    -0.00183     0.00000     0.00000
    -18.945        -0.00195    -0.00195     0.00000     0.00000
    -18.795        -0.00208    -0.00208     0.00000     0.00000
    -18.645        -0.00222    -0.00222     0.00000     0.00000
    -18.495        -0.00235    -0.00235     0.00000     0.00000
    -18.345        -0.00249    -0.00249     0.00000     0.00000
    -18.195        -0.00264    -0.00264     0.00000     0.00000
    -18.045        -0.00279    -0.00279     0.00000     0.00000
    -17.895        -0.00294    -0.00294     0.00000     0.00000
    -17.745        -0.00310    -0.00310     0.00000     0.00000
    -17.595        -0.00326    -0.00326     0.00000     0.00000
    -17.445        -0.00342    -0.00342     0.00000     0.00000
    -17.295        -0.00359    -0.00359     0.00000     0.00000
    -17.145        -0.00375    -0.00375     0.00000     0.00000
    -16.995        -0.00392    -0.00392     0.00000     0.00000
    -16.845        -0.00410    -0.00410     0.00000     0.00000
    -16.695        -0.00428    -0.00428     0.00000     0.00000
    -16.545        -0.00446    -0.00446     0.00000     0.00000
    -16.395        -0.00464    -0.00464     0.00000     0.00000
    -16.245        -0.00484    -0.00484     0.00000     0.00000
    -16.095        -0.00502    -0.00502     0.00000     0.00000
    -15.945        -0.00521    -0.00521     0.00000     0.00000
    -15.795        -0.00542    -0.00542     0.00000     0.00000
    -15.645        -0.00562    -0.00562     0.00000     0.00000
    -15.495        -0.00583    -0.00583     0.00000     0.00000
    -15.345        -0.00605    -0.00605     0.00000     0.00000
    -15.195        -0.00627    -0.00627     0.00000     0.00000
    -15.045        -0.00649    -0.00649     0.00000     0.00000
    -14.895        -0.00672    -0.00672     0.00000     0.00000
    -14.745        -0.00695    -0.00695     0.00000     0.00000
    -14.595        -0.00718    -0.00718     0.00000     0.00000
    -14.445        -0.00742    -0.00742     0.00000     0.00000
    -14.295        -0.00767    -0.00767     0.00000     0.00000
    -14.145        -0.00792    -0.00792     0.00000     0.00000
    -13.995        -0.00818    -0.00818     0.00000     0.00000
    -13.845        -0.00844    -0.00844     0.00000     0.00000
    -13.695        -0.00870    -0.00870     0.00000     0.00000
    -13.545        -0.00896    -0.00896     0.00000     0.00000
    -13.395        -0.00924    -0.00924     0.00000     0.00000
    -13.245        -0.00953    -0.00953     0.00000     0.00000
    -13.095        -0.00982    -0.00982     0.00000     0.00000
    -12.945        -0.01011    -0.01011     0.00000     0.00000
    -12.795        -0.01042    -0.01042     0.00000     0.00000
    -12.645        -0.01073    -0.01073     0.00000     0.00000
    -12.495        -0.01104    -0.01104     0.00000     0.00000
    -12.345        -0.01135    -0.01135     0.00000     0.00000
    -12.195        -0.01167    -0.01167     0.00000     0.00000
    -12.045        -0.01200    -0.01200     0.00000     0.00000
    -11.895        -0.01232    -0.01232     0.00000     0.00000
    -11.745        -0.01267    -0.01267     0.00000     0.00000
    -11.595        -0.01301    -0.01301     0.00000     0.00000
    -11.445        -0.01384    -0.01337    -0.00046     0.00000
    -11.295        -0.01617    -0.01571    -0.00046     0.00000
    -11.145        -0.01755    -0.01607    -0.00147     0.00000
    -10.995        -0.01792    -0.01646    -0.00147     0.00000
    -10.845        -0.02080    -0.01686    -0.00394     0.00000
    -10.695        -0.02420    -0.01725    -0.00695     0.00000
    -10.545        -0.02622    -0.01763    -0.00859     0.00000
    -10.395        -0.02876    -0.01803    -0.01073     0.00000
    -10.245        -0.03410    -0.01846    -0.01564     0.00000
    -10.095        -0.03990    -0.01889    -0.02102     0.00000
    -9.9450        -0.04701    -0.01931    -0.02770     0.00000
    -9.7950        -0.05286    -0.01975    -0.03311     0.00000
    -9.6450        -0.06037    -0.02016    -0.04021     0.00000
    -9.4950        -0.06815    -0.02257    -0.04558     0.00000
    -9.3450        -0.07355    -0.02302    -0.05053     0.00000
    -9.1950        -0.08051    -0.02544    -0.05508     0.00000
    -9.0450        -0.08746    -0.02784    -0.05962     0.00000
    -8.8950        -0.09451    -0.02831    -0.06621     0.00000
    -8.7450        -0.10338    -0.03265    -0.07073     0.00000
    -8.5950        -0.10589    -0.03310    -0.07279     0.00000
    -8.4450        -0.11092    -0.03358    -0.07735     0.00000
    -8.2950        -0.11716    -0.03407    -0.08309     0.00000
    -8.1450        -0.12615    -0.03849    -0.08766     0.00000
    -7.9950        -0.13236    -0.04088    -0.09147     0.00000
    -7.8450        -0.14354    -0.04746    -0.09608     0.00000
    -7.6950        -0.15103    -0.05106    -0.09997     0.00000
    -7.5450        -0.16353    -0.05818    -0.10535     0.00000
    -7.3950        -0.17468    -0.06401    -0.11039    -0.00028
    -7.2450        -0.18752    -0.07081    -0.11618    -0.00053
    -7.0950        -0.20027    -0.07669    -0.12097    -0.00262
    -6.9450        -0.22368    -0.08442    -0.12514    -0.01411
    -6.7950        -0.26419    -0.09265    -0.12906    -0.04249
    -6.6450        -0.33106    -0.10194    -0.13474    -0.09437
    -6.4950        -0.43524    -0.11262    -0.14302    -0.17960
    -6.3450        -0.59325    -0.12403    -0.15046    -0.31876
    -6.1950        -0.78019    -0.13611    -0.16008    -0.48400
    -6.0450        -0.98448    -0.14508    -0.16891    -0.67049
    -5.8950        -1.21805    -0.15726    -0.17873    -0.88206
    -5.7450        -1.46576    -0.17295    -0.18896    -1.10385
    -5.5950        -1.73109    -0.18618    -0.20044    -1.34447
    -5.4450        -1.99951    -0.20116    -0.21393    -1.58442
    -5.2950        -2.27375    -0.21617    -0.22680    -1.83079
    -5.1450        -2.53850    -0.23129    -0.24196    -2.06525
    -4.9950        -2.80814    -0.24831    -0.26052    -2.29931
    -4.8450        -3.06791    -0.26347    -0.27789    -2.52655
    -4.6950        -3.32262    -0.28019    -0.29811    -2.74432
    -4.5450        -3.57089    -0.29867    -0.32200    -2.95022
    -4.3950        -3.81768    -0.31643    -0.34426    -3.15698
    -4.2450        -4.05382    -0.33508    -0.37037    -3.34837
    -4.0950        -4.28144    -0.35311    -0.39927    -3.52906
    -3.9450        -4.50354    -0.36998    -0.43004    -3.70352
    -3.7950        -4.73020    -0.39024    -0.46199    -3.87797
    -3.6450        -4.94761    -0.41098    -0.49781    -4.03882
    -3.4950        -5.16761    -0.43632    -0.53675    -4.19454
    -3.3450        -5.38256    -0.46032    -0.57430    -4.34794
    -3.1950        -5.59807    -0.49028    -0.61285    -4.49494
    -3.0450        -5.82211    -0.52418    -0.65233    -4.64560
    -2.8950        -6.06302    -0.56026    -0.69616    -4.80659
    -2.7450        -6.30606    -0.59928    -0.74225    -4.96453
    -2.5950        -6.56679    -0.64590    -0.79190    -5.12899
    -2.4450        -6.83509    -0.69478    -0.84043    -5.29988
    -2.2950        -7.12622    -0.74475    -0.89236    -5.48911
    -2.1450        -7.44965    -0.79971    -0.95062    -5.69933
    -1.9950        -7.81460    -0.86024    -1.01464    -5.93972
    -1.8450        -8.22520    -0.92743    -1.08272    -6.21504
    -1.6950        -8.70975    -1.00560    -1.16135    -6.54280
    -1.5450        -9.28850    -1.09553    -1.24740    -6.94556
    -1.3950        -9.98904    -1.20171    -1.34760    -7.43974
    -1.2450       -10.85316    -1.32534    -1.46564    -8.06218
    -1.0950       -11.90138    -1.48183    -1.61056    -8.80899
   -0.94500       -13.18211    -1.67297    -1.78309    -9.72604
   -0.79500       -14.79471    -1.91715    -2.01197   -10.86559
   -0.64500       -16.79725    -2.23952    -2.32217   -12.23555
   -0.49500       -19.37227    -2.70833    -2.79354   -13.87040
   -0.34500       -23.05594    -3.48720    -3.58381   -15.98493
   -0.22700       -24.71625    -3.86296    -3.97800   -16.87529
   -0.21300       -24.93749    -3.91462    -4.03135   -16.99152
   -0.20700       -25.16584    -3.96675    -4.08683   -17.11227
   -0.20100       -25.39940    -4.02061    -4.14440   -17.23438
   -0.19500       -25.64063    -4.07537    -4.20448   -17.36078
   -0.18900       -25.88971    -4.13180    -4.26667   -17.49124
   -0.18300       -26.14420    -4.19113    -4.33021   -17.62286
   -0.17700       -26.40700    -4.25149    -4.39706   -17.75846
   -0.17100       -26.67800    -4.31428    -4.46575   -17.89798
   -0.16500       -26.95737    -4.37853    -4.53683   -18.04201
   -0.15900       -27.24917    -4.44618    -4.61224   -18.19074
   -0.15300       -27.54773    -4.51509    -4.68875   -18.34389
   -0.14700       -27.85735    -4.58729    -4.76709   -18.50297
   -0.14100       -28.17931    -4.66218    -4.84884   -18.66829
   -0.13500       -28.51082    -4.73927    -4.93427   -18.83728
   -0.12900       -28.85812    -4.81924    -5.02296   -19.01593
   -0.12300       -29.21846    -4.90257    -5.11407   -19.20182
   -0.11700       -29.59265    -4.98916    -5.20921   -19.39428
   -0.11100       -29.98428    -5.07803    -5.30975   -19.59649
   -0.10500       -30.39387    -5.17071    -5.41455   -19.80861
   -0.99000E-01   -30.82273    -5.26766    -5.52391   -20.03115
   -0.93000E-01   -31.27590    -5.36841    -5.63950   -20.26799
   -0.87000E-01   -31.75225    -5.47328    -5.76148   -20.51749
   -0.81000E-01   -32.25835    -5.58386    -5.89087   -20.78362
   -0.75000E-01   -32.79732    -5.70032    -6.02782   -21.06918
   -0.69000E-01   -33.37002    -5.82132    -6.17385   -21.37485
   -0.63000E-01   -33.98782    -5.94924    -6.33162   -21.70696
   -0.57000E-01   -34.65973    -6.08525    -6.50371   -22.07077
   -0.51000E-01   -35.40659    -6.23456    -6.69667   -22.47536
   -0.45000E-01   -36.23734    -6.40057    -6.90748   -22.92929
   -0.39000E-01   -37.15518    -6.57851    -7.12529   -23.45138
   -0.33000E-01   -38.16650    -6.75821    -7.34052   -24.06778
   -0.27000E-01   -39.29759    -6.92960    -7.54446   -24.82354
   -0.21300E-01   -40.15970    -7.03668    -7.66900   -25.45402
   -0.19500E-01   -40.29412    -7.05153    -7.68580   -25.55679
   -0.18900E-01   -40.43201    -7.06611    -7.70238   -25.66353
   -0.18300E-01   -40.57199    -7.08036    -7.71851   -25.77313
   -0.17700E-01   -40.71547    -7.09430    -7.73420   -25.88698
   -0.17100E-01   -40.86174    -7.10803    -7.74936   -26.00434
   -0.16500E-01   -41.01172    -7.12138    -7.76399   -26.12635
   -0.15900E-01   -41.16550    -7.13444    -7.77810   -26.25296
   -0.15300E-01   -41.32365    -7.14709    -7.79184   -26.38472
   -0.14700E-01   -41.48624    -7.15936    -7.80513   -26.52175
   -0.14100E-01   -41.65389    -7.17138    -7.81798   -26.66454
   -0.13500E-01   -41.82671    -7.18280    -7.83031   -26.81360
   -0.12900E-01   -42.00560    -7.19375    -7.84198   -26.96988
   -0.12300E-01   -42.19146    -7.20446    -7.85317   -27.13384
   -0.11700E-01   -42.38505    -7.21463    -7.86388   -27.30654
   -0.11100E-01   -42.58688    -7.22431    -7.87407   -27.48850
   -0.10500E-01   -42.79866    -7.23353    -7.88380   -27.68132
   -0.99000E-02   -43.02160    -7.24227    -7.89301   -27.88632
   -0.93000E-02   -43.25736    -7.25055    -7.90171   -28.10510
   -0.87000E-02   -43.50826    -7.25827    -7.90974   -28.34025
   -0.81000E-02   -43.77691    -7.26549    -7.91731   -28.59412
   -0.75000E-02   -44.06750    -7.27226    -7.92428   -28.87096
   -0.69000E-02   -44.38534    -7.27847    -7.93072   -29.17615
   -0.63000E-02   -44.73589    -7.28418    -7.93659   -29.51512
   -0.57000E-02   -45.12640    -7.28935    -7.94189   -29.89517
   -0.51000E-02   -45.56420    -7.29400    -7.94662   -30.32358
   -0.45000E-02   -46.05763    -7.29816    -7.95081   -30.80866
   -0.39000E-02   -46.61629    -7.30174    -7.95447   -31.36008
   -0.33000E-02   -47.25018    -7.30478    -7.95757   -31.98783
   -0.27000E-02   -47.97335    -7.30727    -7.96011   -32.70597
   -0.21000E-02   -48.80745    -7.30923    -7.96208   -33.53615
   -0.15000E-02   -49.79214    -7.31063    -7.96349   -34.51802
   -0.90000E-03   -50.78622    -7.31147    -7.96433   -35.51042
   -0.30000E-03   -51.21347    -7.31175    -7.96461   -35.93710
    0.30000E-03   -50.78623    -7.31147    -7.96434   -35.51041
    0.90000E-03   -49.79058    -7.31063    -7.96351   -34.51644
    0.15000E-02   -48.80406    -7.30922    -7.96213   -33.53271
    0.21000E-02   -47.96825    -7.30725    -7.96019   -32.70081
    0.27000E-02   -47.24313    -7.30469    -7.95770   -31.98073
    0.33000E-02   -46.60766    -7.30160    -7.95463   -31.35143
    0.39000E-02   -46.04814    -7.29794    -7.95102   -30.79917
    0.45000E-02   -45.55388    -7.29376    -7.94690   -30.31322
    0.51000E-02   -45.11527    -7.28901    -7.94221   -29.88405
    0.57000E-02   -44.72370    -7.28365    -7.93695   -29.50310
    0.63000E-02   -44.37196    -7.27773    -7.93121   -29.16302
    0.69000E-02   -44.05387    -7.27126    -7.92495   -28.85766
    0.75000E-02   -43.76289    -7.26431    -7.91817   -28.58042
    0.81000E-02   -43.49430    -7.25671    -7.91094   -28.32665
    0.87000E-02   -43.24364    -7.24860    -7.90324   -28.09181
    0.93000E-02   -43.00881    -7.24007    -7.89496   -27.87377
    0.99000E-02   -42.78647    -7.23092    -7.88623   -27.66931
    0.10500E-01   -42.57506    -7.22124    -7.87697   -27.47685
    0.11100E-01   -42.37331    -7.21101    -7.86716   -27.29514
    0.11700E-01   -42.18063    -7.20026    -7.85698   -27.12339
    0.12300E-01   -41.99524    -7.18907    -7.84635   -26.95982
    0.12900E-01   -41.81701    -7.17745    -7.83529   -26.80426
    0.13500E-01   -41.64490    -7.16516    -7.82377   -26.65597
    0.14100E-01   -41.47774    -7.15259    -7.81176   -26.51340
    0.14700E-01   -41.31585    -7.13941    -7.79952   -26.37692
    0.15300E-01   -41.15817    -7.12569    -7.78684   -26.24564
    0.15900E-01   -41.00505    -7.11156    -7.77385   -26.11964
    0.16500E-01   -40.85555    -7.09694    -7.76063   -25.99798
    0.17100E-01   -40.70965    -7.08196    -7.74688   -25.88081
    0.17700E-01   -40.56713    -7.06628    -7.73278   -25.76808
    0.18300E-01   -40.42773    -7.05031    -7.71848   -25.65894
    0.18900E-01   -40.29077    -7.03390    -7.70385   -25.55303
    0.19500E-01   -40.15637    -7.01708    -7.68908   -25.45021
    0.21300E-01   -39.29787    -6.89259    -7.58223   -24.82305
    0.27000E-01   -38.17495    -6.68893    -7.41128   -24.07474
    0.33000E-01   -37.17308    -6.47339    -7.23269   -23.46701
    0.39000E-01   -36.26935    -6.25510    -7.05692   -22.95733
    0.45000E-01   -35.45627    -6.04268    -6.89412   -22.51948
    0.51000E-01   -34.73122    -5.84830    -6.74694   -22.13597
    0.57000E-01   -34.08285    -5.67621    -6.60967   -21.79698
    0.63000E-01   -33.49662    -5.52055    -6.48091   -21.49515
    0.69000E-01   -32.95895    -5.37679    -6.35819   -21.22397
    0.75000E-01   -32.46476    -5.24326    -6.24247   -20.97903
    0.81000E-01   -32.00429    -5.11687    -6.13193   -20.75549
    0.87000E-01   -31.57383    -4.99810    -6.02555   -20.55017
    0.93000E-01   -31.16890    -4.88503    -5.92303   -20.36084
    0.99000E-01   -30.78671    -4.77644    -5.82481   -20.18546
    0.10500       -30.42579    -4.67207    -5.73132   -20.02239
    0.11100       -30.08293    -4.57262    -5.64064   -19.86967
    0.11700       -29.75747    -4.47698    -5.55281   -19.72768
    0.12300       -29.44815    -4.38495    -5.46913   -19.59408
    0.12900       -29.15250    -4.29645    -5.38805   -19.46800
    0.13500       -28.87003    -4.21141    -5.30932   -19.34930
    0.14100       -28.60194    -4.12957    -5.23525   -19.23712
    0.14700       -28.34458    -4.05162    -5.16195   -19.13101
    0.15300       -28.09722    -3.97614    -5.09072   -19.03037
    0.15900       -27.86238    -3.90504    -5.02276   -18.93458
    0.16500       -27.63622    -3.83536    -4.95625   -18.84461
    0.17100       -27.41961    -3.76805    -4.89326   -18.75830
    0.17700       -27.21167    -3.70341    -4.83259   -18.67566
    0.18300       -27.01045    -3.64068    -4.77317   -18.59659
    0.18900       -26.81729    -3.57980    -4.71625   -18.52124
    0.19500       -26.63093    -3.52069    -4.66138   -18.44885
    0.20100       -26.45147    -3.46380    -4.60881   -18.37886
    0.20700       -26.27659    -3.40806    -4.55732   -18.31121
    0.21300       -26.10873    -3.35542    -4.50647   -18.24684
    0.22700       -24.88969    -2.96649    -4.13966   -17.78354
    0.34500       -22.42779    -2.16921    -3.38667   -16.87191
    0.49500       -20.90982    -1.67384    -2.92579   -16.31019
    0.64500       -19.85228    -1.33701    -2.62362   -15.89166
    0.79500       -19.04423    -1.09608    -2.39869   -15.54946
    0.94500       -18.38836    -0.90897    -2.22104   -15.25836
     1.0950       -17.83884    -0.75309    -2.07757   -15.00819
     1.2450       -17.37623    -0.62679    -1.95359   -14.79585
     1.3950       -16.97396    -0.51784    -1.85291   -14.60321
     1.5450       -16.62611    -0.42401    -1.76896   -14.43314
     1.6950       -16.32870    -0.34785    -1.69604   -14.28482
     1.8450       -16.05785    -0.28176    -1.63155   -14.14455
     1.9950       -15.82625    -0.22587    -1.57536   -14.02502
     2.1450       -15.61120    -0.17830    -1.52527   -13.90764
     2.2950       -15.42219    -0.13512    -1.48159   -13.80548
     2.4450       -15.25523    -0.10005    -1.44281   -13.71237
     2.5950       -15.10744    -0.07547    -1.40781   -13.62416
     2.7450       -14.97166    -0.05150    -1.37579   -13.54437
     2.8950       -14.85110    -0.02920    -1.34903   -13.47287
     3.0450       -14.74049    -0.00834    -1.32365   -13.40849
     3.1950       -14.63887     0.00865    -1.30141   -13.34611
     3.3450       -14.54808     0.02480    -1.28055   -13.29234
     3.4950       -14.46287     0.03747    -1.26151   -13.23883
     3.6450       -14.38352     0.04899    -1.24439   -13.18811
     3.7950       -14.30589     0.06170    -1.22762   -13.13997
     3.9450       -14.23464     0.07209    -1.21110   -13.09563
     4.0950       -14.16314     0.08310    -1.19689   -13.04934
     4.2450       -14.10224     0.09062    -1.18350   -13.00936
     4.3950       -14.04169     0.09729    -1.17097   -12.96802
     4.5450       -13.98553     0.10495    -1.15862   -12.93186
     4.6950       -13.93338     0.11337    -1.14893   -12.89782
     4.8450       -13.87991     0.12420    -1.13985   -12.86426
     4.9950       -13.83510     0.13017    -1.13265   -12.83261
     5.1450       -13.78696     0.13614    -1.12432   -12.79878
     5.2950       -13.74397     0.14563    -1.12113   -12.76847
     5.4450       -13.70564     0.15063    -1.11676   -12.73951
     5.5950       -13.66453     0.15865    -1.11244   -12.71074
     5.7450       -13.62011     0.16781    -1.10466   -12.68326
     5.8950       -13.58206     0.17616    -1.10164   -12.65658
     6.0450       -13.54207     0.18406    -1.09555   -12.63058
     6.1950       -13.50722     0.19113    -1.09408   -12.60427
     6.3450       -13.47572     0.19357    -1.08982   -12.57947
     6.4950       -13.44509     0.19864    -1.08848   -12.55525
     6.6450       -13.41309     0.20572    -1.08722   -12.53159
     6.7950       -13.38140     0.21146    -1.08431   -12.50855
     6.9450       -13.35122     0.21785    -1.08315   -12.48593
     7.0950       -13.32303     0.22286    -1.08204   -12.46385
     7.2450       -13.29445     0.22873    -1.08098   -12.44221
     7.3950       -13.26818     0.23276    -1.07995   -12.42099
     7.5450       -13.24607     0.23317    -1.07897   -12.40028
     7.6950       -13.22220     0.23577    -1.07802   -12.37995
     7.8450       -13.19739     0.23977    -1.07711   -12.36005
     7.9950       -13.17656     0.24013    -1.07622   -12.34047
     8.1450       -13.15382     0.24277    -1.07537   -12.32122
     8.2950       -13.13387     0.24308    -1.07456   -12.30239
     8.4450       -13.11430     0.24339    -1.07376   -12.28393
     8.5950       -13.09503     0.24368    -1.07297   -12.26574
     8.7450       -13.07379     0.24638    -1.07221   -12.24796
     8.8950       -13.05525     0.24663    -1.07148   -12.23040
     9.0450       -13.03713     0.24688    -1.07076   -12.21325
     9.1950       -13.01927     0.24710    -1.07006   -12.19631
     9.3450       -13.00173     0.24733    -1.06938   -12.17968
     9.4950       -12.98446     0.24756    -1.06871   -12.16330
     9.6450       -12.96746     0.24776    -1.06807   -12.14715
     9.7950       -12.95074     0.24795    -1.06743   -12.13126
     9.9450       -12.93430     0.24815    -1.06682   -12.11563
     10.095       -12.91818     0.24831    -1.06622   -12.10028
     10.245       -12.90222     0.24851    -1.06561   -12.08511
     10.395       -12.88654     0.24869    -1.06504   -12.07019
     10.545       -12.87105     0.24886    -1.06447   -12.05544
     10.695       -12.85583     0.24900    -1.06391   -12.04093
     10.845       -12.84080     0.24916    -1.06335   -12.02661
     10.995       -12.82601     0.24931    -1.06281   -12.01251
     11.145       -12.81145     0.24944    -1.06228   -11.99861
     11.295       -12.79708     0.24957    -1.06176   -11.98490
     11.445       -12.78294     0.24969    -1.06124   -11.97138
     11.595       -12.76895     0.24981    -1.06074   -11.95802
     11.745       -12.75515     0.24995    -1.06025   -11.94486
     11.895       -12.74162     0.25004    -1.05976   -11.93190
     12.045       -12.72819     0.25016    -1.05929   -11.91906
     12.195       -12.71494     0.25029    -1.05882   -11.90640
     12.345       -12.70184     0.25039    -1.05836   -11.89387
     12.495       -12.68897     0.25049    -1.05789   -11.88157
     12.645       -12.67619     0.25060    -1.05745   -11.86935
     12.795       -12.66355     0.25070    -1.05700   -11.85724
     12.945       -12.65116     0.25077    -1.05657   -11.84536
     13.095       -12.63888     0.25086    -1.05614   -11.83360
     13.245       -12.62672     0.25093    -1.05572   -11.82194
     13.395       -12.61471     0.25103    -1.05529   -11.81045
     13.545       -12.60285     0.25111    -1.05488   -11.79908
     13.695       -12.59112     0.25121    -1.05447   -11.78786
     13.845       -12.57953     0.25130    -1.05406   -11.77677
     13.995       -12.56805     0.25137    -1.05366   -11.76576
     14.145       -12.55675     0.25144    -1.05328   -11.75492
     14.295       -12.54555     0.25150    -1.05289   -11.74416
     14.445       -12.53445     0.25158    -1.05251   -11.73353
     14.595       -12.52349     0.25165    -1.05213   -11.72301
     14.745       -12.51264     0.25172    -1.05175   -11.71261
     14.895       -12.50191     0.25178    -1.05138   -11.70231
     15.045       -12.49127     0.25186    -1.05102   -11.69211
     15.195       -12.48078     0.25192    -1.05066   -11.68204
     15.345       -12.47039     0.25197    -1.05030   -11.67206
     15.495       -12.46011     0.25202    -1.04994   -11.66219
     15.645       -12.44990     0.25208    -1.04959   -11.65239
     15.795       -12.43981     0.25213    -1.04925   -11.64269
     15.945       -12.42984     0.25218    -1.04891   -11.63311
     16.095       -12.41995     0.25223    -1.04856   -11.62362
     16.245       -12.41015     0.25228    -1.04824   -11.61419
     16.395       -12.40046     0.25232    -1.04791   -11.60487
     16.545       -12.39089     0.25236    -1.04759   -11.59566
     16.695       -12.38137     0.25241    -1.04727   -11.58651
     16.845       -12.37193     0.25245    -1.04695   -11.57743
     16.995       -12.36258     0.25251    -1.04663   -11.56846
     17.145       -12.35338     0.25255    -1.04632   -11.55961
     17.295       -12.34420     0.25260    -1.04601   -11.55079
     17.445       -12.33508     0.25264    -1.04569   -11.54203
     17.595       -12.32607     0.25269    -1.04539   -11.53337
     17.745       -12.31713     0.25272    -1.04508   -11.52478
     17.895       -12.30831     0.25276    -1.04478   -11.51629
     18.045       -12.29954     0.25280    -1.04448   -11.50787
     18.195       -12.29086     0.25284    -1.04419   -11.49951
     18.345       -12.28226     0.25287    -1.04389   -11.49124
     18.495       -12.27370     0.25292    -1.04360   -11.48301
     18.645       -12.26521     0.25295    -1.04332   -11.47484
     18.795       -12.25683     0.25298    -1.04303   -11.46678
     18.945       -12.24846     0.25301    -1.04275   -11.45873
     19.095       -12.24025     0.25304    -1.04247   -11.45082
     19.245       -12.23207     0.25307    -1.04219   -11.44295
     19.395       -12.22393     0.25310    -1.04191   -11.43512
     19.545       -12.21591     0.25313    -1.04164   -11.42739
     19.695       -12.20788     0.25316    -1.04137   -11.41967
     19.845       -12.19998     0.25319    -1.04111   -11.41206
     19.995       -12.19211     0.25322    -1.04084   -11.40449
     20.145       -12.18432     0.25325    -1.04058   -11.39700
     20.295       -12.17661     0.25328    -1.04032   -11.38957
     20.445       -12.16890     0.25330    -1.04005   -11.38215
     20.595       -12.16128     0.25333    -1.03980   -11.37481
     20.745       -12.15372     0.25336    -1.03955   -11.36754
     20.895       -12.14620     0.25339    -1.03929   -11.36030
     21.045       -12.13874     0.25341    -1.03904   -11.35311
     21.195       -12.13135     0.25343    -1.03879   -11.34598
     21.345       -12.12400     0.25346    -1.03854   -11.33892
     21.495       -12.11674     0.25348    -1.03830   -11.33191
     21.645       -12.10953     0.25350    -1.03806   -11.32497
     21.795       -12.10235     0.25353    -1.03782   -11.31806
     21.945       -12.09525     0.25354    -1.03758   -11.31120
     22.095       -12.08816     0.25356    -1.03734   -11.30438
     22.245       -12.08111     0.25359    -1.03710   -11.29760
     22.395       -12.07413     0.25361    -1.03687   -11.29087
     22.545       -12.06721     0.25363    -1.03664   -11.28420
     22.695       -12.06032     0.25364    -1.03640   -11.27757
     22.845       -12.05352     0.25366    -1.03617   -11.27100
     22.995       -12.04672     0.25368    -1.03595   -11.26445
     23.145       -12.03996     0.25370    -1.03572   -11.25795
     23.295       -12.03330     0.25371    -1.03549   -11.25152
     23.445       -12.02667     0.25373    -1.03527   -11.24513
     23.595       -12.02005     0.25376    -1.03505   -11.23876
     23.745       -12.01349     0.25378    -1.03483   -11.23245
     23.895       -12.00698     0.25379    -1.03461   -11.22616
     24.045       -12.00050     0.25381    -1.03439   -11.21992
     24.195       -11.99404     0.25383    -1.03417   -11.21370
     24.345       -11.98762     0.25385    -1.03395   -11.20751
     24.495       -11.98130     0.25386    -1.03374   -11.20142
     24.645       -11.97498     0.25388    -1.03353   -11.19533
     24.795       -11.96872     0.25389    -1.03332   -11.18930
     24.945       -11.96250     0.25391    -1.03311   -11.18330
     25.095       -11.95632     0.25393    -1.03290   -11.17735
     25.245       -11.95018     0.25395    -1.03269   -11.17143
     25.395       -11.94408     0.25397    -1.03249   -11.16556
     25.545       -11.93800     0.25398    -1.03228   -11.15970
     25.695       -11.93195     0.25400    -1.03208   -11.15387
     25.845       -11.92595     0.25401    -1.03188   -11.14808
     25.995       -11.91999     0.25403    -1.03168   -11.14234
     26.145       -11.91406     0.25404    -1.03148   -11.13662
     26.295       -11.90818     0.25405    -1.03129   -11.13094
     26.445       -11.90234     0.25407    -1.03109   -11.12531
     26.595       -11.89654     0.25408    -1.03090   -11.11972
     26.745       -11.89075     0.25409    -1.03071   -11.11414
     26.895       -11.88501     0.25410    -1.03052   -11.10859
     27.045       -11.87929     0.25411    -1.03032   -11.10308
     27.195       -11.87361     0.25412    -1.03013   -11.09760
     27.345       -11.86797     0.25415    -1.02994   -11.09218
     27.495       -11.86238     0.25415    -1.02975   -11.08678
     27.645       -11.85679     0.25417    -1.02957   -11.08139
     27.795       -11.85125     0.25417    -1.02938   -11.07604
     27.945       -11.84574     0.25419    -1.02920   -11.07073
     28.095       -11.84026     0.25420    -1.02902   -11.06545
     28.245       -11.83484     0.25421    -1.02884   -11.06021
     28.395       -11.82942     0.25422    -1.02865   -11.05498
     28.545       -11.82402     0.25423    -1.02847   -11.04978
     28.695       -11.81868     0.25425    -1.02829   -11.04463
     28.845       -11.81337     0.25426    -1.02811   -11.03952
     28.995       -11.80806     0.25427    -1.02793   -11.03440
     29.145       -11.80278     0.25428    -1.02775   -11.02931
     29.295       -11.79754     0.25429    -1.02757   -11.02426
     29.445       -11.79235     0.25430    -1.02740   -11.01926
     29.595       -11.78716     0.25432    -1.02723   -11.01426
     29.745       -11.78201     0.25433    -1.02705   -11.00928
     29.895       -11.77689     0.25434    -1.02689   -11.00435
     30.045       -11.77181     0.25435    -1.02671   -10.99945
     30.195       -11.76673     0.25436    -1.02654   -10.99455
     30.345       -11.76167     0.25438    -1.02636   -10.98968
     30.495       -11.75665     0.25439    -1.02619   -10.98486
     30.645       -11.75166     0.25441    -1.02603   -10.98004
     30.795       -11.74669     0.25441    -1.02586   -10.97525
     30.945       -11.74174     0.25443    -1.02569   -10.97047
     31.095       -11.73682     0.25444    -1.02553   -10.96573
     31.245       -11.73195     0.25444    -1.02537   -10.96103
     31.395       -11.72706     0.25445    -1.02520   -10.95631
     31.545       -11.72222     0.25446    -1.02504   -10.95165
     31.695       -11.71740     0.25448    -1.02488   -10.94699
     31.845       -11.71262     0.25448    -1.02472   -10.94238
     31.995       -11.70784     0.25449    -1.02456   -10.93777
     32.145       -11.70311     0.25450    -1.02440   -10.93321
     32.295       -11.69840     0.25451    -1.02424   -10.92867
     32.445       -11.69370     0.25453    -1.02409   -10.92414
     32.595       -11.68904     0.25454    -1.02393   -10.91964
     32.745       -11.68439     0.25454    -1.02378   -10.91515
     32.895       -11.67977     0.25455    -1.02362   -10.91070
     33.045       -11.67517     0.25456    -1.02347   -10.90626
     33.195       -11.67058     0.25457    -1.02331   -10.90184
     33.345       -11.66603     0.25458    -1.02316   -10.89745
     33.495       -11.66147     0.25459    -1.02301   -10.89305
     33.645       -11.65696     0.25460    -1.02287   -10.88869
     33.795       -11.65249     0.25460    -1.02271   -10.88438
     33.945       -11.64802     0.25461    -1.02256   -10.88007
     34.095       -11.64358     0.25462    -1.02242   -10.87579
     34.245       -11.63915     0.25463    -1.02227   -10.87152
     34.395       -11.63476     0.25463    -1.02212   -10.86727
     34.545       -11.63036     0.25464    -1.02198   -10.86303
     34.695       -11.62597     0.25465    -1.02184   -10.85878
     34.845       -11.62161     0.25467    -1.02169   -10.85459
     34.995       -11.61725     0.25468    -1.02154   -10.85039
     35.145       -11.61292     0.25470    -1.02140   -10.84622
     35.295       -11.60863     0.25470    -1.02126   -10.84207
     35.445       -11.60436     0.25471    -1.02111   -10.83796
     35.595       -11.60010     0.25471    -1.02097   -10.83385
     35.745       -11.59589     0.25472    -1.02083   -10.82978
     35.895       -11.59166     0.25472    -1.02069   -10.82570
     36.045       -11.58751     0.25472    -1.02055   -10.82168
     36.195       -11.58333     0.25474    -1.02041   -10.81765
     36.345       -11.57914     0.25475    -1.02027   -10.81361
     36.495       -11.57503     0.25475    -1.02014   -10.80964
     36.645       -11.57091     0.25476    -1.02000   -10.80567
     36.795       -11.56682     0.25476    -1.01986   -10.80172
     36.945       -11.56272     0.25477    -1.01972   -10.79778
     37.095       -11.55866     0.25478    -1.01958   -10.79386
     37.245       -11.55460     0.25478    -1.01944   -10.78994
     37.395       -11.55056     0.25479    -1.01931   -10.78604
     37.545       -11.54656     0.25480    -1.01918   -10.78218
     37.695       -11.54259     0.25480    -1.01904   -10.77835
     37.845       -11.53858     0.25481    -1.01891   -10.77448
     37.995       -11.53461     0.25481    -1.01878   -10.77064
     38.145       -11.53066     0.25482    -1.01865   -10.76683
     38.295       -11.52673     0.25483    -1.01851   -10.76304
     38.445       -11.52282     0.25483    -1.01838   -10.75927
     38.595       -11.51894     0.25484    -1.01825   -10.75552
     38.745       -11.51505     0.25484    -1.01812   -10.75177
     38.895       -11.51119     0.25485    -1.01799   -10.74805
     39.045       -11.50734     0.25486    -1.01787   -10.74433
     39.195       -11.50351     0.25487    -1.01774   -10.74064
     39.345       -11.49970     0.25487    -1.01761   -10.73696
     39.495       -11.49592     0.25487    -1.01749   -10.73331
     39.645       -11.49214     0.25488    -1.01736   -10.72966
     39.795       -11.48838     0.25488    -1.01723   -10.72603
     39.945       -11.48463     0.25489    -1.01711   -10.72241
     40.095       -11.48089     0.25490    -1.01698   -10.71880
     40.245       -11.47716     0.25490    -1.01686   -10.71520
     40.395       -11.47346     0.25491    -1.01673   -10.71164
     40.545       -11.46975     0.25492    -1.01661   -10.70806
     40.695       -11.46606     0.25493    -1.01648   -10.70451
     40.845       -11.46238     0.25493    -1.01636   -10.70095
     40.995       -11.45872     0.25493    -1.01624   -10.69741
     41.145       -11.45506     0.25494    -1.01612   -10.69388
     41.295       -11.45143     0.25495    -1.01600   -10.69038
     41.445       -11.44781     0.25497    -1.01588   -10.68690
     41.595       -11.44421     0.25497    -1.01576   -10.68343
     41.745       -11.44065     0.25498    -1.01564   -10.68000
     41.895       -11.43707     0.25499    -1.01551   -10.67654
     42.045       -11.43352     0.25498    -1.01539   -10.67311
     42.195       -11.42996     0.25500    -1.01528   -10.66968
     42.345       -11.42644     0.25500    -1.01516   -10.66628
     42.495       -11.42293     0.25500    -1.01505   -10.66288
     42.645       -11.41945     0.25500    -1.01493   -10.65952
     42.795       -11.41596     0.25500    -1.01482   -10.65615
     42.945       -11.41249     0.25501    -1.01470   -10.65279
     43.095       -11.40902     0.25501    -1.01458   -10.64945
     43.245       -11.40558     0.25502    -1.01447   -10.64613
     43.395       -11.40214     0.25502    -1.01435   -10.64282
     43.545       -11.39871     0.25503    -1.01424   -10.63950
     43.695       -11.39530     0.25503    -1.01412   -10.63620
     43.845       -11.39191     0.25504    -1.01401   -10.63294
     43.995       -11.38853     0.25504    -1.01390   -10.62967
     44.145       -11.38517     0.25504    -1.01378   -10.62643
     44.295       -11.38180     0.25506    -1.01367   -10.62319
     44.445       -11.37845     0.25506    -1.01356   -10.61995
     44.595       -11.37510     0.25507    -1.01345   -10.61672
     44.745       -11.37178     0.25508    -1.01334   -10.61352
     44.895       -11.36848     0.25508    -1.01323   -10.61034
     45.045       -11.36519     0.25509    -1.01312   -10.60715
     45.195       -11.36188     0.25509    -1.01301   -10.60396
     45.345       -11.35858     0.25510    -1.01290   -10.60078
     45.495       -11.35532     0.25510    -1.01279   -10.59763
     45.645       -11.35206     0.25510    -1.01268   -10.59448
     45.795       -11.34881     0.25510    -1.01257   -10.59134
     45.945       -11.34558     0.25511    -1.01246   -10.58823
     46.095       -11.34237     0.25512    -1.01235   -10.58514
     46.245       -11.33917     0.25511    -1.01224   -10.58205
     46.395       -11.33598     0.25512    -1.01214   -10.57896
     46.545       -11.33278     0.25513    -1.01203   -10.57588
     46.695       -11.32962     0.25513    -1.01192   -10.57283
     46.845       -11.32646     0.25514    -1.01182   -10.56978
     46.995       -11.32332     0.25515    -1.01171   -10.56675
     47.145       -11.32017     0.25515    -1.01161   -10.56371
     47.295       -11.31704     0.25515    -1.01150   -10.56068
     47.445       -11.31392     0.25516    -1.01140   -10.55768
     47.595       -11.31080     0.25516    -1.01130   -10.55466
     47.745       -11.30769     0.25516    -1.01120   -10.55165
     47.895       -11.30459     0.25517    -1.01109   -10.54866
     48.045       -11.30152     0.25517    -1.01099   -10.54570
     48.195       -11.29844     0.25518    -1.01089   -10.54272
     48.345       -11.29537     0.25518    -1.01078   -10.53977
     48.495       -11.29233     0.25519    -1.01068   -10.53683
     48.645       -11.28928     0.25519    -1.01058   -10.53389
     48.795       -11.28625     0.25520    -1.01048   -10.53097
     48.945       -11.28322     0.25521    -1.01038   -10.52806
     49.095       -11.28019     0.25521    -1.01028   -10.52513
     49.245       -11.27719     0.25522    -1.01018   -10.52223
     49.395       -11.27419     0.25522    -1.01008   -10.51934
     49.545       -11.27122     0.25522    -1.00997   -10.51647
     49.695       -11.26825     0.25523    -1.00987   -10.51361
     49.845       -11.26530     0.25523    -1.00977   -10.51076
     49.995       -11.26234     0.25523    -1.00967   -10.50789
     50.145       -11.25939     0.25523    -1.00957   -10.50505
     50.295       -11.25647     0.25524    -1.00947   -10.50223
     50.445       -11.25355     0.25524    -1.00937   -10.49942
     50.595       -11.25065     0.25524    -1.00928   -10.49662
     50.745       -11.24774     0.25524    -1.00918   -10.49380
     50.895       -11.24484     0.25524    -1.00908   -10.49101
     51.045       -11.24196     0.25525    -1.00899   -10.48822
     51.195       -11.23910     0.25525    -1.00889   -10.48546
     51.345       -11.23622     0.25526    -1.00880   -10.48268
     51.495       -11.23334     0.25527    -1.00870   -10.47991
     51.645       -11.23050     0.25527    -1.00861   -10.47716
     51.795       -11.22764     0.25527    -1.00851   -10.47441
     51.945       -11.22481     0.25528    -1.00842   -10.47167
     52.095       -11.22201     0.25528    -1.00833   -10.46896
     52.245       -11.21919     0.25528    -1.00823   -10.46624
     52.395       -11.21637     0.25529    -1.00813   -10.46352
     52.545       -11.21358     0.25529    -1.00804   -10.46082
     52.695       -11.21078     0.25529    -1.00795   -10.45812
     52.845       -11.20800     0.25529    -1.00785   -10.45543
     52.995       -11.20523     0.25529    -1.00776   -10.45276
     53.145       -11.20247     0.25530    -1.00767   -10.45009
     53.295       -11.19969     0.25531    -1.00758   -10.44742
     53.445       -11.19694     0.25531    -1.00748   -10.44477
     53.595       -11.19418     0.25531    -1.00739   -10.44211
     53.745       -11.19148     0.25532    -1.00730   -10.43951
     53.895       -11.18877     0.25532    -1.00721   -10.43688
     54.045       -11.18604     0.25533    -1.00711   -10.43425
     54.195       -11.18335     0.25533    -1.00702   -10.43166
     54.345       -11.18066     0.25534    -1.00693   -10.42906
     54.495       -11.17797     0.25534    -1.00684   -10.42647
     54.645       -11.17528     0.25534    -1.00675   -10.42387
     54.795       -11.17260     0.25535    -1.00666   -10.42129
     54.945       -11.16993     0.25535    -1.00657   -10.41871
     55.095       -11.16729     0.25535    -1.00648   -10.41616
     59.433       -10.95933     0.25563    -0.99951   -10.21545
     80.646       -10.65620     0.25599    -0.98933    -9.92286
     111.21       -10.36223     0.25626    -0.97943    -9.63906
     153.36       -10.07813     0.25645    -0.96983    -9.36475
     211.49        -9.80375     0.25662    -0.96057    -9.09979
     291.64        -9.53909     0.25683    -0.95162    -8.84430
     402.18        -9.28411     0.25701    -0.94302    -8.59810
     554.60        -9.03869     0.25716    -0.93477    -8.36109
     764.80        -8.80252     0.25730    -0.92685    -8.13297
     1054.7        -8.57543     0.25741    -0.91928    -7.91356
     1454.4        -8.35684     0.25753    -0.91202    -7.70236
     2005.6        -8.14686     0.25761    -0.90507    -7.49940
     2765.8        -7.94495     0.25766    -0.89839    -7.30422
     3814.0        -7.75053     0.25774    -0.89199    -7.11628
     5259.5        -7.56355     0.25775    -0.88591    -6.93539
     7252.9        -7.38359     0.25775    -0.88008    -6.76126
     10002.        -7.21041     0.25778    -0.87448    -6.59371
     13793.        -7.04381     0.25775    -0.86911    -6.43244
     19020.        -6.88369     0.25775    -0.86399    -6.27745
     26229.        -6.73020     0.25770    -0.85908    -6.12882
     36170.        -6.58325     0.25764    -0.85437    -5.98653
     49878.        -6.44293     0.25757    -0.84985    -5.85064
     68782.        -6.30902     0.25748    -0.84552    -5.72098
     94851.        -6.18132     0.25737    -0.84135    -5.59734
    0.13080E+06    -6.05966     0.25725    -0.83736    -5.47955
    0.18038E+06    -5.94367     0.25712    -0.83353    -5.36727
    0.24874E+06    -5.83323     0.25700    -0.82984    -5.26038
    0.34301E+06    -5.72809     0.25685    -0.82630    -5.15864
    0.47302E+06    -5.62794     0.25671    -0.82291    -5.06174
    0.65229E+06    -5.53263     0.25656    -0.81968    -4.96951
    0.89952E+06    -5.44210     0.25641    -0.81657    -4.88193
    0.12404E+07    -5.35605     0.25625    -0.81363    -4.79867
    0.17106E+07    -5.27419     0.25606    -0.81083    -4.71942
    0.23589E+07    -5.19637     0.25590    -0.80817    -4.64410
    0.32529E+07    -5.12246     0.25573    -0.80561    -4.57258
    0.44858E+07    -5.05205     0.25560    -0.80319    -4.50446
    0.61860E+07    -4.98514     0.25545    -0.80088    -4.43971
    0.85305E+07    -4.92149     0.25529    -0.79869    -4.37809
    0.11764E+08    -4.86112     0.25514    -0.79659    -4.31966
    0.16222E+08    -4.80380     0.25500    -0.79463    -4.26417
    0.22370E+08    -4.74925     0.25486    -0.79273    -4.21138
    0.30849E+08    -4.69737     0.25472    -0.79094    -4.16116
    0.42541E+08    -4.64845     0.25460    -0.78925    -4.11380
    0.58664E+08    -4.60255     0.25446    -0.78763    -4.06939
    0.80898E+08    -4.55964     0.25434    -0.78609    -4.02789
    0.11156E+09    -4.51935     0.25423    -0.78463    -3.98895
    0.15384E+09    -4.48168     0.25413    -0.78324    -3.95257
    0.21215E+09    -4.44633     0.25403    -0.78192    -3.91844
    0.29255E+09    -4.41309     0.25396    -0.78067    -3.88639
    0.40343E+09    -4.38182     0.25389    -0.77948    -3.85623
    0.55633E+09    -4.35241     0.25382    -0.77835    -3.82789
    0.76719E+09    -4.32503     0.25376    -0.77728    -3.80151
    0.10580E+10    -4.30021     0.25371    -0.77628    -3.77764
    0.14589E+10    -4.27752     0.25365    -0.77535    -3.75582
    0.20119E+10    -4.25658     0.25359    -0.77447    -3.73570
    0.27744E+10    -4.23730     0.25354    -0.77366    -3.71718
    0.38259E+10    -4.21950     0.25349    -0.77289    -3.70009
    0.52760E+10    -4.20306     0.25345    -0.77216    -3.68434
    0.72756E+10    -4.18786     0.25340    -0.77148    -3.66979
    0.10033E+11    -4.17385     0.25337    -0.77084    -3.65638
    0.13836E+11    -4.16091     0.25333    -0.77025    -3.64399
    0.19079E+11    -4.14897     0.25329    -0.76972    -3.63254
    0.26311E+11    -4.13794     0.25327    -0.76923    -3.62198
    0.36283E+11    -4.12777     0.25324    -0.76877    -3.61224
    0.50034E+11    -4.11837     0.25321    -0.76836    -3.60323
    0.68997E+11    -4.10970     0.25319    -0.76798    -3.59491
    0.10000E+12    -4.00547     0.25288    -0.76338    -3.49497
