    -99.945         0.00000     0.00000     0.00000     0.00000
    -99.795         0.00000     0.00000     0.00000     0.00000
    -99.645         0.00000     0.00000     0.00000     0.00000
    -99.495         0.00000     0.00000     0.00000     0.00000
    -99.345         0.00000     0.00000     0.00000     0.00000
    -99.195         0.00000     0.00000     0.00000     0.00000
    -99.045         0.00000     0.00000     0.00000     0.00000
    -98.895         0.00000     0.00000     0.00000     0.00000
    -98.745         0.00000     0.00000     0.00000     0.00000
    -98.595         0.00000     0.00000     0.00000     0.00000
    -98.445         0.00000     0.00000     0.00000     0.00000
    -98.295         0.00000     0.00000     0.00000     0.00000
    -98.145         0.00000     0.00000     0.00000     0.00000
    -97.995         0.00000     0.00000     0.00000     0.00000
    -97.845         0.00000     0.00000     0.00000     0.00000
    -97.695         0.00000     0.00000     0.00000     0.00000
    -97.545         0.00000     0.00000     0.00000     0.00000
    -97.395         0.00000     0.00000     0.00000     0.00000
    -97.245         0.00000     0.00000     0.00000     0.00000
    -97.095         0.00000     0.00000     0.00000     0.00000
    -96.945         0.00000     0.00000     0.00000     0.00000
    -96.795         0.00000     0.00000     0.00000     0.00000
    -96.645         0.00000     0.00000     0.00000     0.00000
    -96.495         0.00000     0.00000     0.00000     0.00000
    -96.345         0.00000     0.00000     0.00000     0.00000
    -96.195         0.00000     0.00000     0.00000     0.00000
    -96.045         0.00000     0.00000     0.00000     0.00000
    -95.895         0.00000     0.00000     0.00000     0.00000
    -95.745         0.00000     0.00000     0.00000     0.00000
    -95.595         0.00000     0.00000     0.00000     0.00000
    -95.445         0.00000     0.00000     0.00000     0.00000
    -95.295         0.00000     0.00000     0.00000     0.00000
    -95.145         0.00000     0.00000     0.00000     0.00000
    -94.995         0.00000     0.00000     0.00000     0.00000
    -94.845         0.00000     0.00000     0.00000     0.00000
    -94.695         0.00000     0.00000     0.00000     0.00000
    -94.545         0.00000     0.00000     0.00000     0.00000
    -94.395         0.00000     0.00000     0.00000     0.00000
    -94.245         0.00000     0.00000     0.00000     0.00000
    -94.095         0.00000     0.00000     0.00000     0.00000
    -93.945         0.00000     0.00000     0.00000     0.00000
    -93.795         0.00000     0.00000     0.00000     0.00000
    -93.645         0.00000     0.00000     0.00000     0.00000
    -93.495         0.00000     0.00000     0.00000     0.00000
    -93.345         0.00000     0.00000     0.00000     0.00000
    -93.195         0.00000     0.00000     0.00000     0.00000
    -93.045         0.00000     0.00000     0.00000     0.00000
    -92.895         0.00000     0.00000     0.00000     0.00000
    -92.745         0.00000     0.00000     0.00000     0.00000
    -92.595         0.00000     0.00000     0.00000     0.00000
    -92.445         0.00000     0.00000     0.00000     0.00000
    -92.295         0.00000     0.00000     0.00000     0.00000
    -92.145         0.00000     0.00000     0.00000     0.00000
    -91.995         0.00000     0.00000     0.00000     0.00000
    -91.845         0.00000     0.00000     0.00000     0.00000
    -91.695         0.00000     0.00000     0.00000     0.00000
    -91.545         0.00000     0.00000     0.00000     0.00000
    -91.395         0.00000     0.00000     0.00000     0.00000
    -91.245         0.00000     0.00000     0.00000     0.00000
    -91.095         0.00000     0.00000     0.00000     0.00000
    -90.945         0.00000     0.00000     0.00000     0.00000
    -90.795         0.00000     0.00000     0.00000     0.00000
    -90.645         0.00000     0.00000     0.00000     0.00000
    -90.495         0.00000     0.00000     0.00000     0.00000
    -90.345         0.00000     0.00000     0.00000     0.00000
    -90.195         0.00000     0.00000     0.00000     0.00000
    -90.045         0.00000     0.00000     0.00000     0.00000
    -89.895         0.00000     0.00000     0.00000     0.00000
    -89.745         0.00000     0.00000     0.00000     0.00000
    -89.595         0.00000     0.00000     0.00000     0.00000
    -89.445         0.00000     0.00000     0.00000     0.00000
    -89.295         0.00000     0.00000     0.00000     0.00000
    -89.145         0.00000     0.00000     0.00000     0.00000
    -88.995         0.00000     0.00000     0.00000     0.00000
    -88.845         0.00000     0.00000     0.00000     0.00000
    -88.695         0.00000     0.00000     0.00000     0.00000
    -88.545         0.00000     0.00000     0.00000     0.00000
    -88.395         0.00000     0.00000     0.00000     0.00000
    -88.245         0.00000     0.00000     0.00000     0.00000
    -88.095         0.00000     0.00000     0.00000     0.00000
    -87.945         0.00000     0.00000     0.00000     0.00000
    -87.795         0.00000     0.00000     0.00000     0.00000
    -87.645         0.00000     0.00000     0.00000     0.00000
    -87.495         0.00000     0.00000     0.00000     0.00000
    -87.345         0.00000     0.00000     0.00000     0.00000
    -87.195         0.00000     0.00000     0.00000     0.00000
    -87.045         0.00000     0.00000     0.00000     0.00000
    -86.895         0.00000     0.00000     0.00000     0.00000
    -86.745         0.00000     0.00000     0.00000     0.00000
    -86.595         0.00000     0.00000     0.00000     0.00000
    -86.445         0.00000     0.00000     0.00000     0.00000
    -86.295         0.00000     0.00000     0.00000     0.00000
    -86.145         0.00000     0.00000     0.00000     0.00000
    -85.995         0.00000     0.00000     0.00000     0.00000
    -85.845         0.00000     0.00000     0.00000     0.00000
    -85.695         0.00000     0.00000     0.00000     0.00000
    -85.545         0.00000     0.00000     0.00000     0.00000
    -85.395         0.00000     0.00000     0.00000     0.00000
    -85.245         0.00000     0.00000     0.00000     0.00000
    -85.095         0.00000     0.00000     0.00000     0.00000
    -84.945         0.00000     0.00000     0.00000     0.00000
    -84.795         0.00000     0.00000     0.00000     0.00000
    -84.645         0.00000     0.00000     0.00000     0.00000
    -84.495         0.00000     0.00000     0.00000     0.00000
    -84.345         0.00000     0.00000     0.00000     0.00000
    -84.195         0.00000     0.00000     0.00000     0.00000
    -84.045         0.00000     0.00000     0.00000     0.00000
    -83.895         0.00000     0.00000     0.00000     0.00000
    -83.745         0.00000     0.00000     0.00000     0.00000
    -83.595         0.00000     0.00000     0.00000     0.00000
    -83.445         0.00000     0.00000     0.00000     0.00000
    -83.295         0.00000     0.00000     0.00000     0.00000
    -83.145         0.00000     0.00000     0.00000     0.00000
    -82.995         0.00000     0.00000     0.00000     0.00000
    -82.845         0.00000     0.00000     0.00000     0.00000
    -82.695         0.00000     0.00000     0.00000     0.00000
    -82.545         0.00000     0.00000     0.00000     0.00000
    -82.395         0.00000     0.00000     0.00000     0.00000
    -82.245         0.00000     0.00000     0.00000     0.00000
    -82.095         0.00000     0.00000     0.00000     0.00000
    -81.945         0.00000     0.00000     0.00000     0.00000
    -81.795         0.00000     0.00000     0.00000     0.00000
    -81.645         0.00000     0.00000     0.00000     0.00000
    -81.495         0.00000     0.00000     0.00000     0.00000
    -81.345         0.00000     0.00000     0.00000     0.00000
    -81.195         0.00000     0.00000     0.00000     0.00000
    -81.045         0.00000     0.00000     0.00000     0.00000
    -80.895         0.00000     0.00000     0.00000     0.00000
    -80.745         0.00000     0.00000     0.00000     0.00000
    -80.595         0.00000     0.00000     0.00000     0.00000
    -80.445         0.00000     0.00000     0.00000     0.00000
    -80.295         0.00000     0.00000     0.00000     0.00000
    -80.145         0.00000     0.00000     0.00000     0.00000
    -79.995         0.00000     0.00000     0.00000     0.00000
    -79.845         0.00000     0.00000     0.00000     0.00000
    -79.695         0.00000     0.00000     0.00000     0.00000
    -79.545         0.00000     0.00000     0.00000     0.00000
    -79.395         0.00000     0.00000     0.00000     0.00000
    -79.245         0.00000     0.00000     0.00000     0.00000
    -79.095         0.00000     0.00000     0.00000     0.00000
    -78.945         0.00000     0.00000     0.00000     0.00000
    -78.795         0.00000     0.00000     0.00000     0.00000
    -78.645         0.00000     0.00000     0.00000     0.00000
    -78.495         0.00000     0.00000     0.00000     0.00000
    -78.345         0.00000     0.00000     0.00000     0.00000
    -78.195         0.00000     0.00000     0.00000     0.00000
    -78.045         0.00000     0.00000     0.00000     0.00000
    -77.895         0.00000     0.00000     0.00000     0.00000
    -77.745         0.00000     0.00000     0.00000     0.00000
    -77.595         0.00000     0.00000     0.00000     0.00000
    -77.445         0.00000     0.00000     0.00000     0.00000
    -77.295         0.00000     0.00000     0.00000     0.00000
    -77.145         0.00000     0.00000     0.00000     0.00000
    -76.995         0.00000     0.00000     0.00000     0.00000
    -76.845         0.00000     0.00000     0.00000     0.00000
    -76.695         0.00000     0.00000     0.00000     0.00000
    -76.545         0.00000     0.00000     0.00000     0.00000
    -76.395         0.00000     0.00000     0.00000     0.00000
    -76.245         0.00000     0.00000     0.00000     0.00000
    -76.095         0.00000     0.00000     0.00000     0.00000
    -75.945         0.00000     0.00000     0.00000     0.00000
    -75.795         0.00000     0.00000     0.00000     0.00000
    -75.645         0.00000     0.00000     0.00000     0.00000
    -75.495         0.00000     0.00000     0.00000     0.00000
    -75.345         0.00000     0.00000     0.00000     0.00000
    -75.195         0.00000     0.00000     0.00000     0.00000
    -75.045         0.00000     0.00000     0.00000     0.00000
    -74.895         0.00000     0.00000     0.00000     0.00000
    -74.745         0.00000     0.00000     0.00000     0.00000
    -74.595         0.00000     0.00000     0.00000     0.00000
    -74.445         0.00000     0.00000     0.00000     0.00000
    -74.295         0.00000     0.00000     0.00000     0.00000
    -74.145         0.00000     0.00000     0.00000     0.00000
    -73.995         0.00000     0.00000     0.00000     0.00000
    -73.845         0.00000     0.00000     0.00000     0.00000
    -73.695         0.00000     0.00000     0.00000     0.00000
    -73.545         0.00000     0.00000     0.00000     0.00000
    -73.395         0.00000     0.00000     0.00000     0.00000
    -73.245         0.00000     0.00000     0.00000     0.00000
    -73.095         0.00000     0.00000     0.00000     0.00000
    -72.945         0.00000     0.00000     0.00000     0.00000
    -72.795         0.00000     0.00000     0.00000     0.00000
    -72.645         0.00000     0.00000     0.00000     0.00000
    -72.495         0.00000     0.00000     0.00000     0.00000
    -72.345         0.00000     0.00000     0.00000     0.00000
    -72.195         0.00000     0.00000     0.00000     0.00000
    -72.045         0.00000     0.00000     0.00000     0.00000
    -71.895         0.00000     0.00000     0.00000     0.00000
    -71.745         0.00000     0.00000     0.00000     0.00000
    -71.595         0.00000     0.00000     0.00000     0.00000
    -71.445         0.00000     0.00000     0.00000     0.00000
    -71.295         0.00000     0.00000     0.00000     0.00000
    -71.145         0.00000     0.00000     0.00000     0.00000
    -70.995         0.00000     0.00000     0.00000     0.00000
    -70.845         0.00000     0.00000     0.00000     0.00000
    -70.695         0.00000     0.00000     0.00000     0.00000
    -70.545         0.00000     0.00000     0.00000     0.00000
    -70.395         0.00000     0.00000     0.00000     0.00000
    -70.245         0.00000     0.00000     0.00000     0.00000
    -70.095         0.00000     0.00000     0.00000     0.00000
    -69.945         0.00000     0.00000     0.00000     0.00000
    -69.795         0.00000     0.00000     0.00000     0.00000
    -69.645         0.00000     0.00000     0.00000     0.00000
    -69.495         0.00000     0.00000     0.00000     0.00000
    -69.345         0.00000     0.00000     0.00000     0.00000
    -69.195         0.00000     0.00000     0.00000     0.00000
    -69.045         0.00000     0.00000     0.00000     0.00000
    -68.895         0.00000     0.00000     0.00000     0.00000
    -68.745         0.00000     0.00000     0.00000     0.00000
    -68.595         0.00000     0.00000     0.00000     0.00000
    -68.445         0.00000     0.00000     0.00000     0.00000
    -68.295         0.00000     0.00000     0.00000     0.00000
    -68.145         0.00000     0.00000     0.00000     0.00000
    -67.995         0.00000     0.00000     0.00000     0.00000
    -67.845         0.00000     0.00000     0.00000     0.00000
    -67.695         0.00000     0.00000     0.00000     0.00000
    -67.545         0.00000     0.00000     0.00000     0.00000
    -67.395         0.00000     0.00000     0.00000     0.00000
    -67.245         0.00000     0.00000     0.00000     0.00000
    -67.095         0.00000     0.00000     0.00000     0.00000
    -66.945         0.00000     0.00000     0.00000     0.00000
    -66.795         0.00000     0.00000     0.00000     0.00000
    -66.645         0.00000     0.00000     0.00000     0.00000
    -66.495         0.00000     0.00000     0.00000     0.00000
    -66.345         0.00000     0.00000     0.00000     0.00000
    -66.195         0.00000     0.00000     0.00000     0.00000
    -66.045         0.00000     0.00000     0.00000     0.00000
    -65.895         0.00000     0.00000     0.00000     0.00000
    -65.745         0.00000     0.00000     0.00000     0.00000
    -65.595         0.00000     0.00000     0.00000     0.00000
    -65.445         0.00000     0.00000     0.00000     0.00000
    -65.295         0.00000     0.00000     0.00000     0.00000
    -65.145         0.00000     0.00000     0.00000     0.00000
    -64.995         0.00000     0.00000     0.00000     0.00000
    -64.845         0.00000     0.00000     0.00000     0.00000
    -64.695         0.00000     0.00000     0.00000     0.00000
    -64.545         0.00000     0.00000     0.00000     0.00000
    -64.395         0.00000     0.00000     0.00000     0.00000
    -64.245         0.00000     0.00000     0.00000     0.00000
    -64.095         0.00000     0.00000     0.00000     0.00000
    -63.945         0.00000     0.00000     0.00000     0.00000
    -63.795         0.00000     0.00000     0.00000     0.00000
    -63.645         0.00000     0.00000     0.00000     0.00000
    -63.495         0.00000     0.00000     0.00000     0.00000
    -63.345         0.00000     0.00000     0.00000     0.00000
    -63.195         0.00000     0.00000     0.00000     0.00000
    -63.045         0.00000     0.00000     0.00000     0.00000
    -62.895         0.00000     0.00000     0.00000     0.00000
    -62.745         0.00000     0.00000     0.00000     0.00000
    -62.595         0.00000     0.00000     0.00000     0.00000
    -62.445         0.00000     0.00000     0.00000     0.00000
    -62.295         0.00000     0.00000     0.00000     0.00000
    -62.145         0.00000     0.00000     0.00000     0.00000
    -61.995         0.00000     0.00000     0.00000     0.00000
    -61.845         0.00000     0.00000     0.00000     0.00000
    -61.695         0.00000     0.00000     0.00000     0.00000
    -61.545         0.00000     0.00000     0.00000     0.00000
    -61.395         0.00000     0.00000     0.00000     0.00000
    -61.245         0.00000     0.00000     0.00000     0.00000
    -61.095         0.00000     0.00000     0.00000     0.00000
    -60.945         0.00000     0.00000     0.00000     0.00000
    -60.795         0.00000     0.00000     0.00000     0.00000
    -60.645         0.00000     0.00000     0.00000     0.00000
    -60.495         0.00000     0.00000     0.00000     0.00000
    -60.345         0.00000     0.00000     0.00000     0.00000
    -60.195         0.00000     0.00000     0.00000     0.00000
    -60.045         0.00000     0.00000     0.00000     0.00000
    -59.895         0.00000     0.00000     0.00000     0.00000
    -59.745         0.00000     0.00000     0.00000     0.00000
    -59.595         0.00000     0.00000     0.00000     0.00000
    -59.445         0.00000     0.00000     0.00000     0.00000
    -59.295         0.00000     0.00000     0.00000     0.00000
    -59.145         0.00000     0.00000     0.00000     0.00000
    -58.995         0.00000     0.00000     0.00000     0.00000
    -58.845         0.00000     0.00000     0.00000     0.00000
    -58.695         0.00000     0.00000     0.00000     0.00000
    -58.545         0.00000     0.00000     0.00000     0.00000
    -58.395         0.00000     0.00000     0.00000     0.00000
    -58.245         0.00000     0.00000     0.00000     0.00000
    -58.095         0.00000     0.00000     0.00000     0.00000
    -57.945         0.00000     0.00000     0.00000     0.00000
    -57.795         0.00000     0.00000     0.00000     0.00000
    -57.645         0.00000     0.00000     0.00000     0.00000
    -57.495         0.00000     0.00000     0.00000     0.00000
    -57.345         0.00000     0.00000     0.00000     0.00000
    -57.195         0.00000     0.00000     0.00000     0.00000
    -57.045         0.00000     0.00000     0.00000     0.00000
    -56.895         0.00000     0.00000     0.00000     0.00000
    -56.745         0.00000     0.00000     0.00000     0.00000
    -56.595         0.00000     0.00000     0.00000     0.00000
    -56.445         0.00000     0.00000     0.00000     0.00000
    -56.295         0.00000     0.00000     0.00000     0.00000
    -56.145         0.00000     0.00000     0.00000     0.00000
    -55.995         0.00000     0.00000     0.00000     0.00000
    -55.845         0.00000     0.00000     0.00000     0.00000
    -55.695         0.00000     0.00000     0.00000     0.00000
    -55.545         0.00000     0.00000     0.00000     0.00000
    -55.395         0.00000     0.00000     0.00000     0.00000
    -55.245         0.00000     0.00000     0.00000     0.00000
    -55.095         0.00000     0.00000     0.00000     0.00000
    -54.945         0.00000     0.00000     0.00000     0.00000
    -54.795         0.00000     0.00000     0.00000     0.00000
    -54.645         0.00000     0.00000     0.00000     0.00000
    -54.495         0.00000     0.00000     0.00000     0.00000
    -54.345         0.00000     0.00000     0.00000     0.00000
    -54.195         0.00000     0.00000     0.00000     0.00000
    -54.045         0.00000     0.00000     0.00000     0.00000
    -53.895         0.00000     0.00000     0.00000     0.00000
    -53.745         0.00000     0.00000     0.00000     0.00000
    -53.595         0.00000     0.00000     0.00000     0.00000
    -53.445         0.00000     0.00000     0.00000     0.00000
    -53.295         0.00000     0.00000     0.00000     0.00000
    -53.145         0.00000     0.00000     0.00000     0.00000
    -52.995         0.00000     0.00000     0.00000     0.00000
    -52.845         0.00000     0.00000     0.00000     0.00000
    -52.695         0.00000     0.00000     0.00000     0.00000
    -52.545         0.00000     0.00000     0.00000     0.00000
    -52.395         0.00000     0.00000     0.00000     0.00000
    -52.245         0.00000     0.00000     0.00000     0.00000
    -52.095         0.00000     0.00000     0.00000     0.00000
    -51.945         0.00000     0.00000     0.00000     0.00000
    -51.795         0.00000     0.00000     0.00000     0.00000
    -51.645         0.00000     0.00000     0.00000     0.00000
    -51.495         0.00000     0.00000     0.00000     0.00000
    -51.345         0.00000     0.00000     0.00000     0.00000
    -51.195         0.00000     0.00000     0.00000     0.00000
    -51.045         0.00000     0.00000     0.00000     0.00000
    -50.895         0.00000     0.00000     0.00000     0.00000
    -50.745         0.00000     0.00000     0.00000     0.00000
    -50.595         0.00000     0.00000     0.00000     0.00000
    -50.445         0.00000     0.00000     0.00000     0.00000
    -50.295         0.00000     0.00000     0.00000     0.00000
    -50.145         0.00000     0.00000     0.00000     0.00000
    -49.995         0.00000     0.00000     0.00000     0.00000
    -49.845         0.00000     0.00000     0.00000     0.00000
    -49.695         0.00000     0.00000     0.00000     0.00000
    -49.545         0.00000     0.00000     0.00000     0.00000
    -49.395         0.00000     0.00000     0.00000     0.00000
    -49.245         0.00000     0.00000     0.00000     0.00000
    -49.095         0.00000     0.00000     0.00000     0.00000
    -48.945         0.00000     0.00000     0.00000     0.00000
    -48.795         0.00000     0.00000     0.00000     0.00000
    -48.645         0.00000     0.00000     0.00000     0.00000
    -48.495         0.00000     0.00000     0.00000     0.00000
    -48.345         0.00000     0.00000     0.00000     0.00000
    -48.195         0.00000     0.00000     0.00000     0.00000
    -48.045         0.00000     0.00000     0.00000     0.00000
    -47.895         0.00000     0.00000     0.00000     0.00000
    -47.745         0.00000     0.00000     0.00000     0.00000
    -47.595         0.00000     0.00000     0.00000     0.00000
    -47.445         0.00000     0.00000     0.00000     0.00000
    -47.295         0.00000     0.00000     0.00000     0.00000
    -47.145         0.00000     0.00000     0.00000     0.00000
    -46.995         0.00000     0.00000     0.00000     0.00000
    -46.845         0.00000     0.00000     0.00000     0.00000
    -46.695         0.00000     0.00000     0.00000     0.00000
    -46.545         0.00000     0.00000     0.00000     0.00000
    -46.395         0.00000     0.00000     0.00000     0.00000
    -46.245         0.00000     0.00000     0.00000     0.00000
    -46.095         0.00000     0.00000     0.00000     0.00000
    -45.945         0.00000     0.00000     0.00000     0.00000
    -45.795         0.00000     0.00000     0.00000     0.00000
    -45.645         0.00000     0.00000     0.00000     0.00000
    -45.495         0.00000     0.00000     0.00000     0.00000
    -45.345         0.00000     0.00000     0.00000     0.00000
    -45.195         0.00000     0.00000     0.00000     0.00000
    -45.045         0.00000     0.00000     0.00000     0.00000
    -44.895         0.00000     0.00000     0.00000     0.00000
    -44.745         0.00000     0.00000     0.00000     0.00000
    -44.595         0.00000     0.00000     0.00000     0.00000
    -44.445         0.00000     0.00000     0.00000     0.00000
    -44.295         0.00000     0.00000     0.00000     0.00000
    -44.145         0.00000     0.00000     0.00000     0.00000
    -43.995         0.00000     0.00000     0.00000     0.00000
    -43.845         0.00000     0.00000     0.00000     0.00000
    -43.695         0.00000     0.00000     0.00000     0.00000
    -43.545         0.00000     0.00000     0.00000     0.00000
    -43.395         0.00000     0.00000     0.00000     0.00000
    -43.245         0.00000     0.00000     0.00000     0.00000
    -43.095         0.00000     0.00000     0.00000     0.00000
    -42.945         0.00000     0.00000     0.00000     0.00000
    -42.795         0.00000     0.00000     0.00000     0.00000
    -42.645         0.00000     0.00000     0.00000     0.00000
    -42.495         0.00000     0.00000     0.00000     0.00000
    -42.345         0.00000     0.00000     0.00000     0.00000
    -42.195         0.00000     0.00000     0.00000     0.00000
    -42.045         0.00000     0.00000     0.00000     0.00000
    -41.895         0.00000     0.00000     0.00000     0.00000
    -41.745         0.00000     0.00000     0.00000     0.00000
    -41.595         0.00000     0.00000     0.00000     0.00000
    -41.445         0.00000     0.00000     0.00000     0.00000
    -41.295         0.00000     0.00000     0.00000     0.00000
    -41.145         0.00000     0.00000     0.00000     0.00000
    -40.995         0.00000     0.00000     0.00000     0.00000
    -40.845         0.00000     0.00000     0.00000     0.00000
    -40.695         0.00000     0.00000     0.00000     0.00000
    -40.545         0.00000     0.00000     0.00000     0.00000
    -40.395         0.00000     0.00000     0.00000     0.00000
    -40.245         0.00000     0.00000     0.00000     0.00000
    -40.095         0.00000     0.00000     0.00000     0.00000
    -39.945         0.00000     0.00000     0.00000     0.00000
    -39.795         0.00000     0.00000     0.00000     0.00000
    -39.645         0.00000     0.00000     0.00000     0.00000
    -39.495         0.00000     0.00000     0.00000     0.00000
    -39.345         0.00000     0.00000     0.00000     0.00000
    -39.195         0.00000     0.00000     0.00000     0.00000
    -39.045         0.00000     0.00000     0.00000     0.00000
    -38.895         0.00000     0.00000     0.00000     0.00000
    -38.745         0.00000     0.00000     0.00000     0.00000
    -38.595         0.00000     0.00000     0.00000     0.00000
    -38.445         0.00000     0.00000     0.00000     0.00000
    -38.295         0.00000     0.00000     0.00000     0.00000
    -38.145         0.00000     0.00000     0.00000     0.00000
    -37.995         0.00000     0.00000     0.00000     0.00000
    -37.845         0.00000     0.00000     0.00000     0.00000
    -37.695         0.00000     0.00000     0.00000     0.00000
    -37.545         0.00000     0.00000     0.00000     0.00000
    -37.395         0.00000     0.00000     0.00000     0.00000
    -37.245         0.00000     0.00000     0.00000     0.00000
    -37.095         0.00000     0.00000     0.00000     0.00000
    -36.945         0.00000     0.00000     0.00000     0.00000
    -36.795         0.00000     0.00000     0.00000     0.00000
    -36.645         0.00000     0.00000     0.00000     0.00000
    -36.495         0.00000     0.00000     0.00000     0.00000
    -36.345         0.00000     0.00000     0.00000     0.00000
    -36.195         0.00000     0.00000     0.00000     0.00000
    -36.045         0.00000     0.00000     0.00000     0.00000
    -35.895         0.00000     0.00000     0.00000     0.00000
    -35.745         0.00000     0.00000     0.00000     0.00000
    -35.595         0.00000     0.00000     0.00000     0.00000
    -35.445         0.00000     0.00000     0.00000     0.00000
    -35.295         0.00000     0.00000     0.00000     0.00000
    -35.145         0.00000     0.00000     0.00000     0.00000
    -34.995         0.00000     0.00000     0.00000     0.00000
    -34.845         0.00000     0.00000     0.00000     0.00000
    -34.695         0.00000     0.00000     0.00000     0.00000
    -34.545         0.00000     0.00000     0.00000     0.00000
    -34.395         0.00000     0.00000     0.00000     0.00000
    -34.245         0.00000     0.00000     0.00000     0.00000
    -34.095         0.00000     0.00000     0.00000     0.00000
    -33.945         0.00000     0.00000     0.00000     0.00000
    -33.795         0.00000     0.00000     0.00000     0.00000
    -33.645         0.00000     0.00000     0.00000     0.00000
    -33.495         0.00000     0.00000     0.00000     0.00000
    -33.345         0.00000     0.00000     0.00000     0.00000
    -33.195         0.00000     0.00000     0.00000     0.00000
    -33.045         0.00000     0.00000     0.00000     0.00000
    -32.895         0.00000     0.00000     0.00000     0.00000
    -32.745         0.00000     0.00000     0.00000     0.00000
    -32.595         0.00000     0.00000     0.00000     0.00000
    -32.445         0.00000     0.00000     0.00000     0.00000
    -32.295         0.00000     0.00000     0.00000     0.00000
    -32.145         0.00000     0.00000     0.00000     0.00000
    -31.995         0.00000     0.00000     0.00000     0.00000
    -31.845         0.00000     0.00000     0.00000     0.00000
    -31.695         0.00000     0.00000     0.00000     0.00000
    -31.545         0.00000     0.00000     0.00000     0.00000
    -31.395         0.00000     0.00000     0.00000     0.00000
    -31.245         0.00000     0.00000     0.00000     0.00000
    -31.095         0.00000     0.00000     0.00000     0.00000
    -30.945         0.00000     0.00000     0.00000     0.00000
    -30.795         0.00000     0.00000     0.00000     0.00000
    -30.645         0.00000     0.00000     0.00000     0.00000
    -30.495         0.00000     0.00000     0.00000     0.00000
    -30.345         0.00000     0.00000     0.00000     0.00000
    -30.195         0.00000     0.00000     0.00000     0.00000
    -30.045         0.00000     0.00000     0.00000     0.00000
    -29.895         0.00000     0.00000     0.00000     0.00000
    -29.745         0.00000     0.00000     0.00000     0.00000
    -29.595         0.00000     0.00000     0.00000     0.00000
    -29.445         0.00000     0.00000     0.00000     0.00000
    -29.295         0.00000     0.00000     0.00000     0.00000
    -29.145         0.00000     0.00000     0.00000     0.00000
    -28.995         0.00000     0.00000     0.00000     0.00000
    -28.845         0.00000     0.00000     0.00000     0.00000
    -28.695         0.00000     0.00000     0.00000     0.00000
    -28.545         0.00000     0.00000     0.00000     0.00000
    -28.395         0.00000     0.00000     0.00000     0.00000
    -28.245         0.00000     0.00000     0.00000     0.00000
    -28.095         0.00000     0.00000     0.00000     0.00000
    -27.945         0.00000     0.00000     0.00000     0.00000
    -27.795         0.00000     0.00000     0.00000     0.00000
    -27.645         0.00000     0.00000     0.00000     0.00000
    -27.495         0.00000     0.00000     0.00000     0.00000
    -27.345         0.00000     0.00000     0.00000     0.00000
    -27.195         0.00000     0.00000     0.00000     0.00000
    -27.045         0.00000     0.00000     0.00000     0.00000
    -26.895         0.00000     0.00000     0.00000     0.00000
    -26.745         0.00000     0.00000     0.00000     0.00000
    -26.595         0.00000     0.00000     0.00000     0.00000
    -26.445         0.00000     0.00000     0.00000     0.00000
    -26.295         0.00000     0.00000     0.00000     0.00000
    -26.145         0.00000     0.00000     0.00000     0.00000
    -25.995         0.00000     0.00000     0.00000     0.00000
    -25.845         0.00000     0.00000     0.00000     0.00000
    -25.695         0.00000     0.00000     0.00000     0.00000
    -25.545         0.00000     0.00000     0.00000     0.00000
    -25.395         0.00000     0.00000     0.00000     0.00000
    -25.245         0.00000     0.00000     0.00000     0.00000
    -25.095         0.00000     0.00000     0.00000     0.00000
    -24.945         0.00000     0.00000     0.00000     0.00000
    -24.795         0.00000     0.00000     0.00000     0.00000
    -24.645         0.00000     0.00000     0.00000     0.00000
    -24.495         0.00000     0.00000     0.00000     0.00000
    -24.345         0.00000     0.00000     0.00000     0.00000
    -24.195         0.00000     0.00000     0.00000     0.00000
    -24.045         0.00000     0.00000     0.00000     0.00000
    -23.895         0.00000     0.00000     0.00000     0.00000
    -23.745         0.00000     0.00000     0.00000     0.00000
    -23.595         0.00000     0.00000     0.00000     0.00000
    -23.445         0.00000     0.00000     0.00000     0.00000
    -23.295         0.00000     0.00000     0.00000     0.00000
    -23.145         0.00000     0.00000     0.00000     0.00000
    -22.995         0.00000     0.00000     0.00000     0.00000
    -22.845         0.00000     0.00000     0.00000     0.00000
    -22.695         0.00000     0.00000     0.00000     0.00000
    -22.545         0.00000     0.00000     0.00000     0.00000
    -22.395         0.00000     0.00000     0.00000     0.00000
    -22.245         0.00000     0.00000     0.00000     0.00000
    -22.095         0.00000     0.00000     0.00000     0.00000
    -21.945         0.00000     0.00000     0.00000     0.00000
    -21.795         0.00000     0.00000     0.00000     0.00000
    -21.645         0.00000     0.00000     0.00000     0.00000
    -21.495         0.00000     0.00000     0.00000     0.00000
    -21.345         0.00000     0.00000     0.00000     0.00000
    -21.195         0.00000     0.00000     0.00000     0.00000
    -21.045         0.00000     0.00000     0.00000     0.00000
    -20.895         0.00000     0.00000     0.00000     0.00000
    -20.745         0.00000     0.00000     0.00000     0.00000
    -20.595         0.00000     0.00000     0.00000     0.00000
    -20.445         0.00000     0.00000     0.00000     0.00000
    -20.295         0.00000     0.00000     0.00000     0.00000
    -20.145         0.00000     0.00000     0.00000     0.00000
    -19.995         0.00000     0.00000     0.00000     0.00000
    -19.845         0.00000     0.00000     0.00000     0.00000
    -19.695         0.00000     0.00000     0.00000     0.00000
    -19.545         0.00000     0.00000     0.00000     0.00000
    -19.395         0.00000     0.00000     0.00000     0.00000
    -19.245         0.00000     0.00000     0.00000     0.00000
    -19.095         0.00000     0.00000     0.00000     0.00000
    -18.945         0.00000     0.00000     0.00000     0.00000
    -18.795         0.00000     0.00000     0.00000     0.00000
    -18.645         0.00000     0.00000     0.00000     0.00000
    -18.495         0.00000     0.00000     0.00000     0.00000
    -18.345         0.00000     0.00000     0.00000     0.00000
    -18.195         0.00000     0.00000     0.00000     0.00000
    -18.045         0.00000     0.00000     0.00000     0.00000
    -17.895         0.00000     0.00000     0.00000     0.00000
    -17.745         0.00000     0.00000     0.00000     0.00000
    -17.595         0.00000     0.00000     0.00000     0.00000
    -17.445         0.00000     0.00000     0.00000     0.00000
    -17.295         0.00000     0.00000     0.00000     0.00000
    -17.145         0.00000     0.00000     0.00000     0.00000
    -16.995         0.00000     0.00000     0.00000     0.00000
    -16.845         0.00000     0.00000     0.00000     0.00000
    -16.695         0.00000     0.00000     0.00000     0.00000
    -16.545         0.00000     0.00000     0.00000     0.00000
    -16.395         0.00000     0.00000     0.00000     0.00000
    -16.245         0.00000     0.00000     0.00000     0.00000
    -16.095         0.00000     0.00000     0.00000     0.00000
    -15.945         0.00000     0.00000     0.00000     0.00000
    -15.795         0.00000     0.00000     0.00000     0.00000
    -15.645         0.00000     0.00000     0.00000     0.00000
    -15.495         0.00000     0.00000     0.00000     0.00000
    -15.345         0.00000     0.00000     0.00000     0.00000
    -15.195         0.00000     0.00000     0.00000     0.00000
    -15.045         0.00000     0.00000     0.00000     0.00000
    -14.895         0.00000     0.00000     0.00000     0.00000
    -14.745         0.00000     0.00000     0.00000     0.00000
    -14.595         0.00000     0.00000     0.00000     0.00000
    -14.445         0.00000     0.00000     0.00000     0.00000
    -14.295         0.00000     0.00000     0.00000     0.00000
    -14.145         0.00000     0.00000     0.00000     0.00000
    -13.995         0.00000     0.00000     0.00000     0.00000
    -13.845         0.00000     0.00000     0.00000     0.00000
    -13.695         0.00000     0.00000     0.00000     0.00000
    -13.545         0.00000     0.00000     0.00000     0.00000
    -13.395         0.00000     0.00000     0.00000     0.00000
    -13.245         0.00000     0.00000     0.00000     0.00000
    -13.095         0.00000     0.00000     0.00000     0.00000
    -12.945         0.00000     0.00000     0.00000     0.00000
    -12.795         0.00000     0.00000     0.00000     0.00000
    -12.645         0.00000     0.00000     0.00000     0.00000
    -12.495         0.00000     0.00000     0.00000     0.00000
    -12.345         0.00000     0.00000     0.00000     0.00000
    -12.195         0.00000     0.00000     0.00000     0.00000
    -12.045         0.00000     0.00000     0.00000     0.00000
    -11.895         0.00000     0.00000     0.00000     0.00000
    -11.745         0.00000     0.00000     0.00000     0.00000
    -11.595         0.00000     0.00000     0.00000     0.00000
    -11.445         0.00000     0.00000     0.00000     0.00000
    -11.295         0.00000     0.00000     0.00000     0.00000
    -11.145         0.00000     0.00000     0.00000     0.00000
    -10.995         0.00000     0.00000     0.00000     0.00000
    -10.845         0.00000     0.00000     0.00000     0.00000
    -10.695         0.00000     0.00000     0.00000     0.00000
    -10.545         0.00000     0.00000     0.00000     0.00000
    -10.395         0.00000     0.00000     0.00000     0.00000
    -10.245         0.00000     0.00000     0.00000     0.00000
    -10.095         0.00000     0.00000     0.00000     0.00000
    -9.9450         0.00000     0.00000     0.00000     0.00000
    -9.7950         0.00000     0.00000     0.00000     0.00000
    -9.6450         0.00000     0.00000     0.00000     0.00000
    -9.4950         0.00000     0.00000     0.00000     0.00000
    -9.3450         0.00000     0.00000     0.00000     0.00000
    -9.1950         0.00000     0.00000     0.00000     0.00000
    -9.0450         0.00000     0.00000     0.00000     0.00000
    -8.8950         0.00000     0.00000     0.00000     0.00000
    -8.7450         0.00000     0.00000     0.00000     0.00000
    -8.5950         0.00000     0.00000     0.00000     0.00000
    -8.4450         0.00000     0.00000     0.00000     0.00000
    -8.2950         0.00000     0.00000     0.00000     0.00000
    -8.1450         0.00000     0.00000     0.00000     0.00000
    -7.9950         0.00000     0.00000     0.00000     0.00000
    -7.8450         0.00000     0.00000     0.00000     0.00000
    -7.6950         0.00000     0.00000     0.00000     0.00000
    -7.5450         0.00000     0.00000     0.00000     0.00000
    -7.3950         0.00000     0.00000     0.00000     0.00000
    -7.2450         0.00000     0.00000     0.00000     0.00000
    -7.0950         0.00000     0.00000     0.00000     0.00000
    -6.9450         0.00000     0.00000     0.00000     0.00000
    -6.7950         0.00000     0.00000     0.00000     0.00000
    -6.6450         0.00000     0.00000     0.00000     0.00000
    -6.4950         0.00000     0.00000     0.00000     0.00000
    -6.3450         0.00000     0.00000     0.00000     0.00000
    -6.1950         0.00000     0.00000     0.00000     0.00000
    -6.0450         0.00000     0.00000     0.00000     0.00000
    -5.8950         0.00000     0.00000     0.00000     0.00000
    -5.7450         0.00000     0.00000     0.00000     0.00000
    -5.5950         0.00000     0.00000     0.00000     0.00000
    -5.4450         0.00000     0.00000     0.00000     0.00000
    -5.2950         0.00000     0.00000     0.00000     0.00000
    -5.1450         0.00000     0.00000     0.00000     0.00000
    -4.9950         0.00000     0.00000     0.00000     0.00000
    -4.8450         0.00000     0.00000     0.00000     0.00000
    -4.6950         0.00000     0.00000     0.00000     0.00000
    -4.5450         0.00000     0.00000     0.00000     0.00000
    -4.3950         0.00000     0.00000     0.00000     0.00000
    -4.2450         0.00000     0.00000     0.00000     0.00000
    -4.0950         0.00000     0.00000     0.00000     0.00000
    -3.9450         0.00000     0.00000     0.00000     0.00000
    -3.7950         0.00000     0.00000     0.00000     0.00000
    -3.6450         0.00000     0.00000     0.00000     0.00000
    -3.4950         0.00000     0.00000     0.00000     0.00000
    -3.3450         0.00000     0.00000     0.00000     0.00000
    -3.1950         0.00000     0.00000     0.00000     0.00000
    -3.0450         0.00000     0.00000     0.00000     0.00000
    -2.8950         0.00000     0.00000     0.00000     0.00000
    -2.7450         0.00000     0.00000     0.00000     0.00000
    -2.5950        -0.00000    -0.00000     0.00000     0.00000
    -2.4450        -0.00000    -0.00000     0.00000     0.00000
    -2.2950        -0.00000    -0.00000     0.00000     0.00000
    -2.1450        -0.00000    -0.00000     0.00000     0.00000
    -1.9950        -0.00000    -0.00000     0.00000     0.00000
    -1.8450        -0.00001    -0.00001     0.00000     0.00000
    -1.6950        -0.00002    -0.00002     0.00000     0.00000
    -1.5450        -0.00001    -0.00005     0.00000     0.00004
    -1.3950        -0.00117    -0.00010    -0.00012    -0.00096
    -1.2450        -0.00642    -0.00017    -0.00124    -0.00501
    -1.0950        -0.02274    -0.00033    -0.00484    -0.01757
   -0.94500        -0.08136    -0.00060    -0.01660    -0.06416
   -0.79500        -0.31897    -0.00095    -0.04280    -0.27522
   -0.64500        -1.29370    -0.00193    -0.07577    -1.21600
   -0.49500        -3.55713    -0.00379    -0.10156    -3.45178
   -0.34500        -6.45855    -0.00678    -0.12314    -6.32863
   -0.22700        -7.23898    -0.00880    -0.13107    -7.09911
   -0.21300        -7.32493    -0.00913    -0.13205    -7.18375
   -0.20700        -7.41006    -0.00949    -0.13313    -7.26744
   -0.20100        -7.49444    -0.00984    -0.13425    -7.35035
   -0.19500        -7.57799    -0.01017    -0.13544    -7.43237
   -0.18900        -7.66163    -0.01054    -0.13656    -7.51453
   -0.18300        -7.74528    -0.01074    -0.13773    -7.59681
   -0.17700        -7.82770    -0.01115    -0.13898    -7.67757
   -0.17100        -7.91107    -0.01158    -0.14024    -7.75925
   -0.16500        -7.99370    -0.01200    -0.14162    -7.84009
   -0.15900        -8.07659    -0.01239    -0.14302    -7.92118
   -0.15300        -8.16010    -0.01288    -0.14443    -8.00280
   -0.14700        -8.24360    -0.01334    -0.14606    -8.08420
   -0.14100        -8.32926    -0.01382    -0.14782    -8.16761
   -0.13500        -8.41462    -0.01440    -0.14964    -8.25058
   -0.12900        -8.50070    -0.01497    -0.15137    -8.33436
   -0.12300        -8.58855    -0.01558    -0.15328    -8.41969
   -0.11700        -8.67900    -0.01619    -0.15518    -8.50762
   -0.11100        -8.77060    -0.01692    -0.15725    -8.59643
   -0.10500        -8.86455    -0.01772    -0.15955    -8.68728
   -0.99000E-01    -8.96178    -0.01853    -0.16195    -8.78130
   -0.93000E-01    -9.06231    -0.01937    -0.16422    -8.87871
   -0.87000E-01    -9.16710    -0.02034    -0.16664    -8.98011
   -0.81000E-01    -9.27712    -0.02139    -0.16921    -9.08652
   -0.75000E-01    -9.39280    -0.02256    -0.17195    -9.19828
   -0.69000E-01    -9.51660    -0.02392    -0.17480    -9.31788
   -0.63000E-01    -9.64996    -0.02549    -0.17793    -9.44654
   -0.57000E-01    -9.79541    -0.02713    -0.18111    -9.58718
   -0.51000E-01    -9.95413    -0.02913    -0.18464    -9.74036
   -0.45000E-01   -10.12546    -0.03148    -0.18839    -9.90559
   -0.39000E-01   -10.31151    -0.03418    -0.19279   -10.08454
   -0.33000E-01   -10.51384    -0.03738    -0.19802   -10.27844
   -0.27000E-01   -10.73405    -0.04156    -0.20455   -10.48794
   -0.21300E-01   -10.89731    -0.04517    -0.21044   -10.64169
   -0.19500E-01   -10.92226    -0.04575    -0.21143   -10.66508
   -0.18900E-01   -10.94770    -0.04633    -0.21246   -10.68891
   -0.18300E-01   -10.97341    -0.04696    -0.21356   -10.71290
   -0.17700E-01   -10.99948    -0.04764    -0.21470   -10.73713
   -0.17100E-01   -11.02608    -0.04829    -0.21592   -10.76187
   -0.16500E-01   -11.05296    -0.04899    -0.21720   -10.78677
   -0.15900E-01   -11.08014    -0.04970    -0.21857   -10.81187
   -0.15300E-01   -11.10797    -0.05043    -0.22000   -10.83753
   -0.14700E-01   -11.13629    -0.05121    -0.22151   -10.86357
   -0.14100E-01   -11.16517    -0.05199    -0.22319   -10.88998
   -0.13500E-01   -11.19448    -0.05280    -0.22488   -10.91681
   -0.12900E-01   -11.22465    -0.05368    -0.22680   -10.94417
   -0.12300E-01   -11.25536    -0.05458    -0.22882   -10.97196
   -0.11700E-01   -11.28696    -0.05552    -0.23108   -11.00036
   -0.11100E-01   -11.31917    -0.05650    -0.23351   -11.02916
   -0.10500E-01   -11.35186    -0.05750    -0.23617   -11.05819
   -0.99000E-02   -11.38553    -0.05859    -0.23914   -11.08780
   -0.93000E-02   -11.42006    -0.05973    -0.24237   -11.11796
   -0.87000E-02   -11.45546    -0.06092    -0.24600   -11.14855
   -0.81000E-02   -11.49215    -0.06213    -0.25014   -11.17988
   -0.75000E-02   -11.52988    -0.06342    -0.25488   -11.21159
   -0.69000E-02   -11.56904    -0.06477    -0.26052   -11.24375
   -0.63000E-02   -11.60969    -0.06617    -0.26719   -11.27633
   -0.57000E-02   -11.65241    -0.06768    -0.27532   -11.30942
   -0.51000E-02   -11.69780    -0.06924    -0.28577   -11.34279
   -0.45000E-02   -11.74737    -0.07086    -0.29996   -11.37656
   -0.39000E-02   -11.80379    -0.07253    -0.32053   -11.41073
   -0.33000E-02   -11.87111    -0.07424    -0.35150   -11.44537
   -0.27000E-02   -11.95165    -0.07597    -0.39488   -11.48081
   -0.21000E-02   -12.02582    -0.07766    -0.42937   -11.51879
   -0.15000E-02   -12.08828    -0.07924    -0.44400   -11.56504
   -0.90000E-03   -12.17203    -0.08053    -0.44889   -11.64261
   -0.30000E-03   -13.61079    -0.08114    -0.44986   -13.07978
    0.30000E-03   -12.17372    -0.08018    -0.44923   -11.64430
    0.90000E-03   -12.09946    -0.07526    -0.44792   -11.57628
    0.15000E-02   -12.05697    -0.06053    -0.44632   -11.55012
    0.21000E-02   -12.01015    -0.02600    -0.44461   -11.53954
    0.27000E-02   -11.96080     0.01740    -0.44288   -11.53531
    0.33000E-02   -11.92617     0.04864    -0.44117   -11.53364
    0.39000E-02   -11.90317     0.06932    -0.43951   -11.53298
    0.45000E-02   -11.88716     0.08348    -0.43792   -11.53272
    0.51000E-02   -11.87525     0.09375    -0.43639   -11.53261
    0.57000E-02   -11.86577     0.10176    -0.43496   -11.53257
    0.63000E-02   -11.85788     0.10826    -0.43359   -11.53254
    0.69000E-02   -11.85102     0.11378    -0.43228   -11.53252
    0.75000E-02   -11.84502     0.11854    -0.43105   -11.53251
    0.81000E-02   -11.83971     0.12268    -0.42989   -11.53250
    0.87000E-02   -11.83494     0.12632    -0.42878   -11.53248
    0.93000E-02   -11.83058     0.12960    -0.42772   -11.53246
    0.99000E-02   -11.82658     0.13259    -0.42672   -11.53245
    0.10500E-01   -11.82296     0.13525    -0.42578   -11.53243
    0.11100E-01   -11.81951     0.13776    -0.42486   -11.53241
    0.11700E-01   -11.81636     0.14001    -0.42398   -11.53239
    0.12300E-01   -11.81345     0.14208    -0.42316   -11.53237
    0.12900E-01   -11.81075     0.14399    -0.42238   -11.53235
    0.13500E-01   -11.80821     0.14577    -0.42164   -11.53233
    0.14100E-01   -11.80585     0.14741    -0.42095   -11.53231
    0.14700E-01   -11.80359     0.14896    -0.42026   -11.53229
    0.15300E-01   -11.80153     0.15040    -0.41966   -11.53226
    0.15900E-01   -11.79951     0.15178    -0.41905   -11.53224
    0.16500E-01   -11.79758     0.15308    -0.41845   -11.53221
    0.17100E-01   -11.79576     0.15431    -0.41789   -11.53218
    0.17700E-01   -11.79400     0.15550    -0.41735   -11.53215
    0.18300E-01   -11.79240     0.15656    -0.41684   -11.53212
    0.18900E-01   -11.79088     0.15760    -0.41639   -11.53209
    0.19500E-01   -11.78941     0.15861    -0.41596   -11.53206
    0.21300E-01   -11.78084     0.16428    -0.41330   -11.53182
    0.27000E-01   -11.77174     0.17030    -0.41065   -11.53139
    0.33000E-01   -11.76511     0.17464    -0.40891   -11.53084
    0.39000E-01   -11.76008     0.17793    -0.40781   -11.53021
    0.45000E-01   -11.75614     0.18044    -0.40707   -11.52951
    0.51000E-01   -11.75289     0.18249    -0.40664   -11.52873
    0.57000E-01   -11.75012     0.18410    -0.40638   -11.52784
    0.63000E-01   -11.74771     0.18545    -0.40622   -11.52694
    0.69000E-01   -11.74547     0.18654    -0.40611   -11.52590
    0.75000E-01   -11.74339     0.18749    -0.40604   -11.52483
    0.81000E-01   -11.74143     0.18831    -0.40600   -11.52373
    0.87000E-01   -11.73952     0.18895    -0.40597   -11.52249
    0.93000E-01   -11.73767     0.18954    -0.40595   -11.52126
    0.99000E-01   -11.73587     0.19007    -0.40594   -11.52001
    0.10500       -11.73409     0.19051    -0.40593   -11.51868
    0.11100       -11.73209     0.19091    -0.40583   -11.51717
    0.11700       -11.73020     0.19122    -0.40574   -11.51568
    0.12300       -11.72821     0.19146    -0.40565   -11.51401
    0.12900       -11.72622     0.19159    -0.40557   -11.51224
    0.13500       -11.72434     0.19176    -0.40549   -11.51060
    0.14100       -11.72240     0.19189    -0.40548   -11.50881
    0.14700       -11.72052     0.19202    -0.40541   -11.50713
    0.15300       -11.71858     0.19219    -0.40533   -11.50544
    0.15900       -11.71649     0.19232    -0.40532   -11.50350
    0.16500       -11.71436     0.19244    -0.40524   -11.50156
    0.17100       -11.71229     0.19252    -0.40516   -11.49965
    0.17700       -11.71009     0.19260    -0.40508   -11.49762
    0.18300       -11.70796     0.19279    -0.40500   -11.49575
    0.18900       -11.70588     0.19290    -0.40498   -11.49380
    0.19500       -11.70381     0.19293    -0.40491   -11.49183
    0.20100       -11.70170     0.19294    -0.40484   -11.48980
    0.20700       -11.69933     0.19303    -0.40476   -11.48760
    0.21300       -11.69704     0.19313    -0.40469   -11.48548
    0.22700       -11.67702     0.19303    -0.40445   -11.46560
    0.34500       -11.60738     0.19284    -0.40336   -11.39685
    0.49500       -11.53042     0.19272    -0.40239   -11.32075
    0.64500       -11.44984     0.19281    -0.40102   -11.24164
    0.79500       -11.36636     0.19284    -0.39977   -11.15944
    0.94500       -11.28164     0.19288    -0.39896   -11.07556
     1.0950       -11.19609     0.19288    -0.39819   -10.99079
     1.2450       -11.11021     0.19289    -0.39717   -10.90593
     1.3950       -11.02534     0.19293    -0.39621   -10.82206
     1.5450       -10.94149     0.19294    -0.39548   -10.73895
     1.6950       -10.85977     0.19291    -0.39462   -10.65806
     1.8450       -10.78030     0.19292    -0.39381   -10.57941
     1.9950       -10.70313     0.19295    -0.39304   -10.50304
     2.1450       -10.62795     0.19295    -0.39230   -10.42861
     2.2950       -10.55580     0.19296    -0.39159   -10.35717
     2.4450       -10.48589     0.19295    -0.39092   -10.28792
     2.5950       -10.41880     0.19295    -0.39027   -10.22148
     2.7450       -10.35414     0.19295    -0.38965   -10.15744
     2.8950       -10.29160     0.19295    -0.38904   -10.09550
     3.0450       -10.23027     0.19295    -0.38846   -10.03476
     3.1950       -10.17207     0.19295    -0.38791    -9.97711
     3.3450       -10.11599     0.19294    -0.38736    -9.92156
     3.4950       -10.06139     0.19293    -0.38684    -9.86748
     3.6450       -10.00859     0.19294    -0.38633    -9.81520
     3.7950        -9.95790     0.19293    -0.38584    -9.76499
     3.9450        -9.90865     0.19293    -0.38536    -9.71623
     4.0950        -9.86095     0.19293    -0.38489    -9.66899
     4.2450        -9.81476     0.19292    -0.38444    -9.62325
     4.3950        -9.76997     0.19293    -0.38399    -9.57891
     4.5450        -9.72646     0.19292    -0.38357    -9.53581
     4.6950        -9.68424     0.19292    -0.38315    -9.49401
     4.8450        -9.64318     0.19292    -0.38274    -9.45335
     4.9950        -9.60317     0.19293    -0.38234    -9.41375
     5.1450        -9.56424     0.19293    -0.38196    -9.37522
     5.2950        -9.52635     0.19293    -0.38159    -9.33770
     5.4450        -9.48942     0.19292    -0.38122    -9.30112
     5.5950        -9.45336     0.19292    -0.38086    -9.26542
     5.7450        -9.41823     0.19290    -0.38050    -9.23062
     5.8950        -9.38380     0.19290    -0.38015    -9.19654
     6.0450        -9.35023     0.19290    -0.37981    -9.16331
     6.1950        -9.31743     0.19288    -0.37948    -9.13084
     6.3450        -9.28536     0.19288    -0.37915    -9.09909
     6.4950        -9.25393     0.19288    -0.37883    -9.06798
     6.6450        -9.22322     0.19287    -0.37851    -9.03758
     6.7950        -9.19307     0.19287    -0.37821    -9.00774
     6.9450        -9.16359     0.19287    -0.37791    -8.97855
     7.0950        -9.13468     0.19286    -0.37761    -8.94993
     7.2450        -9.10633     0.19286    -0.37732    -8.92187
     7.3950        -9.07847     0.19286    -0.37704    -8.89429
     7.5450        -9.05114     0.19285    -0.37676    -8.86724
     7.6950        -9.02435     0.19285    -0.37648    -8.84072
     7.8450        -8.99805     0.19285    -0.37621    -8.81469
     7.9950        -8.97221     0.19285    -0.37595    -8.78911
     8.1450        -8.94684     0.19285    -0.37569    -8.76400
     8.2950        -8.92188     0.19285    -0.37544    -8.73928
     8.4450        -8.89738     0.19284    -0.37518    -8.71504
     8.5950        -8.87333     0.19284    -0.37493    -8.69124
     8.7450        -8.84960     0.19284    -0.37468    -8.66775
     8.8950        -8.82625     0.19283    -0.37444    -8.64464
     9.0450        -8.80324     0.19283    -0.37420    -8.62186
     9.1950        -8.78062     0.19283    -0.37397    -8.59948
     9.3450        -8.75834     0.19283    -0.37374    -8.57744
     9.4950        -8.73642     0.19283    -0.37351    -8.55574
     9.6450        -8.71487     0.19282    -0.37329    -8.53441
     9.7950        -8.69360     0.19283    -0.37306    -8.51337
     9.9450        -8.67265     0.19283    -0.37284    -8.49264
     10.095        -8.65199     0.19283    -0.37262    -8.47219
     10.245        -8.63165     0.19283    -0.37241    -8.45207
     10.395        -8.61159     0.19283    -0.37220    -8.43221
     10.545        -8.59180     0.19282    -0.37200    -8.41263
     10.695        -8.57234     0.19282    -0.37179    -8.39337
     10.845        -8.55307     0.19282    -0.37159    -8.37430
     10.995        -8.53405     0.19282    -0.37139    -8.35549
     11.145        -8.51536     0.19282    -0.37119    -8.33699
     11.295        -8.49684     0.19282    -0.37099    -8.31867
     11.445        -8.47861     0.19282    -0.37081    -8.30063
     11.595        -8.46059     0.19282    -0.37061    -8.28279
     11.745        -8.44275     0.19282    -0.37043    -8.26514
     11.895        -8.42517     0.19282    -0.37024    -8.24775
     12.045        -8.40779     0.19282    -0.37006    -8.23055
     12.195        -8.39061     0.19282    -0.36987    -8.21355
     12.345        -8.37365     0.19281    -0.36969    -8.19677
     12.495        -8.35692     0.19282    -0.36951    -8.18023
     12.645        -8.34039     0.19281    -0.36934    -8.16386
     12.795        -8.32408     0.19281    -0.36917    -8.14772
     12.945        -8.30790     0.19281    -0.36900    -8.13172
     13.095        -8.29195     0.19281    -0.36883    -8.11593
     13.245        -8.27617     0.19281    -0.36866    -8.10031
     13.395        -8.26057     0.19281    -0.36850    -8.08488
     13.545        -8.24510     0.19281    -0.36834    -8.06957
     13.695        -8.22979     0.19281    -0.36818    -8.05442
     13.845        -8.21472     0.19280    -0.36802    -8.03950
     13.995        -8.19982     0.19280    -0.36786    -8.02477
     14.145        -8.18506     0.19280    -0.36770    -8.01016
     14.295        -8.17044     0.19279    -0.36754    -7.99570
     14.445        -8.15596     0.19279    -0.36739    -7.98136
     14.595        -8.14162     0.19278    -0.36723    -7.96717
     14.745        -8.12747     0.19278    -0.36708    -7.95316
     14.895        -8.11341     0.19278    -0.36693    -7.93925
     15.045        -8.09953     0.19277    -0.36678    -7.92551
     15.195        -8.08575     0.19276    -0.36664    -7.91188
     15.345        -8.07217     0.19277    -0.36650    -7.89844
     15.495        -8.05867     0.19277    -0.36635    -7.88508
     15.645        -8.04527     0.19277    -0.36621    -7.87184
     15.795        -8.03205     0.19277    -0.36606    -7.85876
     15.945        -8.01897     0.19277    -0.36592    -7.84582
     16.095        -8.00599     0.19277    -0.36579    -7.83297
     16.245        -7.99314     0.19276    -0.36564    -7.82026
     16.395        -7.98041     0.19275    -0.36551    -7.80766
     16.545        -7.96776     0.19276    -0.36537    -7.79514
     16.695        -7.95522     0.19275    -0.36524    -7.78274
     16.845        -7.94284     0.19275    -0.36511    -7.77048
     16.995        -7.93057     0.19275    -0.36498    -7.75833
     17.145        -7.91839     0.19274    -0.36485    -7.74628
     17.295        -7.90628     0.19274    -0.36471    -7.73431
     17.445        -7.89429     0.19274    -0.36458    -7.72245
     17.595        -7.88242     0.19274    -0.36446    -7.71070
     17.745        -7.87066     0.19274    -0.36433    -7.69908
     17.895        -7.85900     0.19274    -0.36420    -7.68753
     18.045        -7.84743     0.19273    -0.36408    -7.67609
     18.195        -7.83597     0.19274    -0.36395    -7.66475
     18.345        -7.82457     0.19273    -0.36383    -7.65347
     18.495        -7.81328     0.19273    -0.36371    -7.64231
     18.645        -7.80212     0.19273    -0.36358    -7.63127
     18.795        -7.79101     0.19273    -0.36346    -7.62028
     18.945        -7.78001     0.19273    -0.36335    -7.60939
     19.095        -7.76914     0.19273    -0.36323    -7.59865
     19.245        -7.75835     0.19272    -0.36311    -7.58796
     19.395        -7.74765     0.19273    -0.36299    -7.57739
     19.545        -7.73698     0.19272    -0.36288    -7.56682
     19.695        -7.72642     0.19272    -0.36276    -7.55638
     19.845        -7.71591     0.19272    -0.36265    -7.54598
     19.995        -7.70549     0.19272    -0.36254    -7.53567
     20.145        -7.69517     0.19272    -0.36243    -7.52546
     20.295        -7.68487     0.19272    -0.36231    -7.51528
     20.445        -7.67467     0.19272    -0.36220    -7.50520
     20.595        -7.66457     0.19273    -0.36209    -7.49521
     20.745        -7.65452     0.19272    -0.36198    -7.48526
     20.895        -7.64454     0.19272    -0.36187    -7.47539
     21.045        -7.63465     0.19273    -0.36176    -7.46561
     21.195        -7.62484     0.19272    -0.36166    -7.45591
     21.345        -7.61512     0.19271    -0.36155    -7.44628
     21.495        -7.60547     0.19271    -0.36145    -7.43673
     21.645        -7.59586     0.19271    -0.36134    -7.42723
     21.795        -7.58635     0.19270    -0.36124    -7.41782
     21.945        -7.57690     0.19271    -0.36113    -7.40847
     22.095        -7.56749     0.19270    -0.36103    -7.39917
     22.245        -7.55817     0.19270    -0.36092    -7.38995
     22.395        -7.54889     0.19270    -0.36082    -7.38077
     22.545        -7.53969     0.19270    -0.36072    -7.37167
     22.695        -7.53058     0.19271    -0.36062    -7.36267
     22.845        -7.52149     0.19270    -0.36052    -7.35368
     22.995        -7.51246     0.19271    -0.36042    -7.34475
     23.145        -7.50351     0.19270    -0.36032    -7.33589
     23.295        -7.49460     0.19270    -0.36022    -7.32708
     23.445        -7.48580     0.19269    -0.36013    -7.31837
     23.595        -7.47704     0.19269    -0.36003    -7.30970
     23.745        -7.46833     0.19269    -0.35994    -7.30108
     23.895        -7.45963     0.19269    -0.35985    -7.29247
     24.045        -7.45101     0.19268    -0.35975    -7.28394
     24.195        -7.44245     0.19268    -0.35965    -7.27547
     24.345        -7.43394     0.19267    -0.35956    -7.26705
     24.495        -7.42551     0.19267    -0.35947    -7.25871
     24.645        -7.41711     0.19267    -0.35938    -7.25040
     24.795        -7.40877     0.19267    -0.35929    -7.24216
     24.945        -7.40046     0.19267    -0.35920    -7.23393
     25.095        -7.39220     0.19267    -0.35911    -7.22576
     25.245        -7.38404     0.19267    -0.35902    -7.21769
     25.395        -7.37592     0.19267    -0.35893    -7.20966
     25.545        -7.36785     0.19266    -0.35884    -7.20167
     25.695        -7.35980     0.19266    -0.35875    -7.19371
     25.845        -7.35179     0.19267    -0.35866    -7.18579
     25.995        -7.34382     0.19267    -0.35858    -7.17791
     26.145        -7.33596     0.19266    -0.35849    -7.17013
     26.295        -7.32811     0.19266    -0.35841    -7.16236
     26.445        -7.32030     0.19266    -0.35832    -7.15464
     26.595        -7.31255     0.19266    -0.35824    -7.14698
     26.745        -7.30485     0.19266    -0.35815    -7.13936
     26.895        -7.29722     0.19266    -0.35807    -7.13181
     27.045        -7.28961     0.19266    -0.35798    -7.12429
     27.195        -7.28202     0.19266    -0.35790    -7.11678
     27.345        -7.27448     0.19266    -0.35782    -7.10932
     27.495        -7.26699     0.19266    -0.35773    -7.10191
     27.645        -7.25954     0.19266    -0.35765    -7.09454
     27.795        -7.25215     0.19265    -0.35757    -7.08722
     27.945        -7.24478     0.19265    -0.35749    -7.07994
     28.095        -7.23745     0.19265    -0.35741    -7.07269
     28.245        -7.23017     0.19265    -0.35734    -7.06548
     28.395        -7.22291     0.19265    -0.35726    -7.05831
     28.545        -7.21569     0.19265    -0.35718    -7.05116
     28.695        -7.20851     0.19265    -0.35710    -7.04406
     28.845        -7.20140     0.19264    -0.35702    -7.03703
     28.995        -7.19432     0.19264    -0.35694    -7.03003
     29.145        -7.18727     0.19264    -0.35686    -7.02305
     29.295        -7.18026     0.19264    -0.35678    -7.01612
     29.445        -7.17329     0.19264    -0.35670    -7.00922
     29.595        -7.16636     0.19263    -0.35663    -7.00236
     29.745        -7.15946     0.19263    -0.35655    -6.99554
     29.895        -7.15261     0.19263    -0.35648    -6.98876
     30.045        -7.14580     0.19263    -0.35640    -6.98202
     30.195        -7.13902     0.19263    -0.35633    -6.97532
     30.345        -7.13225     0.19262    -0.35625    -6.96862
     30.495        -7.12554     0.19262    -0.35618    -6.96199
     30.645        -7.11887     0.19262    -0.35611    -6.95538
     30.795        -7.11222     0.19262    -0.35603    -6.94881
     30.945        -7.10562     0.19262    -0.35596    -6.94228
     31.095        -7.09901     0.19262    -0.35588    -6.93574
     31.245        -7.09244     0.19262    -0.35581    -6.92925
     31.395        -7.08591     0.19262    -0.35574    -6.92279
     31.545        -7.07942     0.19262    -0.35567    -6.91637
     31.695        -7.07298     0.19262    -0.35560    -6.91000
     31.845        -7.06656     0.19262    -0.35553    -6.90365
     31.995        -7.06016     0.19261    -0.35546    -6.89732
     32.145        -7.05380     0.19261    -0.35539    -6.89102
     32.295        -7.04750     0.19261    -0.35532    -6.88479
     32.445        -7.04121     0.19261    -0.35525    -6.87856
     32.595        -7.03492     0.19260    -0.35519    -6.87234
     32.745        -7.02867     0.19260    -0.35512    -6.86615
     32.895        -7.02244     0.19261    -0.35505    -6.86000
     33.045        -7.01627     0.19261    -0.35499    -6.85389
     33.195        -7.01013     0.19260    -0.35492    -6.84782
     33.345        -7.00404     0.19260    -0.35485    -6.84179
     33.495        -6.99793     0.19260    -0.35478    -6.83575
     33.645        -6.99186     0.19260    -0.35472    -6.82975
     33.795        -6.98582     0.19260    -0.35465    -6.82377
     33.945        -6.97980     0.19260    -0.35458    -6.81782
     34.095        -6.97380     0.19260    -0.35451    -6.81188
     34.245        -6.96785     0.19260    -0.35445    -6.80600
     34.395        -6.96191     0.19259    -0.35438    -6.80011
     34.545        -6.95600     0.19259    -0.35432    -6.79428
     34.695        -6.95010     0.19259    -0.35425    -6.78844
     34.845        -6.94425     0.19259    -0.35419    -6.78266
     34.995        -6.93843     0.19259    -0.35412    -6.77689
     35.145        -6.93263     0.19259    -0.35406    -6.77115
     35.295        -6.92687     0.19258    -0.35400    -6.76546
     35.445        -6.92114     0.19258    -0.35393    -6.75979
     35.595        -6.91542     0.19258    -0.35387    -6.75413
     35.745        -6.90973     0.19258    -0.35381    -6.74850
     35.895        -6.90407     0.19258    -0.35374    -6.74291
     36.045        -6.89844     0.19258    -0.35368    -6.73734
     36.195        -6.89283     0.19257    -0.35362    -6.73178
     36.345        -6.88723     0.19258    -0.35356    -6.72625
     36.495        -6.88165     0.19258    -0.35349    -6.72074
     36.645        -6.87612     0.19258    -0.35343    -6.71527
     36.795        -6.87061     0.19257    -0.35337    -6.70981
     36.945        -6.86512     0.19257    -0.35331    -6.70438
     37.095        -6.85963     0.19257    -0.35325    -6.69895
     37.245        -6.85417     0.19257    -0.35319    -6.69355
     37.395        -6.84874     0.19257    -0.35313    -6.68818
     37.545        -6.84335     0.19257    -0.35307    -6.68285
     37.695        -6.83797     0.19257    -0.35301    -6.67752
     37.845        -6.83263     0.19256    -0.35295    -6.67224
     37.995        -6.82730     0.19256    -0.35289    -6.66698
     38.145        -6.82199     0.19256    -0.35283    -6.66172
     38.295        -6.81669     0.19256    -0.35278    -6.65648
     38.445        -6.81141     0.19256    -0.35272    -6.65126
     38.595        -6.80617     0.19256    -0.35266    -6.64607
     38.745        -6.80096     0.19256    -0.35260    -6.64091
     38.895        -6.79576     0.19256    -0.35254    -6.63577
     39.045        -6.79058     0.19256    -0.35248    -6.63065
     39.195        -6.78545     0.19255    -0.35243    -6.62557
     39.345        -6.78030     0.19255    -0.35237    -6.62048
     39.495        -6.77519     0.19256    -0.35231    -6.61543
     39.645        -6.77007     0.19256    -0.35226    -6.61037
     39.795        -6.76499     0.19256    -0.35220    -6.60534
     39.945        -6.75992     0.19256    -0.35215    -6.60033
     40.095        -6.75488     0.19256    -0.35209    -6.59535
     40.245        -6.74986     0.19256    -0.35203    -6.59039
     40.395        -6.74485     0.19256    -0.35197    -6.58543
     40.545        -6.73987     0.19255    -0.35192    -6.58050
     40.695        -6.73489     0.19255    -0.35187    -6.57558
     40.845        -6.72996     0.19255    -0.35181    -6.57070
     40.995        -6.72505     0.19255    -0.35176    -6.56584
     41.145        -6.72015     0.19255    -0.35170    -6.56100
     41.295        -6.71527     0.19255    -0.35165    -6.55617
     41.445        -6.71041     0.19255    -0.35160    -6.55137
     41.595        -6.70557     0.19255    -0.35154    -6.54658
     41.745        -6.70074     0.19255    -0.35149    -6.54180
     41.895        -6.69592     0.19255    -0.35143    -6.53703
     42.045        -6.69113     0.19255    -0.35138    -6.53230
     42.195        -6.68635     0.19254    -0.35132    -6.52757
     42.345        -6.68161     0.19255    -0.35127    -6.52289
     42.495        -6.67687     0.19254    -0.35122    -6.51820
     42.645        -6.67215     0.19254    -0.35116    -6.51353
     42.795        -6.66744     0.19254    -0.35111    -6.50887
     42.945        -6.66277     0.19254    -0.35106    -6.50426
     43.095        -6.65810     0.19255    -0.35101    -6.49964
     43.245        -6.65346     0.19255    -0.35096    -6.49505
     43.395        -6.64884     0.19254    -0.35091    -6.49047
     43.545        -6.64421     0.19254    -0.35086    -6.48590
     43.695        -6.63961     0.19254    -0.35080    -6.48134
     43.845        -6.63504     0.19254    -0.35075    -6.47683
     43.995        -6.63049     0.19254    -0.35070    -6.47232
     44.145        -6.62595     0.19254    -0.35065    -6.46783
     44.295        -6.62143     0.19254    -0.35060    -6.46337
     44.445        -6.61692     0.19254    -0.35055    -6.45891
     44.595        -6.61243     0.19254    -0.35050    -6.45446
     44.745        -6.60793     0.19254    -0.35045    -6.45002
     44.895        -6.60346     0.19254    -0.35040    -6.44561
     45.045        -6.59901     0.19254    -0.35035    -6.44120
     45.195        -6.59457     0.19254    -0.35030    -6.43680
     45.345        -6.59013     0.19254    -0.35025    -6.43242
     45.495        -6.58575     0.19254    -0.35020    -6.42809
     45.645        -6.58138     0.19254    -0.35015    -6.42377
     45.795        -6.57701     0.19254    -0.35010    -6.41945
     45.945        -6.57265     0.19254    -0.35005    -6.41514
     46.095        -6.56829     0.19254    -0.35000    -6.41083
     46.245        -6.56398     0.19253    -0.34996    -6.40655
     46.395        -6.55966     0.19253    -0.34991    -6.40228
     46.545        -6.55537     0.19253    -0.34986    -6.39804
     46.695        -6.55109     0.19253    -0.34981    -6.39381
     46.845        -6.54683     0.19253    -0.34976    -6.38960
     46.995        -6.54257     0.19253    -0.34971    -6.38538
     47.145        -6.53832     0.19253    -0.34967    -6.38119
     47.295        -6.53410     0.19253    -0.34962    -6.37700
     47.445        -6.52989     0.19252    -0.34957    -6.37285
     47.595        -6.52567     0.19252    -0.34953    -6.36867
     47.745        -6.52148     0.19252    -0.34948    -6.36452
     47.895        -6.51730     0.19252    -0.34943    -6.36039
     48.045        -6.51315     0.19252    -0.34938    -6.35628
     48.195        -6.50901     0.19252    -0.34934    -6.35218
     48.345        -6.50488     0.19252    -0.34929    -6.34810
     48.495        -6.50075     0.19252    -0.34925    -6.34402
     48.645        -6.49666     0.19252    -0.34920    -6.33997
     48.795        -6.49257     0.19252    -0.34916    -6.33593
     48.945        -6.48851     0.19251    -0.34911    -6.33192
     49.095        -6.48445     0.19251    -0.34907    -6.32789
     49.245        -6.48038     0.19252    -0.34902    -6.32387
     49.395        -6.47636     0.19251    -0.34898    -6.31989
     49.545        -6.47235     0.19251    -0.34893    -6.31593
     49.695        -6.46835     0.19251    -0.34889    -6.31197
     49.845        -6.46436     0.19251    -0.34884    -6.30802
     49.995        -6.46037     0.19251    -0.34880    -6.30407
     50.145        -6.45640     0.19251    -0.34875    -6.30015
     50.295        -6.45246     0.19250    -0.34871    -6.29625
     50.445        -6.44851     0.19250    -0.34867    -6.29234
     50.595        -6.44457     0.19251    -0.34862    -6.28846
     50.745        -6.44064     0.19251    -0.34858    -6.28457
     50.895        -6.43673     0.19251    -0.34853    -6.28070
     51.045        -6.43286     0.19251    -0.34849    -6.27688
     51.195        -6.42898     0.19251    -0.34845    -6.27304
     51.345        -6.42509     0.19251    -0.34840    -6.26920
     51.495        -6.42124     0.19251    -0.34836    -6.26538
     51.645        -6.41740     0.19250    -0.34832    -6.26159
     51.795        -6.41358     0.19250    -0.34828    -6.25780
     51.945        -6.40974     0.19251    -0.34823    -6.25401
     52.095        -6.40591     0.19250    -0.34819    -6.25022
     52.245        -6.40210     0.19250    -0.34815    -6.24645
     52.395        -6.39832     0.19250    -0.34811    -6.24272
     52.545        -6.39454     0.19250    -0.34807    -6.23897
     52.695        -6.39075     0.19250    -0.34802    -6.23524
     52.845        -6.38698     0.19250    -0.34798    -6.23150
     52.995        -6.38324     0.19250    -0.34794    -6.22780
     53.145        -6.37951     0.19250    -0.34790    -6.22411
     53.295        -6.37577     0.19250    -0.34786    -6.22042
     53.445        -6.37205     0.19250    -0.34781    -6.21674
     53.595        -6.36836     0.19250    -0.34777    -6.21309
     53.745        -6.36469     0.19250    -0.34773    -6.20946
     53.895        -6.36103     0.19250    -0.34769    -6.20584
     54.045        -6.35737     0.19250    -0.34765    -6.20222
     54.195        -6.35372     0.19250    -0.34761    -6.19861
     54.345        -6.35007     0.19250    -0.34757    -6.19500
     54.495        -6.34644     0.19250    -0.34753    -6.19141
     54.645        -6.34282     0.19250    -0.34749    -6.18784
     54.795        -6.33922     0.19250    -0.34745    -6.18427
     54.945        -6.33561     0.19250    -0.34741    -6.18070
     55.095        -6.33200     0.19250    -0.34737    -6.17714
     59.433        -6.05062     0.19242    -0.34420    -5.89883
     80.646        -5.63891     0.19228    -0.33955    -5.49164
     111.21        -5.23837     0.19218    -0.33498    -5.09557
     153.36        -4.84962     0.19204    -0.33055    -4.71111
     211.49        -4.47247     0.19188    -0.32622    -4.33813
     291.64        -4.10763     0.19170    -0.32206    -3.97727
     402.18        -3.75469     0.19148    -0.31799    -3.62818
     554.60        -3.41354     0.19122    -0.31409    -3.29067
     764.80        -3.08411     0.19094    -0.31030    -2.96475
     1054.7        -2.76572     0.19066    -0.30665    -2.64972
     1454.4        -2.45796     0.19033    -0.30314    -2.34515
     2005.6        -2.16059     0.19002    -0.29973    -2.05088
     2765.8        -1.87288     0.18969    -0.29647    -1.76611
     3814.0        -1.59467     0.18936    -0.29329    -1.49074
     5259.5        -1.32543     0.18902    -0.29025    -1.22420
     7252.9        -1.06453     0.18868    -0.28731    -0.96590
     10002.        -0.81165     0.18835    -0.28446    -0.71554
     13793.        -0.56697     0.18802    -0.28170    -0.47329
     19020.        -0.33056     0.18767    -0.27906    -0.23916
     26229.        -0.10260     0.18732    -0.27648    -0.01344
     36170.         0.11619     0.18697    -0.27400     0.20322
     49878.         0.32601     0.18663    -0.27157     0.41095
     68782.         0.52648     0.18631    -0.26924     0.60941
     94851.         0.71797     0.18598    -0.26698     0.79897
    0.13080E+06     0.90075     0.18566    -0.26478     0.97987
    0.18038E+06     1.07505     0.18533    -0.26269     1.15240
    0.24874E+06     1.24127     0.18501    -0.26070     1.31696
    0.34301E+06     1.39975     0.18472    -0.25878     1.47381
    0.47302E+06     1.55068     0.18442    -0.25694     1.62320
    0.65229E+06     1.69440     0.18413    -0.25519     1.76545
    0.89952E+06     1.83130     0.18385    -0.25352     1.90097
    0.12404E+07     1.96154     0.18359    -0.25193     2.02988
    0.17106E+07     2.08556     0.18334    -0.25041     2.15263
    0.23589E+07     2.20351     0.18307    -0.24897     2.26941
    0.32529E+07     2.31562     0.18282    -0.24759     2.38039
    0.44858E+07     2.42237     0.18259    -0.24628     2.48606
    0.61860E+07     2.52396     0.18236    -0.24503     2.58664
    0.85305E+07     2.62056     0.18214    -0.24385     2.68226
    0.11764E+08     2.71248     0.18194    -0.24271     2.77325
    0.16222E+08     2.79980     0.18174    -0.24163     2.85969
    0.22370E+08     2.88294     0.18155    -0.24060     2.94199
    0.30849E+08     2.96183     0.18136    -0.23963     3.02010
    0.42541E+08     3.03629     0.18120    -0.23869     3.09379
    0.58664E+08     3.10590     0.18102    -0.23782     3.16270
    0.80898E+08     3.17102     0.18087    -0.23697     3.22713
    0.11156E+09     3.23219     0.18073    -0.23617     3.28764
    0.15384E+09     3.28978     0.18060    -0.23541     3.34459
    0.21215E+09     3.34392     0.18049    -0.23470     3.39813
    0.29255E+09     3.39495     0.18038    -0.23403     3.44860
    0.40343E+09     3.44295     0.18028    -0.23340     3.49608
    0.55633E+09     3.48812     0.18018    -0.23282     3.54075
    0.76719E+09     3.53036     0.18009    -0.23227     3.58253
    0.10580E+10     3.56847     0.18001    -0.23175     3.62021
    0.14589E+10     3.60328     0.17994    -0.23126     3.65460
    0.20119E+10     3.63530     0.17987    -0.23079     3.68623
    0.27744E+10     3.66482     0.17980    -0.23036     3.71538
    0.38259E+10     3.69198     0.17974    -0.22996     3.74219
    0.52760E+10     3.71709     0.17968    -0.22959     3.76699
    0.72756E+10     3.74022     0.17964    -0.22926     3.78984
    0.10033E+11     3.76160     0.17959    -0.22895     3.81096
    0.13836E+11     3.78129     0.17955    -0.22867     3.83041
    0.19079E+11     3.79950     0.17951    -0.22841     3.84841
    0.26311E+11     3.81628     0.17947    -0.22817     3.86498
    0.36283E+11     3.83175     0.17943    -0.22794     3.88026
    0.50034E+11     3.84608     0.17940    -0.22774     3.89442
    0.68997E+11     3.85927     0.17937    -0.22756     3.90746
    0.10000E+12     4.01704     0.17898    -0.22530     4.06335
