    -99.945         0.00000     0.00000     0.00000     0.00000
    -99.795         0.00000     0.00000     0.00000     0.00000
    -99.645         0.00000     0.00000     0.00000     0.00000
    -99.495         0.00000     0.00000     0.00000     0.00000
    -99.345         0.00000     0.00000     0.00000     0.00000
    -99.195         0.00000     0.00000     0.00000     0.00000
    -99.045         0.00000     0.00000     0.00000     0.00000
    -98.895         0.00000     0.00000     0.00000     0.00000
    -98.745         0.00000     0.00000     0.00000     0.00000
    -98.595         0.00000     0.00000     0.00000     0.00000
    -98.445         0.00000     0.00000     0.00000     0.00000
    -98.295         0.00000     0.00000     0.00000     0.00000
    -98.145         0.00000     0.00000     0.00000     0.00000
    -97.995         0.00000     0.00000     0.00000     0.00000
    -97.845         0.00000     0.00000     0.00000     0.00000
    -97.695         0.00000     0.00000     0.00000     0.00000
    -97.545         0.00000     0.00000     0.00000     0.00000
    -97.395         0.00000     0.00000     0.00000     0.00000
    -97.245         0.00000     0.00000     0.00000     0.00000
    -97.095         0.00000     0.00000     0.00000     0.00000
    -96.945         0.00000     0.00000     0.00000     0.00000
    -96.795         0.00000     0.00000     0.00000     0.00000
    -96.645         0.00000     0.00000     0.00000     0.00000
    -96.495         0.00000     0.00000     0.00000     0.00000
    -96.345         0.00000     0.00000     0.00000     0.00000
    -96.195         0.00000     0.00000     0.00000     0.00000
    -96.045         0.00000     0.00000     0.00000     0.00000
    -95.895         0.00000     0.00000     0.00000     0.00000
    -95.745         0.00000     0.00000     0.00000     0.00000
    -95.595         0.00000     0.00000     0.00000     0.00000
    -95.445         0.00000     0.00000     0.00000     0.00000
    -95.295         0.00000     0.00000     0.00000     0.00000
    -95.145         0.00000     0.00000     0.00000     0.00000
    -94.995         0.00000     0.00000     0.00000     0.00000
    -94.845         0.00000     0.00000     0.00000     0.00000
    -94.695         0.00000     0.00000     0.00000     0.00000
    -94.545         0.00000     0.00000     0.00000     0.00000
    -94.395         0.00000     0.00000     0.00000     0.00000
    -94.245         0.00000     0.00000     0.00000     0.00000
    -94.095         0.00000     0.00000     0.00000     0.00000
    -93.945         0.00000     0.00000     0.00000     0.00000
    -93.795         0.00000     0.00000     0.00000     0.00000
    -93.645         0.00000     0.00000     0.00000     0.00000
    -93.495         0.00000     0.00000     0.00000     0.00000
    -93.345         0.00000     0.00000     0.00000     0.00000
    -93.195         0.00000     0.00000     0.00000     0.00000
    -93.045         0.00000     0.00000     0.00000     0.00000
    -92.895         0.00000     0.00000     0.00000     0.00000
    -92.745         0.00000     0.00000     0.00000     0.00000
    -92.595         0.00000     0.00000     0.00000     0.00000
    -92.445         0.00000     0.00000     0.00000     0.00000
    -92.295         0.00000     0.00000     0.00000     0.00000
    -92.145         0.00000     0.00000     0.00000     0.00000
    -91.995         0.00000     0.00000     0.00000     0.00000
    -91.845         0.00000     0.00000     0.00000     0.00000
    -91.695         0.00000     0.00000     0.00000     0.00000
    -91.545         0.00000     0.00000     0.00000     0.00000
    -91.395         0.00000     0.00000     0.00000     0.00000
    -91.245         0.00000     0.00000     0.00000     0.00000
    -91.095         0.00000     0.00000     0.00000     0.00000
    -90.945         0.00000     0.00000     0.00000     0.00000
    -90.795         0.00000     0.00000     0.00000     0.00000
    -90.645         0.00000     0.00000     0.00000     0.00000
    -90.495         0.00000     0.00000     0.00000     0.00000
    -90.345         0.00000     0.00000     0.00000     0.00000
    -90.195         0.00000     0.00000     0.00000     0.00000
    -90.045         0.00000     0.00000     0.00000     0.00000
    -89.895         0.00000     0.00000     0.00000     0.00000
    -89.745         0.00000     0.00000     0.00000     0.00000
    -89.595         0.00000     0.00000     0.00000     0.00000
    -89.445         0.00000     0.00000     0.00000     0.00000
    -89.295         0.00000     0.00000     0.00000     0.00000
    -89.145         0.00000     0.00000     0.00000     0.00000
    -88.995         0.00000     0.00000     0.00000     0.00000
    -88.845         0.00000     0.00000     0.00000     0.00000
    -88.695         0.00000     0.00000     0.00000     0.00000
    -88.545         0.00000     0.00000     0.00000     0.00000
    -88.395         0.00000     0.00000     0.00000     0.00000
    -88.245         0.00000     0.00000     0.00000     0.00000
    -88.095         0.00000     0.00000     0.00000     0.00000
    -87.945         0.00000     0.00000     0.00000     0.00000
    -87.795         0.00000     0.00000     0.00000     0.00000
    -87.645         0.00000     0.00000     0.00000     0.00000
    -87.495         0.00000     0.00000     0.00000     0.00000
    -87.345         0.00000     0.00000     0.00000     0.00000
    -87.195         0.00000     0.00000     0.00000     0.00000
    -87.045         0.00000     0.00000     0.00000     0.00000
    -86.895         0.00000     0.00000     0.00000     0.00000
    -86.745         0.00000     0.00000     0.00000     0.00000
    -86.595         0.00000     0.00000     0.00000     0.00000
    -86.445         0.00000     0.00000     0.00000     0.00000
    -86.295         0.00000     0.00000     0.00000     0.00000
    -86.145         0.00000     0.00000     0.00000     0.00000
    -85.995         0.00000     0.00000     0.00000     0.00000
    -85.845         0.00000     0.00000     0.00000     0.00000
    -85.695         0.00000     0.00000     0.00000     0.00000
    -85.545         0.00000     0.00000     0.00000     0.00000
    -85.395         0.00000     0.00000     0.00000     0.00000
    -85.245         0.00000     0.00000     0.00000     0.00000
    -85.095         0.00000     0.00000     0.00000     0.00000
    -84.945         0.00000     0.00000     0.00000     0.00000
    -84.795         0.00000     0.00000     0.00000     0.00000
    -84.645         0.00000     0.00000     0.00000     0.00000
    -84.495         0.00000     0.00000     0.00000     0.00000
    -84.345         0.00000     0.00000     0.00000     0.00000
    -84.195         0.00000     0.00000     0.00000     0.00000
    -84.045         0.00000     0.00000     0.00000     0.00000
    -83.895         0.00000     0.00000     0.00000     0.00000
    -83.745         0.00000     0.00000     0.00000     0.00000
    -83.595         0.00000     0.00000     0.00000     0.00000
    -83.445         0.00000     0.00000     0.00000     0.00000
    -83.295         0.00000     0.00000     0.00000     0.00000
    -83.145         0.00000     0.00000     0.00000     0.00000
    -82.995         0.00000     0.00000     0.00000     0.00000
    -82.845         0.00000     0.00000     0.00000     0.00000
    -82.695         0.00000     0.00000     0.00000     0.00000
    -82.545         0.00000     0.00000     0.00000     0.00000
    -82.395         0.00000     0.00000     0.00000     0.00000
    -82.245         0.00000     0.00000     0.00000     0.00000
    -82.095         0.00000     0.00000     0.00000     0.00000
    -81.945         0.00000     0.00000     0.00000     0.00000
    -81.795         0.00000     0.00000     0.00000     0.00000
    -81.645         0.00000     0.00000     0.00000     0.00000
    -81.495         0.00000     0.00000     0.00000     0.00000
    -81.345         0.00000     0.00000     0.00000     0.00000
    -81.195         0.00000     0.00000     0.00000     0.00000
    -81.045         0.00000     0.00000     0.00000     0.00000
    -80.895         0.00000     0.00000     0.00000     0.00000
    -80.745         0.00000     0.00000     0.00000     0.00000
    -80.595         0.00000     0.00000     0.00000     0.00000
    -80.445         0.00000     0.00000     0.00000     0.00000
    -80.295         0.00000     0.00000     0.00000     0.00000
    -80.145         0.00000     0.00000     0.00000     0.00000
    -79.995         0.00000     0.00000     0.00000     0.00000
    -79.845         0.00000     0.00000     0.00000     0.00000
    -79.695         0.00000     0.00000     0.00000     0.00000
    -79.545         0.00000     0.00000     0.00000     0.00000
    -79.395         0.00000     0.00000     0.00000     0.00000
    -79.245         0.00000     0.00000     0.00000     0.00000
    -79.095         0.00000     0.00000     0.00000     0.00000
    -78.945         0.00000     0.00000     0.00000     0.00000
    -78.795         0.00000     0.00000     0.00000     0.00000
    -78.645         0.00000     0.00000     0.00000     0.00000
    -78.495         0.00000     0.00000     0.00000     0.00000
    -78.345         0.00000     0.00000     0.00000     0.00000
    -78.195         0.00000     0.00000     0.00000     0.00000
    -78.045         0.00000     0.00000     0.00000     0.00000
    -77.895         0.00000     0.00000     0.00000     0.00000
    -77.745         0.00000     0.00000     0.00000     0.00000
    -77.595         0.00000     0.00000     0.00000     0.00000
    -77.445         0.00000     0.00000     0.00000     0.00000
    -77.295         0.00000     0.00000     0.00000     0.00000
    -77.145         0.00000     0.00000     0.00000     0.00000
    -76.995         0.00000     0.00000     0.00000     0.00000
    -76.845         0.00000     0.00000     0.00000     0.00000
    -76.695         0.00000     0.00000     0.00000     0.00000
    -76.545         0.00000     0.00000     0.00000     0.00000
    -76.395         0.00000     0.00000     0.00000     0.00000
    -76.245         0.00000     0.00000     0.00000     0.00000
    -76.095         0.00000     0.00000     0.00000     0.00000
    -75.945         0.00000     0.00000     0.00000     0.00000
    -75.795         0.00000     0.00000     0.00000     0.00000
    -75.645         0.00000     0.00000     0.00000     0.00000
    -75.495         0.00000     0.00000     0.00000     0.00000
    -75.345         0.00000     0.00000     0.00000     0.00000
    -75.195         0.00000     0.00000     0.00000     0.00000
    -75.045         0.00000     0.00000     0.00000     0.00000
    -74.895         0.00000     0.00000     0.00000     0.00000
    -74.745         0.00000     0.00000     0.00000     0.00000
    -74.595         0.00000     0.00000     0.00000     0.00000
    -74.445         0.00000     0.00000     0.00000     0.00000
    -74.295         0.00000     0.00000     0.00000     0.00000
    -74.145         0.00000     0.00000     0.00000     0.00000
    -73.995         0.00000     0.00000     0.00000     0.00000
    -73.845         0.00000     0.00000     0.00000     0.00000
    -73.695         0.00000     0.00000     0.00000     0.00000
    -73.545         0.00000     0.00000     0.00000     0.00000
    -73.395         0.00000     0.00000     0.00000     0.00000
    -73.245         0.00000     0.00000     0.00000     0.00000
    -73.095         0.00000     0.00000     0.00000     0.00000
    -72.945         0.00000     0.00000     0.00000     0.00000
    -72.795         0.00000     0.00000     0.00000     0.00000
    -72.645         0.00000     0.00000     0.00000     0.00000
    -72.495         0.00000     0.00000     0.00000     0.00000
    -72.345         0.00000     0.00000     0.00000     0.00000
    -72.195         0.00000     0.00000     0.00000     0.00000
    -72.045         0.00000     0.00000     0.00000     0.00000
    -71.895         0.00000     0.00000     0.00000     0.00000
    -71.745         0.00000     0.00000     0.00000     0.00000
    -71.595         0.00000     0.00000     0.00000     0.00000
    -71.445         0.00000     0.00000     0.00000     0.00000
    -71.295         0.00000     0.00000     0.00000     0.00000
    -71.145         0.00000     0.00000     0.00000     0.00000
    -70.995         0.00000     0.00000     0.00000     0.00000
    -70.845         0.00000     0.00000     0.00000     0.00000
    -70.695         0.00000     0.00000     0.00000     0.00000
    -70.545         0.00000     0.00000     0.00000     0.00000
    -70.395         0.00000     0.00000     0.00000     0.00000
    -70.245         0.00000     0.00000     0.00000     0.00000
    -70.095         0.00000     0.00000     0.00000     0.00000
    -69.945         0.00000     0.00000     0.00000     0.00000
    -69.795         0.00000     0.00000     0.00000     0.00000
    -69.645         0.00000     0.00000     0.00000     0.00000
    -69.495         0.00000     0.00000     0.00000     0.00000
    -69.345         0.00000     0.00000     0.00000     0.00000
    -69.195         0.00000     0.00000     0.00000     0.00000
    -69.045         0.00000     0.00000     0.00000     0.00000
    -68.895         0.00000     0.00000     0.00000     0.00000
    -68.745         0.00000     0.00000     0.00000     0.00000
    -68.595         0.00000     0.00000     0.00000     0.00000
    -68.445         0.00000     0.00000     0.00000     0.00000
    -68.295         0.00000     0.00000     0.00000     0.00000
    -68.145         0.00000     0.00000     0.00000     0.00000
    -67.995         0.00000     0.00000     0.00000     0.00000
    -67.845         0.00000     0.00000     0.00000     0.00000
    -67.695         0.00000     0.00000     0.00000     0.00000
    -67.545         0.00000     0.00000     0.00000     0.00000
    -67.395         0.00000     0.00000     0.00000     0.00000
    -67.245         0.00000     0.00000     0.00000     0.00000
    -67.095         0.00000     0.00000     0.00000     0.00000
    -66.945         0.00000     0.00000     0.00000     0.00000
    -66.795         0.00000     0.00000     0.00000     0.00000
    -66.645         0.00000     0.00000     0.00000     0.00000
    -66.495         0.00000     0.00000     0.00000     0.00000
    -66.345         0.00000     0.00000     0.00000     0.00000
    -66.195         0.00000     0.00000     0.00000     0.00000
    -66.045         0.00000     0.00000     0.00000     0.00000
    -65.895         0.00000     0.00000     0.00000     0.00000
    -65.745         0.00000     0.00000     0.00000     0.00000
    -65.595         0.00000     0.00000     0.00000     0.00000
    -65.445         0.00000     0.00000     0.00000     0.00000
    -65.295         0.00000     0.00000     0.00000     0.00000
    -65.145         0.00000     0.00000     0.00000     0.00000
    -64.995         0.00000     0.00000     0.00000     0.00000
    -64.845         0.00000     0.00000     0.00000     0.00000
    -64.695         0.00000     0.00000     0.00000     0.00000
    -64.545         0.00000     0.00000     0.00000     0.00000
    -64.395         0.00000     0.00000     0.00000     0.00000
    -64.245         0.00000     0.00000     0.00000     0.00000
    -64.095         0.00000     0.00000     0.00000     0.00000
    -63.945         0.00000     0.00000     0.00000     0.00000
    -63.795         0.00000     0.00000     0.00000     0.00000
    -63.645         0.00000     0.00000     0.00000     0.00000
    -63.495         0.00000     0.00000     0.00000     0.00000
    -63.345         0.00000     0.00000     0.00000     0.00000
    -63.195         0.00000     0.00000     0.00000     0.00000
    -63.045         0.00000     0.00000     0.00000     0.00000
    -62.895         0.00000     0.00000     0.00000     0.00000
    -62.745         0.00000     0.00000     0.00000     0.00000
    -62.595         0.00000     0.00000     0.00000     0.00000
    -62.445         0.00000     0.00000     0.00000     0.00000
    -62.295         0.00000     0.00000     0.00000     0.00000
    -62.145         0.00000     0.00000     0.00000     0.00000
    -61.995         0.00000     0.00000     0.00000     0.00000
    -61.845         0.00000     0.00000     0.00000     0.00000
    -61.695         0.00000     0.00000     0.00000     0.00000
    -61.545         0.00000     0.00000     0.00000     0.00000
    -61.395         0.00000     0.00000     0.00000     0.00000
    -61.245         0.00000     0.00000     0.00000     0.00000
    -61.095         0.00000     0.00000     0.00000     0.00000
    -60.945         0.00000     0.00000     0.00000     0.00000
    -60.795         0.00000     0.00000     0.00000     0.00000
    -60.645         0.00000     0.00000     0.00000     0.00000
    -60.495         0.00000     0.00000     0.00000     0.00000
    -60.345         0.00000     0.00000     0.00000     0.00000
    -60.195         0.00000     0.00000     0.00000     0.00000
    -60.045         0.00000     0.00000     0.00000     0.00000
    -59.895         0.00000     0.00000     0.00000     0.00000
    -59.745         0.00000     0.00000     0.00000     0.00000
    -59.595         0.00000     0.00000     0.00000     0.00000
    -59.445         0.00000     0.00000     0.00000     0.00000
    -59.295         0.00000     0.00000     0.00000     0.00000
    -59.145         0.00000     0.00000     0.00000     0.00000
    -58.995         0.00000     0.00000     0.00000     0.00000
    -58.845         0.00000     0.00000     0.00000     0.00000
    -58.695         0.00000     0.00000     0.00000     0.00000
    -58.545         0.00000     0.00000     0.00000     0.00000
    -58.395         0.00000     0.00000     0.00000     0.00000
    -58.245         0.00000     0.00000     0.00000     0.00000
    -58.095         0.00000     0.00000     0.00000     0.00000
    -57.945         0.00000     0.00000     0.00000     0.00000
    -57.795         0.00000     0.00000     0.00000     0.00000
    -57.645         0.00000     0.00000     0.00000     0.00000
    -57.495         0.00000     0.00000     0.00000     0.00000
    -57.345         0.00000     0.00000     0.00000     0.00000
    -57.195         0.00000     0.00000     0.00000     0.00000
    -57.045         0.00000     0.00000     0.00000     0.00000
    -56.895         0.00000     0.00000     0.00000     0.00000
    -56.745         0.00000     0.00000     0.00000     0.00000
    -56.595         0.00000     0.00000     0.00000     0.00000
    -56.445         0.00000     0.00000     0.00000     0.00000
    -56.295         0.00000     0.00000     0.00000     0.00000
    -56.145         0.00000     0.00000     0.00000     0.00000
    -55.995         0.00000     0.00000     0.00000     0.00000
    -55.845         0.00000     0.00000     0.00000     0.00000
    -55.695         0.00000     0.00000     0.00000     0.00000
    -55.545         0.00000     0.00000     0.00000     0.00000
    -55.395         0.00000     0.00000     0.00000     0.00000
    -55.245         0.00000     0.00000     0.00000     0.00000
    -55.095         0.00000     0.00000     0.00000     0.00000
    -54.945         0.00000     0.00000     0.00000     0.00000
    -54.795         0.00000     0.00000     0.00000     0.00000
    -54.645         0.00000     0.00000     0.00000     0.00000
    -54.495         0.00000     0.00000     0.00000     0.00000
    -54.345         0.00000     0.00000     0.00000     0.00000
    -54.195         0.00000     0.00000     0.00000     0.00000
    -54.045         0.00000     0.00000     0.00000     0.00000
    -53.895         0.00000     0.00000     0.00000     0.00000
    -53.745         0.00000     0.00000     0.00000     0.00000
    -53.595         0.00000     0.00000     0.00000     0.00000
    -53.445         0.00000     0.00000     0.00000     0.00000
    -53.295         0.00000     0.00000     0.00000     0.00000
    -53.145         0.00000     0.00000     0.00000     0.00000
    -52.995         0.00000     0.00000     0.00000     0.00000
    -52.845         0.00000     0.00000     0.00000     0.00000
    -52.695         0.00000     0.00000     0.00000     0.00000
    -52.545         0.00000     0.00000     0.00000     0.00000
    -52.395         0.00000     0.00000     0.00000     0.00000
    -52.245         0.00000     0.00000     0.00000     0.00000
    -52.095         0.00000     0.00000     0.00000     0.00000
    -51.945         0.00000     0.00000     0.00000     0.00000
    -51.795         0.00000     0.00000     0.00000     0.00000
    -51.645         0.00000     0.00000     0.00000     0.00000
    -51.495         0.00000     0.00000     0.00000     0.00000
    -51.345         0.00000     0.00000     0.00000     0.00000
    -51.195         0.00000     0.00000     0.00000     0.00000
    -51.045         0.00000     0.00000     0.00000     0.00000
    -50.895         0.00000     0.00000     0.00000     0.00000
    -50.745         0.00000     0.00000     0.00000     0.00000
    -50.595         0.00000     0.00000     0.00000     0.00000
    -50.445         0.00000     0.00000     0.00000     0.00000
    -50.295         0.00000     0.00000     0.00000     0.00000
    -50.145         0.00000     0.00000     0.00000     0.00000
    -49.995         0.00000     0.00000     0.00000     0.00000
    -49.845         0.00000     0.00000     0.00000     0.00000
    -49.695         0.00000     0.00000     0.00000     0.00000
    -49.545         0.00000     0.00000     0.00000     0.00000
    -49.395         0.00000     0.00000     0.00000     0.00000
    -49.245         0.00000     0.00000     0.00000     0.00000
    -49.095         0.00000     0.00000     0.00000     0.00000
    -48.945         0.00000     0.00000     0.00000     0.00000
    -48.795         0.00000     0.00000     0.00000     0.00000
    -48.645         0.00000     0.00000     0.00000     0.00000
    -48.495         0.00000     0.00000     0.00000     0.00000
    -48.345         0.00000     0.00000     0.00000     0.00000
    -48.195         0.00000     0.00000     0.00000     0.00000
    -48.045         0.00000     0.00000     0.00000     0.00000
    -47.895         0.00000     0.00000     0.00000     0.00000
    -47.745         0.00000     0.00000     0.00000     0.00000
    -47.595         0.00000     0.00000     0.00000     0.00000
    -47.445         0.00000     0.00000     0.00000     0.00000
    -47.295         0.00000     0.00000     0.00000     0.00000
    -47.145         0.00000     0.00000     0.00000     0.00000
    -46.995         0.00000     0.00000     0.00000     0.00000
    -46.845         0.00000     0.00000     0.00000     0.00000
    -46.695         0.00000     0.00000     0.00000     0.00000
    -46.545         0.00000     0.00000     0.00000     0.00000
    -46.395         0.00000     0.00000     0.00000     0.00000
    -46.245         0.00000     0.00000     0.00000     0.00000
    -46.095         0.00000     0.00000     0.00000     0.00000
    -45.945         0.00000     0.00000     0.00000     0.00000
    -45.795         0.00000     0.00000     0.00000     0.00000
    -45.645         0.00000     0.00000     0.00000     0.00000
    -45.495         0.00000     0.00000     0.00000     0.00000
    -45.345         0.00000     0.00000     0.00000     0.00000
    -45.195         0.00000     0.00000     0.00000     0.00000
    -45.045         0.00000     0.00000     0.00000     0.00000
    -44.895         0.00000     0.00000     0.00000     0.00000
    -44.745         0.00000     0.00000     0.00000     0.00000
    -44.595         0.00000     0.00000     0.00000     0.00000
    -44.445         0.00000     0.00000     0.00000     0.00000
    -44.295         0.00000     0.00000     0.00000     0.00000
    -44.145         0.00000     0.00000     0.00000     0.00000
    -43.995         0.00000     0.00000     0.00000     0.00000
    -43.845         0.00000     0.00000     0.00000     0.00000
    -43.695         0.00000     0.00000     0.00000     0.00000
    -43.545         0.00000     0.00000     0.00000     0.00000
    -43.395         0.00000     0.00000     0.00000     0.00000
    -43.245         0.00000     0.00000     0.00000     0.00000
    -43.095         0.00000     0.00000     0.00000     0.00000
    -42.945         0.00000     0.00000     0.00000     0.00000
    -42.795         0.00000     0.00000     0.00000     0.00000
    -42.645         0.00000     0.00000     0.00000     0.00000
    -42.495         0.00000     0.00000     0.00000     0.00000
    -42.345         0.00000     0.00000     0.00000     0.00000
    -42.195         0.00000     0.00000     0.00000     0.00000
    -42.045         0.00000     0.00000     0.00000     0.00000
    -41.895         0.00000     0.00000     0.00000     0.00000
    -41.745         0.00000     0.00000     0.00000     0.00000
    -41.595         0.00000     0.00000     0.00000     0.00000
    -41.445         0.00000     0.00000     0.00000     0.00000
    -41.295         0.00000     0.00000     0.00000     0.00000
    -41.145         0.00000     0.00000     0.00000     0.00000
    -40.995         0.00000     0.00000     0.00000     0.00000
    -40.845         0.00000     0.00000     0.00000     0.00000
    -40.695         0.00000     0.00000     0.00000     0.00000
    -40.545         0.00000     0.00000     0.00000     0.00000
    -40.395         0.00000     0.00000     0.00000     0.00000
    -40.245         0.00000     0.00000     0.00000     0.00000
    -40.095         0.00000     0.00000     0.00000     0.00000
    -39.945         0.00000     0.00000     0.00000     0.00000
    -39.795         0.00000     0.00000     0.00000     0.00000
    -39.645         0.00000     0.00000     0.00000     0.00000
    -39.495         0.00000     0.00000     0.00000     0.00000
    -39.345         0.00000     0.00000     0.00000     0.00000
    -39.195         0.00000     0.00000     0.00000     0.00000
    -39.045         0.00000     0.00000     0.00000     0.00000
    -38.895         0.00000     0.00000     0.00000     0.00000
    -38.745         0.00000     0.00000     0.00000     0.00000
    -38.595         0.00000     0.00000     0.00000     0.00000
    -38.445         0.00000     0.00000     0.00000     0.00000
    -38.295         0.00000     0.00000     0.00000     0.00000
    -38.145         0.00000     0.00000     0.00000     0.00000
    -37.995         0.00000     0.00000     0.00000     0.00000
    -37.845         0.00000     0.00000     0.00000     0.00000
    -37.695         0.00000     0.00000     0.00000     0.00000
    -37.545         0.00000     0.00000     0.00000     0.00000
    -37.395         0.00000     0.00000     0.00000     0.00000
    -37.245         0.00000     0.00000     0.00000     0.00000
    -37.095         0.00000     0.00000     0.00000     0.00000
    -36.945         0.00000     0.00000     0.00000     0.00000
    -36.795         0.00000     0.00000     0.00000     0.00000
    -36.645         0.00000     0.00000     0.00000     0.00000
    -36.495         0.00000     0.00000     0.00000     0.00000
    -36.345         0.00000     0.00000     0.00000     0.00000
    -36.195         0.00000     0.00000     0.00000     0.00000
    -36.045         0.00000     0.00000     0.00000     0.00000
    -35.895         0.00000     0.00000     0.00000     0.00000
    -35.745         0.00000     0.00000     0.00000     0.00000
    -35.595         0.00000     0.00000     0.00000     0.00000
    -35.445         0.00000     0.00000     0.00000     0.00000
    -35.295         0.00000     0.00000     0.00000     0.00000
    -35.145         0.00000     0.00000     0.00000     0.00000
    -34.995         0.00000     0.00000     0.00000     0.00000
    -34.845         0.00000     0.00000     0.00000     0.00000
    -34.695         0.00000     0.00000     0.00000     0.00000
    -34.545         0.00000     0.00000     0.00000     0.00000
    -34.395         0.00000     0.00000     0.00000     0.00000
    -34.245         0.00000     0.00000     0.00000     0.00000
    -34.095         0.00000     0.00000     0.00000     0.00000
    -33.945         0.00000     0.00000     0.00000     0.00000
    -33.795         0.00000     0.00000     0.00000     0.00000
    -33.645         0.00000     0.00000     0.00000     0.00000
    -33.495         0.00000     0.00000     0.00000     0.00000
    -33.345         0.00000     0.00000     0.00000     0.00000
    -33.195         0.00000     0.00000     0.00000     0.00000
    -33.045         0.00000     0.00000     0.00000     0.00000
    -32.895         0.00000     0.00000     0.00000     0.00000
    -32.745         0.00000     0.00000     0.00000     0.00000
    -32.595         0.00000     0.00000     0.00000     0.00000
    -32.445         0.00000     0.00000     0.00000     0.00000
    -32.295         0.00000     0.00000     0.00000     0.00000
    -32.145         0.00000     0.00000     0.00000     0.00000
    -31.995         0.00000     0.00000     0.00000     0.00000
    -31.845         0.00000     0.00000     0.00000     0.00000
    -31.695         0.00000     0.00000     0.00000     0.00000
    -31.545         0.00000     0.00000     0.00000     0.00000
    -31.395         0.00000     0.00000     0.00000     0.00000
    -31.245         0.00000     0.00000     0.00000     0.00000
    -31.095         0.00000     0.00000     0.00000     0.00000
    -30.945         0.00000     0.00000     0.00000     0.00000
    -30.795         0.00000     0.00000     0.00000     0.00000
    -30.645         0.00000     0.00000     0.00000     0.00000
    -30.495         0.00000     0.00000     0.00000     0.00000
    -30.345         0.00000     0.00000     0.00000     0.00000
    -30.195         0.00000     0.00000     0.00000     0.00000
    -30.045         0.00000     0.00000     0.00000     0.00000
    -29.895         0.00000     0.00000     0.00000     0.00000
    -29.745         0.00000     0.00000     0.00000     0.00000
    -29.595         0.00000     0.00000     0.00000     0.00000
    -29.445         0.00000     0.00000     0.00000     0.00000
    -29.295         0.00000     0.00000     0.00000     0.00000
    -29.145         0.00000     0.00000     0.00000     0.00000
    -28.995         0.00000     0.00000     0.00000     0.00000
    -28.845         0.00000     0.00000     0.00000     0.00000
    -28.695         0.00000     0.00000     0.00000     0.00000
    -28.545         0.00000     0.00000     0.00000     0.00000
    -28.395         0.00000     0.00000     0.00000     0.00000
    -28.245         0.00000     0.00000     0.00000     0.00000
    -28.095         0.00000     0.00000     0.00000     0.00000
    -27.945         0.00000     0.00000     0.00000     0.00000
    -27.795         0.00000     0.00000     0.00000     0.00000
    -27.645         0.00000     0.00000     0.00000     0.00000
    -27.495         0.00000     0.00000     0.00000     0.00000
    -27.345         0.00000     0.00000     0.00000     0.00000
    -27.195         0.00000     0.00000     0.00000     0.00000
    -27.045         0.00000     0.00000     0.00000     0.00000
    -26.895         0.00000     0.00000     0.00000     0.00000
    -26.745         0.00000     0.00000     0.00000     0.00000
    -26.595         0.00000     0.00000     0.00000     0.00000
    -26.445         0.00000     0.00000     0.00000     0.00000
    -26.295         0.00000     0.00000     0.00000     0.00000
    -26.145         0.00000     0.00000     0.00000     0.00000
    -25.995         0.00000     0.00000     0.00000     0.00000
    -25.845         0.00000     0.00000     0.00000     0.00000
    -25.695         0.00000     0.00000     0.00000     0.00000
    -25.545         0.00000     0.00000     0.00000     0.00000
    -25.395         0.00000     0.00000     0.00000     0.00000
    -25.245         0.00000     0.00000     0.00000     0.00000
    -25.095         0.00000     0.00000     0.00000     0.00000
    -24.945         0.00000     0.00000     0.00000     0.00000
    -24.795         0.00000     0.00000     0.00000     0.00000
    -24.645         0.00000     0.00000     0.00000     0.00000
    -24.495         0.00000     0.00000     0.00000     0.00000
    -24.345         0.00000     0.00000     0.00000     0.00000
    -24.195         0.00000     0.00000     0.00000     0.00000
    -24.045         0.00000     0.00000     0.00000     0.00000
    -23.895         0.00000     0.00000     0.00000     0.00000
    -23.745         0.00000     0.00000     0.00000     0.00000
    -23.595         0.00000     0.00000     0.00000     0.00000
    -23.445         0.00000     0.00000     0.00000     0.00000
    -23.295         0.00000     0.00000     0.00000     0.00000
    -23.145         0.00000     0.00000     0.00000     0.00000
    -22.995         0.00000     0.00000     0.00000     0.00000
    -22.845         0.00000     0.00000     0.00000     0.00000
    -22.695         0.00000     0.00000     0.00000     0.00000
    -22.545         0.00000     0.00000     0.00000     0.00000
    -22.395         0.00000     0.00000     0.00000     0.00000
    -22.245         0.00000     0.00000     0.00000     0.00000
    -22.095         0.00000     0.00000     0.00000     0.00000
    -21.945         0.00000     0.00000     0.00000     0.00000
    -21.795         0.00000     0.00000     0.00000     0.00000
    -21.645         0.00000     0.00000     0.00000     0.00000
    -21.495         0.00000     0.00000     0.00000     0.00000
    -21.345         0.00000     0.00000     0.00000     0.00000
    -21.195         0.00000     0.00000     0.00000     0.00000
    -21.045         0.00000     0.00000     0.00000     0.00000
    -20.895         0.00000     0.00000     0.00000     0.00000
    -20.745         0.00000     0.00000     0.00000     0.00000
    -20.595         0.00000     0.00000     0.00000     0.00000
    -20.445         0.00000     0.00000     0.00000     0.00000
    -20.295         0.00000     0.00000     0.00000     0.00000
    -20.145         0.00000     0.00000     0.00000     0.00000
    -19.995         0.00000     0.00000     0.00000     0.00000
    -19.845         0.00000     0.00000     0.00000     0.00000
    -19.695         0.00000     0.00000     0.00000     0.00000
    -19.545         0.00000     0.00000     0.00000     0.00000
    -19.395         0.00000     0.00000     0.00000     0.00000
    -19.245         0.00000     0.00000     0.00000     0.00000
    -19.095         0.00000     0.00000     0.00000     0.00000
    -18.945         0.00000     0.00000     0.00000     0.00000
    -18.795         0.00000     0.00000     0.00000     0.00000
    -18.645         0.00000     0.00000     0.00000     0.00000
    -18.495         0.00000     0.00000     0.00000     0.00000
    -18.345         0.00000     0.00000     0.00000     0.00000
    -18.195         0.00000     0.00000     0.00000     0.00000
    -18.045         0.00000     0.00000     0.00000     0.00000
    -17.895         0.00000     0.00000     0.00000     0.00000
    -17.745         0.00000     0.00000     0.00000     0.00000
    -17.595         0.00000     0.00000     0.00000     0.00000
    -17.445         0.00000     0.00000     0.00000     0.00000
    -17.295         0.00000     0.00000     0.00000     0.00000
    -17.145         0.00000     0.00000     0.00000     0.00000
    -16.995         0.00000     0.00000     0.00000     0.00000
    -16.845         0.00000     0.00000     0.00000     0.00000
    -16.695         0.00000     0.00000     0.00000     0.00000
    -16.545         0.00000     0.00000     0.00000     0.00000
    -16.395         0.00000     0.00000     0.00000     0.00000
    -16.245         0.00000     0.00000     0.00000     0.00000
    -16.095         0.00000     0.00000     0.00000     0.00000
    -15.945         0.00000     0.00000     0.00000     0.00000
    -15.795         0.00000     0.00000     0.00000     0.00000
    -15.645         0.00000     0.00000     0.00000     0.00000
    -15.495         0.00000     0.00000     0.00000     0.00000
    -15.345         0.00000     0.00000     0.00000     0.00000
    -15.195         0.00000     0.00000     0.00000     0.00000
    -15.045         0.00000     0.00000     0.00000     0.00000
    -14.895         0.00000     0.00000     0.00000     0.00000
    -14.745         0.00000     0.00000     0.00000     0.00000
    -14.595         0.00000     0.00000     0.00000     0.00000
    -14.445         0.00000     0.00000     0.00000     0.00000
    -14.295         0.00000     0.00000     0.00000     0.00000
    -14.145         0.00000     0.00000     0.00000     0.00000
    -13.995         0.00000     0.00000     0.00000     0.00000
    -13.845         0.00000     0.00000     0.00000     0.00000
    -13.695         0.00000     0.00000     0.00000     0.00000
    -13.545         0.00000     0.00000     0.00000     0.00000
    -13.395         0.00000     0.00000     0.00000     0.00000
    -13.245         0.00000     0.00000     0.00000     0.00000
    -13.095         0.00000     0.00000     0.00000     0.00000
    -12.945         0.00000     0.00000     0.00000     0.00000
    -12.795         0.00000     0.00000     0.00000     0.00000
    -12.645         0.00000     0.00000     0.00000     0.00000
    -12.495         0.00000     0.00000     0.00000     0.00000
    -12.345         0.00000     0.00000     0.00000     0.00000
    -12.195         0.00000     0.00000     0.00000     0.00000
    -12.045         0.00000     0.00000     0.00000     0.00000
    -11.895         0.00000     0.00000     0.00000     0.00000
    -11.745         0.00000     0.00000     0.00000     0.00000
    -11.595         0.00000     0.00000     0.00000     0.00000
    -11.445         0.00000     0.00000     0.00000     0.00000
    -11.295         0.00000     0.00000     0.00000     0.00000
    -11.145         0.00000     0.00000     0.00000     0.00000
    -10.995         0.00000     0.00000     0.00000     0.00000
    -10.845         0.00000     0.00000     0.00000     0.00000
    -10.695         0.00000     0.00000     0.00000     0.00000
    -10.545         0.00000     0.00000     0.00000     0.00000
    -10.395         0.00000     0.00000     0.00000     0.00000
    -10.245         0.00000     0.00000     0.00000     0.00000
    -10.095         0.00000     0.00000     0.00000     0.00000
    -9.9450         0.00000     0.00000     0.00000     0.00000
    -9.7950         0.00000     0.00000     0.00000     0.00000
    -9.6450         0.00000     0.00000     0.00000     0.00000
    -9.4950         0.00000     0.00000     0.00000     0.00000
    -9.3450         0.00000     0.00000     0.00000     0.00000
    -9.1950         0.00000     0.00000     0.00000     0.00000
    -9.0450         0.00000     0.00000     0.00000     0.00000
    -8.8950         0.00000     0.00000     0.00000     0.00000
    -8.7450         0.00000     0.00000     0.00000     0.00000
    -8.5950         0.00000     0.00000     0.00000     0.00000
    -8.4450         0.00000     0.00000     0.00000     0.00000
    -8.2950         0.00000     0.00000     0.00000     0.00000
    -8.1450         0.00000     0.00000     0.00000     0.00000
    -7.9950         0.00000     0.00000     0.00000     0.00000
    -7.8450         0.00000     0.00000     0.00000     0.00000
    -7.6950         0.00000     0.00000     0.00000     0.00000
    -7.5450         0.00000     0.00000     0.00000     0.00000
    -7.3950         0.00000     0.00000     0.00000     0.00000
    -7.2450         0.00000     0.00000     0.00000     0.00000
    -7.0950         0.00000     0.00000     0.00000     0.00000
    -6.9450         0.00000     0.00000     0.00000     0.00000
    -6.7950         0.00000     0.00000     0.00000     0.00000
    -6.6450         0.00000     0.00000     0.00000     0.00000
    -6.4950         0.00000     0.00000     0.00000     0.00000
    -6.3450         0.00000     0.00000     0.00000     0.00000
    -6.1950         0.00000     0.00000     0.00000     0.00000
    -6.0450         0.00000     0.00000     0.00000     0.00000
    -5.8950         0.00000     0.00000     0.00000     0.00000
    -5.7450         0.00000     0.00000     0.00000     0.00000
    -5.5950         0.00000     0.00000     0.00000     0.00000
    -5.4450         0.00000     0.00000     0.00000     0.00000
    -5.2950         0.00000     0.00000     0.00000     0.00000
    -5.1450         0.00000     0.00000     0.00000     0.00000
    -4.9950         0.00000     0.00000     0.00000     0.00000
    -4.8450         0.00000     0.00000     0.00000     0.00000
    -4.6950         0.00000     0.00000     0.00000     0.00000
    -4.5450         0.00000     0.00000     0.00000     0.00000
    -4.3950         0.00000     0.00000     0.00000     0.00000
    -4.2450         0.00000     0.00000     0.00000     0.00000
    -4.0950         0.00000     0.00000     0.00000     0.00000
    -3.9450         0.00000     0.00000     0.00000     0.00000
    -3.7950         0.00000     0.00000     0.00000     0.00000
    -3.6450         0.00000     0.00000     0.00000     0.00000
    -3.4950         0.00000     0.00000     0.00000     0.00000
    -3.3450         0.00000     0.00000     0.00000     0.00000
    -3.1950         0.00000     0.00000     0.00000     0.00000
    -3.0450         0.00000     0.00000     0.00000     0.00000
    -2.8950         0.00000     0.00000     0.00000     0.00000
    -2.7450         0.00000     0.00000     0.00000     0.00000
    -2.5950         0.00000     0.00000     0.00000     0.00000
    -2.4450         0.00000     0.00000     0.00000     0.00000
    -2.2950         0.00000     0.00000     0.00000     0.00000
    -2.1450         0.00000     0.00000     0.00000     0.00000
    -1.9950         0.00000     0.00000     0.00000     0.00000
    -1.8450         0.00000     0.00000     0.00000     0.00000
    -1.6950         0.00000     0.00000     0.00000     0.00000
    -1.5450         0.00000     0.00000     0.00000     0.00000
    -1.3950         0.00000     0.00000     0.00000     0.00000
    -1.2450         0.00000     0.00000     0.00000     0.00000
    -1.0950         0.00001     0.00001     0.00000     0.00000
   -0.94500        -0.00016    -0.00017     0.00000     0.00000
   -0.79500        -0.00192    -0.00099     0.00000    -0.00093
   -0.64500        -0.03375    -0.00369     0.00002    -0.03009
   -0.49500        -0.40002    -0.00931     0.00110    -0.39180
   -0.34500        -2.27160    -0.01866     0.00234    -2.25527
   -0.22700        -2.95620    -0.02392     0.00488    -2.93716
   -0.21300        -3.02864    -0.02451     0.00479    -3.00893
   -0.20700        -3.10035    -0.02517     0.00459    -3.07977
   -0.20100        -3.17001    -0.02570     0.00504    -3.14936
   -0.19500        -3.23670    -0.02623     0.00561    -3.21607
   -0.18900        -3.30421    -0.02702     0.00517    -3.28236
   -0.18300        -3.36921    -0.02780     0.00533    -3.34675
   -0.17700        -3.43359    -0.02857     0.00538    -3.41041
   -0.17100        -3.49614    -0.02942     0.00602    -3.47273
   -0.16500        -3.55801    -0.03022     0.00627    -3.53406
   -0.15900        -3.62064    -0.03115     0.00625    -3.59574
   -0.15300        -3.68185    -0.03201     0.00656    -3.65640
   -0.14700        -3.74147    -0.03286     0.00683    -3.71544
   -0.14100        -3.80234    -0.03380     0.00622    -3.77476
   -0.13500        -3.86332    -0.03476     0.00557    -3.83413
   -0.12900        -3.92442    -0.03578     0.00524    -3.89388
   -0.12300        -3.98541    -0.03677     0.00476    -3.95340
   -0.11700        -4.04817    -0.03790     0.00395    -4.01423
   -0.11100        -4.11045    -0.03898     0.00306    -4.07453
   -0.10500        -4.17322    -0.04014     0.00237    -4.13544
   -0.99000E-01    -4.23719    -0.04136     0.00157    -4.19740
   -0.93000E-01    -4.30265    -0.04263     0.00059    -4.26061
   -0.87000E-01    -4.36910    -0.04393    -0.00021    -4.32496
   -0.81000E-01    -4.43795    -0.04531    -0.00144    -4.39120
   -0.75000E-01    -4.50955    -0.04686    -0.00283    -4.45987
   -0.69000E-01    -4.58386    -0.04849    -0.00432    -4.53104
   -0.63000E-01    -4.66239    -0.05021    -0.00599    -4.60619
   -0.57000E-01    -4.74581    -0.05214    -0.00796    -4.68571
   -0.51000E-01    -4.83611    -0.05422    -0.01011    -4.77178
   -0.45000E-01    -4.93547    -0.05664    -0.01264    -4.86619
   -0.39000E-01    -5.04747    -0.05948    -0.01560    -4.97239
   -0.33000E-01    -5.17511    -0.06291    -0.01928    -5.09292
   -0.27000E-01    -5.32112    -0.06704    -0.02404    -5.23004
   -0.21300E-01    -5.43252    -0.07059    -0.02811    -5.33381
   -0.19500E-01    -5.44951    -0.07116    -0.02882    -5.34953
   -0.18900E-01    -5.46689    -0.07176    -0.02951    -5.36562
   -0.18300E-01    -5.48459    -0.07240    -0.03025    -5.38194
   -0.17700E-01    -5.50249    -0.07304    -0.03106    -5.39839
   -0.17100E-01    -5.52070    -0.07371    -0.03189    -5.41510
   -0.16500E-01    -5.53931    -0.07440    -0.03274    -5.43218
   -0.15900E-01    -5.55802    -0.07514    -0.03366    -5.44923
   -0.15300E-01    -5.57725    -0.07590    -0.03462    -5.46673
   -0.14700E-01    -5.59694    -0.07671    -0.03566    -5.48457
   -0.14100E-01    -5.61704    -0.07755    -0.03670    -5.50279
   -0.13500E-01    -5.63750    -0.07841    -0.03784    -5.52125
   -0.12900E-01    -5.65851    -0.07932    -0.03904    -5.54016
   -0.12300E-01    -5.67999    -0.08029    -0.04033    -5.55936
   -0.11700E-01    -5.70201    -0.08133    -0.04173    -5.57896
   -0.11100E-01    -5.72470    -0.08243    -0.04320    -5.59907
   -0.10500E-01    -5.74809    -0.08358    -0.04484    -5.61968
   -0.99000E-02    -5.77226    -0.08485    -0.04661    -5.64080
   -0.93000E-02    -5.79717    -0.08620    -0.04853    -5.66243
   -0.87000E-02    -5.82316    -0.08765    -0.05070    -5.68481
   -0.81000E-02    -5.85026    -0.08922    -0.05308    -5.70797
   -0.75000E-02    -5.87869    -0.09090    -0.05579    -5.73200
   -0.69000E-02    -5.90865    -0.09280    -0.05886    -5.75699
   -0.63000E-02    -5.94023    -0.09483    -0.06236    -5.78304
   -0.57000E-02    -5.97380    -0.09706    -0.06642    -5.81031
   -0.51000E-02    -6.00963    -0.09955    -0.07119    -5.83889
   -0.45000E-02    -6.04819    -0.10234    -0.07701    -5.86884
   -0.39000E-02    -6.08957    -0.10547    -0.08411    -5.89999
   -0.33000E-02    -6.13450    -0.10901    -0.09329    -5.93220
   -0.27000E-02    -6.18351    -0.11303    -0.10576    -5.96472
   -0.21000E-02    -6.23953    -0.11754    -0.12510    -5.99689
   -0.15000E-02    -6.31333    -0.12259    -0.16162    -6.02912
   -0.90000E-03    -6.41478    -0.12796    -0.21569    -6.07112
   -0.30000E-03    -7.89413    -0.13194    -0.22704    -7.53516
    0.30000E-03    -6.41825    -0.12062    -0.22308    -6.07455
    0.90000E-03    -6.33488    -0.06696    -0.21773    -6.05019
    0.15000E-02    -6.28843    -0.03048    -0.21271    -6.04525
    0.21000E-02    -6.26339    -0.01095    -0.20821    -6.04422
    0.27000E-02    -6.24668     0.00161    -0.20427    -6.04402
    0.33000E-02    -6.23393     0.01082    -0.20078    -6.04397
    0.39000E-02    -6.22369     0.01800    -0.19773    -6.04395
    0.45000E-02    -6.21515     0.02379    -0.19499    -6.04394
    0.51000E-02    -6.20785     0.02862    -0.19254    -6.04393
    0.57000E-02    -6.20158     0.03269    -0.19035    -6.04392
    0.63000E-02    -6.19606     0.03620    -0.18835    -6.04391
    0.69000E-02    -6.19125     0.03923    -0.18659    -6.04390
    0.75000E-02    -6.18698     0.04187    -0.18496    -6.04389
    0.81000E-02    -6.18307     0.04424    -0.18343    -6.04387
    0.87000E-02    -6.17953     0.04636    -0.18203    -6.04386
    0.93000E-02    -6.17632     0.04830    -0.18078    -6.04384
    0.99000E-02    -6.17337     0.05005    -0.17960    -6.04382
    0.10500E-01    -6.17070     0.05161    -0.17850    -6.04381
    0.11100E-01    -6.16822     0.05303    -0.17746    -6.04379
    0.11700E-01    -6.16594     0.05435    -0.17652    -6.04377
    0.12300E-01    -6.16381     0.05558    -0.17564    -6.04375
    0.12900E-01    -6.16183     0.05669    -0.17479    -6.04373
    0.13500E-01    -6.16002     0.05771    -0.17401    -6.04371
    0.14100E-01    -6.15833     0.05867    -0.17331    -6.04369
    0.14700E-01    -6.15677     0.05953    -0.17264    -6.04367
    0.15300E-01    -6.15532     0.06035    -0.17203    -6.04364
    0.15900E-01    -6.15392     0.06111    -0.17141    -6.04362
    0.16500E-01    -6.15257     0.06184    -0.17082    -6.04359
    0.17100E-01    -6.15134     0.06252    -0.17030    -6.04356
    0.17700E-01    -6.15019     0.06314    -0.16980    -6.04353
    0.18300E-01    -6.14907     0.06374    -0.16931    -6.04350
    0.18900E-01    -6.14803     0.06430    -0.16886    -6.04346
    0.19500E-01    -6.14706     0.06481    -0.16844    -6.04343
    0.21300E-01    -6.14155     0.06763    -0.16599    -6.04319
    0.27000E-01    -6.13621     0.07021    -0.16366    -6.04276
    0.33000E-01    -6.13246     0.07191    -0.16213    -6.04223
    0.39000E-01    -6.12989     0.07290    -0.16113    -6.04167
    0.45000E-01    -6.12793     0.07353    -0.16049    -6.04097
    0.51000E-01    -6.12635     0.07392    -0.16000    -6.04026
    0.57000E-01    -6.12493     0.07420    -0.15972    -6.03941
    0.63000E-01    -6.12365     0.07439    -0.15951    -6.03852
    0.69000E-01    -6.12244     0.07451    -0.15935    -6.03760
    0.75000E-01    -6.12128     0.07458    -0.15925    -6.03661
    0.81000E-01    -6.12010     0.07464    -0.15915    -6.03559
    0.87000E-01    -6.11887     0.07467    -0.15910    -6.03444
    0.93000E-01    -6.11759     0.07470    -0.15903    -6.03327
    0.99000E-01    -6.11632     0.07473    -0.15899    -6.03206
    0.10500        -6.11465     0.07492    -0.15879    -6.03078
    0.11100        -6.11316     0.07510    -0.15863    -6.02964
    0.11700        -6.11168     0.07527    -0.15862    -6.02834
    0.12300        -6.11016     0.07530    -0.15861    -6.02685
    0.12900        -6.10844     0.07544    -0.15850    -6.02539
    0.13500        -6.10673     0.07559    -0.15841    -6.02391
    0.14100        -6.10491     0.07573    -0.15834    -6.02230
    0.14700        -6.10307     0.07587    -0.15826    -6.02068
    0.15300        -6.10106     0.07601    -0.15818    -6.01889
    0.15900        -6.09916     0.07615    -0.15811    -6.01719
    0.16500        -6.09722     0.07629    -0.15804    -6.01548
    0.17100        -6.09521     0.07642    -0.15797    -6.01366
    0.17700        -6.09333     0.07645    -0.15791    -6.01188
    0.18300        -6.09138     0.07659    -0.15784    -6.01012
    0.18900        -6.08938     0.07661    -0.15777    -6.00822
    0.19500        -6.08734     0.07674    -0.15771    -6.00637
    0.20100        -6.08521     0.07687    -0.15764    -6.00444
    0.20700        -6.08306     0.07698    -0.15759    -6.00246
    0.21300        -6.08096     0.07711    -0.15752    -6.00054
    0.22700        -6.06266     0.07751    -0.15699    -5.98317
    0.34500        -6.00081     0.07882    -0.15571    -5.92392
    0.49500        -5.93351     0.08007    -0.15466    -5.85892
    0.64500        -5.86618     0.08181    -0.15375    -5.79424
    0.79500        -5.79806     0.08335    -0.15293    -5.72849
    0.94500        -5.73081     0.08429    -0.15221    -5.66290
     1.0950        -5.66460     0.08552    -0.15156    -5.59856
     1.2450        -5.59937     0.08663    -0.15095    -5.53505
     1.3950        -5.53620     0.08765    -0.15038    -5.47347
     1.5450        -5.47447     0.08860    -0.14987    -5.41320
     1.6950        -5.41473     0.08942    -0.14938    -5.35477
     1.8450        -5.35679     0.09024    -0.14892    -5.29811
     1.9950        -5.30079     0.09102    -0.14850    -5.24331
     2.1450        -5.24691     0.09175    -0.14809    -5.19057
     2.2950        -5.19497     0.09244    -0.14771    -5.13970
     2.4450        -5.14466     0.09311    -0.14734    -5.09042
     2.5950        -5.09677     0.09373    -0.14699    -5.04351
     2.7450        -5.05028     0.09432    -0.14664    -4.99797
     2.8950        -5.00576     0.09490    -0.14631    -4.95434
     3.0450        -4.96287     0.09544    -0.14600    -4.91232
     3.1950        -4.92189     0.09597    -0.14570    -4.87216
     3.3450        -4.88194     0.09647    -0.14540    -4.83301
     3.4950        -4.84354     0.09695    -0.14513    -4.79536
     3.6450        -4.80659     0.09743    -0.14487    -4.75915
     3.7950        -4.77103     0.09788    -0.14461    -4.72430
     3.9450        -4.73679     0.09832    -0.14437    -4.69075
     4.0950        -4.70368     0.09875    -0.14412    -4.65830
     4.2450        -4.67150     0.09916    -0.14387    -4.62679
     4.3950        -4.64037     0.09956    -0.14364    -4.59629
     4.5450        -4.61025     0.09994    -0.14341    -4.56678
     4.6950        -4.58099     0.10031    -0.14319    -4.53811
     4.8450        -4.55254     0.10067    -0.14298    -4.51023
     4.9950        -4.52499     0.10102    -0.14278    -4.48323
     5.1450        -4.49817     0.10137    -0.14258    -4.45696
     5.2950        -4.47206     0.10170    -0.14237    -4.43138
     5.4450        -4.44665     0.10203    -0.14218    -4.40649
     5.5950        -4.42189     0.10234    -0.14199    -4.38224
     5.7450        -4.39771     0.10265    -0.14181    -4.35855
     5.8950        -4.37414     0.10295    -0.14162    -4.33547
     6.0450        -4.35115     0.10325    -0.14144    -4.31296
     6.1950        -4.32876     0.10354    -0.14126    -4.29104
     6.3450        -4.30678     0.10382    -0.14108    -4.26953
     6.4950        -4.28537     0.10410    -0.14092    -4.24855
     6.6450        -4.26439     0.10436    -0.14076    -4.22799
     6.7950        -4.24387     0.10463    -0.14059    -4.20791
     6.9450        -4.22380     0.10489    -0.14044    -4.18825
     7.0950        -4.20417     0.10513    -0.14028    -4.16902
     7.2450        -4.18492     0.10538    -0.14013    -4.15017
     7.3950        -4.16605     0.10562    -0.13998    -4.13169
     7.5450        -4.14755     0.10585    -0.13984    -4.11357
     7.6950        -4.12943     0.10609    -0.13969    -4.09583
     7.8450        -4.11164     0.10631    -0.13955    -4.07840
     7.9950        -4.09421     0.10654    -0.13941    -4.06133
     8.1450        -4.07707     0.10676    -0.13929    -4.04454
     8.2950        -4.06022     0.10698    -0.13915    -4.02805
     8.4450        -4.04369     0.10719    -0.13901    -4.01187
     8.5950        -4.02743     0.10740    -0.13888    -3.99595
     8.7450        -4.01145     0.10760    -0.13875    -3.98029
     8.8950        -3.99577     0.10780    -0.13862    -3.96495
     9.0450        -3.98035     0.10800    -0.13849    -3.94986
     9.1950        -3.96519     0.10820    -0.13837    -3.93501
     9.3450        -3.95022     0.10839    -0.13825    -3.92036
     9.4950        -3.93553     0.10858    -0.13813    -3.90598
     9.6450        -3.92103     0.10876    -0.13801    -3.89179
     9.7950        -3.90678     0.10895    -0.13789    -3.87785
     9.9450        -3.89276     0.10913    -0.13777    -3.86413
     10.095        -3.87895     0.10931    -0.13765    -3.85062
     10.245        -3.86536     0.10949    -0.13754    -3.83731
     10.395        -3.85199     0.10966    -0.13743    -3.82422
     10.545        -3.83878     0.10983    -0.13731    -3.81130
     10.695        -3.82573     0.11000    -0.13721    -3.79852
     10.845        -3.81291     0.11017    -0.13710    -3.78597
     10.995        -3.80028     0.11033    -0.13701    -3.77360
     11.145        -3.78779     0.11049    -0.13691    -3.76137
     11.295        -3.77552     0.11065    -0.13680    -3.74936
     11.445        -3.76334     0.11081    -0.13670    -3.73745
     11.595        -3.75136     0.11097    -0.13660    -3.72574
     11.745        -3.73951     0.11112    -0.13650    -3.71414
     11.895        -3.72777     0.11128    -0.13640    -3.70265
     12.045        -3.71624     0.11143    -0.13631    -3.69136
     12.195        -3.70486     0.11157    -0.13622    -3.68022
     12.345        -3.69364     0.11172    -0.13613    -3.66923
     12.495        -3.68252     0.11186    -0.13604    -3.65835
     12.645        -3.67157     0.11200    -0.13595    -3.64762
     12.795        -3.66074     0.11215    -0.13586    -3.63703
     12.945        -3.65003     0.11229    -0.13576    -3.62656
     13.095        -3.63945     0.11242    -0.13567    -3.61620
     13.245        -3.62902     0.11256    -0.13558    -3.60599
     13.395        -3.61866     0.11270    -0.13549    -3.59586
     13.545        -3.60844     0.11283    -0.13540    -3.58586
     13.695        -3.59834     0.11296    -0.13531    -3.57599
     13.845        -3.58832     0.11309    -0.13523    -3.56618
     13.995        -3.57843     0.11322    -0.13515    -3.55650
     14.145        -3.56871     0.11335    -0.13507    -3.54699
     14.295        -3.55907     0.11347    -0.13499    -3.53755
     14.445        -3.54951     0.11360    -0.13491    -3.52821
     14.595        -3.54007     0.11373    -0.13483    -3.51897
     14.745        -3.53070     0.11385    -0.13474    -3.50981
     14.895        -3.52146     0.11397    -0.13466    -3.50076
     15.045        -3.51230     0.11409    -0.13458    -3.49180
     15.195        -3.50324     0.11420    -0.13451    -3.48293
     15.345        -3.49425     0.11432    -0.13443    -3.47414
     15.495        -3.48536     0.11444    -0.13436    -3.46543
     15.645        -3.47655     0.11455    -0.13428    -3.45681
     15.795        -3.46786     0.11467    -0.13421    -3.44832
     15.945        -3.45922     0.11478    -0.13414    -3.43986
     16.095        -3.45070     0.11489    -0.13407    -3.43152
     16.245        -3.44224     0.11500    -0.13399    -3.42325
     16.395        -3.43384     0.11511    -0.13392    -3.41503
     16.545        -3.42555     0.11522    -0.13385    -3.40692
     16.695        -3.41734     0.11533    -0.13378    -3.39888
     16.845        -3.40921     0.11543    -0.13371    -3.39093
     16.995        -3.40115     0.11554    -0.13364    -3.38305
     17.145        -3.39317     0.11565    -0.13357    -3.37524
     17.295        -3.38526     0.11575    -0.13350    -3.36751
     17.445        -3.37742     0.11585    -0.13344    -3.35984
     17.595        -3.36964     0.11596    -0.13337    -3.35222
     17.745        -3.36193     0.11606    -0.13330    -3.34469
     17.895        -3.35432     0.11616    -0.13324    -3.33724
     18.045        -3.34675     0.11626    -0.13317    -3.32983
     18.195        -3.33925     0.11636    -0.13311    -3.32250
     18.345        -3.33182     0.11646    -0.13304    -3.31523
     18.495        -3.32444     0.11656    -0.13298    -3.30802
     18.645        -3.31714     0.11665    -0.13291    -3.30088
     18.795        -3.30990     0.11675    -0.13285    -3.29379
     18.945        -3.30272     0.11684    -0.13279    -3.28678
     19.095        -3.29561     0.11694    -0.13272    -3.27982
     19.245        -3.28857     0.11703    -0.13266    -3.27294
     19.395        -3.28158     0.11712    -0.13260    -3.26610
     19.545        -3.27464     0.11721    -0.13253    -3.25932
     19.695        -3.26772     0.11731    -0.13247    -3.25256
     19.845        -3.26085     0.11740    -0.13241    -3.24583
     19.995        -3.25407     0.11748    -0.13235    -3.23921
     20.145        -3.24734     0.11757    -0.13229    -3.23262
     20.295        -3.24066     0.11766    -0.13223    -3.22608
     20.445        -3.23404     0.11774    -0.13217    -3.21962
     20.595        -3.22747     0.11783    -0.13211    -3.21318
     20.745        -3.22096     0.11792    -0.13206    -3.20682
     20.895        -3.21449     0.11800    -0.13200    -3.20049
     21.045        -3.20805     0.11809    -0.13195    -3.19419
     21.195        -3.20166     0.11817    -0.13189    -3.18794
     21.345        -3.19532     0.11825    -0.13184    -3.18174
     21.495        -3.18905     0.11834    -0.13178    -3.17560
     21.645        -3.18282     0.11842    -0.13173    -3.16951
     21.795        -3.17662     0.11850    -0.13167    -3.16345
     21.945        -3.17047     0.11859    -0.13162    -3.15744
     22.095        -3.16435     0.11867    -0.13157    -3.15146
     22.245        -3.15828     0.11875    -0.13151    -3.14551
     22.395        -3.15228     0.11883    -0.13146    -3.13965
     22.545        -3.14629     0.11891    -0.13141    -3.13378
     22.695        -3.14036     0.11898    -0.13136    -3.12799
     22.845        -3.13448     0.11906    -0.13131    -3.12223
     22.995        -3.12863     0.11914    -0.13126    -3.11651
     23.145        -3.12282     0.11921    -0.13121    -3.11082
     23.295        -3.11706     0.11929    -0.13116    -3.10519
     23.445        -3.11131     0.11937    -0.13111    -3.09956
     23.595        -3.10561     0.11944    -0.13106    -3.09399
     23.745        -3.09995     0.11952    -0.13101    -3.08846
     23.895        -3.09434     0.11959    -0.13096    -3.08298
     24.045        -3.08876     0.11967    -0.13091    -3.07752
     24.195        -3.08322     0.11974    -0.13086    -3.07210
     24.345        -3.07771     0.11981    -0.13081    -3.06671
     24.495        -3.07224     0.11989    -0.13077    -3.06135
     24.645        -3.06681     0.11996    -0.13072    -3.05605
     24.795        -3.06143     0.12003    -0.13067    -3.05079
     24.945        -3.05606     0.12010    -0.13062    -3.04554
     25.095        -3.05072     0.12018    -0.13058    -3.04032
     25.245        -3.04543     0.12025    -0.13053    -3.03514
     25.395        -3.04018     0.12032    -0.13049    -3.03001
     25.545        -3.03496     0.12039    -0.13044    -3.02491
     25.695        -3.02976     0.12046    -0.13039    -3.01982
     25.845        -3.02459     0.12053    -0.13035    -3.01478
     25.995        -3.01946     0.12060    -0.13030    -3.00976
     26.145        -3.01438     0.12066    -0.13026    -3.00479
     26.295        -3.00931     0.12073    -0.13021    -2.99983
     26.445        -3.00430     0.12079    -0.13016    -2.99493
     26.595        -2.99928     0.12086    -0.13012    -2.99002
     26.745        -2.99430     0.12093    -0.13007    -2.98516
     26.895        -2.98936     0.12099    -0.13003    -2.98033
     27.045        -2.98443     0.12106    -0.12998    -2.97551
     27.195        -2.97953     0.12112    -0.12994    -2.97072
     27.345        -2.97468     0.12119    -0.12990    -2.96597
     27.495        -2.96986     0.12125    -0.12986    -2.96126
     27.645        -2.96505     0.12132    -0.12982    -2.95655
     27.795        -2.96026     0.12138    -0.12977    -2.95187
     27.945        -2.95551     0.12144    -0.12973    -2.94723
     28.095        -2.95079     0.12151    -0.12969    -2.94262
     28.245        -2.94609     0.12157    -0.12964    -2.93802
     28.395        -2.94142     0.12163    -0.12960    -2.93346
     28.545        -2.93678     0.12169    -0.12955    -2.92892
     28.695        -2.93217     0.12175    -0.12951    -2.92441
     28.845        -2.92761     0.12181    -0.12947    -2.91995
     28.995        -2.92307     0.12187    -0.12943    -2.91551
     29.145        -2.91851     0.12193    -0.12939    -2.91106
     29.295        -2.91400     0.12199    -0.12935    -2.90664
     29.445        -2.90954     0.12205    -0.12931    -2.90228
     29.595        -2.90508     0.12211    -0.12928    -2.89792
     29.745        -2.90065     0.12217    -0.12924    -2.89359
     29.895        -2.89624     0.12223    -0.12919    -2.88928
     30.045        -2.89186     0.12229    -0.12916    -2.88500
     30.195        -2.88751     0.12235    -0.12912    -2.88075
     30.345        -2.88319     0.12241    -0.12908    -2.87652
     30.495        -2.87886     0.12247    -0.12904    -2.87229
     30.645        -2.87456     0.12252    -0.12900    -2.86808
     30.795        -2.87029     0.12258    -0.12897    -2.86391
     30.945        -2.86605     0.12264    -0.12893    -2.85976
     31.095        -2.86185     0.12269    -0.12889    -2.85565
     31.245        -2.85763     0.12275    -0.12885    -2.85153
     31.395        -2.85345     0.12281    -0.12881    -2.84745
     31.545        -2.84929     0.12286    -0.12877    -2.84338
     31.695        -2.84516     0.12292    -0.12873    -2.83934
     31.845        -2.84103     0.12297    -0.12870    -2.83531
     31.995        -2.83693     0.12303    -0.12866    -2.83130
     32.145        -2.83286     0.12308    -0.12862    -2.82732
     32.295        -2.82879     0.12314    -0.12858    -2.82335
     32.445        -2.82475     0.12319    -0.12855    -2.81939
     32.595        -2.82072     0.12325    -0.12851    -2.81546
     32.745        -2.81673     0.12330    -0.12847    -2.81155
     32.895        -2.81275     0.12335    -0.12844    -2.80766
     33.045        -2.80879     0.12341    -0.12840    -2.80379
     33.195        -2.80486     0.12346    -0.12837    -2.79995
     33.345        -2.80093     0.12351    -0.12833    -2.79611
     33.495        -2.79701     0.12356    -0.12830    -2.79228
     33.645        -2.79312     0.12362    -0.12826    -2.78848
     33.795        -2.78926     0.12367    -0.12823    -2.78470
     33.945        -2.78540     0.12372    -0.12820    -2.78092
     34.095        -2.78157     0.12377    -0.12816    -2.77718
     34.245        -2.77776     0.12382    -0.12813    -2.77346
     34.395        -2.77396     0.12387    -0.12809    -2.76975
     34.545        -2.77020     0.12393    -0.12806    -2.76606
     34.695        -2.76646     0.12397    -0.12803    -2.76241
     34.845        -2.76271     0.12402    -0.12799    -2.75874
     34.995        -2.75900     0.12407    -0.12796    -2.75511
     35.145        -2.75530     0.12412    -0.12793    -2.75150
     35.295        -2.75163     0.12417    -0.12789    -2.74791
     35.445        -2.74796     0.12422    -0.12786    -2.74433
     35.595        -2.74432     0.12427    -0.12782    -2.74076
     35.745        -2.74070     0.12431    -0.12779    -2.73723
     35.895        -2.73708     0.12436    -0.12775    -2.73369
     36.045        -2.73349     0.12441    -0.12772    -2.73018
     36.195        -2.72989     0.12446    -0.12769    -2.72666
     36.345        -2.72632     0.12451    -0.12765    -2.72317
     36.495        -2.72276     0.12455    -0.12762    -2.71969
     36.645        -2.71922     0.12460    -0.12758    -2.71624
     36.795        -2.71570     0.12465    -0.12755    -2.71280
     36.945        -2.71219     0.12469    -0.12752    -2.70937
     37.095        -2.70869     0.12474    -0.12748    -2.70594
     37.245        -2.70520     0.12479    -0.12745    -2.70253
     37.395        -2.70173     0.12483    -0.12742    -2.69914
     37.545        -2.69829     0.12488    -0.12739    -2.69578
     37.695        -2.69485     0.12492    -0.12736    -2.69242
     37.845        -2.69141     0.12497    -0.12733    -2.68905
     37.995        -2.68801     0.12502    -0.12730    -2.68573
     38.145        -2.68462     0.12506    -0.12727    -2.68241
     38.295        -2.68123     0.12511    -0.12723    -2.67910
     38.445        -2.67787     0.12515    -0.12721    -2.67582
     38.595        -2.67453     0.12519    -0.12717    -2.67255
     38.745        -2.67119     0.12524    -0.12714    -2.66929
     38.895        -2.66787     0.12528    -0.12711    -2.66605
     39.045        -2.66455     0.12533    -0.12708    -2.66280
     39.195        -2.66125     0.12537    -0.12704    -2.65958
     39.345        -2.65797     0.12542    -0.12702    -2.65638
     39.495        -2.65473     0.12546    -0.12699    -2.65320
     39.645        -2.65147     0.12550    -0.12696    -2.65002
     39.795        -2.64823     0.12555    -0.12693    -2.64685
     39.945        -2.64502     0.12559    -0.12690    -2.64371
     40.095        -2.64180     0.12563    -0.12687    -2.64057
     40.245        -2.63860     0.12568    -0.12684    -2.63744
     40.395        -2.63541     0.12572    -0.12681    -2.63432
     40.545        -2.63222     0.12576    -0.12678    -2.63120
     40.695        -2.62907     0.12580    -0.12675    -2.62812
     40.845        -2.62593     0.12584    -0.12672    -2.62505
     40.995        -2.62279     0.12589    -0.12669    -2.62198
     41.145        -2.61967     0.12593    -0.12667    -2.61893
     41.295        -2.61656     0.12597    -0.12664    -2.61590
     41.445        -2.61346     0.12601    -0.12661    -2.61287
     41.595        -2.61037     0.12605    -0.12658    -2.60985
     41.745        -2.60728     0.12609    -0.12655    -2.60683
     41.895        -2.60423     0.12614    -0.12652    -2.60384
     42.045        -2.60118     0.12618    -0.12649    -2.60086
     42.195        -2.59814     0.12622    -0.12646    -2.59790
     42.345        -2.59511     0.12626    -0.12644    -2.59493
     42.495        -2.59210     0.12630    -0.12641    -2.59199
     42.645        -2.58909     0.12634    -0.12638    -2.58904
     42.795        -2.58610     0.12638    -0.12636    -2.58612
     42.945        -2.58313     0.12642    -0.12633    -2.58322
     43.095        -2.58017     0.12646    -0.12630    -2.58033
     43.245        -2.57722     0.12650    -0.12628    -2.57744
     43.395        -2.57426     0.12654    -0.12625    -2.57455
     43.545        -2.57130     0.12658    -0.12622    -2.57166
     43.695        -2.56838     0.12662    -0.12620    -2.56880
     43.845        -2.56547     0.12666    -0.12617    -2.56596
     43.995        -2.56258     0.12670    -0.12615    -2.56313
     44.145        -2.55968     0.12673    -0.12612    -2.56030
     44.295        -2.55680     0.12677    -0.12609    -2.55748
     44.445        -2.55395     0.12681    -0.12607    -2.55470
     44.595        -2.55109     0.12685    -0.12604    -2.55190
     44.745        -2.54824     0.12689    -0.12601    -2.54912
     44.895        -2.54541     0.12693    -0.12599    -2.54635
     45.045        -2.54258     0.12696    -0.12596    -2.54359
     45.195        -2.53978     0.12700    -0.12593    -2.54085
     45.345        -2.53698     0.12704    -0.12591    -2.53811
     45.495        -2.53417     0.12708    -0.12588    -2.53536
     45.645        -2.53139     0.12712    -0.12585    -2.53265
     45.795        -2.52862     0.12715    -0.12583    -2.52995
     45.945        -2.52585     0.12719    -0.12580    -2.52724
     46.095        -2.52309     0.12723    -0.12578    -2.52454
     46.245        -2.52034     0.12727    -0.12575    -2.52186
     46.395        -2.51760     0.12730    -0.12573    -2.51918
     46.545        -2.51487     0.12734    -0.12570    -2.51650
     46.695        -2.51216     0.12738    -0.12568    -2.51385
     46.845        -2.50947     0.12741    -0.12565    -2.51123
     46.995        -2.50680     0.12745    -0.12563    -2.50862
     47.145        -2.50411     0.12749    -0.12560    -2.50600
     47.295        -2.50144     0.12752    -0.12558    -2.50339
     47.445        -2.49878     0.12756    -0.12555    -2.50079
     47.595        -2.49612     0.12760    -0.12553    -2.49819
     47.745        -2.49347     0.12763    -0.12550    -2.49560
     47.895        -2.49084     0.12767    -0.12548    -2.49302
     48.045        -2.48820     0.12770    -0.12545    -2.49045
     48.195        -2.48555     0.12774    -0.12543    -2.48786
     48.345        -2.48293     0.12778    -0.12541    -2.48530
     48.495        -2.48033     0.12781    -0.12538    -2.48276
     48.645        -2.47773     0.12784    -0.12536    -2.48022
     48.795        -2.47514     0.12788    -0.12533    -2.47769
     48.945        -2.47257     0.12792    -0.12531    -2.47517
     49.095        -2.46999     0.12795    -0.12529    -2.47264
     49.245        -2.46742     0.12799    -0.12527    -2.47014
     49.395        -2.46487     0.12802    -0.12525    -2.46764
     49.545        -2.46232     0.12805    -0.12522    -2.46515
     49.695        -2.45977     0.12808    -0.12520    -2.46266
     49.845        -2.45726     0.12812    -0.12517    -2.46020
     49.995        -2.45474     0.12815    -0.12515    -2.45774
     50.145        -2.45224     0.12818    -0.12513    -2.45529
     50.295        -2.44973     0.12822    -0.12511    -2.45284
     50.445        -2.44723     0.12825    -0.12508    -2.45040
     50.595        -2.44475     0.12828    -0.12506    -2.44797
     50.745        -2.44228     0.12831    -0.12504    -2.44556
     50.895        -2.43979     0.12835    -0.12501    -2.44312
     51.045        -2.43731     0.12838    -0.12499    -2.44070
     51.195        -2.43485     0.12842    -0.12497    -2.43831
     51.345        -2.43241     0.12845    -0.12494    -2.43592
     51.495        -2.42996     0.12848    -0.12492    -2.43352
     51.645        -2.42753     0.12852    -0.12490    -2.43115
     51.795        -2.42510     0.12855    -0.12487    -2.42878
     51.945        -2.42268     0.12858    -0.12485    -2.42641
     52.095        -2.42027     0.12861    -0.12483    -2.42406
     52.245        -2.41788     0.12865    -0.12480    -2.42172
     52.395        -2.41548     0.12868    -0.12478    -2.41938
     52.545        -2.41309     0.12871    -0.12476    -2.41704
     52.695        -2.41072     0.12874    -0.12474    -2.41473
     52.845        -2.40835     0.12877    -0.12472    -2.41241
     52.995        -2.40599     0.12880    -0.12469    -2.41010
     53.145        -2.40362     0.12884    -0.12467    -2.40779
     53.295        -2.40127     0.12887    -0.12465    -2.40549
     53.445        -2.39893     0.12890    -0.12463    -2.40321
     53.595        -2.39659     0.12893    -0.12461    -2.40092
     53.745        -2.39427     0.12896    -0.12459    -2.39865
     53.895        -2.39194     0.12899    -0.12456    -2.39637
     54.045        -2.38963     0.12902    -0.12454    -2.39411
     54.195        -2.38732     0.12905    -0.12452    -2.39186
     54.345        -2.38503     0.12909    -0.12450    -2.38962
     54.495        -2.38275     0.12912    -0.12448    -2.38739
     54.645        -2.38046     0.12915    -0.12445    -2.38515
     54.795        -2.37818     0.12918    -0.12443    -2.38292
     54.945        -2.37590     0.12921    -0.12441    -2.38070
     55.095        -2.37365     0.12924    -0.12439    -2.37850
     59.433        -2.19672     0.13163    -0.12274    -2.20562
     80.646        -1.94000     0.13514    -0.12029    -1.95485
     111.21        -1.69269     0.13853    -0.11790    -1.71331
     153.36        -1.45507     0.14181    -0.11558    -1.48131
     211.49        -1.22695     0.14496    -0.11332    -1.25858
     291.64        -1.00836     0.14799    -0.11114    -1.04521
     402.18        -0.79923     0.15090    -0.10902    -0.84111
     554.60        -0.59915     0.15369    -0.10700    -0.64583
     764.80        -0.40796     0.15638    -0.10505    -0.45929
     1054.7        -0.22534     0.15895    -0.10318    -0.28112
     1454.4        -0.05101     0.16141    -0.10138    -0.11104
     2005.6         0.11538     0.16376    -0.09966     0.05127
     2765.8         0.27418     0.16599    -0.09801     0.20620
     3814.0         0.42567     0.16814    -0.09645     0.35398
     5259.5         0.57025     0.17018    -0.09494     0.49501
     7252.9         0.70813     0.17214    -0.09350     0.62950
     10002.         0.83962     0.17400    -0.09213     0.75775
     13793.         0.96499     0.17577    -0.09082     0.88004
     19020.         1.08455     0.17747    -0.08958     0.99667
     26229.         1.19860     0.17908    -0.08840     1.10792
     36170.         1.30722     0.18062    -0.08727     1.21387
     49878.         1.41061     0.18209    -0.08620     1.31471
     68782.         1.50905     0.18349    -0.08519     1.41074
     94851.         1.60283     0.18481    -0.08422     1.50224
    0.13080E+06     1.69204     0.18608    -0.08331     1.58927
    0.18038E+06     1.77687     0.18729    -0.08244     1.67202
    0.24874E+06     1.85764     0.18843    -0.08161     1.75083
    0.34301E+06     1.93428     0.18950    -0.08082     1.82560
    0.47302E+06     2.00704     0.19052    -0.08008     1.89660
    0.65229E+06     2.07620     0.19149    -0.07937     1.96408
    0.89952E+06     2.14184     0.19241    -0.07870     2.02813
    0.12404E+07     2.20416     0.19327    -0.07807     2.08896
    0.17106E+07     2.26329     0.19409    -0.07746     2.14666
    0.23589E+07     2.31949     0.19488    -0.07690     2.20151
    0.32529E+07     2.37278     0.19562    -0.07636     2.25352
    0.44858E+07     2.42337     0.19632    -0.07586     2.30291
    0.61860E+07     2.47132     0.19699    -0.07538     2.34972
    0.85305E+07     2.51692     0.19762    -0.07493     2.39422
    0.11764E+08     2.56014     0.19822    -0.07449     2.43642
    0.16222E+08     2.60117     0.19878    -0.07410     2.47649
    0.22370E+08     2.64014     0.19932    -0.07372     2.51454
    0.30849E+08     2.67703     0.19982    -0.07336     2.55058
    0.42541E+08     2.71194     0.20030    -0.07303     2.58467
    0.58664E+08     2.74478     0.20075    -0.07272     2.61675
    0.80898E+08     2.77569     0.20117    -0.07242     2.64695
    0.11156E+09     2.80478     0.20157    -0.07215     2.67537
    0.15384E+09     2.83217     0.20194    -0.07189     2.70212
    0.21215E+09     2.85808     0.20229    -0.07165     2.72744
    0.29255E+09     2.88244     0.20262    -0.07142     2.75125
    0.40343E+09     2.90551     0.20293    -0.07122     2.77379
    0.55633E+09     2.92726     0.20323    -0.07102     2.79505
    0.76719E+09     2.94760     0.20349    -0.07085     2.81495
    0.10580E+10     2.96585     0.20373    -0.07068     2.83280
    0.14589E+10     2.98254     0.20395    -0.07053     2.84912
    0.20119E+10     2.99788     0.20416    -0.07040     2.86412
    0.27744E+10     3.01201     0.20435    -0.07027     2.87793
    0.38259E+10     3.02505     0.20452    -0.07016     2.89068
    0.52760E+10     3.03704     0.20468    -0.07005     2.90241
    0.72756E+10     3.04814     0.20483    -0.06996     2.91327
    0.10033E+11     3.05837     0.20496    -0.06987     2.92328
    0.13836E+11     3.06781     0.20509    -0.06978     2.93251
    0.19079E+11     3.07651     0.20521    -0.06971     2.94102
    0.26311E+11     3.08454     0.20531    -0.06964     2.94886
    0.36283E+11     3.09196     0.20541    -0.06957     2.95612
    0.50034E+11     3.09882     0.20551    -0.06951     2.96283
    0.68997E+11     3.10513     0.20559    -0.06946     2.96899
    0.10000E+12     3.18084     0.20661    -0.06879     3.04302
