    -99.945         0.00000
    -99.795         0.00000
    -99.645         0.00000
    -99.495         0.00000
    -99.345         0.00000
    -99.195         0.00000
    -99.045         0.00000
    -98.895         0.00000
    -98.745         0.00000
    -98.595         0.00000
    -98.445         0.00000
    -98.295         0.00000
    -98.145         0.00000
    -97.995         0.00000
    -97.845         0.00000
    -97.695         0.00000
    -97.545         0.00000
    -97.395         0.00000
    -97.245         0.00000
    -97.095         0.00000
    -96.945         0.00000
    -96.795         0.00000
    -96.645         0.00000
    -96.495         0.00000
    -96.345         0.00000
    -96.195         0.00000
    -96.045         0.00000
    -95.895         0.00000
    -95.745         0.00000
    -95.595         0.00000
    -95.445         0.00000
    -95.295         0.00000
    -95.145         0.00000
    -94.995         0.00000
    -94.845         0.00000
    -94.695         0.00000
    -94.545         0.00000
    -94.395         0.00000
    -94.245         0.00000
    -94.095         0.00000
    -93.945         0.00000
    -93.795         0.00000
    -93.645         0.00000
    -93.495         0.00000
    -93.345         0.00000
    -93.195         0.00000
    -93.045         0.00000
    -92.895         0.00000
    -92.745         0.00000
    -92.595         0.00000
    -92.445         0.00000
    -92.295         0.00000
    -92.145         0.00000
    -91.995         0.00000
    -91.845         0.00000
    -91.695         0.00000
    -91.545         0.00000
    -91.395         0.00000
    -91.245         0.00000
    -91.095         0.00000
    -90.945         0.00000
    -90.795         0.00000
    -90.645         0.00000
    -90.495         0.00000
    -90.345         0.00000
    -90.195         0.00000
    -90.045         0.00000
    -89.895         0.00000
    -89.745         0.00000
    -89.595         0.00000
    -89.445         0.00000
    -89.295         0.00000
    -89.145         0.00000
    -88.995         0.00000
    -88.845         0.00000
    -88.695         0.00000
    -88.545         0.00000
    -88.395         0.00000
    -88.245         0.00000
    -88.095         0.00000
    -87.945         0.00000
    -87.795         0.00000
    -87.645         0.00000
    -87.495         0.00000
    -87.345         0.00000
    -87.195         0.00000
    -87.045         0.00000
    -86.895         0.00000
    -86.745         0.00000
    -86.595         0.00000
    -86.445         0.00000
    -86.295         0.00000
    -86.145         0.00000
    -85.995         0.00000
    -85.845         0.00000
    -85.695         0.00000
    -85.545         0.00000
    -85.395         0.00000
    -85.245         0.00000
    -85.095         0.00000
    -84.945         0.00000
    -84.795         0.00000
    -84.645         0.00000
    -84.495         0.00000
    -84.345         0.00000
    -84.195         0.00000
    -84.045         0.00000
    -83.895         0.00000
    -83.745         0.00000
    -83.595         0.00000
    -83.445         0.00000
    -83.295         0.00000
    -83.145         0.00000
    -82.995         0.00000
    -82.845         0.00000
    -82.695         0.00000
    -82.545         0.00000
    -82.395         0.00000
    -82.245         0.00000
    -82.095         0.00000
    -81.945         0.00000
    -81.795         0.00000
    -81.645         0.00000
    -81.495         0.00000
    -81.345         0.00000
    -81.195         0.00000
    -81.045         0.00000
    -80.895         0.00000
    -80.745         0.00000
    -80.595         0.00000
    -80.445         0.00000
    -80.295         0.00000
    -80.145         0.00000
    -79.995         0.00000
    -79.845         0.00000
    -79.695         0.00000
    -79.545         0.00000
    -79.395         0.00000
    -79.245         0.00000
    -79.095         0.00000
    -78.945         0.00000
    -78.795         0.00000
    -78.645         0.00000
    -78.495         0.00000
    -78.345         0.00000
    -78.195         0.00000
    -78.045         0.00000
    -77.895         0.00000
    -77.745         0.00000
    -77.595         0.00000
    -77.445         0.00000
    -77.295         0.00000
    -77.145         0.00000
    -76.995         0.00000
    -76.845         0.00000
    -76.695         0.00000
    -76.545         0.00000
    -76.395         0.00000
    -76.245         0.00000
    -76.095         0.00000
    -75.945         0.00000
    -75.795         0.00000
    -75.645         0.00000
    -75.495         0.00000
    -75.345         0.00000
    -75.195         0.00000
    -75.045         0.00000
    -74.895         0.00000
    -74.745         0.00000
    -74.595         0.00000
    -74.445         0.00000
    -74.295         0.00000
    -74.145         0.00000
    -73.995         0.00000
    -73.845         0.00000
    -73.695         0.00000
    -73.545         0.00000
    -73.395         0.00000
    -73.245         0.00000
    -73.095         0.00000
    -72.945         0.00000
    -72.795         0.00000
    -72.645         0.00000
    -72.495         0.00000
    -72.345         0.00000
    -72.195         0.00000
    -72.045         0.00000
    -71.895         0.00000
    -71.745         0.00000
    -71.595         0.00000
    -71.445         0.00000
    -71.295         0.00000
    -71.145         0.00000
    -70.995         0.00000
    -70.845         0.00000
    -70.695         0.00000
    -70.545         0.00000
    -70.395         0.00000
    -70.245         0.00000
    -70.095         0.00000
    -69.945         0.00000
    -69.795         0.00000
    -69.645         0.00000
    -69.495         0.00000
    -69.345         0.00000
    -69.195         0.00000
    -69.045         0.00000
    -68.895         0.00000
    -68.745         0.00000
    -68.595         0.00000
    -68.445         0.00000
    -68.295         0.00000
    -68.145         0.00000
    -67.995         0.00000
    -67.845         0.00000
    -67.695         0.00000
    -67.545         0.00000
    -67.395         0.00000
    -67.245         0.00000
    -67.095         0.00000
    -66.945         0.00000
    -66.795         0.00000
    -66.645         0.00000
    -66.495         0.00000
    -66.345         0.00000
    -66.195         0.00000
    -66.045         0.00000
    -65.895         0.00000
    -65.745         0.00000
    -65.595         0.00000
    -65.445         0.00000
    -65.295         0.00000
    -65.145         0.00000
    -64.995         0.00000
    -64.845         0.00000
    -64.695         0.00000
    -64.545         0.00000
    -64.395         0.00000
    -64.245         0.00000
    -64.095         0.00000
    -63.945         0.00000
    -63.795         0.00000
    -63.645         0.00000
    -63.495         0.00000
    -63.345         0.00000
    -63.195         0.00000
    -63.045         0.00000
    -62.895         0.00000
    -62.745         0.00000
    -62.595         0.00000
    -62.445         0.00000
    -62.295         0.00000
    -62.145         0.00000
    -61.995         0.00000
    -61.845         0.00000
    -61.695         0.00000
    -61.545         0.00000
    -61.395         0.00000
    -61.245         0.00000
    -61.095         0.00000
    -60.945         0.00000
    -60.795         0.00000
    -60.645         0.00000
    -60.495         0.00000
    -60.345         0.00000
    -60.195         0.00000
    -60.045         0.00000
    -59.895         0.00000
    -59.745         0.00000
    -59.595         0.00000
    -59.445         0.00000
    -59.295         0.00000
    -59.145         0.00000
    -58.995         0.00000
    -58.845         0.00000
    -58.695         0.00000
    -58.545         0.00000
    -58.395         0.00000
    -58.245         0.00000
    -58.095         0.00000
    -57.945         0.00000
    -57.795         0.00000
    -57.645         0.00000
    -57.495         0.00000
    -57.345         0.00000
    -57.195         0.00000
    -57.045         0.00000
    -56.895         0.00000
    -56.745         0.00000
    -56.595         0.00000
    -56.445         0.00000
    -56.295         0.00000
    -56.145         0.00000
    -55.995         0.00000
    -55.845         0.00000
    -55.695         0.00000
    -55.545         0.00000
    -55.395         0.00000
    -55.245         0.00000
    -55.095         0.00000
    -54.945         0.00000
    -54.795         0.00000
    -54.645         0.00000
    -54.495         0.00000
    -54.345         0.00000
    -54.195         0.00000
    -54.045         0.00000
    -53.895         0.00000
    -53.745         0.00000
    -53.595         0.00000
    -53.445         0.00000
    -53.295         0.00000
    -53.145         0.00000
    -52.995         0.00000
    -52.845         0.00000
    -52.695         0.00000
    -52.545         0.00000
    -52.395         0.00000
    -52.245         0.00000
    -52.095         0.00000
    -51.945         0.00000
    -51.795         0.00000
    -51.645         0.00000
    -51.495         0.00000
    -51.345         0.00000
    -51.195         0.00000
    -51.045         0.00000
    -50.895         0.00000
    -50.745         0.00000
    -50.595         0.00000
    -50.445         0.00000
    -50.295         0.00000
    -50.145         0.00000
    -49.995         0.00000
    -49.845         0.00000
    -49.695         0.00000
    -49.545         0.00000
    -49.395         0.00000
    -49.245         0.00000
    -49.095         0.00000
    -48.945         0.00000
    -48.795         0.00000
    -48.645         0.00000
    -48.495         0.00000
    -48.345         0.00000
    -48.195         0.00000
    -48.045         0.00000
    -47.895         0.00000
    -47.745         0.00000
    -47.595         0.00000
    -47.445         0.00000
    -47.295         0.00000
    -47.145         0.00000
    -46.995         0.00000
    -46.845         0.00000
    -46.695         0.00000
    -46.545         0.00000
    -46.395         0.00000
    -46.245         0.00000
    -46.095         0.00000
    -45.945         0.00000
    -45.795         0.00000
    -45.645         0.00000
    -45.495         0.00000
    -45.345         0.00000
    -45.195         0.00000
    -45.045         0.00000
    -44.895         0.00000
    -44.745         0.00000
    -44.595         0.00000
    -44.445         0.00000
    -44.295         0.00000
    -44.145         0.00000
    -43.995         0.00000
    -43.845         0.00000
    -43.695         0.00000
    -43.545         0.00000
    -43.395         0.00000
    -43.245         0.00000
    -43.095         0.00000
    -42.945         0.00000
    -42.795         0.00000
    -42.645         0.00000
    -42.495         0.00000
    -42.345         0.00000
    -42.195         0.00000
    -42.045         0.00000
    -41.895         0.00000
    -41.745         0.00000
    -41.595         0.00000
    -41.445         0.00000
    -41.295         0.00000
    -41.145         0.00000
    -40.995         0.00000
    -40.845         0.00000
    -40.695         0.00000
    -40.545         0.00000
    -40.395         0.00000
    -40.245         0.00000
    -40.095         0.00000
    -39.945         0.00000
    -39.795         0.00000
    -39.645         0.00000
    -39.495         0.00000
    -39.345         0.00000
    -39.195         0.00000
    -39.045         0.00000
    -38.895         0.00000
    -38.745         0.00000
    -38.595         0.00000
    -38.445         0.00000
    -38.295         0.00000
    -38.145         0.00000
    -37.995         0.00000
    -37.845         0.00000
    -37.695         0.00000
    -37.545         0.00000
    -37.395         0.00000
    -37.245         0.00000
    -37.095         0.00000
    -36.945         0.00000
    -36.795         0.00000
    -36.645         0.00000
    -36.495         0.00000
    -36.345         0.00000
    -36.195         0.00000
    -36.045         0.00000
    -35.895         0.00000
    -35.745         0.00000
    -35.595         0.00000
    -35.445         0.00000
    -35.295         0.00000
    -35.145         0.00000
    -34.995         0.00000
    -34.845         0.00000
    -34.695         0.00000
    -34.545         0.00000
    -34.395         0.00000
    -34.245         0.00000
    -34.095         0.00000
    -33.945         0.00000
    -33.795         0.00000
    -33.645         0.00000
    -33.495         0.00000
    -33.345         0.00000
    -33.195         0.00000
    -33.045         0.00000
    -32.895         0.00000
    -32.745         0.00000
    -32.595         0.00000
    -32.445         0.00000
    -32.295         0.00000
    -32.145         0.00000
    -31.995         0.00000
    -31.845         0.00000
    -31.695         0.00000
    -31.545         0.00000
    -31.395         0.00000
    -31.245         0.00000
    -31.095         0.00000
    -30.945         0.00000
    -30.795         0.00000
    -30.645         0.00000
    -30.495         0.00000
    -30.345         0.00000
    -30.195         0.00000
    -30.045         0.00000
    -29.895         0.00000
    -29.745         0.00000
    -29.595         0.00000
    -29.445         0.00000
    -29.295         0.00000
    -29.145         0.00000
    -28.995         0.00000
    -28.845         0.00000
    -28.695         0.00000
    -28.545         0.00000
    -28.395         0.00000
    -28.245         0.00000
    -28.095         0.00000
    -27.945         0.00000
    -27.795         0.00000
    -27.645         0.00000
    -27.495         0.00000
    -27.345         0.00000
    -27.195         0.00000
    -27.045         0.00000
    -26.895         0.00000
    -26.745         0.00000
    -26.595         0.00000
    -26.445         0.00000
    -26.295         0.00000
    -26.145         0.00000
    -25.995         0.00000
    -25.845         0.00000
    -25.695         0.00000
    -25.545         0.00000
    -25.395         0.00000
    -25.245         0.00000
    -25.095         0.00000
    -24.945         0.00000
    -24.795         0.00000
    -24.645         0.00000
    -24.495         0.00000
    -24.345         0.00000
    -24.195         0.00000
    -24.045         0.00000
    -23.895         0.00000
    -23.745         0.00000
    -23.595         0.00000
    -23.445         0.00000
    -23.295         0.00000
    -23.145         0.00000
    -22.995         0.00000
    -22.845         0.00000
    -22.695         0.00000
    -22.545         0.00000
    -22.395         0.00000
    -22.245         0.00000
    -22.095         0.00000
    -21.945         0.00000
    -21.795         0.00000
    -21.645         0.00000
    -21.495         0.00000
    -21.345         0.00000
    -21.195         0.00000
    -21.045         0.00000
    -20.895         0.00000
    -20.745         0.00000
    -20.595         0.00000
    -20.445         0.00000
    -20.295         0.00000
    -20.145         0.00000
    -19.995         0.00000
    -19.845         0.00000
    -19.695         0.00000
    -19.545         0.00000
    -19.395         0.00000
    -19.245         0.00000
    -19.095         0.00000
    -18.945         0.00000
    -18.795         0.00000
    -18.645         0.00000
    -18.495         0.00000
    -18.345         0.00000
    -18.195         0.00000
    -18.045         0.00000
    -17.895         0.00000
    -17.745         0.00000
    -17.595         0.00000
    -17.445         0.00000
    -17.295         0.00000
    -17.145         0.00000
    -16.995         0.00000
    -16.845         0.00000
    -16.695         0.00000
    -16.545         0.00000
    -16.395         0.00000
    -16.245         0.00000
    -16.095         0.00000
    -15.945         0.00000
    -15.795         0.00000
    -15.645         0.00000
    -15.495         0.00000
    -15.345         0.00000
    -15.195         0.00000
    -15.045         0.00000
    -14.895         0.00000
    -14.745         0.00000
    -14.595         0.00000
    -14.445         0.00000
    -14.295         0.00000
    -14.145         0.00000
    -13.995         0.00000
    -13.845         0.00000
    -13.695         0.00000
    -13.545         0.00000
    -13.395         0.00000
    -13.245         0.00000
    -13.095         0.00000
    -12.945         0.00000
    -12.795         0.00000
    -12.645         0.00000
    -12.495         0.00000
    -12.345         0.00000
    -12.195         0.00000
    -12.045         0.00000
    -11.895         0.00000
    -11.745         0.00000
    -11.595         0.00000
    -11.445         0.00000
    -11.295         0.00000
    -11.145         0.00000
    -10.995         0.00000
    -10.845         0.00000
    -10.695         0.00000
    -10.545         0.00000
    -10.395         0.00000
    -10.245         0.00000
    -10.095         0.00000
    -9.9450         0.00000
    -9.7950         0.00000
    -9.6450         0.00000
    -9.4950         0.00000
    -9.3450         0.00000
    -9.1950         0.00000
    -9.0450         0.00000
    -8.8950         0.00000
    -8.7450         0.00000
    -8.5950         0.00000
    -8.4450         0.00000
    -8.2950         0.00000
    -8.1450         0.00000
    -7.9950         0.00000
    -7.8450         0.00000
    -7.6950         0.00000
    -7.5450         0.00000
    -7.3950         0.00000
    -7.2450         0.00000
    -7.0950         0.00000
    -6.9450         0.00000
    -6.7950         0.00000
    -6.6450         0.00000
    -6.4950         0.00000
    -6.3450         0.00000
    -6.1950         0.00000
    -6.0450         0.00000
    -5.8950         0.00000
    -5.7450         0.00000
    -5.5950         0.00000
    -5.4450         0.00000
    -5.2950         0.00000
    -5.1450         0.00000
    -4.9950         0.00000
    -4.8450         0.00000
    -4.6950         0.00000
    -4.5450         0.00000
    -4.3950         0.00000
    -4.2450         0.00000
    -4.0950         0.00000
    -3.9450         0.00000
    -3.7950         0.00000
    -3.6450         0.00000
    -3.4950         0.00000
    -3.3450         0.00000
    -3.1950         0.00000
    -3.0450         0.00000
    -2.8950         0.00000
    -2.7450         0.00000
    -2.5950         0.00000
    -2.4450         0.00000
    -2.2950         0.00000
    -2.1450         0.00000
    -1.9950         0.00000
    -1.8450         0.00000
    -1.6950         0.00000
    -1.5450         0.00000
    -1.3950         0.00000
    -1.2450         0.00000
    -1.0950         0.00000
   -0.94500         0.00000
   -0.79500         0.00000
   -0.64500         0.00000
   -0.49500        -0.00031
   -0.34500        -0.54383
   -0.22700        -1.18052
   -0.21300        -1.25467
   -0.20700        -1.32704
   -0.20100        -1.39796
   -0.19500        -1.46669
   -0.18900        -1.53384
   -0.18300        -1.59902
   -0.17700        -1.66170
   -0.17100        -1.72353
   -0.16500        -1.78315
   -0.15900        -1.84101
   -0.15300        -1.89771
   -0.14700        -1.95379
   -0.14100        -2.00749
   -0.13500        -2.06088
   -0.12900        -2.11274
   -0.12300        -2.16534
   -0.11700        -2.21578
   -0.11100        -2.26609
   -0.10500        -2.31609
   -0.99000E-01    -2.36620
   -0.93000E-01    -2.41673
   -0.87000E-01    -2.46760
   -0.81000E-01    -2.51933
   -0.75000E-01    -2.57196
   -0.69000E-01    -2.62623
   -0.63000E-01    -2.68242
   -0.57000E-01    -2.74081
   -0.51000E-01    -2.80245
   -0.45000E-01    -2.86842
   -0.39000E-01    -2.93989
   -0.33000E-01    -3.02062
   -0.27000E-01    -3.11574
   -0.21300E-01    -3.19048
   -0.19500E-01    -3.20212
   -0.18900E-01    -3.21408
   -0.18300E-01    -3.22613
   -0.17700E-01    -3.23832
   -0.17100E-01    -3.25085
   -0.16500E-01    -3.26346
   -0.15900E-01    -3.27637
   -0.15300E-01    -3.28952
   -0.14700E-01    -3.30288
   -0.14100E-01    -3.31648
   -0.13500E-01    -3.33042
   -0.12900E-01    -3.34449
   -0.12300E-01    -3.35893
   -0.11700E-01    -3.37358
   -0.11100E-01    -3.38856
   -0.10500E-01    -3.40398
   -0.99000E-02    -3.41982
   -0.93000E-02    -3.43599
   -0.87000E-02    -3.45273
   -0.81000E-02    -3.46999
   -0.75000E-02    -3.48814
   -0.69000E-02    -3.50680
   -0.63000E-02    -3.52630
   -0.57000E-02    -3.54683
   -0.51000E-02    -3.56851
   -0.45000E-02    -3.59157
   -0.39000E-02    -3.61636
   -0.33000E-02    -3.64328
   -0.27000E-02    -3.67290
   -0.21000E-02    -3.70529
   -0.15000E-02    -3.73840
   -0.90000E-03    -3.77035
   -0.30000E-03    -5.24609
    0.30000E-03    -3.77696
    0.90000E-03    -3.77106
    0.15000E-02    -3.77068
    0.21000E-02    -3.77065
    0.27000E-02    -3.77064
    0.33000E-02    -3.77064
    0.39000E-02    -3.77063
    0.45000E-02    -3.77062
    0.51000E-02    -3.77061
    0.57000E-02    -3.77060
    0.63000E-02    -3.77059
    0.69000E-02    -3.77058
    0.75000E-02    -3.77056
    0.81000E-02    -3.77055
    0.87000E-02    -3.77053
    0.93000E-02    -3.77052
    0.99000E-02    -3.77050
    0.10500E-01    -3.77048
    0.11100E-01    -3.77046
    0.11700E-01    -3.77044
    0.12300E-01    -3.77042
    0.12900E-01    -3.77040
    0.13500E-01    -3.77038
    0.14100E-01    -3.77035
    0.14700E-01    -3.77033
    0.15300E-01    -3.77030
    0.15900E-01    -3.77027
    0.16500E-01    -3.77024
    0.17100E-01    -3.77021
    0.17700E-01    -3.77017
    0.18300E-01    -3.77014
    0.18900E-01    -3.77010
    0.19500E-01    -3.77007
    0.21300E-01    -3.76982
    0.27000E-01    -3.76937
    0.33000E-01    -3.76884
    0.39000E-01    -3.76822
    0.45000E-01    -3.76749
    0.51000E-01    -3.76668
    0.57000E-01    -3.76578
    0.63000E-01    -3.76484
    0.69000E-01    -3.76381
    0.75000E-01    -3.76272
    0.81000E-01    -3.76158
    0.87000E-01    -3.76040
    0.93000E-01    -3.75911
    0.99000E-01    -3.75782
    0.10500        -3.75646
    0.11100        -3.75510
    0.11700        -3.75375
    0.12300        -3.75228
    0.12900        -3.75075
    0.13500        -3.74911
    0.14100        -3.74752
    0.14700        -3.74590
    0.15300        -3.74419
    0.15900        -3.74238
    0.16500        -3.74050
    0.17100        -3.73879
    0.17700        -3.73697
    0.18300        -3.73517
    0.18900        -3.73331
    0.19500        -3.73154
    0.20100        -3.72971
    0.20700        -3.72772
    0.21300        -3.72591
    0.22700        -3.70794
    0.34500        -3.64882
    0.49500        -3.58832
    0.64500        -3.52809
    0.79500        -3.46942
    0.94500        -3.41410
     1.0950        -3.35957
     1.2450        -3.30524
     1.3950        -3.25401
     1.5450        -3.20478
     1.6950        -3.15700
     1.8450        -3.11143
     1.9950        -3.06762
     2.1450        -3.02563
     2.2950        -2.98536
     2.4450        -2.94668
     2.5950        -2.90964
     2.7450        -2.87418
     2.8950        -2.84011
     3.0450        -2.80752
     3.1950        -2.77618
     3.3450        -2.74612
     3.4950        -2.71694
     3.6450        -2.68891
     3.7950        -2.66203
     3.9450        -2.63601
     4.0950        -2.61090
     4.2450        -2.58666
     4.3950        -2.56323
     4.5450        -2.54056
     4.6950        -2.51862
     4.8450        -2.49736
     4.9950        -2.47668
     5.1450        -2.45661
     5.2950        -2.43710
     5.4450        -2.41807
     5.5950        -2.39959
     5.7450        -2.38161
     5.8950        -2.36404
     6.0450        -2.34690
     6.1950        -2.33024
     6.3450        -2.31396
     6.4950        -2.29803
     6.6450        -2.28246
     6.7950        -2.26725
     6.9450        -2.25237
     7.0950        -2.23781
     7.2450        -2.22358
     7.3950        -2.20965
     7.5450        -2.19601
     7.6950        -2.18259
     7.8450        -2.16949
     7.9950        -2.15660
     8.1450        -2.14398
     8.2950        -2.13160
     8.4450        -2.11943
     8.5950        -2.10744
     8.7450        -2.09569
     8.8950        -2.08416
     9.0450        -2.07283
     9.1950        -2.06166
     9.3450        -2.05072
     9.4950        -2.03995
     9.6450        -2.02935
     9.7950        -2.01892
     9.9450        -2.00863
     10.095        -1.99850
     10.245        -1.98855
     10.395        -1.97874
     10.545        -1.96908
     10.695        -1.95956
     10.845        -1.95018
     10.995        -1.94095
     11.145        -1.93183
     11.295        -1.92283
     11.445        -1.91395
     11.595        -1.90518
     11.745        -1.89656
     11.895        -1.88807
     12.045        -1.87966
     12.195        -1.87136
     12.345        -1.86318
     12.495        -1.85512
     12.645        -1.84715
     12.795        -1.83925
     12.945        -1.83145
     13.095        -1.82374
     13.245        -1.81615
     13.395        -1.80864
     13.545        -1.80120
     13.695        -1.79388
     13.845        -1.78664
     13.995        -1.77948
     14.145        -1.77240
     14.295        -1.76541
     14.445        -1.75850
     14.595        -1.75165
     14.745        -1.74489
     14.895        -1.73818
     15.045        -1.73155
     15.195        -1.72499
     15.345        -1.71850
     15.495        -1.71210
     15.645        -1.70573
     15.795        -1.69942
     15.945        -1.69317
     16.095        -1.68699
     16.245        -1.68089
     16.395        -1.67487
     16.545        -1.66888
     16.695        -1.66295
     16.845        -1.65706
     16.995        -1.65125
     17.145        -1.64549
     17.295        -1.63979
     17.445        -1.63413
     17.595        -1.62851
     17.745        -1.62299
     17.895        -1.61747
     18.045        -1.61201
     18.195        -1.60658
     18.345        -1.60123
     18.495        -1.59592
     18.645        -1.59067
     18.795        -1.58545
     18.945        -1.58029
     19.095        -1.57517
     19.245        -1.57007
     19.395        -1.56502
     19.545        -1.56002
     19.695        -1.55506
     19.845        -1.55013
     19.995        -1.54525
     20.145        -1.54040
     20.295        -1.53560
     20.445        -1.53082
     20.595        -1.52609
     20.745        -1.52141
     20.895        -1.51675
     21.045        -1.51214
     21.195        -1.50755
     21.345        -1.50299
     21.495        -1.49846
     21.645        -1.49398
     21.795        -1.48952
     21.945        -1.48511
     22.095        -1.48071
     22.245        -1.47638
     22.395        -1.47207
     22.545        -1.46778
     22.695        -1.46354
     22.845        -1.45931
     22.995        -1.45510
     23.145        -1.45095
     23.295        -1.44683
     23.445        -1.44271
     23.595        -1.43862
     23.745        -1.43455
     23.895        -1.43053
     24.045        -1.42655
     24.195        -1.42257
     24.345        -1.41864
     24.495        -1.41473
     24.645        -1.41085
     24.795        -1.40699
     24.945        -1.40317
     25.095        -1.39935
     25.245        -1.39555
     25.395        -1.39181
     25.545        -1.38809
     25.695        -1.38439
     25.845        -1.38068
     25.995        -1.37702
     26.145        -1.37338
     26.295        -1.36977
     26.445        -1.36616
     26.595        -1.36258
     26.745        -1.35903
     26.895        -1.35549
     27.045        -1.35198
     27.195        -1.34849
     27.345        -1.34503
     27.495        -1.34157
     27.645        -1.33814
     27.795        -1.33472
     27.945        -1.33134
     28.095        -1.32796
     28.245        -1.32462
     28.395        -1.32130
     28.545        -1.31798
     28.695        -1.31468
     28.845        -1.31140
     28.995        -1.30814
     29.145        -1.30490
     29.295        -1.30168
     29.445        -1.29848
     29.595        -1.29529
     29.745        -1.29212
     29.895        -1.28898
     30.045        -1.28583
     30.195        -1.28273
     30.345        -1.27962
     30.495        -1.27654
     30.645        -1.27347
     30.795        -1.27041
     30.945        -1.26740
     31.095        -1.26439
     31.245        -1.26139
     31.395        -1.25841
     31.545        -1.25545
     31.695        -1.25250
     31.845        -1.24957
     31.995        -1.24664
     32.145        -1.24372
     32.295        -1.24084
     32.445        -1.23797
     32.595        -1.23511
     32.745        -1.23225
     32.895        -1.22943
     33.045        -1.22660
     33.195        -1.22381
     33.345        -1.22100
     33.495        -1.21822
     33.645        -1.21547
     33.795        -1.21273
     33.945        -1.20999
     34.095        -1.20725
     34.245        -1.20452
     34.395        -1.20182
     34.545        -1.19914
     34.695        -1.19646
     34.845        -1.19381
     34.995        -1.19119
     35.145        -1.18856
     35.295        -1.18593
     35.445        -1.18332
     35.595        -1.18072
     35.745        -1.17813
     35.895        -1.17556
     36.045        -1.17300
     36.195        -1.17045
     36.345        -1.16790
     36.495        -1.16537
     36.645        -1.16286
     36.795        -1.16036
     36.945        -1.15788
     37.095        -1.15539
     37.245        -1.15292
     37.395        -1.15045
     37.545        -1.14801
     37.695        -1.14559
     37.845        -1.14318
     37.995        -1.14077
     38.145        -1.13837
     38.295        -1.13596
     38.445        -1.13358
     38.595        -1.13121
     38.745        -1.12883
     38.895        -1.12648
     39.045        -1.12414
     39.195        -1.12182
     39.345        -1.11949
     39.495        -1.11718
     39.645        -1.11489
     39.795        -1.11260
     39.945        -1.11030
     40.095        -1.10804
     40.245        -1.10577
     40.395        -1.10352
     40.545        -1.10127
     40.695        -1.09904
     40.845        -1.09682
     40.995        -1.09460
     41.145        -1.09240
     41.295        -1.09019
     41.445        -1.08800
     41.595        -1.08582
     41.745        -1.08365
     41.895        -1.08150
     42.045        -1.07935
     42.195        -1.07720
     42.345        -1.07506
     42.495        -1.07293
     42.645        -1.07081
     42.795        -1.06869
     42.945        -1.06660
     43.095        -1.06449
     43.245        -1.06242
     43.395        -1.06033
     43.545        -1.05826
     43.695        -1.05619
     43.845        -1.05414
     43.995        -1.05209
     44.145        -1.05005
     44.295        -1.04802
     44.445        -1.04600
     44.595        -1.04396
     44.745        -1.04196
     44.895        -1.03995
     45.045        -1.03796
     45.195        -1.03597
     45.345        -1.03399
     45.495        -1.03202
     45.645        -1.03006
     45.795        -1.02810
     45.945        -1.02614
     46.095        -1.02420
     46.245        -1.02225
     46.395        -1.02031
     46.545        -1.01839
     46.695        -1.01646
     46.845        -1.01454
     46.995        -1.01264
     47.145        -1.01073
     47.295        -1.00883
     47.445        -1.00695
     47.595        -1.00507
     47.745        -1.00320
     47.895        -1.00133
     48.045        -0.99947
     48.195        -0.99761
     48.345        -0.99575
     48.495        -0.99392
     48.645        -0.99208
     48.795        -0.99027
     48.945        -0.98845
     49.095        -0.98665
     49.245        -0.98484
     49.395        -0.98303
     49.545        -0.98124
     49.695        -0.97945
     49.845        -0.97765
     49.995        -0.97589
     50.145        -0.97411
     50.295        -0.97235
     50.445        -0.97060
     50.595        -0.96884
     50.745        -0.96710
     50.895        -0.96536
     51.045        -0.96362
     51.195        -0.96189
     51.345        -0.96017
     51.495        -0.95845
     51.645        -0.95674
     51.795        -0.95504
     51.945        -0.95334
     52.095        -0.95167
     52.245        -0.94998
     52.395        -0.94829
     52.545        -0.94661
     52.695        -0.94493
     52.845        -0.94325
     52.995        -0.94160
     53.145        -0.93994
     53.295        -0.93827
     53.445        -0.93664
     53.595        -0.93499
     53.745        -0.93335
     53.895        -0.93172
     54.045        -0.93008
     54.195        -0.92846
     54.345        -0.92685
     54.495        -0.92523
     54.645        -0.92362
     54.795        -0.92201
     54.945        -0.92041
     55.095        -0.91881
     59.433        -0.79446
     80.646        -0.61540
     111.21        -0.44398
     153.36        -0.28023
     211.49        -0.12421
     291.64         0.02456
     402.18         0.16598
     554.60         0.30019
     764.80         0.42770
     1054.7         0.54860
     1454.4         0.66319
     2005.6         0.77187
     2765.8         0.87466
     3814.0         0.97213
     5259.5         1.06444
     7252.9         1.15179
     10002.         1.23454
     13793.         1.31282
     19020.         1.38705
     26229.         1.45727
     36170.         1.52375
     49878.         1.58670
     68782.         1.64634
     94851.         1.70275
    0.13080E+06     1.75611
    0.18038E+06     1.80665
    0.24874E+06     1.85451
    0.34301E+06     1.89980
    0.47302E+06     1.94264
    0.65229E+06     1.98319
    0.89952E+06     2.02164
    0.12404E+07     2.05799
    0.17106E+07     2.09234
    0.23589E+07     2.12485
    0.32529E+07     2.15563
    0.44858E+07     2.18481
    0.61860E+07     2.21235
    0.85305E+07     2.23835
    0.11764E+08     2.26302
    0.16222E+08     2.28635
    0.22370E+08     2.30846
    0.30849E+08     2.32939
    0.42541E+08     2.34916
    0.58664E+08     2.36789
    0.80898E+08     2.38558
    0.11156E+09     2.40236
    0.15384E+09     2.41823
    0.21215E+09     2.43325
    0.29255E+09     2.44743
    0.40343E+09     2.46086
    0.55633E+09     2.47362
    0.76719E+09     2.48555
    0.10580E+10     2.49625
    0.14589E+10     2.50601
    0.20119E+10     2.51500
    0.27744E+10     2.52325
    0.38259E+10     2.53086
    0.52760E+10     2.53786
    0.72756E+10     2.54433
    0.10033E+11     2.55030
    0.13836E+11     2.55580
    0.19079E+11     2.56088
    0.26311E+11     2.56558
    0.36283E+11     2.56994
    0.50034E+11     2.57392
    0.68997E+11     2.57761
    0.10000E+12     2.62187
