    -99.945         0.00000     0.00000     0.00000     0.00000
    -99.795         0.00000     0.00000     0.00000     0.00000
    -99.645         0.00000     0.00000     0.00000     0.00000
    -99.495         0.00000     0.00000     0.00000     0.00000
    -99.345         0.00000     0.00000     0.00000     0.00000
    -99.195         0.00000     0.00000     0.00000     0.00000
    -99.045         0.00000     0.00000     0.00000     0.00000
    -98.895         0.00000     0.00000     0.00000     0.00000
    -98.745         0.00000     0.00000     0.00000     0.00000
    -98.595         0.00000     0.00000     0.00000     0.00000
    -98.445         0.00000     0.00000     0.00000     0.00000
    -98.295         0.00000     0.00000     0.00000     0.00000
    -98.145         0.00000     0.00000     0.00000     0.00000
    -97.995         0.00000     0.00000     0.00000     0.00000
    -97.845         0.00000     0.00000     0.00000     0.00000
    -97.695         0.00000     0.00000     0.00000     0.00000
    -97.545         0.00000     0.00000     0.00000     0.00000
    -97.395         0.00000     0.00000     0.00000     0.00000
    -97.245         0.00000     0.00000     0.00000     0.00000
    -97.095         0.00000     0.00000     0.00000     0.00000
    -96.945         0.00000     0.00000     0.00000     0.00000
    -96.795         0.00000     0.00000     0.00000     0.00000
    -96.645         0.00000     0.00000     0.00000     0.00000
    -96.495         0.00000     0.00000     0.00000     0.00000
    -96.345         0.00000     0.00000     0.00000     0.00000
    -96.195         0.00000     0.00000     0.00000     0.00000
    -96.045         0.00000     0.00000     0.00000     0.00000
    -95.895         0.00000     0.00000     0.00000     0.00000
    -95.745         0.00000     0.00000     0.00000     0.00000
    -95.595         0.00000     0.00000     0.00000     0.00000
    -95.445         0.00000     0.00000     0.00000     0.00000
    -95.295         0.00000     0.00000     0.00000     0.00000
    -95.145         0.00000     0.00000     0.00000     0.00000
    -94.995         0.00000     0.00000     0.00000     0.00000
    -94.845         0.00000     0.00000     0.00000     0.00000
    -94.695         0.00000     0.00000     0.00000     0.00000
    -94.545         0.00000     0.00000     0.00000     0.00000
    -94.395         0.00000     0.00000     0.00000     0.00000
    -94.245         0.00000     0.00000     0.00000     0.00000
    -94.095         0.00000     0.00000     0.00000     0.00000
    -93.945         0.00000     0.00000     0.00000     0.00000
    -93.795         0.00000     0.00000     0.00000     0.00000
    -93.645         0.00000     0.00000     0.00000     0.00000
    -93.495         0.00000     0.00000     0.00000     0.00000
    -93.345         0.00000     0.00000     0.00000     0.00000
    -93.195         0.00000     0.00000     0.00000     0.00000
    -93.045         0.00000     0.00000     0.00000     0.00000
    -92.895         0.00000     0.00000     0.00000     0.00000
    -92.745         0.00000     0.00000     0.00000     0.00000
    -92.595         0.00000     0.00000     0.00000     0.00000
    -92.445         0.00000     0.00000     0.00000     0.00000
    -92.295         0.00000     0.00000     0.00000     0.00000
    -92.145         0.00000     0.00000     0.00000     0.00000
    -91.995         0.00000     0.00000     0.00000     0.00000
    -91.845         0.00000     0.00000     0.00000     0.00000
    -91.695         0.00000     0.00000     0.00000     0.00000
    -91.545         0.00000     0.00000     0.00000     0.00000
    -91.395         0.00000     0.00000     0.00000     0.00000
    -91.245         0.00000     0.00000     0.00000     0.00000
    -91.095         0.00000     0.00000     0.00000     0.00000
    -90.945         0.00000     0.00000     0.00000     0.00000
    -90.795         0.00000     0.00000     0.00000     0.00000
    -90.645         0.00000     0.00000     0.00000     0.00000
    -90.495         0.00000     0.00000     0.00000     0.00000
    -90.345         0.00000     0.00000     0.00000     0.00000
    -90.195         0.00000     0.00000     0.00000     0.00000
    -90.045         0.00000     0.00000     0.00000     0.00000
    -89.895         0.00000     0.00000     0.00000     0.00000
    -89.745         0.00000     0.00000     0.00000     0.00000
    -89.595         0.00000     0.00000     0.00000     0.00000
    -89.445         0.00000     0.00000     0.00000     0.00000
    -89.295         0.00000     0.00000     0.00000     0.00000
    -89.145         0.00000     0.00000     0.00000     0.00000
    -88.995         0.00000     0.00000     0.00000     0.00000
    -88.845         0.00000     0.00000     0.00000     0.00000
    -88.695         0.00000     0.00000     0.00000     0.00000
    -88.545         0.00000     0.00000     0.00000     0.00000
    -88.395         0.00000     0.00000     0.00000     0.00000
    -88.245         0.00000     0.00000     0.00000     0.00000
    -88.095         0.00000     0.00000     0.00000     0.00000
    -87.945         0.00000     0.00000     0.00000     0.00000
    -87.795         0.00000     0.00000     0.00000     0.00000
    -87.645         0.00000     0.00000     0.00000     0.00000
    -87.495         0.00000     0.00000     0.00000     0.00000
    -87.345         0.00000     0.00000     0.00000     0.00000
    -87.195         0.00000     0.00000     0.00000     0.00000
    -87.045         0.00000     0.00000     0.00000     0.00000
    -86.895         0.00000     0.00000     0.00000     0.00000
    -86.745         0.00000     0.00000     0.00000     0.00000
    -86.595         0.00000     0.00000     0.00000     0.00000
    -86.445         0.00000     0.00000     0.00000     0.00000
    -86.295         0.00000     0.00000     0.00000     0.00000
    -86.145         0.00000     0.00000     0.00000     0.00000
    -85.995         0.00000     0.00000     0.00000     0.00000
    -85.845         0.00000     0.00000     0.00000     0.00000
    -85.695         0.00000     0.00000     0.00000     0.00000
    -85.545         0.00000     0.00000     0.00000     0.00000
    -85.395         0.00000     0.00000     0.00000     0.00000
    -85.245         0.00000     0.00000     0.00000     0.00000
    -85.095         0.00000     0.00000     0.00000     0.00000
    -84.945         0.00000     0.00000     0.00000     0.00000
    -84.795         0.00000     0.00000     0.00000     0.00000
    -84.645         0.00000     0.00000     0.00000     0.00000
    -84.495         0.00000     0.00000     0.00000     0.00000
    -84.345         0.00000     0.00000     0.00000     0.00000
    -84.195         0.00000     0.00000     0.00000     0.00000
    -84.045         0.00000     0.00000     0.00000     0.00000
    -83.895         0.00000     0.00000     0.00000     0.00000
    -83.745         0.00000     0.00000     0.00000     0.00000
    -83.595         0.00000     0.00000     0.00000     0.00000
    -83.445         0.00000     0.00000     0.00000     0.00000
    -83.295         0.00000     0.00000     0.00000     0.00000
    -83.145         0.00000     0.00000     0.00000     0.00000
    -82.995         0.00000     0.00000     0.00000     0.00000
    -82.845         0.00000     0.00000     0.00000     0.00000
    -82.695         0.00000     0.00000     0.00000     0.00000
    -82.545         0.00000     0.00000     0.00000     0.00000
    -82.395         0.00000     0.00000     0.00000     0.00000
    -82.245         0.00000     0.00000     0.00000     0.00000
    -82.095         0.00000     0.00000     0.00000     0.00000
    -81.945         0.00000     0.00000     0.00000     0.00000
    -81.795         0.00000     0.00000     0.00000     0.00000
    -81.645         0.00000     0.00000     0.00000     0.00000
    -81.495         0.00000     0.00000     0.00000     0.00000
    -81.345         0.00000     0.00000     0.00000     0.00000
    -81.195         0.00000     0.00000     0.00000     0.00000
    -81.045         0.00000     0.00000     0.00000     0.00000
    -80.895         0.00000     0.00000     0.00000     0.00000
    -80.745         0.00000     0.00000     0.00000     0.00000
    -80.595         0.00000     0.00000     0.00000     0.00000
    -80.445         0.00000     0.00000     0.00000     0.00000
    -80.295         0.00000     0.00000     0.00000     0.00000
    -80.145         0.00000     0.00000     0.00000     0.00000
    -79.995         0.00000     0.00000     0.00000     0.00000
    -79.845         0.00000     0.00000     0.00000     0.00000
    -79.695         0.00000     0.00000     0.00000     0.00000
    -79.545         0.00000     0.00000     0.00000     0.00000
    -79.395         0.00000     0.00000     0.00000     0.00000
    -79.245         0.00000     0.00000     0.00000     0.00000
    -79.095         0.00000     0.00000     0.00000     0.00000
    -78.945         0.00000     0.00000     0.00000     0.00000
    -78.795         0.00000     0.00000     0.00000     0.00000
    -78.645         0.00000     0.00000     0.00000     0.00000
    -78.495         0.00000     0.00000     0.00000     0.00000
    -78.345         0.00000     0.00000     0.00000     0.00000
    -78.195         0.00000     0.00000     0.00000     0.00000
    -78.045         0.00000     0.00000     0.00000     0.00000
    -77.895         0.00000     0.00000     0.00000     0.00000
    -77.745         0.00000     0.00000     0.00000     0.00000
    -77.595         0.00000     0.00000     0.00000     0.00000
    -77.445         0.00000     0.00000     0.00000     0.00000
    -77.295         0.00000     0.00000     0.00000     0.00000
    -77.145         0.00000     0.00000     0.00000     0.00000
    -76.995         0.00000     0.00000     0.00000     0.00000
    -76.845         0.00000     0.00000     0.00000     0.00000
    -76.695         0.00000     0.00000     0.00000     0.00000
    -76.545         0.00000     0.00000     0.00000     0.00000
    -76.395         0.00000     0.00000     0.00000     0.00000
    -76.245         0.00000     0.00000     0.00000     0.00000
    -76.095         0.00000     0.00000     0.00000     0.00000
    -75.945         0.00000     0.00000     0.00000     0.00000
    -75.795         0.00000     0.00000     0.00000     0.00000
    -75.645         0.00000     0.00000     0.00000     0.00000
    -75.495         0.00000     0.00000     0.00000     0.00000
    -75.345         0.00000     0.00000     0.00000     0.00000
    -75.195         0.00000     0.00000     0.00000     0.00000
    -75.045         0.00000     0.00000     0.00000     0.00000
    -74.895         0.00000     0.00000     0.00000     0.00000
    -74.745         0.00000     0.00000     0.00000     0.00000
    -74.595         0.00000     0.00000     0.00000     0.00000
    -74.445         0.00000     0.00000     0.00000     0.00000
    -74.295         0.00000     0.00000     0.00000     0.00000
    -74.145         0.00000     0.00000     0.00000     0.00000
    -73.995         0.00000     0.00000     0.00000     0.00000
    -73.845         0.00000     0.00000     0.00000     0.00000
    -73.695         0.00000     0.00000     0.00000     0.00000
    -73.545         0.00000     0.00000     0.00000     0.00000
    -73.395         0.00000     0.00000     0.00000     0.00000
    -73.245         0.00000     0.00000     0.00000     0.00000
    -73.095         0.00000     0.00000     0.00000     0.00000
    -72.945         0.00000     0.00000     0.00000     0.00000
    -72.795         0.00000     0.00000     0.00000     0.00000
    -72.645         0.00000     0.00000     0.00000     0.00000
    -72.495         0.00000     0.00000     0.00000     0.00000
    -72.345         0.00000     0.00000     0.00000     0.00000
    -72.195         0.00000     0.00000     0.00000     0.00000
    -72.045         0.00000     0.00000     0.00000     0.00000
    -71.895         0.00000     0.00000     0.00000     0.00000
    -71.745         0.00000     0.00000     0.00000     0.00000
    -71.595         0.00000     0.00000     0.00000     0.00000
    -71.445         0.00000     0.00000     0.00000     0.00000
    -71.295         0.00000     0.00000     0.00000     0.00000
    -71.145         0.00000     0.00000     0.00000     0.00000
    -70.995         0.00000     0.00000     0.00000     0.00000
    -70.845         0.00000     0.00000     0.00000     0.00000
    -70.695         0.00000     0.00000     0.00000     0.00000
    -70.545         0.00000     0.00000     0.00000     0.00000
    -70.395         0.00000     0.00000     0.00000     0.00000
    -70.245         0.00000     0.00000     0.00000     0.00000
    -70.095         0.00000     0.00000     0.00000     0.00000
    -69.945         0.00000     0.00000     0.00000     0.00000
    -69.795         0.00000     0.00000     0.00000     0.00000
    -69.645         0.00000     0.00000     0.00000     0.00000
    -69.495         0.00000     0.00000     0.00000     0.00000
    -69.345         0.00000     0.00000     0.00000     0.00000
    -69.195         0.00000     0.00000     0.00000     0.00000
    -69.045         0.00000     0.00000     0.00000     0.00000
    -68.895         0.00000     0.00000     0.00000     0.00000
    -68.745         0.00000     0.00000     0.00000     0.00000
    -68.595         0.00000     0.00000     0.00000     0.00000
    -68.445         0.00000     0.00000     0.00000     0.00000
    -68.295         0.00000     0.00000     0.00000     0.00000
    -68.145         0.00000     0.00000     0.00000     0.00000
    -67.995         0.00000     0.00000     0.00000     0.00000
    -67.845         0.00000     0.00000     0.00000     0.00000
    -67.695         0.00000     0.00000     0.00000     0.00000
    -67.545         0.00000     0.00000     0.00000     0.00000
    -67.395         0.00000     0.00000     0.00000     0.00000
    -67.245         0.00000     0.00000     0.00000     0.00000
    -67.095         0.00000     0.00000     0.00000     0.00000
    -66.945         0.00000     0.00000     0.00000     0.00000
    -66.795         0.00000     0.00000     0.00000     0.00000
    -66.645         0.00000     0.00000     0.00000     0.00000
    -66.495         0.00000     0.00000     0.00000     0.00000
    -66.345         0.00000     0.00000     0.00000     0.00000
    -66.195         0.00000     0.00000     0.00000     0.00000
    -66.045         0.00000     0.00000     0.00000     0.00000
    -65.895         0.00000     0.00000     0.00000     0.00000
    -65.745         0.00000     0.00000     0.00000     0.00000
    -65.595         0.00000     0.00000     0.00000     0.00000
    -65.445         0.00000     0.00000     0.00000     0.00000
    -65.295         0.00000     0.00000     0.00000     0.00000
    -65.145         0.00000     0.00000     0.00000     0.00000
    -64.995         0.00000     0.00000     0.00000     0.00000
    -64.845         0.00000     0.00000     0.00000     0.00000
    -64.695         0.00000     0.00000     0.00000     0.00000
    -64.545         0.00000     0.00000     0.00000     0.00000
    -64.395         0.00000     0.00000     0.00000     0.00000
    -64.245         0.00000     0.00000     0.00000     0.00000
    -64.095         0.00000     0.00000     0.00000     0.00000
    -63.945         0.00000     0.00000     0.00000     0.00000
    -63.795         0.00000     0.00000     0.00000     0.00000
    -63.645         0.00000     0.00000     0.00000     0.00000
    -63.495         0.00000     0.00000     0.00000     0.00000
    -63.345         0.00000     0.00000     0.00000     0.00000
    -63.195         0.00000     0.00000     0.00000     0.00000
    -63.045         0.00000     0.00000     0.00000     0.00000
    -62.895         0.00000     0.00000     0.00000     0.00000
    -62.745         0.00000     0.00000     0.00000     0.00000
    -62.595         0.00000     0.00000     0.00000     0.00000
    -62.445         0.00000     0.00000     0.00000     0.00000
    -62.295         0.00000     0.00000     0.00000     0.00000
    -62.145         0.00000     0.00000     0.00000     0.00000
    -61.995         0.00000     0.00000     0.00000     0.00000
    -61.845         0.00000     0.00000     0.00000     0.00000
    -61.695         0.00000     0.00000     0.00000     0.00000
    -61.545         0.00000     0.00000     0.00000     0.00000
    -61.395         0.00000     0.00000     0.00000     0.00000
    -61.245         0.00000     0.00000     0.00000     0.00000
    -61.095         0.00000     0.00000     0.00000     0.00000
    -60.945         0.00000     0.00000     0.00000     0.00000
    -60.795         0.00000     0.00000     0.00000     0.00000
    -60.645         0.00000     0.00000     0.00000     0.00000
    -60.495         0.00000     0.00000     0.00000     0.00000
    -60.345         0.00000     0.00000     0.00000     0.00000
    -60.195         0.00000     0.00000     0.00000     0.00000
    -60.045         0.00000     0.00000     0.00000     0.00000
    -59.895         0.00000     0.00000     0.00000     0.00000
    -59.745         0.00000     0.00000     0.00000     0.00000
    -59.595         0.00000     0.00000     0.00000     0.00000
    -59.445         0.00000     0.00000     0.00000     0.00000
    -59.295         0.00000     0.00000     0.00000     0.00000
    -59.145         0.00000     0.00000     0.00000     0.00000
    -58.995         0.00000     0.00000     0.00000     0.00000
    -58.845         0.00000     0.00000     0.00000     0.00000
    -58.695         0.00000     0.00000     0.00000     0.00000
    -58.545         0.00000     0.00000     0.00000     0.00000
    -58.395         0.00000     0.00000     0.00000     0.00000
    -58.245         0.00000     0.00000     0.00000     0.00000
    -58.095         0.00000     0.00000     0.00000     0.00000
    -57.945         0.00000     0.00000     0.00000     0.00000
    -57.795         0.00000     0.00000     0.00000     0.00000
    -57.645         0.00000     0.00000     0.00000     0.00000
    -57.495         0.00000     0.00000     0.00000     0.00000
    -57.345         0.00000     0.00000     0.00000     0.00000
    -57.195         0.00000     0.00000     0.00000     0.00000
    -57.045         0.00000     0.00000     0.00000     0.00000
    -56.895         0.00000     0.00000     0.00000     0.00000
    -56.745         0.00000     0.00000     0.00000     0.00000
    -56.595         0.00000     0.00000     0.00000     0.00000
    -56.445         0.00000     0.00000     0.00000     0.00000
    -56.295         0.00000     0.00000     0.00000     0.00000
    -56.145         0.00000     0.00000     0.00000     0.00000
    -55.995         0.00000     0.00000     0.00000     0.00000
    -55.845         0.00000     0.00000     0.00000     0.00000
    -55.695         0.00000     0.00000     0.00000     0.00000
    -55.545         0.00000     0.00000     0.00000     0.00000
    -55.395         0.00000     0.00000     0.00000     0.00000
    -55.245         0.00000     0.00000     0.00000     0.00000
    -55.095         0.00000     0.00000     0.00000     0.00000
    -54.945         0.00000     0.00000     0.00000     0.00000
    -54.795         0.00000     0.00000     0.00000     0.00000
    -54.645         0.00000     0.00000     0.00000     0.00000
    -54.495         0.00000     0.00000     0.00000     0.00000
    -54.345         0.00000     0.00000     0.00000     0.00000
    -54.195         0.00000     0.00000     0.00000     0.00000
    -54.045         0.00000     0.00000     0.00000     0.00000
    -53.895         0.00000     0.00000     0.00000     0.00000
    -53.745         0.00000     0.00000     0.00000     0.00000
    -53.595         0.00000     0.00000     0.00000     0.00000
    -53.445         0.00000     0.00000     0.00000     0.00000
    -53.295         0.00000     0.00000     0.00000     0.00000
    -53.145         0.00000     0.00000     0.00000     0.00000
    -52.995         0.00000     0.00000     0.00000     0.00000
    -52.845         0.00000     0.00000     0.00000     0.00000
    -52.695         0.00000     0.00000     0.00000     0.00000
    -52.545         0.00000     0.00000     0.00000     0.00000
    -52.395         0.00000     0.00000     0.00000     0.00000
    -52.245         0.00000     0.00000     0.00000     0.00000
    -52.095         0.00000     0.00000     0.00000     0.00000
    -51.945         0.00000     0.00000     0.00000     0.00000
    -51.795         0.00000     0.00000     0.00000     0.00000
    -51.645         0.00000     0.00000     0.00000     0.00000
    -51.495         0.00000     0.00000     0.00000     0.00000
    -51.345         0.00000     0.00000     0.00000     0.00000
    -51.195         0.00000     0.00000     0.00000     0.00000
    -51.045         0.00000     0.00000     0.00000     0.00000
    -50.895         0.00000     0.00000     0.00000     0.00000
    -50.745         0.00000     0.00000     0.00000     0.00000
    -50.595         0.00000     0.00000     0.00000     0.00000
    -50.445         0.00000     0.00000     0.00000     0.00000
    -50.295         0.00000     0.00000     0.00000     0.00000
    -50.145         0.00000     0.00000     0.00000     0.00000
    -49.995         0.00000     0.00000     0.00000     0.00000
    -49.845         0.00000     0.00000     0.00000     0.00000
    -49.695         0.00000     0.00000     0.00000     0.00000
    -49.545         0.00000     0.00000     0.00000     0.00000
    -49.395         0.00000     0.00000     0.00000     0.00000
    -49.245         0.00000     0.00000     0.00000     0.00000
    -49.095         0.00000     0.00000     0.00000     0.00000
    -48.945         0.00000     0.00000     0.00000     0.00000
    -48.795         0.00000     0.00000     0.00000     0.00000
    -48.645         0.00000     0.00000     0.00000     0.00000
    -48.495         0.00000     0.00000     0.00000     0.00000
    -48.345         0.00000     0.00000     0.00000     0.00000
    -48.195         0.00000     0.00000     0.00000     0.00000
    -48.045         0.00000     0.00000     0.00000     0.00000
    -47.895         0.00000     0.00000     0.00000     0.00000
    -47.745         0.00000     0.00000     0.00000     0.00000
    -47.595         0.00000     0.00000     0.00000     0.00000
    -47.445         0.00000     0.00000     0.00000     0.00000
    -47.295         0.00000     0.00000     0.00000     0.00000
    -47.145         0.00000     0.00000     0.00000     0.00000
    -46.995         0.00000     0.00000     0.00000     0.00000
    -46.845         0.00000     0.00000     0.00000     0.00000
    -46.695         0.00000     0.00000     0.00000     0.00000
    -46.545         0.00000     0.00000     0.00000     0.00000
    -46.395         0.00000     0.00000     0.00000     0.00000
    -46.245         0.00000     0.00000     0.00000     0.00000
    -46.095         0.00000     0.00000     0.00000     0.00000
    -45.945         0.00000     0.00000     0.00000     0.00000
    -45.795         0.00000     0.00000     0.00000     0.00000
    -45.645         0.00000     0.00000     0.00000     0.00000
    -45.495         0.00000     0.00000     0.00000     0.00000
    -45.345         0.00000     0.00000     0.00000     0.00000
    -45.195         0.00000     0.00000     0.00000     0.00000
    -45.045         0.00000     0.00000     0.00000     0.00000
    -44.895         0.00000     0.00000     0.00000     0.00000
    -44.745         0.00000     0.00000     0.00000     0.00000
    -44.595         0.00000     0.00000     0.00000     0.00000
    -44.445         0.00000     0.00000     0.00000     0.00000
    -44.295         0.00000     0.00000     0.00000     0.00000
    -44.145         0.00000     0.00000     0.00000     0.00000
    -43.995         0.00000     0.00000     0.00000     0.00000
    -43.845         0.00000     0.00000     0.00000     0.00000
    -43.695         0.00000     0.00000     0.00000     0.00000
    -43.545         0.00000     0.00000     0.00000     0.00000
    -43.395         0.00000     0.00000     0.00000     0.00000
    -43.245         0.00000     0.00000     0.00000     0.00000
    -43.095         0.00000     0.00000     0.00000     0.00000
    -42.945         0.00000     0.00000     0.00000     0.00000
    -42.795         0.00000     0.00000     0.00000     0.00000
    -42.645         0.00000     0.00000     0.00000     0.00000
    -42.495         0.00000     0.00000     0.00000     0.00000
    -42.345         0.00000     0.00000     0.00000     0.00000
    -42.195         0.00000     0.00000     0.00000     0.00000
    -42.045         0.00000     0.00000     0.00000     0.00000
    -41.895         0.00000     0.00000     0.00000     0.00000
    -41.745         0.00000     0.00000     0.00000     0.00000
    -41.595         0.00000     0.00000     0.00000     0.00000
    -41.445         0.00000     0.00000     0.00000     0.00000
    -41.295         0.00000     0.00000     0.00000     0.00000
    -41.145         0.00000     0.00000     0.00000     0.00000
    -40.995         0.00000     0.00000     0.00000     0.00000
    -40.845         0.00000     0.00000     0.00000     0.00000
    -40.695         0.00000     0.00000     0.00000     0.00000
    -40.545         0.00000     0.00000     0.00000     0.00000
    -40.395         0.00000     0.00000     0.00000     0.00000
    -40.245         0.00000     0.00000     0.00000     0.00000
    -40.095         0.00000     0.00000     0.00000     0.00000
    -39.945         0.00000     0.00000     0.00000     0.00000
    -39.795         0.00000     0.00000     0.00000     0.00000
    -39.645         0.00000     0.00000     0.00000     0.00000
    -39.495         0.00000     0.00000     0.00000     0.00000
    -39.345         0.00000     0.00000     0.00000     0.00000
    -39.195         0.00000     0.00000     0.00000     0.00000
    -39.045         0.00000     0.00000     0.00000     0.00000
    -38.895         0.00000     0.00000     0.00000     0.00000
    -38.745         0.00000     0.00000     0.00000     0.00000
    -38.595         0.00000     0.00000     0.00000     0.00000
    -38.445         0.00000     0.00000     0.00000     0.00000
    -38.295         0.00000     0.00000     0.00000     0.00000
    -38.145         0.00000     0.00000     0.00000     0.00000
    -37.995         0.00000     0.00000     0.00000     0.00000
    -37.845         0.00000     0.00000     0.00000     0.00000
    -37.695         0.00000     0.00000     0.00000     0.00000
    -37.545         0.00000     0.00000     0.00000     0.00000
    -37.395         0.00000     0.00000     0.00000     0.00000
    -37.245         0.00000     0.00000     0.00000     0.00000
    -37.095         0.00000     0.00000     0.00000     0.00000
    -36.945         0.00000     0.00000     0.00000     0.00000
    -36.795         0.00000     0.00000     0.00000     0.00000
    -36.645         0.00000     0.00000     0.00000     0.00000
    -36.495         0.00000     0.00000     0.00000     0.00000
    -36.345         0.00000     0.00000     0.00000     0.00000
    -36.195         0.00000     0.00000     0.00000     0.00000
    -36.045         0.00000     0.00000     0.00000     0.00000
    -35.895         0.00000     0.00000     0.00000     0.00000
    -35.745         0.00000     0.00000     0.00000     0.00000
    -35.595         0.00000     0.00000     0.00000     0.00000
    -35.445         0.00000     0.00000     0.00000     0.00000
    -35.295         0.00000     0.00000     0.00000     0.00000
    -35.145         0.00000     0.00000     0.00000     0.00000
    -34.995         0.00000     0.00000     0.00000     0.00000
    -34.845         0.00000     0.00000     0.00000     0.00000
    -34.695         0.00000     0.00000     0.00000     0.00000
    -34.545         0.00000     0.00000     0.00000     0.00000
    -34.395         0.00000     0.00000     0.00000     0.00000
    -34.245         0.00000     0.00000     0.00000     0.00000
    -34.095         0.00000     0.00000     0.00000     0.00000
    -33.945         0.00000     0.00000     0.00000     0.00000
    -33.795         0.00000     0.00000     0.00000     0.00000
    -33.645         0.00000     0.00000     0.00000     0.00000
    -33.495         0.00000     0.00000     0.00000     0.00000
    -33.345         0.00000     0.00000     0.00000     0.00000
    -33.195         0.00000     0.00000     0.00000     0.00000
    -33.045         0.00000     0.00000     0.00000     0.00000
    -32.895         0.00000     0.00000     0.00000     0.00000
    -32.745         0.00000     0.00000     0.00000     0.00000
    -32.595         0.00000     0.00000     0.00000     0.00000
    -32.445         0.00000     0.00000     0.00000     0.00000
    -32.295         0.00000     0.00000     0.00000     0.00000
    -32.145         0.00000     0.00000     0.00000     0.00000
    -31.995         0.00000     0.00000     0.00000     0.00000
    -31.845         0.00000     0.00000     0.00000     0.00000
    -31.695         0.00000     0.00000     0.00000     0.00000
    -31.545         0.00000     0.00000     0.00000     0.00000
    -31.395         0.00000     0.00000     0.00000     0.00000
    -31.245         0.00000     0.00000     0.00000     0.00000
    -31.095         0.00000     0.00000     0.00000     0.00000
    -30.945         0.00000     0.00000     0.00000     0.00000
    -30.795         0.00000     0.00000     0.00000     0.00000
    -30.645         0.00000     0.00000     0.00000     0.00000
    -30.495         0.00000     0.00000     0.00000     0.00000
    -30.345         0.00000     0.00000     0.00000     0.00000
    -30.195         0.00000     0.00000     0.00000     0.00000
    -30.045         0.00000     0.00000     0.00000     0.00000
    -29.895         0.00000     0.00000     0.00000     0.00000
    -29.745         0.00000     0.00000     0.00000     0.00000
    -29.595         0.00000     0.00000     0.00000     0.00000
    -29.445         0.00000     0.00000     0.00000     0.00000
    -29.295         0.00000     0.00000     0.00000     0.00000
    -29.145         0.00000     0.00000     0.00000     0.00000
    -28.995         0.00000     0.00000     0.00000     0.00000
    -28.845         0.00000     0.00000     0.00000     0.00000
    -28.695         0.00000     0.00000     0.00000     0.00000
    -28.545         0.00000     0.00000     0.00000     0.00000
    -28.395         0.00000     0.00000     0.00000     0.00000
    -28.245         0.00000     0.00000     0.00000     0.00000
    -28.095         0.00000     0.00000     0.00000     0.00000
    -27.945         0.00000     0.00000     0.00000     0.00000
    -27.795         0.00000     0.00000     0.00000     0.00000
    -27.645         0.00000     0.00000     0.00000     0.00000
    -27.495         0.00000     0.00000     0.00000     0.00000
    -27.345         0.00000     0.00000     0.00000     0.00000
    -27.195         0.00000     0.00000     0.00000     0.00000
    -27.045         0.00000     0.00000     0.00000     0.00000
    -26.895         0.00000     0.00000     0.00000     0.00000
    -26.745         0.00000     0.00000     0.00000     0.00000
    -26.595         0.00000     0.00000     0.00000     0.00000
    -26.445         0.00000     0.00000     0.00000     0.00000
    -26.295         0.00000     0.00000     0.00000     0.00000
    -26.145         0.00000     0.00000     0.00000     0.00000
    -25.995         0.00000     0.00000     0.00000     0.00000
    -25.845         0.00000     0.00000     0.00000     0.00000
    -25.695         0.00000     0.00000     0.00000     0.00000
    -25.545         0.00000     0.00000     0.00000     0.00000
    -25.395         0.00000     0.00000     0.00000     0.00000
    -25.245         0.00000     0.00000     0.00000     0.00000
    -25.095         0.00000     0.00000     0.00000     0.00000
    -24.945         0.00000     0.00000     0.00000     0.00000
    -24.795         0.00000     0.00000     0.00000     0.00000
    -24.645         0.00000     0.00000     0.00000     0.00000
    -24.495         0.00000     0.00000     0.00000     0.00000
    -24.345         0.00000     0.00000     0.00000     0.00000
    -24.195         0.00000     0.00000     0.00000     0.00000
    -24.045         0.00000     0.00000     0.00000     0.00000
    -23.895         0.00000     0.00000     0.00000     0.00000
    -23.745         0.00000     0.00000     0.00000     0.00000
    -23.595         0.00000     0.00000     0.00000     0.00000
    -23.445         0.00000     0.00000     0.00000     0.00000
    -23.295         0.00000     0.00000     0.00000     0.00000
    -23.145         0.00000     0.00000     0.00000     0.00000
    -22.995         0.00000     0.00000     0.00000     0.00000
    -22.845         0.00000     0.00000     0.00000     0.00000
    -22.695         0.00000     0.00000     0.00000     0.00000
    -22.545         0.00000     0.00000     0.00000     0.00000
    -22.395         0.00000     0.00000     0.00000     0.00000
    -22.245         0.00000     0.00000     0.00000     0.00000
    -22.095         0.00000     0.00000     0.00000     0.00000
    -21.945         0.00000     0.00000     0.00000     0.00000
    -21.795         0.00000     0.00000     0.00000     0.00000
    -21.645         0.00000     0.00000     0.00000     0.00000
    -21.495         0.00000     0.00000     0.00000     0.00000
    -21.345         0.00000     0.00000     0.00000     0.00000
    -21.195         0.00000     0.00000     0.00000     0.00000
    -21.045         0.00000     0.00000     0.00000     0.00000
    -20.895         0.00000     0.00000     0.00000     0.00000
    -20.745         0.00000     0.00000     0.00000     0.00000
    -20.595         0.00000     0.00000     0.00000     0.00000
    -20.445         0.00000     0.00000     0.00000     0.00000
    -20.295         0.00000     0.00000     0.00000     0.00000
    -20.145         0.00000     0.00000     0.00000     0.00000
    -19.995         0.00000     0.00000     0.00000     0.00000
    -19.845         0.00000     0.00000     0.00000     0.00000
    -19.695         0.00000     0.00000     0.00000     0.00000
    -19.545         0.00000     0.00000     0.00000     0.00000
    -19.395         0.00000     0.00000     0.00000     0.00000
    -19.245         0.00000     0.00000     0.00000     0.00000
    -19.095         0.00000     0.00000     0.00000     0.00000
    -18.945         0.00000     0.00000     0.00000     0.00000
    -18.795         0.00000     0.00000     0.00000     0.00000
    -18.645         0.00000     0.00000     0.00000     0.00000
    -18.495         0.00000     0.00000     0.00000     0.00000
    -18.345         0.00000     0.00000     0.00000     0.00000
    -18.195         0.00000     0.00000     0.00000     0.00000
    -18.045         0.00000     0.00000     0.00000     0.00000
    -17.895         0.00000     0.00000     0.00000     0.00000
    -17.745         0.00000     0.00000     0.00000     0.00000
    -17.595         0.00000     0.00000     0.00000     0.00000
    -17.445         0.00000     0.00000     0.00000     0.00000
    -17.295         0.00000     0.00000     0.00000     0.00000
    -17.145         0.00000     0.00000     0.00000     0.00000
    -16.995         0.00000     0.00000     0.00000     0.00000
    -16.845         0.00000     0.00000     0.00000     0.00000
    -16.695         0.00000     0.00000     0.00000     0.00000
    -16.545         0.00000     0.00000     0.00000     0.00000
    -16.395         0.00000     0.00000     0.00000     0.00000
    -16.245         0.00000     0.00000     0.00000     0.00000
    -16.095         0.00000     0.00000     0.00000     0.00000
    -15.945         0.00000     0.00000     0.00000     0.00000
    -15.795         0.00000     0.00000     0.00000     0.00000
    -15.645         0.00000     0.00000     0.00000     0.00000
    -15.495         0.00000     0.00000     0.00000     0.00000
    -15.345         0.00000     0.00000     0.00000     0.00000
    -15.195         0.00000     0.00000     0.00000     0.00000
    -15.045         0.00000     0.00000     0.00000     0.00000
    -14.895         0.00000     0.00000     0.00000     0.00000
    -14.745         0.00000     0.00000     0.00000     0.00000
    -14.595         0.00000     0.00000     0.00000     0.00000
    -14.445         0.00000     0.00000     0.00000     0.00000
    -14.295         0.00000     0.00000     0.00000     0.00000
    -14.145         0.00000     0.00000     0.00000     0.00000
    -13.995         0.00000     0.00000     0.00000     0.00000
    -13.845         0.00000     0.00000     0.00000     0.00000
    -13.695         0.00000     0.00000     0.00000     0.00000
    -13.545         0.00000     0.00000     0.00000     0.00000
    -13.395         0.00000     0.00000     0.00000     0.00000
    -13.245         0.00000     0.00000     0.00000     0.00000
    -13.095         0.00000     0.00000     0.00000     0.00000
    -12.945         0.00000     0.00000     0.00000     0.00000
    -12.795         0.00000     0.00000     0.00000     0.00000
    -12.645         0.00000     0.00000     0.00000     0.00000
    -12.495         0.00000     0.00000     0.00000     0.00000
    -12.345         0.00000     0.00000     0.00000     0.00000
    -12.195         0.00000     0.00000     0.00000     0.00000
    -12.045         0.00000     0.00000     0.00000     0.00000
    -11.895         0.00000     0.00000     0.00000     0.00000
    -11.745         0.00000     0.00000     0.00000     0.00000
    -11.595         0.00000     0.00000     0.00000     0.00000
    -11.445         0.00000     0.00000     0.00000     0.00000
    -11.295         0.00000     0.00000     0.00000     0.00000
    -11.145         0.00000     0.00000     0.00000     0.00000
    -10.995         0.00000     0.00000     0.00000     0.00000
    -10.845         0.00000     0.00000     0.00000     0.00000
    -10.695         0.00000     0.00000     0.00000     0.00000
    -10.545         0.00000     0.00000     0.00000     0.00000
    -10.395         0.00000     0.00000     0.00000     0.00000
    -10.245         0.00000     0.00000     0.00000     0.00000
    -10.095         0.00000     0.00000     0.00000     0.00000
    -9.9450         0.00000     0.00000     0.00000     0.00000
    -9.7950         0.00000     0.00000     0.00000     0.00000
    -9.6450         0.00000     0.00000     0.00000     0.00000
    -9.4950         0.00000     0.00000     0.00000     0.00000
    -9.3450         0.00000     0.00000     0.00000     0.00000
    -9.1950         0.00000     0.00000     0.00000     0.00000
    -9.0450         0.00000     0.00000     0.00000     0.00000
    -8.8950         0.00000     0.00000     0.00000     0.00000
    -8.7450         0.00000     0.00000     0.00000     0.00000
    -8.5950         0.00000     0.00000     0.00000     0.00000
    -8.4450         0.00000     0.00000     0.00000     0.00000
    -8.2950         0.00000     0.00000     0.00000     0.00000
    -8.1450         0.00000     0.00000     0.00000     0.00000
    -7.9950         0.00000     0.00000     0.00000     0.00000
    -7.8450         0.00000     0.00000     0.00000     0.00000
    -7.6950         0.00000     0.00000     0.00000     0.00000
    -7.5450         0.00000     0.00000     0.00000     0.00000
    -7.3950         0.00000     0.00000     0.00000     0.00000
    -7.2450         0.00000     0.00000     0.00000     0.00000
    -7.0950         0.00000     0.00000     0.00000     0.00000
    -6.9450         0.00000     0.00000     0.00000     0.00000
    -6.7950         0.00000     0.00000     0.00000     0.00000
    -6.6450         0.00000     0.00000     0.00000     0.00000
    -6.4950         0.00000     0.00000     0.00000     0.00000
    -6.3450         0.00000     0.00000     0.00000     0.00000
    -6.1950         0.00000     0.00000     0.00000     0.00000
    -6.0450         0.00000     0.00000     0.00000     0.00000
    -5.8950         0.00000     0.00000     0.00000     0.00000
    -5.7450         0.00000     0.00000     0.00000     0.00000
    -5.5950         0.00000     0.00000     0.00000     0.00000
    -5.4450         0.00000     0.00000     0.00000     0.00000
    -5.2950         0.00000     0.00000     0.00000     0.00000
    -5.1450         0.00000     0.00000     0.00000     0.00000
    -4.9950         0.00000     0.00000     0.00000     0.00000
    -4.8450         0.00000     0.00000     0.00000     0.00000
    -4.6950         0.00000     0.00000     0.00000     0.00000
    -4.5450         0.00000     0.00000     0.00000     0.00000
    -4.3950         0.00000     0.00000     0.00000     0.00000
    -4.2450         0.00000     0.00000     0.00000     0.00000
    -4.0950         0.00000     0.00000     0.00000     0.00000
    -3.9450         0.00000     0.00000     0.00000     0.00000
    -3.7950         0.00000     0.00000     0.00000     0.00000
    -3.6450         0.00000     0.00000     0.00000     0.00000
    -3.4950         0.00000     0.00000     0.00000     0.00000
    -3.3450         0.00000     0.00000     0.00000     0.00000
    -3.1950         0.00000     0.00000     0.00000     0.00000
    -3.0450         0.00000     0.00000     0.00000     0.00000
    -2.8950         0.00000     0.00000     0.00000     0.00000
    -2.7450         0.00000     0.00000     0.00000     0.00000
    -2.5950         0.00000     0.00000     0.00000     0.00000
    -2.4450         0.00000     0.00000     0.00000     0.00000
    -2.2950         0.00000     0.00000     0.00000     0.00000
    -2.1450         0.00000     0.00000     0.00000     0.00000
    -1.9950         0.00000     0.00000     0.00000     0.00000
    -1.8450         0.00000     0.00000     0.00000     0.00000
    -1.6950         0.00000     0.00000     0.00000     0.00000
    -1.5450         0.00000     0.00000     0.00000     0.00000
    -1.3950         0.00000     0.00000     0.00000     0.00000
    -1.2450         0.00000     0.00000     0.00000     0.00000
    -1.0950         0.00000     0.00000     0.00000     0.00000
   -0.94500         0.00000     0.00000     0.00000     0.00000
   -0.79500         0.00000     0.00000     0.00000     0.00000
   -0.64500         0.00003     0.00003     0.00000     0.00000
   -0.49500         0.00023     0.00007     0.00000     0.00016
   -0.34500        -0.54888     0.00284    -0.00105    -0.55067
   -0.22700        -1.19055     0.00269    -0.00255    -1.19069
   -0.21300        -1.26467     0.00292    -0.00272    -1.26487
   -0.20700        -1.33708     0.00296    -0.00304    -1.33700
   -0.20100        -1.40850     0.00280    -0.00329    -1.40802
   -0.19500        -1.47775     0.00274    -0.00362    -1.47686
   -0.18900        -1.54617     0.00254    -0.00397    -1.54474
   -0.18300        -1.61094     0.00241    -0.00426    -1.60909
   -0.17700        -1.67503     0.00223    -0.00461    -1.67264
   -0.17100        -1.73732     0.00226    -0.00495    -1.73463
   -0.16500        -1.79654     0.00251    -0.00525    -1.79380
   -0.15900        -1.85536     0.00280    -0.00562    -1.85253
   -0.15300        -1.91189     0.00281    -0.00593    -1.90877
   -0.14700        -1.96805     0.00266    -0.00625    -1.96446
   -0.14100        -2.02266     0.00253    -0.00661    -2.01858
   -0.13500        -2.07535     0.00221    -0.00700    -2.07056
   -0.12900        -2.12783     0.00218    -0.00732    -2.12269
   -0.12300        -2.17937     0.00202    -0.00770    -2.17369
   -0.11700        -2.23065     0.00176    -0.00811    -2.22431
   -0.11100        -2.28211     0.00136    -0.00846    -2.27500
   -0.10500        -2.33213     0.00117    -0.00889    -2.32441
   -0.99000E-01    -2.38264     0.00072    -0.00928    -2.37409
   -0.93000E-01    -2.43422     0.00028    -0.00972    -2.42478
   -0.87000E-01    -2.48604    -0.00019    -0.01018    -2.47568
   -0.81000E-01    -2.53849    -0.00056    -0.01065    -2.52727
   -0.75000E-01    -2.59180    -0.00099    -0.01114    -2.57966
   -0.69000E-01    -2.64676    -0.00152    -0.01165    -2.63358
   -0.63000E-01    -2.70393    -0.00213    -0.01221    -2.68960
   -0.57000E-01    -2.76358    -0.00274    -0.01280    -2.74804
   -0.51000E-01    -2.82662    -0.00344    -0.01346    -2.80972
   -0.45000E-01    -2.89418    -0.00424    -0.01424    -2.87570
   -0.39000E-01    -2.96759    -0.00512    -0.01507    -2.94740
   -0.33000E-01    -3.05105    -0.00620    -0.01605    -3.02880
   -0.27000E-01    -3.15012    -0.00751    -0.01728    -3.12533
   -0.21300E-01    -3.22769    -0.00860    -0.01832    -3.20076
   -0.19500E-01    -3.23980    -0.00878    -0.01851    -3.21252
   -0.18900E-01    -3.25223    -0.00895    -0.01869    -3.22458
   -0.18300E-01    -3.26488    -0.00915    -0.01890    -3.23683
   -0.17700E-01    -3.27769    -0.00935    -0.01910    -3.24924
   -0.17100E-01    -3.29075    -0.00955    -0.01932    -3.26188
   -0.16500E-01    -3.30422    -0.00978    -0.01955    -3.27489
   -0.15900E-01    -3.31766    -0.01001    -0.01977    -3.28788
   -0.15300E-01    -3.33128    -0.01026    -0.02003    -3.30099
   -0.14700E-01    -3.34528    -0.01051    -0.02028    -3.31448
   -0.14100E-01    -3.35941    -0.01078    -0.02056    -3.32806
   -0.13500E-01    -3.37384    -0.01107    -0.02086    -3.34191
   -0.12900E-01    -3.38871    -0.01135    -0.02117    -3.35619
   -0.12300E-01    -3.40364    -0.01166    -0.02148    -3.37050
   -0.11700E-01    -3.41920    -0.01196    -0.02182    -3.38541
   -0.11100E-01    -3.43509    -0.01230    -0.02219    -3.40060
   -0.10500E-01    -3.45117    -0.01266    -0.02259    -3.41593
   -0.99000E-02    -3.46790    -0.01303    -0.02303    -3.43184
   -0.93000E-02    -3.48502    -0.01344    -0.02349    -3.44809
   -0.87000E-02    -3.50281    -0.01388    -0.02401    -3.46492
   -0.81000E-02    -3.52127    -0.01436    -0.02457    -3.48234
   -0.75000E-02    -3.54045    -0.01489    -0.02519    -3.50038
   -0.69000E-02    -3.56034    -0.01545    -0.02588    -3.51902
   -0.63000E-02    -3.58129    -0.01611    -0.02670    -3.53848
   -0.57000E-02    -3.60343    -0.01682    -0.02762    -3.55899
   -0.51000E-02    -3.62700    -0.01765    -0.02874    -3.58061
   -0.45000E-02    -3.65234    -0.01863    -0.03004    -3.60368
   -0.39000E-02    -3.67987    -0.01974    -0.03163    -3.62850
   -0.33000E-02    -3.71019    -0.02106    -0.03362    -3.65551
   -0.27000E-02    -3.74406    -0.02266    -0.03622    -3.68518
   -0.21000E-02    -3.78217    -0.02465    -0.03981    -3.71771
   -0.15000E-02    -3.82351    -0.02718    -0.04532    -3.75100
   -0.90000E-03    -3.87086    -0.03050    -0.05742    -3.78294
   -0.30000E-03    -5.36395    -0.03453    -0.07104    -5.25838
    0.30000E-03    -3.87711    -0.02102    -0.06705    -3.78903
    0.90000E-03    -3.85582    -0.00880    -0.06376    -3.78326
    0.15000E-02    -3.84737    -0.00324    -0.06122    -3.78290
    0.21000E-02    -3.84178     0.00032    -0.05923    -3.78288
    0.27000E-02    -3.83761     0.00287    -0.05762    -3.78287
    0.33000E-02    -3.83432     0.00483    -0.05629    -3.78286
    0.39000E-02    -3.83167     0.00637    -0.05519    -3.78286
    0.45000E-02    -3.82946     0.00764    -0.05426    -3.78285
    0.51000E-02    -3.82760     0.00869    -0.05344    -3.78284
    0.57000E-02    -3.82600     0.00957    -0.05274    -3.78283
    0.63000E-02    -3.82462     0.01031    -0.05212    -3.78281
    0.69000E-02    -3.82341     0.01097    -0.05159    -3.78280
    0.75000E-02    -3.82237     0.01153    -0.05111    -3.78279
    0.81000E-02    -3.82142     0.01204    -0.05069    -3.78277
    0.87000E-02    -3.82059     0.01248    -0.05032    -3.78275
    0.93000E-02    -3.81984     0.01288    -0.04998    -3.78274
    0.99000E-02    -3.81920     0.01321    -0.04969    -3.78272
    0.10500E-01    -3.81860     0.01351    -0.04942    -3.78270
    0.11100E-01    -3.81807     0.01379    -0.04918    -3.78268
    0.11700E-01    -3.81758     0.01403    -0.04896    -3.78266
    0.12300E-01    -3.81716     0.01425    -0.04877    -3.78264
    0.12900E-01    -3.81677     0.01444    -0.04859    -3.78262
    0.13500E-01    -3.81641     0.01461    -0.04842    -3.78259
    0.14100E-01    -3.81607     0.01477    -0.04827    -3.78257
    0.14700E-01    -3.81574     0.01491    -0.04812    -3.78254
    0.15300E-01    -3.81545     0.01505    -0.04799    -3.78251
    0.15900E-01    -3.81518     0.01516    -0.04786    -3.78248
    0.16500E-01    -3.81494     0.01527    -0.04775    -3.78245
    0.17100E-01    -3.81472     0.01536    -0.04765    -3.78242
    0.17700E-01    -3.81451     0.01545    -0.04757    -3.78239
    0.18300E-01    -3.81431     0.01553    -0.04749    -3.78235
    0.18900E-01    -3.81414     0.01560    -0.04742    -3.78232
    0.19500E-01    -3.81397     0.01567    -0.04736    -3.78229
    0.21300E-01    -3.81299     0.01600    -0.04695    -3.78203
    0.27000E-01    -3.81197     0.01621    -0.04659    -3.78159
    0.33000E-01    -3.81115     0.01628    -0.04641    -3.78102
    0.39000E-01    -3.81035     0.01631    -0.04631    -3.78036
    0.45000E-01    -3.80954     0.01634    -0.04624    -3.77964
    0.51000E-01    -3.80868     0.01635    -0.04620    -3.77883
    0.57000E-01    -3.80775     0.01635    -0.04618    -3.77792
    0.63000E-01    -3.80658     0.01644    -0.04605    -3.77698
    0.69000E-01    -3.80550     0.01652    -0.04603    -3.77599
    0.75000E-01    -3.80429     0.01661    -0.04602    -3.77487
    0.81000E-01    -3.80307     0.01669    -0.04598    -3.77378
    0.87000E-01    -3.80167     0.01677    -0.04593    -3.77251
    0.93000E-01    -3.80036     0.01678    -0.04589    -3.77125
    0.99000E-01    -3.79896     0.01686    -0.04586    -3.76995
    0.10500        -3.79752     0.01693    -0.04583    -3.76862
    0.11100        -3.79593     0.01701    -0.04580    -3.76714
    0.11700        -3.79439     0.01708    -0.04577    -3.76570
    0.12300        -3.79283     0.01716    -0.04574    -3.76425
    0.12900        -3.79119     0.01723    -0.04571    -3.76271
    0.13500        -3.78947     0.01729    -0.04568    -3.76108
    0.14100        -3.78774     0.01737    -0.04566    -3.75945
    0.14700        -3.78588     0.01744    -0.04563    -3.75769
    0.15300        -3.78414     0.01751    -0.04561    -3.75604
    0.15900        -3.78212     0.01758    -0.04558    -3.75411
    0.16500        -3.78018     0.01764    -0.04556    -3.75226
    0.17100        -3.77828     0.01771    -0.04553    -3.75047
    0.17700        -3.77631     0.01778    -0.04550    -3.74859
    0.18300        -3.77439     0.01784    -0.04548    -3.74675
    0.18900        -3.77233     0.01791    -0.04545    -3.74479
    0.19500        -3.77035     0.01797    -0.04543    -3.74290
    0.20100        -3.76823     0.01803    -0.04540    -3.74085
    0.20700        -3.76617     0.01810    -0.04538    -3.73889
    0.21300        -3.76408     0.01816    -0.04535    -3.73688
    0.22700        -3.74553     0.01868    -0.04515    -3.71907
    0.34500        -3.68412     0.01988    -0.04466    -3.65935
    0.49500        -3.62198     0.02087    -0.04425    -3.59860
    0.64500        -3.56011     0.02172    -0.04391    -3.53792
    0.79500        -3.50092     0.02244    -0.04360    -3.47976
    0.94500        -3.44254     0.02309    -0.04333    -3.42230
     1.0950        -3.38531     0.02367    -0.04308    -3.36589
     1.2450        -3.33020     0.02420    -0.04285    -3.31155
     1.3950        -3.27801     0.02469    -0.04265    -3.26005
     1.5450        -3.22753     0.02515    -0.04246    -3.21022
     1.6950        -3.17875     0.02556    -0.04228    -3.16203
     1.8450        -3.13109     0.02595    -0.04210    -3.11493
     1.9950        -3.08589     0.02631    -0.04195    -3.07025
     2.1450        -3.04248     0.02664    -0.04180    -3.02732
     2.2950        -3.00096     0.02696    -0.04166    -2.98626
     2.4450        -2.96121     0.02726    -0.04153    -2.94694
     2.5950        -2.92315     0.02755    -0.04140    -2.90929
     2.7450        -2.88642     0.02782    -0.04127    -2.87298
     2.8950        -2.85136     0.02808    -0.04114    -2.83830
     3.0450        -2.81783     0.02833    -0.04102    -2.80515
     3.1950        -2.78545     0.02857    -0.04090    -2.77312
     3.3450        -2.75442     0.02880    -0.04079    -2.74243
     3.4950        -2.72441     0.02902    -0.04069    -2.71274
     3.6450        -2.69546     0.02923    -0.04059    -2.68410
     3.7950        -2.66763     0.02944    -0.04050    -2.65657
     3.9450        -2.64082     0.02963    -0.04040    -2.63005
     4.0950        -2.61501     0.02983    -0.04031    -2.60453
     4.2450        -2.59003     0.03001    -0.04022    -2.57982
     4.3950        -2.56573     0.03019    -0.04013    -2.55578
     4.5450        -2.54233     0.03036    -0.04005    -2.53264
     4.6950        -2.51970     0.03052    -0.03997    -2.51026
     4.8450        -2.49772     0.03069    -0.03988    -2.48852
     4.9950        -2.47641     0.03084    -0.03981    -2.46744
     5.1450        -2.45570     0.03099    -0.03974    -2.44695
     5.2950        -2.43563     0.03114    -0.03967    -2.42711
     5.4450        -2.41601     0.03128    -0.03960    -2.40770
     5.5950        -2.39698     0.03143    -0.03953    -2.38888
     5.7450        -2.37837     0.03156    -0.03946    -2.37047
     5.8950        -2.36029     0.03170    -0.03939    -2.35260
     6.0450        -2.34267     0.03182    -0.03933    -2.33517
     6.1950        -2.32548     0.03195    -0.03926    -2.31816
     6.3450        -2.30868     0.03208    -0.03920    -2.30156
     6.4950        -2.29221     0.03220    -0.03913    -2.28528
     6.6450        -2.27619     0.03232    -0.03908    -2.26944
     6.7950        -2.26055     0.03244    -0.03902    -2.25397
     6.9450        -2.24520     0.03255    -0.03896    -2.23879
     7.0950        -2.23019     0.03266    -0.03891    -2.22394
     7.2450        -2.21550     0.03277    -0.03885    -2.20943
     7.3950        -2.20115     0.03288    -0.03879    -2.19524
     7.5450        -2.18706     0.03299    -0.03874    -2.18130
     7.6950        -2.17325     0.03309    -0.03868    -2.16766
     7.8450        -2.15975     0.03319    -0.03863    -2.15431
     7.9950        -2.14647     0.03329    -0.03858    -2.14118
     8.1450        -2.13340     0.03339    -0.03853    -2.12826
     8.2950        -2.12060     0.03349    -0.03848    -2.11561
     8.4450        -2.10808     0.03358    -0.03843    -2.10323
     8.5950        -2.09576     0.03367    -0.03838    -2.09105
     8.7450        -2.08366     0.03376    -0.03834    -2.07908
     8.8950        -2.07174     0.03385    -0.03829    -2.06730
     9.0450        -2.06008     0.03394    -0.03825    -2.05577
     9.1950        -2.04857     0.03402    -0.03820    -2.04440
     9.3450        -2.03726     0.03411    -0.03816    -2.03321
     9.4950        -2.02608     0.03420    -0.03811    -2.02217
     9.6450        -2.01517     0.03428    -0.03807    -2.01138
     9.7950        -2.00440     0.03436    -0.03803    -2.00073
     9.9450        -1.99380     0.03444    -0.03799    -1.99025
     10.095        -1.98337     0.03452    -0.03795    -1.97994
     10.245        -1.97309     0.03459    -0.03790    -1.96979
     10.395        -1.96297     0.03467    -0.03786    -1.95978
     10.545        -1.95298     0.03475    -0.03782    -1.94991
     10.695        -1.94317     0.03483    -0.03779    -1.94021
     10.845        -1.93351     0.03490    -0.03775    -1.93066
     10.995        -1.92399     0.03497    -0.03771    -1.92125
     11.145        -1.91462     0.03504    -0.03767    -1.91199
     11.295        -1.90533     0.03511    -0.03764    -1.90280
     11.445        -1.89619     0.03518    -0.03760    -1.89377
     11.595        -1.88717     0.03525    -0.03756    -1.88486
     11.745        -1.87825     0.03532    -0.03753    -1.87604
     11.895        -1.86946     0.03538    -0.03749    -1.86735
     12.045        -1.86079     0.03545    -0.03746    -1.85878
     12.195        -1.85221     0.03551    -0.03742    -1.85031
     12.345        -1.84377     0.03558    -0.03739    -1.84197
     12.495        -1.83546     0.03564    -0.03735    -1.83375
     12.645        -1.82722     0.03570    -0.03731    -1.82561
     12.795        -1.81909     0.03577    -0.03728    -1.81757
     12.945        -1.81108     0.03583    -0.03725    -1.80966
     13.095        -1.80315     0.03588    -0.03722    -1.80181
     13.245        -1.79530     0.03594    -0.03719    -1.79406
     13.395        -1.78754     0.03600    -0.03716    -1.78639
     13.545        -1.77989     0.03606    -0.03712    -1.77882
     13.695        -1.77233     0.03611    -0.03709    -1.77135
     13.845        -1.76486     0.03617    -0.03706    -1.76396
     13.995        -1.75746     0.03623    -0.03703    -1.75666
     14.145        -1.75014     0.03628    -0.03700    -1.74942
     14.295        -1.74291     0.03634    -0.03698    -1.74227
     14.445        -1.73576     0.03639    -0.03694    -1.73520
     14.595        -1.72871     0.03645    -0.03692    -1.72823
     14.745        -1.72171     0.03649    -0.03689    -1.72131
     14.895        -1.71479     0.03655    -0.03686    -1.71448
     15.045        -1.70796     0.03660    -0.03683    -1.70773
     15.195        -1.70116     0.03665    -0.03680    -1.70101
     15.345        -1.69447     0.03670    -0.03678    -1.69440
     15.495        -1.68786     0.03675    -0.03675    -1.68786
     15.645        -1.68131     0.03680    -0.03672    -1.68139
     15.795        -1.67481     0.03685    -0.03670    -1.67497
     15.945        -1.66837     0.03690    -0.03667    -1.66860
     16.095        -1.66200     0.03695    -0.03665    -1.66230
     16.245        -1.65568     0.03700    -0.03662    -1.65606
     16.395        -1.64942     0.03705    -0.03659    -1.64988
     16.545        -1.64323     0.03710    -0.03657    -1.64376
     16.695        -1.63709     0.03714    -0.03654    -1.63769
     16.845        -1.63103     0.03719    -0.03651    -1.63171
     16.995        -1.62504     0.03724    -0.03649    -1.62578
     17.145        -1.61911     0.03728    -0.03647    -1.61992
     17.295        -1.61320     0.03732    -0.03644    -1.61409
     17.445        -1.60738     0.03737    -0.03642    -1.60833
     17.595        -1.60161     0.03741    -0.03639    -1.60263
     17.745        -1.59587     0.03746    -0.03637    -1.59696
     17.895        -1.59022     0.03750    -0.03635    -1.59138
     18.045        -1.58459     0.03755    -0.03632    -1.58582
     18.195        -1.57900     0.03759    -0.03630    -1.58029
     18.345        -1.57347     0.03763    -0.03628    -1.57483
     18.495        -1.56798     0.03768    -0.03626    -1.56940
     18.645        -1.56253     0.03772    -0.03624    -1.56402
     18.795        -1.55714     0.03776    -0.03621    -1.55869
     18.945        -1.55181     0.03781    -0.03619    -1.55342
     19.095        -1.54652     0.03785    -0.03617    -1.54820
     19.245        -1.54129     0.03789    -0.03615    -1.54303
     19.395        -1.53609     0.03793    -0.03612    -1.53789
     19.545        -1.53093     0.03797    -0.03610    -1.53279
     19.695        -1.52583     0.03801    -0.03608    -1.52775
     19.845        -1.52074     0.03804    -0.03606    -1.52272
     19.995        -1.51573     0.03808    -0.03604    -1.51777
     20.145        -1.51073     0.03812    -0.03602    -1.51283
     20.295        -1.50578     0.03816    -0.03599    -1.50795
     20.445        -1.50086     0.03820    -0.03597    -1.50308
     20.595        -1.49598     0.03823    -0.03595    -1.49827
     20.745        -1.49115     0.03827    -0.03593    -1.49349
     20.895        -1.48634     0.03831    -0.03591    -1.48874
     21.045        -1.48158     0.03834    -0.03589    -1.48404
     21.195        -1.47684     0.03838    -0.03586    -1.47936
     21.345        -1.47213     0.03842    -0.03584    -1.47470
     21.495        -1.46746     0.03845    -0.03582    -1.47009
     21.645        -1.46283     0.03849    -0.03580    -1.46552
     21.795        -1.45825     0.03852    -0.03578    -1.46099
     21.945        -1.45370     0.03856    -0.03576    -1.45649
     22.095        -1.44918     0.03859    -0.03574    -1.45203
     22.245        -1.44470     0.03863    -0.03573    -1.44760
     22.395        -1.44026     0.03866    -0.03571    -1.44321
     22.545        -1.43585     0.03870    -0.03569    -1.43885
     22.695        -1.43145     0.03873    -0.03567    -1.43451
     22.845        -1.42707     0.03876    -0.03565    -1.43018
     22.995        -1.42275     0.03879    -0.03563    -1.42592
     23.145        -1.41846     0.03883    -0.03561    -1.42168
     23.295        -1.41420     0.03886    -0.03560    -1.41746
     23.445        -1.40993     0.03889    -0.03558    -1.41324
     23.595        -1.40570     0.03893    -0.03556    -1.40907
     23.745        -1.40153     0.03896    -0.03554    -1.40495
     23.895        -1.39740     0.03899    -0.03552    -1.40086
     24.045        -1.39329     0.03902    -0.03551    -1.39680
     24.195        -1.38920     0.03905    -0.03549    -1.39277
     24.345        -1.38514     0.03908    -0.03547    -1.38875
     24.495        -1.38110     0.03912    -0.03545    -1.38476
     24.645        -1.37710     0.03915    -0.03544    -1.38081
     24.795        -1.37312     0.03918    -0.03542    -1.37688
     24.945        -1.36916     0.03921    -0.03540    -1.37297
     25.095        -1.36522     0.03924    -0.03538    -1.36907
     25.245        -1.36130     0.03927    -0.03537    -1.36520
     25.395        -1.35742     0.03930    -0.03535    -1.36137
     25.545        -1.35355     0.03933    -0.03533    -1.35755
     25.695        -1.34972     0.03936    -0.03532    -1.35376
     25.845        -1.34592     0.03939    -0.03530    -1.35000
     25.995        -1.34214     0.03942    -0.03528    -1.34627
     26.145        -1.33836     0.03945    -0.03527    -1.34254
     26.295        -1.33461     0.03948    -0.03525    -1.33884
     26.445        -1.33089     0.03951    -0.03524    -1.33516
     26.595        -1.32721     0.03954    -0.03522    -1.33152
     26.745        -1.32351     0.03957    -0.03520    -1.32788
     26.895        -1.31988     0.03959    -0.03519    -1.32429
     27.045        -1.31625     0.03962    -0.03517    -1.32070
     27.195        -1.31264     0.03965    -0.03516    -1.31713
     27.345        -1.30906     0.03967    -0.03514    -1.31359
     27.495        -1.30550     0.03970    -0.03512    -1.31008
     27.645        -1.30197     0.03973    -0.03511    -1.30659
     27.795        -1.29845     0.03976    -0.03509    -1.30312
     27.945        -1.29496     0.03978    -0.03508    -1.29966
     28.095        -1.29149     0.03981    -0.03506    -1.29624
     28.245        -1.28805     0.03984    -0.03505    -1.29284
     28.395        -1.28461     0.03986    -0.03503    -1.28944
     28.545        -1.28120     0.03989    -0.03501    -1.28607
     28.695        -1.27779     0.03991    -0.03500    -1.28271
     28.845        -1.27442     0.03994    -0.03499    -1.27937
     28.995        -1.27106     0.03997    -0.03497    -1.27606
     29.145        -1.26773     0.03999    -0.03496    -1.27276
     29.295        -1.26441     0.04002    -0.03494    -1.26948
     29.445        -1.26111     0.04004    -0.03492    -1.26622
     29.595        -1.25782     0.04007    -0.03491    -1.26298
     29.745        -1.25456     0.04009    -0.03490    -1.25975
     29.895        -1.25131     0.04012    -0.03488    -1.25655
     30.045        -1.24809     0.04014    -0.03486    -1.25337
     30.195        -1.24489     0.04017    -0.03485    -1.25021
     30.345        -1.24169     0.04019    -0.03483    -1.24704
     30.495        -1.23850     0.04021    -0.03482    -1.24389
     30.645        -1.23535     0.04024    -0.03481    -1.24078
     30.795        -1.23222     0.04026    -0.03479    -1.23768
     30.945        -1.22907     0.04028    -0.03478    -1.23458
     31.095        -1.22595     0.04031    -0.03476    -1.23150
     31.245        -1.22287     0.04033    -0.03475    -1.22845
     31.395        -1.21981     0.04035    -0.03473    -1.22543
     31.545        -1.21674     0.04038    -0.03472    -1.22240
     31.695        -1.21370     0.04040    -0.03471    -1.21939
     31.845        -1.21068     0.04042    -0.03469    -1.21641
     31.995        -1.20766     0.04045    -0.03468    -1.21342
     32.145        -1.20468     0.04047    -0.03467    -1.21048
     32.295        -1.20170     0.04049    -0.03465    -1.20754
     32.445        -1.19874     0.04051    -0.03464    -1.20461
     32.595        -1.19579     0.04054    -0.03462    -1.20171
     32.745        -1.19285     0.04056    -0.03461    -1.19880
     32.895        -1.18994     0.04058    -0.03460    -1.19593
     33.045        -1.18704     0.04061    -0.03458    -1.19307
     33.195        -1.18417     0.04063    -0.03457    -1.19022
     33.345        -1.18129     0.04065    -0.03456    -1.18738
     33.495        -1.17842     0.04067    -0.03454    -1.18455
     33.645        -1.17557     0.04070    -0.03453    -1.18174
     33.795        -1.17275     0.04072    -0.03452    -1.17895
     33.945        -1.16993     0.04074    -0.03450    -1.17617
     34.095        -1.16712     0.04076    -0.03449    -1.17339
     34.245        -1.16432     0.04079    -0.03448    -1.17063
     34.395        -1.16155     0.04081    -0.03446    -1.16789
     34.545        -1.15878     0.04083    -0.03445    -1.16516
     34.695        -1.15601     0.04085    -0.03444    -1.16243
     34.845        -1.15328     0.04087    -0.03443    -1.15972
     34.995        -1.15055     0.04089    -0.03441    -1.15703
     35.145        -1.14783     0.04091    -0.03440    -1.15434
     35.295        -1.14511     0.04094    -0.03439    -1.15166
     35.445        -1.14242     0.04096    -0.03438    -1.14900
     35.595        -1.13974     0.04098    -0.03436    -1.14636
     35.745        -1.13708     0.04100    -0.03435    -1.14373
     35.895        -1.13444     0.04102    -0.03434    -1.14112
     36.045        -1.13178     0.04104    -0.03433    -1.13849
     36.195        -1.12915     0.04106    -0.03432    -1.13590
     36.345        -1.12653     0.04108    -0.03430    -1.13331
     36.495        -1.12393     0.04110    -0.03429    -1.13074
     36.645        -1.12135     0.04112    -0.03428    -1.12819
     36.795        -1.11875     0.04114    -0.03427    -1.12562
     36.945        -1.11617     0.04116    -0.03426    -1.12308
     37.095        -1.11361     0.04118    -0.03424    -1.12055
     37.245        -1.11107     0.04120    -0.03423    -1.11803
     37.395        -1.10854     0.04122    -0.03422    -1.11554
     37.545        -1.10602     0.04124    -0.03421    -1.11305
     37.695        -1.10353     0.04126    -0.03420    -1.11058
     37.845        -1.10101     0.04128    -0.03419    -1.10810
     37.995        -1.09852     0.04130    -0.03417    -1.10564
     38.145        -1.09604     0.04132    -0.03416    -1.10320
     38.295        -1.09358     0.04133    -0.03415    -1.10076
     38.445        -1.09111     0.04135    -0.03414    -1.09832
     38.595        -1.08868     0.04137    -0.03413    -1.09593
     38.745        -1.08623     0.04139    -0.03412    -1.09350
     38.895        -1.08381     0.04141    -0.03411    -1.09111
     39.045        -1.08139     0.04143    -0.03409    -1.08872
     39.195        -1.07900     0.04145    -0.03409    -1.08636
     39.345        -1.07659     0.04146    -0.03407    -1.08397
     39.495        -1.07419     0.04148    -0.03406    -1.08161
     39.645        -1.07181     0.04150    -0.03405    -1.07925
     39.795        -1.06944     0.04152    -0.03404    -1.07692
     39.945        -1.06708     0.04154    -0.03403    -1.07458
     40.095        -1.06474     0.04156    -0.03402    -1.07227
     40.245        -1.06240     0.04157    -0.03401    -1.06996
     40.395        -1.06008     0.04159    -0.03400    -1.06767
     40.545        -1.05777     0.04161    -0.03399    -1.06539
     40.695        -1.05547     0.04163    -0.03398    -1.06312
     40.845        -1.05316     0.04164    -0.03396    -1.06084
     40.995        -1.05088     0.04166    -0.03395    -1.05859
     41.145        -1.04861     0.04168    -0.03394    -1.05634
     41.295        -1.04636     0.04170    -0.03393    -1.05412
     41.445        -1.04410     0.04171    -0.03392    -1.05189
     41.595        -1.04185     0.04173    -0.03391    -1.04967
     41.745        -1.03960     0.04175    -0.03390    -1.04745
     41.895        -1.03737     0.04177    -0.03389    -1.04524
     42.045        -1.03514     0.04178    -0.03388    -1.04304
     42.195        -1.03294     0.04180    -0.03387    -1.04087
     42.345        -1.03074     0.04182    -0.03386    -1.03870
     42.495        -1.02854     0.04184    -0.03385    -1.03652
     42.645        -1.02634     0.04185    -0.03384    -1.03435
     42.795        -1.02416     0.04187    -0.03383    -1.03219
     42.945        -1.02198     0.04189    -0.03382    -1.03004
     43.095        -1.01982     0.04190    -0.03381    -1.02791
     43.245        -1.01766     0.04192    -0.03380    -1.02578
     43.395        -1.01551     0.04194    -0.03379    -1.02365
     43.545        -1.01336     0.04195    -0.03378    -1.02153
     43.695        -1.01122     0.04197    -0.03377    -1.01942
     43.845        -1.00910     0.04199    -0.03376    -1.01732
     43.995        -1.00697     0.04200    -0.03375    -1.01522
     44.145        -1.00488     0.04202    -0.03375    -1.01315
     44.295        -1.00277     0.04204    -0.03373    -1.01108
     44.445        -1.00070     0.04205    -0.03373    -1.00903
     44.595        -0.99862     0.04207    -0.03372    -1.00697
     44.745        -0.99654     0.04208    -0.03371    -1.00491
     44.895        -0.99446     0.04210    -0.03370    -1.00287
     45.045        -0.99240     0.04212    -0.03369    -1.00082
     45.195        -0.99035     0.04213    -0.03368    -0.99880
     45.345        -0.98831     0.04215    -0.03367    -0.99679
     45.495        -0.98627     0.04217    -0.03366    -0.99478
     45.645        -0.98423     0.04218    -0.03365    -0.99276
     45.795        -0.98221     0.04220    -0.03364    -0.99076
     45.945        -0.98018     0.04221    -0.03363    -0.98876
     46.095        -0.97817     0.04223    -0.03362    -0.98678
     46.245        -0.97617     0.04224    -0.03361    -0.98480
     46.395        -0.97418     0.04226    -0.03360    -0.98283
     46.545        -0.97220     0.04227    -0.03360    -0.98087
     46.695        -0.97021     0.04229    -0.03359    -0.97891
     46.845        -0.96824     0.04230    -0.03358    -0.97697
     46.995        -0.96628     0.04232    -0.03357    -0.97503
     47.145        -0.96433     0.04233    -0.03356    -0.97310
     47.295        -0.96237     0.04235    -0.03355    -0.97117
     47.445        -0.96045     0.04236    -0.03354    -0.96927
     47.595        -0.95851     0.04238    -0.03353    -0.96735
     47.745        -0.95658     0.04239    -0.03352    -0.96545
     47.895        -0.95465     0.04241    -0.03351    -0.96355
     48.045        -0.95274     0.04242    -0.03350    -0.96166
     48.195        -0.95082     0.04244    -0.03350    -0.95977
     48.345        -0.94892     0.04245    -0.03349    -0.95789
     48.495        -0.94702     0.04247    -0.03348    -0.95601
     48.645        -0.94513     0.04248    -0.03347    -0.95414
     48.795        -0.94324     0.04250    -0.03346    -0.95227
     48.945        -0.94136     0.04251    -0.03345    -0.95042
     49.095        -0.93949     0.04253    -0.03345    -0.94857
     49.245        -0.93763     0.04254    -0.03344    -0.94673
     49.395        -0.93577     0.04256    -0.03343    -0.94490
     49.545        -0.93391     0.04257    -0.03342    -0.94306
     49.695        -0.93206     0.04259    -0.03341    -0.94123
     49.845        -0.93021     0.04260    -0.03340    -0.93941
     49.995        -0.92836     0.04261    -0.03339    -0.93759
     50.145        -0.92653     0.04263    -0.03338    -0.93577
     50.295        -0.92471     0.04264    -0.03337    -0.93398
     50.445        -0.92289     0.04266    -0.03336    -0.93218
     50.595        -0.92109     0.04267    -0.03336    -0.93041
     50.745        -0.91929     0.04268    -0.03335    -0.92863
     50.895        -0.91749     0.04270    -0.03334    -0.92685
     51.045        -0.91570     0.04271    -0.03333    -0.92508
     51.195        -0.91392     0.04273    -0.03332    -0.92332
     51.345        -0.91214     0.04274    -0.03332    -0.92156
     51.495        -0.91036     0.04275    -0.03331    -0.91980
     51.645        -0.90859     0.04277    -0.03330    -0.91805
     51.795        -0.90681     0.04278    -0.03329    -0.91630
     51.945        -0.90505     0.04279    -0.03328    -0.91456
     52.095        -0.90328     0.04281    -0.03327    -0.91282
     52.245        -0.90154     0.04282    -0.03327    -0.91110
     52.395        -0.89982     0.04284    -0.03326    -0.90940
     52.545        -0.89807     0.04285    -0.03325    -0.90767
     52.695        -0.89634     0.04287    -0.03324    -0.90597
     52.845        -0.89462     0.04288    -0.03324    -0.90426
     52.995        -0.89290     0.04289    -0.03323    -0.90257
     53.145        -0.89119     0.04291    -0.03322    -0.90088
     53.295        -0.88949     0.04292    -0.03321    -0.89920
     53.445        -0.88779     0.04293    -0.03320    -0.89752
     53.595        -0.88609     0.04295    -0.03320    -0.89584
     53.745        -0.88441     0.04296    -0.03319    -0.89418
     53.895        -0.88273     0.04297    -0.03318    -0.89252
     54.045        -0.88105     0.04299    -0.03318    -0.89086
     54.195        -0.87938     0.04300    -0.03317    -0.88921
     54.345        -0.87771     0.04301    -0.03316    -0.88756
     54.495        -0.87604     0.04303    -0.03315    -0.88591
     54.645        -0.87437     0.04304    -0.03315    -0.88427
     54.795        -0.87272     0.04305    -0.03314    -0.88263
     54.945        -0.87107     0.04306    -0.03313    -0.88100
     55.095        -0.86943     0.04308    -0.03312    -0.87938
     59.433        -0.74138     0.04408    -0.03252    -0.75294
     80.646        -0.55651     0.04555    -0.03163    -0.57043
     111.21        -0.37948     0.04693    -0.03076    -0.39566
     153.36        -0.21044     0.04828    -0.02991    -0.22881
     211.49        -0.04927     0.04957    -0.02909    -0.06974
     291.64         0.10411     0.05079    -0.02831     0.08163
     402.18         0.24984     0.05196    -0.02756     0.22544
     554.60         0.38836     0.05307    -0.02684     0.36213
     764.80         0.51984     0.05413    -0.02614     0.49184
     1054.7         0.64450     0.05514    -0.02548     0.61484
     1454.4         0.76279     0.05611    -0.02483     0.73151
     2005.6         0.87483     0.05702    -0.02422     0.84203
     2765.8         0.98092     0.05788    -0.02364     0.94668
     3814.0         1.08145     0.05871    -0.02310     1.04584
     5259.5         1.17665     0.05949    -0.02258     1.13974
     7252.9         1.26693     0.06022    -0.02208     1.22880
     10002.         1.35223     0.06092    -0.02161     1.31292
     13793.         1.43303     0.06158    -0.02117     1.39262
     19020.         1.50950     0.06221    -0.02074     1.46803
     26229.         1.58196     0.06280    -0.02034     1.53950
     36170.         1.65055     0.06336    -0.01996     1.60715
     49878.         1.71545     0.06389    -0.01961     1.67117
     68782.         1.77700     0.06439    -0.01926     1.73188
     94851.         1.83521     0.06487    -0.01894     1.78928
    0.13080E+06     1.89037     0.06532    -0.01864     1.84368
    0.18038E+06     1.94261     0.06575    -0.01835     1.89521
    0.24874E+06     1.99211     0.06616    -0.01807     1.94402
    0.34301E+06     2.03886     0.06654    -0.01782     1.99014
    0.47302E+06     2.08307     0.06691    -0.01757     2.03372
    0.65229E+06     2.12495     0.06725    -0.01734     2.07503
    0.89952E+06     2.16446     0.06757    -0.01712     2.11400
    0.12404E+07     2.20196     0.06788    -0.01691     2.15099
    0.17106E+07     2.23745     0.06818    -0.01671     2.18598
    0.23589E+07     2.27096     0.06845    -0.01653     2.21904
    0.32529E+07     2.30272     0.06872    -0.01635     2.25036
    0.44858E+07     2.33280     0.06896    -0.01619     2.28002
    0.61860E+07     2.36121     0.06920    -0.01603     2.30805
    0.85305E+07     2.38813     0.06942    -0.01589     2.33460
    0.11764E+08     2.41355     0.06963    -0.01576     2.35968
    0.16222E+08     2.43762     0.06982    -0.01562     2.38342
    0.22370E+08     2.46041     0.07001    -0.01550     2.40591
    0.30849E+08     2.48201     0.07018    -0.01538     2.42721
    0.42541E+08     2.50244     0.07035    -0.01527     2.44736
    0.58664E+08     2.52179     0.07051    -0.01517     2.46645
    0.80898E+08     2.54008     0.07066    -0.01508     2.48449
    0.11156E+09     2.55737     0.07080    -0.01498     2.50155
    0.15384E+09     2.57375     0.07093    -0.01490     2.51772
    0.21215E+09     2.58922     0.07106    -0.01482     2.53298
    0.29255E+09     2.60390     0.07118    -0.01475     2.54747
    0.40343E+09     2.61782     0.07129    -0.01468     2.56120
    0.55633E+09     2.63099     0.07140    -0.01461     2.57420
    0.76719E+09     2.64330     0.07150    -0.01455     2.58635
    0.10580E+10     2.65435     0.07159    -0.01450     2.59726
    0.14589E+10     2.66442     0.07167    -0.01445     2.60720
    0.20119E+10     2.67366     0.07174    -0.01440     2.61632
    0.27744E+10     2.68218     0.07181    -0.01436     2.62473
    0.38259E+10     2.69001     0.07188    -0.01432     2.63245
    0.52760E+10     2.69727     0.07194    -0.01429     2.63962
    0.72756E+10     2.70394     0.07199    -0.01426     2.64620
    0.10033E+11     2.71008     0.07205    -0.01423     2.65227
    0.13836E+11     2.71577     0.07209    -0.01420     2.65788
    0.19079E+11     2.72101     0.07214    -0.01418     2.66305
    0.26311E+11     2.72586     0.07217    -0.01415     2.66784
    0.36283E+11     2.73031     0.07221    -0.01413     2.67223
    0.50034E+11     2.73445     0.07224    -0.01411     2.67632
    0.68997E+11     2.73828     0.07228    -0.01409     2.68009
    0.10000E+12     2.78395     0.07265    -0.01387     2.72518
