    -99.945         0.00000
    -99.795         0.00000
    -99.645         0.00000
    -99.495         0.00000
    -99.345         0.00000
    -99.195         0.00000
    -99.045         0.00000
    -98.895         0.00000
    -98.745         0.00000
    -98.595         0.00000
    -98.445         0.00000
    -98.295         0.00000
    -98.145         0.00000
    -97.995         0.00000
    -97.845         0.00000
    -97.695         0.00000
    -97.545         0.00000
    -97.395         0.00000
    -97.245         0.00000
    -97.095         0.00000
    -96.945         0.00000
    -96.795         0.00000
    -96.645         0.00000
    -96.495         0.00000
    -96.345         0.00000
    -96.195         0.00000
    -96.045         0.00000
    -95.895         0.00000
    -95.745         0.00000
    -95.595         0.00000
    -95.445         0.00000
    -95.295         0.00000
    -95.145         0.00000
    -94.995         0.00000
    -94.845         0.00000
    -94.695         0.00000
    -94.545         0.00000
    -94.395         0.00000
    -94.245         0.00000
    -94.095         0.00000
    -93.945         0.00000
    -93.795         0.00000
    -93.645         0.00000
    -93.495         0.00000
    -93.345         0.00000
    -93.195         0.00000
    -93.045         0.00000
    -92.895         0.00000
    -92.745         0.00000
    -92.595         0.00000
    -92.445         0.00000
    -92.295         0.00000
    -92.145         0.00000
    -91.995         0.00000
    -91.845         0.00000
    -91.695         0.00000
    -91.545         0.00000
    -91.395         0.00000
    -91.245         0.00000
    -91.095         0.00000
    -90.945         0.00000
    -90.795         0.00000
    -90.645         0.00000
    -90.495         0.00000
    -90.345         0.00000
    -90.195         0.00000
    -90.045         0.00000
    -89.895         0.00000
    -89.745         0.00000
    -89.595         0.00000
    -89.445         0.00000
    -89.295         0.00000
    -89.145         0.00000
    -88.995         0.00000
    -88.845         0.00000
    -88.695         0.00000
    -88.545         0.00000
    -88.395         0.00000
    -88.245         0.00000
    -88.095         0.00000
    -87.945         0.00000
    -87.795         0.00000
    -87.645         0.00000
    -87.495         0.00000
    -87.345         0.00000
    -87.195         0.00000
    -87.045         0.00000
    -86.895         0.00000
    -86.745         0.00000
    -86.595         0.00000
    -86.445         0.00000
    -86.295         0.00000
    -86.145         0.00000
    -85.995         0.00000
    -85.845         0.00000
    -85.695         0.00000
    -85.545         0.00000
    -85.395         0.00000
    -85.245         0.00000
    -85.095         0.00000
    -84.945         0.00000
    -84.795         0.00000
    -84.645         0.00000
    -84.495         0.00000
    -84.345         0.00000
    -84.195         0.00000
    -84.045         0.00000
    -83.895         0.00000
    -83.745         0.00000
    -83.595         0.00000
    -83.445         0.00000
    -83.295         0.00000
    -83.145         0.00000
    -82.995         0.00000
    -82.845         0.00000
    -82.695         0.00000
    -82.545         0.00000
    -82.395         0.00000
    -82.245         0.00000
    -82.095         0.00000
    -81.945         0.00000
    -81.795         0.00000
    -81.645         0.00000
    -81.495         0.00000
    -81.345         0.00000
    -81.195         0.00000
    -81.045         0.00000
    -80.895         0.00000
    -80.745         0.00000
    -80.595         0.00000
    -80.445         0.00000
    -80.295         0.00000
    -80.145         0.00000
    -79.995         0.00000
    -79.845         0.00000
    -79.695         0.00000
    -79.545         0.00000
    -79.395         0.00000
    -79.245         0.00000
    -79.095         0.00000
    -78.945         0.00000
    -78.795         0.00000
    -78.645         0.00000
    -78.495         0.00000
    -78.345         0.00000
    -78.195         0.00000
    -78.045         0.00000
    -77.895         0.00000
    -77.745         0.00000
    -77.595         0.00000
    -77.445         0.00000
    -77.295         0.00000
    -77.145         0.00000
    -76.995         0.00000
    -76.845         0.00000
    -76.695         0.00000
    -76.545         0.00000
    -76.395         0.00000
    -76.245         0.00000
    -76.095         0.00000
    -75.945         0.00000
    -75.795         0.00000
    -75.645         0.00000
    -75.495         0.00000
    -75.345         0.00000
    -75.195         0.00000
    -75.045         0.00000
    -74.895         0.00000
    -74.745         0.00000
    -74.595         0.00000
    -74.445         0.00000
    -74.295         0.00000
    -74.145         0.00000
    -73.995         0.00000
    -73.845         0.00000
    -73.695         0.00000
    -73.545         0.00000
    -73.395         0.00000
    -73.245         0.00000
    -73.095         0.00000
    -72.945         0.00000
    -72.795         0.00000
    -72.645         0.00000
    -72.495         0.00000
    -72.345         0.00000
    -72.195         0.00000
    -72.045         0.00000
    -71.895         0.00000
    -71.745         0.00000
    -71.595         0.00000
    -71.445         0.00000
    -71.295         0.00000
    -71.145         0.00000
    -70.995         0.00000
    -70.845         0.00000
    -70.695         0.00000
    -70.545         0.00000
    -70.395         0.00000
    -70.245         0.00000
    -70.095         0.00000
    -69.945         0.00000
    -69.795         0.00000
    -69.645         0.00000
    -69.495         0.00000
    -69.345         0.00000
    -69.195         0.00000
    -69.045         0.00000
    -68.895         0.00000
    -68.745         0.00000
    -68.595         0.00000
    -68.445         0.00000
    -68.295         0.00000
    -68.145         0.00000
    -67.995         0.00000
    -67.845         0.00000
    -67.695         0.00000
    -67.545         0.00000
    -67.395         0.00000
    -67.245         0.00000
    -67.095         0.00000
    -66.945         0.00000
    -66.795         0.00000
    -66.645         0.00000
    -66.495         0.00000
    -66.345         0.00000
    -66.195         0.00000
    -66.045         0.00000
    -65.895         0.00000
    -65.745         0.00000
    -65.595         0.00000
    -65.445         0.00000
    -65.295         0.00000
    -65.145         0.00000
    -64.995         0.00000
    -64.845         0.00000
    -64.695         0.00000
    -64.545         0.00000
    -64.395         0.00000
    -64.245         0.00000
    -64.095         0.00000
    -63.945         0.00000
    -63.795         0.00000
    -63.645         0.00000
    -63.495         0.00000
    -63.345         0.00000
    -63.195         0.00000
    -63.045         0.00000
    -62.895         0.00000
    -62.745         0.00000
    -62.595         0.00000
    -62.445         0.00000
    -62.295         0.00000
    -62.145         0.00000
    -61.995         0.00000
    -61.845         0.00000
    -61.695         0.00000
    -61.545         0.00000
    -61.395         0.00000
    -61.245         0.00000
    -61.095         0.00000
    -60.945         0.00000
    -60.795         0.00000
    -60.645         0.00000
    -60.495         0.00000
    -60.345         0.00000
    -60.195         0.00000
    -60.045         0.00000
    -59.895         0.00000
    -59.745         0.00000
    -59.595         0.00000
    -59.445         0.00000
    -59.295         0.00000
    -59.145         0.00000
    -58.995         0.00000
    -58.845         0.00000
    -58.695         0.00000
    -58.545         0.00000
    -58.395         0.00000
    -58.245         0.00000
    -58.095         0.00000
    -57.945         0.00000
    -57.795         0.00000
    -57.645         0.00000
    -57.495         0.00000
    -57.345         0.00000
    -57.195         0.00000
    -57.045         0.00000
    -56.895         0.00000
    -56.745         0.00000
    -56.595         0.00000
    -56.445         0.00000
    -56.295         0.00000
    -56.145         0.00000
    -55.995         0.00000
    -55.845         0.00000
    -55.695         0.00000
    -55.545         0.00000
    -55.395         0.00000
    -55.245         0.00000
    -55.095         0.00000
    -54.945         0.00000
    -54.795         0.00000
    -54.645         0.00000
    -54.495         0.00000
    -54.345         0.00000
    -54.195         0.00000
    -54.045         0.00000
    -53.895         0.00000
    -53.745         0.00000
    -53.595         0.00000
    -53.445         0.00000
    -53.295         0.00000
    -53.145         0.00000
    -52.995         0.00000
    -52.845         0.00000
    -52.695         0.00000
    -52.545         0.00000
    -52.395         0.00000
    -52.245         0.00000
    -52.095         0.00000
    -51.945         0.00000
    -51.795         0.00000
    -51.645         0.00000
    -51.495         0.00000
    -51.345         0.00000
    -51.195         0.00000
    -51.045         0.00000
    -50.895         0.00000
    -50.745         0.00000
    -50.595         0.00000
    -50.445         0.00000
    -50.295         0.00000
    -50.145         0.00000
    -49.995         0.00000
    -49.845         0.00000
    -49.695         0.00000
    -49.545         0.00000
    -49.395         0.00000
    -49.245         0.00000
    -49.095         0.00000
    -48.945         0.00000
    -48.795         0.00000
    -48.645         0.00000
    -48.495         0.00000
    -48.345         0.00000
    -48.195         0.00000
    -48.045         0.00000
    -47.895         0.00000
    -47.745         0.00000
    -47.595         0.00000
    -47.445         0.00000
    -47.295         0.00000
    -47.145         0.00000
    -46.995         0.00000
    -46.845         0.00000
    -46.695         0.00000
    -46.545         0.00000
    -46.395         0.00000
    -46.245         0.00000
    -46.095         0.00000
    -45.945         0.00000
    -45.795         0.00000
    -45.645         0.00000
    -45.495         0.00000
    -45.345         0.00000
    -45.195         0.00000
    -45.045         0.00000
    -44.895         0.00000
    -44.745         0.00000
    -44.595         0.00000
    -44.445         0.00000
    -44.295         0.00000
    -44.145         0.00000
    -43.995         0.00000
    -43.845         0.00000
    -43.695         0.00000
    -43.545         0.00000
    -43.395         0.00000
    -43.245         0.00000
    -43.095         0.00000
    -42.945         0.00000
    -42.795         0.00000
    -42.645         0.00000
    -42.495         0.00000
    -42.345         0.00000
    -42.195         0.00000
    -42.045         0.00000
    -41.895         0.00000
    -41.745         0.00000
    -41.595         0.00000
    -41.445         0.00000
    -41.295         0.00000
    -41.145         0.00000
    -40.995         0.00000
    -40.845         0.00000
    -40.695         0.00000
    -40.545         0.00000
    -40.395         0.00000
    -40.245         0.00000
    -40.095         0.00000
    -39.945         0.00000
    -39.795         0.00000
    -39.645         0.00000
    -39.495         0.00000
    -39.345         0.00000
    -39.195         0.00000
    -39.045         0.00000
    -38.895         0.00000
    -38.745         0.00000
    -38.595         0.00000
    -38.445         0.00000
    -38.295         0.00000
    -38.145         0.00000
    -37.995         0.00000
    -37.845         0.00000
    -37.695         0.00000
    -37.545         0.00000
    -37.395         0.00000
    -37.245         0.00000
    -37.095         0.00000
    -36.945         0.00000
    -36.795         0.00000
    -36.645         0.00000
    -36.495         0.00000
    -36.345         0.00000
    -36.195         0.00000
    -36.045         0.00000
    -35.895         0.00000
    -35.745         0.00000
    -35.595         0.00000
    -35.445         0.00000
    -35.295         0.00000
    -35.145         0.00000
    -34.995         0.00000
    -34.845         0.00000
    -34.695         0.00000
    -34.545         0.00000
    -34.395         0.00000
    -34.245         0.00000
    -34.095         0.00000
    -33.945         0.00000
    -33.795         0.00000
    -33.645         0.00000
    -33.495         0.00000
    -33.345         0.00000
    -33.195         0.00000
    -33.045         0.00000
    -32.895         0.00000
    -32.745         0.00000
    -32.595         0.00000
    -32.445         0.00000
    -32.295         0.00000
    -32.145         0.00000
    -31.995         0.00000
    -31.845         0.00000
    -31.695         0.00000
    -31.545         0.00000
    -31.395         0.00000
    -31.245         0.00000
    -31.095         0.00000
    -30.945         0.00000
    -30.795         0.00000
    -30.645         0.00000
    -30.495         0.00000
    -30.345         0.00000
    -30.195         0.00000
    -30.045         0.00000
    -29.895         0.00000
    -29.745         0.00000
    -29.595         0.00000
    -29.445         0.00000
    -29.295         0.00000
    -29.145         0.00000
    -28.995         0.00000
    -28.845         0.00000
    -28.695         0.00000
    -28.545         0.00000
    -28.395         0.00000
    -28.245         0.00000
    -28.095         0.00000
    -27.945         0.00000
    -27.795         0.00000
    -27.645         0.00000
    -27.495         0.00000
    -27.345         0.00000
    -27.195         0.00000
    -27.045         0.00000
    -26.895         0.00000
    -26.745         0.00000
    -26.595         0.00000
    -26.445         0.00000
    -26.295         0.00000
    -26.145         0.00000
    -25.995         0.00000
    -25.845         0.00000
    -25.695         0.00000
    -25.545         0.00000
    -25.395         0.00000
    -25.245         0.00000
    -25.095         0.00000
    -24.945         0.00000
    -24.795         0.00000
    -24.645         0.00000
    -24.495         0.00000
    -24.345         0.00000
    -24.195         0.00000
    -24.045         0.00000
    -23.895         0.00000
    -23.745         0.00000
    -23.595         0.00000
    -23.445         0.00000
    -23.295         0.00000
    -23.145         0.00000
    -22.995         0.00000
    -22.845         0.00000
    -22.695         0.00000
    -22.545         0.00000
    -22.395         0.00000
    -22.245         0.00000
    -22.095         0.00000
    -21.945         0.00000
    -21.795         0.00000
    -21.645         0.00000
    -21.495         0.00000
    -21.345         0.00000
    -21.195         0.00000
    -21.045         0.00000
    -20.895         0.00000
    -20.745         0.00000
    -20.595         0.00000
    -20.445         0.00000
    -20.295         0.00000
    -20.145         0.00000
    -19.995         0.00000
    -19.845         0.00000
    -19.695         0.00000
    -19.545         0.00000
    -19.395         0.00000
    -19.245         0.00000
    -19.095         0.00000
    -18.945         0.00000
    -18.795         0.00000
    -18.645         0.00000
    -18.495         0.00000
    -18.345         0.00000
    -18.195         0.00000
    -18.045         0.00000
    -17.895         0.00000
    -17.745         0.00000
    -17.595         0.00000
    -17.445         0.00000
    -17.295         0.00000
    -17.145         0.00000
    -16.995         0.00000
    -16.845         0.00000
    -16.695         0.00000
    -16.545         0.00000
    -16.395         0.00000
    -16.245         0.00000
    -16.095         0.00000
    -15.945         0.00000
    -15.795         0.00000
    -15.645         0.00000
    -15.495         0.00000
    -15.345         0.00000
    -15.195         0.00000
    -15.045         0.00000
    -14.895         0.00000
    -14.745         0.00000
    -14.595         0.00000
    -14.445         0.00000
    -14.295         0.00000
    -14.145         0.00000
    -13.995         0.00000
    -13.845         0.00000
    -13.695         0.00000
    -13.545         0.00000
    -13.395         0.00000
    -13.245         0.00000
    -13.095         0.00000
    -12.945         0.00000
    -12.795         0.00000
    -12.645         0.00000
    -12.495         0.00000
    -12.345         0.00000
    -12.195         0.00000
    -12.045         0.00000
    -11.895         0.00000
    -11.745         0.00000
    -11.595         0.00000
    -11.445         0.00000
    -11.295         0.00000
    -11.145         0.00000
    -10.995         0.00000
    -10.845         0.00000
    -10.695         0.00000
    -10.545         0.00000
    -10.395         0.00000
    -10.245         0.00000
    -10.095         0.00000
    -9.9450         0.00000
    -9.7950         0.00000
    -9.6450         0.00000
    -9.4950         0.00000
    -9.3450         0.00000
    -9.1950         0.00000
    -9.0450         0.00000
    -8.8950         0.00000
    -8.7450         0.00000
    -8.5950         0.00000
    -8.4450         0.00000
    -8.2950         0.00000
    -8.1450         0.00000
    -7.9950         0.00000
    -7.8450         0.00000
    -7.6950         0.00000
    -7.5450         0.00000
    -7.3950         0.00000
    -7.2450         0.00000
    -7.0950         0.00000
    -6.9450         0.00000
    -6.7950         0.00000
    -6.6450         0.00000
    -6.4950         0.00000
    -6.3450         0.00000
    -6.1950         0.00000
    -6.0450         0.00000
    -5.8950         0.00000
    -5.7450         0.00000
    -5.5950         0.00000
    -5.4450         0.00000
    -5.2950         0.00000
    -5.1450         0.00000
    -4.9950         0.00000
    -4.8450         0.00000
    -4.6950         0.00000
    -4.5450         0.00000
    -4.3950         0.00000
    -4.2450         0.00000
    -4.0950         0.00000
    -3.9450         0.00000
    -3.7950         0.00000
    -3.6450         0.00000
    -3.4950         0.00000
    -3.3450         0.00000
    -3.1950         0.00000
    -3.0450         0.00000
    -2.8950         0.00000
    -2.7450         0.00000
    -2.5950         0.00000
    -2.4450         0.00000
    -2.2950         0.00000
    -2.1450         0.00000
    -1.9950         0.00000
    -1.8450        -0.00000
    -1.6950        -0.00000
    -1.5450        -0.00005
    -1.3950        -0.00065
    -1.2450        -0.00373
    -1.0950        -0.01580
   -0.94500        -0.06258
   -0.79500        -0.27529
   -0.64500        -1.21413
   -0.49500        -3.45315
   -0.34500        -6.34129
   -0.22700        -7.11144
   -0.21300        -7.19723
   -0.20700        -7.28156
   -0.20100        -7.36536
   -0.19500        -7.44878
   -0.18900        -7.53191
   -0.18300        -7.61421
   -0.17700        -7.69661
   -0.17100        -7.77845
   -0.16500        -7.86047
   -0.15900        -7.94266
   -0.15300        -8.02501
   -0.14700        -8.10792
   -0.14100        -8.19141
   -0.13500        -8.27559
   -0.12900        -8.36079
   -0.12300        -8.44724
   -0.11700        -8.53514
   -0.11100        -8.62483
   -0.10500        -8.71688
   -0.99000E-01    -8.81169
   -0.93000E-01    -8.90957
   -0.87000E-01    -9.01140
   -0.81000E-01    -9.11785
   -0.75000E-01    -9.23022
   -0.69000E-01    -9.34996
   -0.63000E-01    -9.47870
   -0.57000E-01    -9.61816
   -0.51000E-01    -9.77024
   -0.45000E-01    -9.93553
   -0.39000E-01   -10.11476
   -0.33000E-01   -10.30856
   -0.27000E-01   -10.51821
   -0.21300E-01   -10.67257
   -0.19500E-01   -10.69619
   -0.18900E-01   -10.72008
   -0.18300E-01   -10.74421
   -0.17700E-01   -10.76869
   -0.17100E-01   -10.79342
   -0.16500E-01   -10.81854
   -0.15900E-01   -10.84399
   -0.15300E-01   -10.86981
   -0.14700E-01   -10.89603
   -0.14100E-01   -10.92260
   -0.13500E-01   -10.94964
   -0.12900E-01   -10.97714
   -0.12300E-01   -11.00504
   -0.11700E-01   -11.03341
   -0.11100E-01   -11.06228
   -0.10500E-01   -11.09159
   -0.99000E-02   -11.12142
   -0.93000E-02   -11.15179
   -0.87000E-02   -11.18262
   -0.81000E-02   -11.21396
   -0.75000E-02   -11.24578
   -0.69000E-02   -11.27804
   -0.63000E-02   -11.31079
   -0.57000E-02   -11.34400
   -0.51000E-02   -11.37755
   -0.45000E-02   -11.41146
   -0.39000E-02   -11.44571
   -0.33000E-02   -11.48040
   -0.27000E-02   -11.51589
   -0.21000E-02   -11.55390
   -0.15000E-02   -11.60013
   -0.90000E-03   -11.67786
   -0.30000E-03   -13.11467
    0.30000E-03   -11.67907
    0.90000E-03   -11.61099
    0.15000E-02   -11.58488
    0.21000E-02   -11.57433
    0.27000E-02   -11.57010
    0.33000E-02   -11.56843
    0.39000E-02   -11.56777
    0.45000E-02   -11.56752
    0.51000E-02   -11.56741
    0.57000E-02   -11.56737
    0.63000E-02   -11.56734
    0.69000E-02   -11.56732
    0.75000E-02   -11.56731
    0.81000E-02   -11.56729
    0.87000E-02   -11.56728
    0.93000E-02   -11.56726
    0.99000E-02   -11.56725
    0.10500E-01   -11.56723
    0.11100E-01   -11.56721
    0.11700E-01   -11.56719
    0.12300E-01   -11.56717
    0.12900E-01   -11.56715
    0.13500E-01   -11.56713
    0.14100E-01   -11.56711
    0.14700E-01   -11.56708
    0.15300E-01   -11.56706
    0.15900E-01   -11.56703
    0.16500E-01   -11.56701
    0.17100E-01   -11.56698
    0.17700E-01   -11.56695
    0.18300E-01   -11.56692
    0.18900E-01   -11.56689
    0.19500E-01   -11.56686
    0.21300E-01   -11.56661
    0.27000E-01   -11.56618
    0.33000E-01   -11.56567
    0.39000E-01   -11.56507
    0.45000E-01   -11.56438
    0.51000E-01   -11.56362
    0.57000E-01   -11.56280
    0.63000E-01   -11.56190
    0.69000E-01   -11.56091
    0.75000E-01   -11.55987
    0.81000E-01   -11.55875
    0.87000E-01   -11.55756
    0.93000E-01   -11.55632
    0.99000E-01   -11.55505
    0.10500       -11.55370
    0.11100       -11.55227
    0.11700       -11.55079
    0.12300       -11.54928
    0.12900       -11.54772
    0.13500       -11.54611
    0.14100       -11.54446
    0.14700       -11.54278
    0.15300       -11.54105
    0.15900       -11.53922
    0.16500       -11.53736
    0.17100       -11.53550
    0.17700       -11.53356
    0.18300       -11.53161
    0.18900       -11.52963
    0.19500       -11.52757
    0.20100       -11.52547
    0.20700       -11.52339
    0.21300       -11.52124
    0.22700       -11.50181
    0.34500       -11.43445
    0.49500       -11.35949
    0.64500       -11.28024
    0.79500       -11.19818
    0.94500       -11.11439
     1.0950       -11.02991
     1.2450       -10.94556
     1.3950       -10.86194
     1.5450       -10.77960
     1.6950       -10.69906
     1.8450       -10.62075
     1.9950       -10.54477
     2.1450       -10.47131
     2.2950       -10.40045
     2.4450       -10.33203
     2.5950       -10.26599
     2.7450       -10.20256
     2.8950       -10.14113
     3.0450       -10.08215
     3.1950       -10.02517
     3.3450        -9.97011
     3.4950        -9.91700
     3.6450        -9.86559
     3.7950        -9.81587
     3.9450        -9.76781
     4.0950        -9.72115
     4.2450        -9.67592
     4.3950        -9.63206
     4.5450        -9.58948
     4.6950        -9.54825
     4.8450        -9.50813
     4.9950        -9.46895
     5.1450        -9.43094
     5.2950        -9.39377
     5.4450        -9.35762
     5.5950        -9.32234
     5.7450        -9.28784
     5.8950        -9.25426
     6.0450        -9.22141
     6.1950        -9.18930
     6.3450        -9.15787
     6.4950        -9.12714
     6.6450        -9.09702
     6.7950        -9.06750
     6.9450        -9.03868
     7.0950        -9.01040
     7.2450        -8.98265
     7.3950        -8.95538
     7.5450        -8.92862
     7.6950        -8.90239
     7.8450        -8.87662
     7.9950        -8.85134
     8.1450        -8.82650
     8.2950        -8.80207
     8.4450        -8.77807
     8.5950        -8.75445
     8.7450        -8.73123
     8.8950        -8.70845
     9.0450        -8.68597
     9.1950        -8.66387
     9.3450        -8.64211
     9.4950        -8.62071
     9.6450        -8.59959
     9.7950        -8.57877
     9.9450        -8.55829
     10.095        -8.53812
     10.245        -8.51820
     10.395        -8.49854
     10.545        -8.47915
     10.695        -8.46001
     10.845        -8.44117
     10.995        -8.42261
     11.145        -8.40424
     11.295        -8.38616
     11.445        -8.36829
     11.595        -8.35068
     11.745        -8.33329
     11.895        -8.31612
     12.045        -8.29914
     12.195        -8.28239
     12.345        -8.26584
     12.495        -8.24944
     12.645        -8.23326
     12.795        -8.21727
     12.945        -8.20154
     13.095        -8.18590
     13.245        -8.17044
     13.395        -8.15517
     13.545        -8.14003
     13.695        -8.12509
     13.845        -8.11030
     13.995        -8.09569
     14.145        -8.08124
     14.295        -8.06694
     14.445        -8.05276
     14.595        -8.03873
     14.745        -8.02486
     14.895        -8.01112
     15.045        -7.99755
     15.195        -7.98406
     15.345        -7.97076
     15.495        -7.95757
     15.645        -7.94453
     15.795        -7.93158
     15.945        -7.91875
     16.095        -7.90603
     16.245        -7.89341
     16.395        -7.88094
     16.545        -7.86856
     16.695        -7.85628
     16.845        -7.84415
     16.995        -7.83215
     17.145        -7.82022
     17.295        -7.80846
     17.445        -7.79674
     17.595        -7.78515
     17.745        -7.77366
     17.895        -7.76226
     18.045        -7.75093
     18.195        -7.73973
     18.345        -7.72858
     18.495        -7.71756
     18.645        -7.70662
     18.795        -7.69578
     18.945        -7.68504
     19.095        -7.67436
     19.245        -7.66376
     19.395        -7.65325
     19.545        -7.64281
     19.695        -7.63248
     19.845        -7.62221
     19.995        -7.61205
     20.145        -7.60193
     20.295        -7.59191
     20.445        -7.58196
     20.595        -7.57208
     20.745        -7.56224
     20.895        -7.55246
     21.045        -7.54279
     21.195        -7.53320
     21.345        -7.52364
     21.495        -7.51417
     21.645        -7.50481
     21.795        -7.49550
     21.945        -7.48625
     22.095        -7.47705
     22.245        -7.46796
     22.395        -7.45891
     22.545        -7.44990
     22.695        -7.44098
     22.845        -7.43208
     22.995        -7.42325
     23.145        -7.41448
     23.295        -7.40577
     23.445        -7.39715
     23.595        -7.38857
     23.745        -7.38005
     23.895        -7.37157
     24.045        -7.36315
     24.195        -7.35478
     24.345        -7.34650
     24.495        -7.33821
     24.645        -7.33000
     24.795        -7.32184
     24.945        -7.31374
     25.095        -7.30568
     25.245        -7.29767
     25.395        -7.28971
     25.545        -7.28178
     25.695        -7.27391
     25.845        -7.26608
     25.995        -7.25831
     26.145        -7.25060
     26.295        -7.24292
     26.445        -7.23530
     26.595        -7.22771
     26.745        -7.22016
     26.895        -7.21267
     27.045        -7.20522
     27.195        -7.19782
     27.345        -7.19047
     27.495        -7.18315
     27.645        -7.17588
     27.795        -7.16866
     27.945        -7.16148
     28.095        -7.15435
     28.245        -7.14721
     28.395        -7.14012
     28.545        -7.13306
     28.695        -7.12605
     28.845        -7.11907
     28.995        -7.11218
     29.145        -7.10525
     29.295        -7.09841
     29.445        -7.09157
     29.595        -7.08480
     29.745        -7.07804
     29.895        -7.07133
     30.045        -7.06465
     30.195        -7.05798
     30.345        -7.05138
     30.495        -7.04480
     30.645        -7.03827
     30.795        -7.03177
     30.945        -7.02530
     31.095        -7.01886
     31.245        -7.01245
     31.395        -7.00610
     31.545        -6.99974
     31.695        -6.99342
     31.845        -6.98714
     31.995        -6.98090
     32.145        -6.97466
     32.295        -6.96849
     32.445        -6.96235
     32.595        -6.95622
     32.745        -6.95012
     32.895        -6.94406
     33.045        -6.93802
     33.195        -6.93199
     33.345        -6.92598
     33.495        -6.92004
     33.645        -6.91410
     33.795        -6.90821
     33.945        -6.90232
     34.095        -6.89648
     34.245        -6.89066
     34.395        -6.88485
     34.545        -6.87906
     34.695        -6.87331
     34.845        -6.86760
     34.995        -6.86192
     35.145        -6.85625
     35.295        -6.85060
     35.445        -6.84496
     35.595        -6.83939
     35.745        -6.83382
     35.895        -6.82827
     36.045        -6.82277
     36.195        -6.81724
     36.345        -6.81178
     36.495        -6.80635
     36.645        -6.80094
     36.795        -6.79553
     36.945        -6.79016
     37.095        -6.78481
     37.245        -6.77949
     37.395        -6.77419
     37.545        -6.76892
     37.695        -6.76367
     37.845        -6.75840
     37.995        -6.75320
     38.145        -6.74800
     38.295        -6.74283
     38.445        -6.73769
     38.595        -6.73254
     38.745        -6.72743
     38.895        -6.72235
     39.045        -6.71729
     39.195        -6.71220
     39.345        -6.70716
     39.495        -6.70217
     39.645        -6.69719
     39.795        -6.69223
     39.945        -6.68726
     40.095        -6.68233
     40.245        -6.67743
     40.395        -6.67254
     40.545        -6.66766
     40.695        -6.66280
     40.845        -6.65799
     40.995        -6.65316
     41.145        -6.64835
     41.295        -6.64356
     41.445        -6.63882
     41.595        -6.63408
     41.745        -6.62937
     41.895        -6.62469
     42.045        -6.62000
     42.195        -6.61536
     42.345        -6.61072
     42.495        -6.60610
     42.645        -6.60148
     42.795        -6.59688
     42.945        -6.59228
     43.095        -6.58771
     43.245        -6.58318
     43.395        -6.57864
     43.545        -6.57413
     43.695        -6.56963
     43.845        -6.56516
     43.995        -6.56071
     44.145        -6.55624
     44.295        -6.55181
     44.445        -6.54738
     44.595        -6.54299
     44.745        -6.53860
     44.895        -6.53424
     45.045        -6.52987
     45.195        -6.52551
     45.345        -6.52119
     45.495        -6.51687
     45.645        -6.51259
     45.795        -6.50830
     45.945        -6.50404
     46.095        -6.49979
     46.245        -6.49555
     46.395        -6.49133
     46.545        -6.48713
     46.695        -6.48295
     46.845        -6.47881
     46.995        -6.47465
     47.145        -6.47050
     47.295        -6.46637
     47.445        -6.46226
     47.595        -6.45815
     47.745        -6.45406
     47.895        -6.45000
     48.045        -6.44596
     48.195        -6.44192
     48.345        -6.43788
     48.495        -6.43385
     48.645        -6.42984
     48.795        -6.42585
     48.945        -6.42188
     49.095        -6.41789
     49.245        -6.41394
     49.395        -6.41000
     49.545        -6.40605
     49.695        -6.40211
     49.845        -6.39821
     49.995        -6.39431
     50.145        -6.39043
     50.295        -6.38655
     50.445        -6.38269
     50.595        -6.37885
     50.745        -6.37500
     50.895        -6.37117
     51.045        -6.36736
     51.195        -6.36356
     51.345        -6.35978
     51.495        -6.35600
     51.645        -6.35224
     51.795        -6.34848
     51.945        -6.34474
     52.095        -6.34101
     52.245        -6.33729
     52.395        -6.33358
     52.545        -6.32987
     52.695        -6.32619
     52.845        -6.32250
     52.995        -6.31885
     53.145        -6.31521
     53.295        -6.31157
     53.445        -6.30794
     53.595        -6.30432
     53.745        -6.30072
     53.895        -6.29712
     54.045        -6.29353
     54.195        -6.28997
     54.345        -6.28642
     54.495        -6.28288
     54.645        -6.27933
     54.795        -6.27578
     54.945        -6.27226
     55.095        -6.26874
     59.433        -5.99331
     80.646        -5.59066
     111.21        -5.19872
     153.36        -4.81836
     211.49        -4.44945
     291.64        -4.09258
     402.18        -3.74733
     554.60        -3.41342
     764.80        -3.09084
     1054.7        -2.77919
     1454.4        -2.47793
     2005.6        -2.18674
     2765.8        -1.90516
     3814.0        -1.63248
     5259.5        -1.36867
     7252.9        -1.11285
     10002.        -0.86490
     13793.        -0.62492
     19020.        -0.39259
     26229.        -0.16906
     36170.         0.04573
     49878.         0.25145
     68782.         0.44829
     94851.         0.63616
    0.13080E+06     0.81543
    0.18038E+06     0.98648
    0.24874E+06     1.14952
    0.34301E+06     1.30490
    0.47302E+06     1.45299
    0.65229E+06     1.59402
    0.89952E+06     1.72837
    0.12404E+07     1.85610
    0.17106E+07     1.97774
    0.23589E+07     2.09355
    0.32529E+07     2.20367
    0.44858E+07     2.30842
    0.61860E+07     2.40824
    0.85305E+07     2.50304
    0.11764E+08     2.59330
    0.16222E+08     2.67908
    0.22370E+08     2.76072
    0.30849E+08     2.83833
    0.42541E+08     2.91133
    0.58664E+08     2.97972
    0.80898E+08     3.04367
    0.11156E+09     3.10371
    0.15384E+09     3.16017
    0.21215E+09     3.21343
    0.29255E+09     3.26346
    0.40343E+09     3.31058
    0.55633E+09     3.35500
    0.76719E+09     3.39642
    0.10580E+10     3.43375
    0.14589E+10     3.46792
    0.20119E+10     3.49933
    0.27744E+10     3.52824
    0.38259E+10     3.55489
    0.52760E+10     3.57945
    0.72756E+10     3.60211
    0.10033E+11     3.62296
    0.13836E+11     3.64231
    0.19079E+11     3.66012
    0.26311E+11     3.67656
    0.36283E+11     3.69176
    0.50034E+11     3.70574
    0.68997E+11     3.71868
    0.10000E+12     3.87345
