    -99.945         0.00000     0.00000     0.00000     0.00000
    -99.795         0.00000     0.00000     0.00000     0.00000
    -99.645         0.00000     0.00000     0.00000     0.00000
    -99.495         0.00000     0.00000     0.00000     0.00000
    -99.345         0.00000     0.00000     0.00000     0.00000
    -99.195         0.00000     0.00000     0.00000     0.00000
    -99.045         0.00000     0.00000     0.00000     0.00000
    -98.895         0.00000     0.00000     0.00000     0.00000
    -98.745         0.00000     0.00000     0.00000     0.00000
    -98.595         0.00000     0.00000     0.00000     0.00000
    -98.445         0.00000     0.00000     0.00000     0.00000
    -98.295         0.00000     0.00000     0.00000     0.00000
    -98.145         0.00000     0.00000     0.00000     0.00000
    -97.995         0.00000     0.00000     0.00000     0.00000
    -97.845         0.00000     0.00000     0.00000     0.00000
    -97.695         0.00000     0.00000     0.00000     0.00000
    -97.545         0.00000     0.00000     0.00000     0.00000
    -97.395         0.00000     0.00000     0.00000     0.00000
    -97.245         0.00000     0.00000     0.00000     0.00000
    -97.095         0.00000     0.00000     0.00000     0.00000
    -96.945         0.00000     0.00000     0.00000     0.00000
    -96.795         0.00000     0.00000     0.00000     0.00000
    -96.645         0.00000     0.00000     0.00000     0.00000
    -96.495         0.00000     0.00000     0.00000     0.00000
    -96.345         0.00000     0.00000     0.00000     0.00000
    -96.195         0.00000     0.00000     0.00000     0.00000
    -96.045         0.00000     0.00000     0.00000     0.00000
    -95.895         0.00000     0.00000     0.00000     0.00000
    -95.745         0.00000     0.00000     0.00000     0.00000
    -95.595         0.00000     0.00000     0.00000     0.00000
    -95.445         0.00000     0.00000     0.00000     0.00000
    -95.295         0.00000     0.00000     0.00000     0.00000
    -95.145         0.00000     0.00000     0.00000     0.00000
    -94.995         0.00000     0.00000     0.00000     0.00000
    -94.845         0.00000     0.00000     0.00000     0.00000
    -94.695         0.00000     0.00000     0.00000     0.00000
    -94.545         0.00000     0.00000     0.00000     0.00000
    -94.395         0.00000     0.00000     0.00000     0.00000
    -94.245         0.00000     0.00000     0.00000     0.00000
    -94.095         0.00000     0.00000     0.00000     0.00000
    -93.945         0.00000     0.00000     0.00000     0.00000
    -93.795         0.00000     0.00000     0.00000     0.00000
    -93.645         0.00000     0.00000     0.00000     0.00000
    -93.495         0.00000     0.00000     0.00000     0.00000
    -93.345         0.00000     0.00000     0.00000     0.00000
    -93.195         0.00000     0.00000     0.00000     0.00000
    -93.045         0.00000     0.00000     0.00000     0.00000
    -92.895         0.00000     0.00000     0.00000     0.00000
    -92.745         0.00000     0.00000     0.00000     0.00000
    -92.595         0.00000     0.00000     0.00000     0.00000
    -92.445         0.00000     0.00000     0.00000     0.00000
    -92.295         0.00000     0.00000     0.00000     0.00000
    -92.145         0.00000     0.00000     0.00000     0.00000
    -91.995         0.00000     0.00000     0.00000     0.00000
    -91.845         0.00000     0.00000     0.00000     0.00000
    -91.695         0.00000     0.00000     0.00000     0.00000
    -91.545         0.00000     0.00000     0.00000     0.00000
    -91.395         0.00000     0.00000     0.00000     0.00000
    -91.245         0.00000     0.00000     0.00000     0.00000
    -91.095         0.00000     0.00000     0.00000     0.00000
    -90.945         0.00000     0.00000     0.00000     0.00000
    -90.795         0.00000     0.00000     0.00000     0.00000
    -90.645         0.00000     0.00000     0.00000     0.00000
    -90.495         0.00000     0.00000     0.00000     0.00000
    -90.345         0.00000     0.00000     0.00000     0.00000
    -90.195         0.00000     0.00000     0.00000     0.00000
    -90.045         0.00000     0.00000     0.00000     0.00000
    -89.895         0.00000     0.00000     0.00000     0.00000
    -89.745         0.00000     0.00000     0.00000     0.00000
    -89.595         0.00000     0.00000     0.00000     0.00000
    -89.445         0.00000     0.00000     0.00000     0.00000
    -89.295         0.00000     0.00000     0.00000     0.00000
    -89.145         0.00000     0.00000     0.00000     0.00000
    -88.995         0.00000     0.00000     0.00000     0.00000
    -88.845         0.00000     0.00000     0.00000     0.00000
    -88.695         0.00000     0.00000     0.00000     0.00000
    -88.545         0.00000     0.00000     0.00000     0.00000
    -88.395         0.00000     0.00000     0.00000     0.00000
    -88.245         0.00000     0.00000     0.00000     0.00000
    -88.095         0.00000     0.00000     0.00000     0.00000
    -87.945         0.00000     0.00000     0.00000     0.00000
    -87.795         0.00000     0.00000     0.00000     0.00000
    -87.645         0.00000     0.00000     0.00000     0.00000
    -87.495         0.00000     0.00000     0.00000     0.00000
    -87.345         0.00000     0.00000     0.00000     0.00000
    -87.195         0.00000     0.00000     0.00000     0.00000
    -87.045         0.00000     0.00000     0.00000     0.00000
    -86.895         0.00000     0.00000     0.00000     0.00000
    -86.745         0.00000     0.00000     0.00000     0.00000
    -86.595         0.00000     0.00000     0.00000     0.00000
    -86.445         0.00000     0.00000     0.00000     0.00000
    -86.295         0.00000     0.00000     0.00000     0.00000
    -86.145         0.00000     0.00000     0.00000     0.00000
    -85.995         0.00000     0.00000     0.00000     0.00000
    -85.845         0.00000     0.00000     0.00000     0.00000
    -85.695         0.00000     0.00000     0.00000     0.00000
    -85.545         0.00000     0.00000     0.00000     0.00000
    -85.395         0.00000     0.00000     0.00000     0.00000
    -85.245         0.00000     0.00000     0.00000     0.00000
    -85.095         0.00000     0.00000     0.00000     0.00000
    -84.945         0.00000     0.00000     0.00000     0.00000
    -84.795         0.00000     0.00000     0.00000     0.00000
    -84.645         0.00000     0.00000     0.00000     0.00000
    -84.495         0.00000     0.00000     0.00000     0.00000
    -84.345         0.00000     0.00000     0.00000     0.00000
    -84.195         0.00000     0.00000     0.00000     0.00000
    -84.045         0.00000     0.00000     0.00000     0.00000
    -83.895         0.00000     0.00000     0.00000     0.00000
    -83.745         0.00000     0.00000     0.00000     0.00000
    -83.595         0.00000     0.00000     0.00000     0.00000
    -83.445         0.00000     0.00000     0.00000     0.00000
    -83.295         0.00000     0.00000     0.00000     0.00000
    -83.145         0.00000     0.00000     0.00000     0.00000
    -82.995         0.00000     0.00000     0.00000     0.00000
    -82.845         0.00000     0.00000     0.00000     0.00000
    -82.695         0.00000     0.00000     0.00000     0.00000
    -82.545         0.00000     0.00000     0.00000     0.00000
    -82.395         0.00000     0.00000     0.00000     0.00000
    -82.245         0.00000     0.00000     0.00000     0.00000
    -82.095         0.00000     0.00000     0.00000     0.00000
    -81.945         0.00000     0.00000     0.00000     0.00000
    -81.795         0.00000     0.00000     0.00000     0.00000
    -81.645         0.00000     0.00000     0.00000     0.00000
    -81.495         0.00000     0.00000     0.00000     0.00000
    -81.345         0.00000     0.00000     0.00000     0.00000
    -81.195         0.00000     0.00000     0.00000     0.00000
    -81.045         0.00000     0.00000     0.00000     0.00000
    -80.895         0.00000     0.00000     0.00000     0.00000
    -80.745         0.00000     0.00000     0.00000     0.00000
    -80.595         0.00000     0.00000     0.00000     0.00000
    -80.445         0.00000     0.00000     0.00000     0.00000
    -80.295         0.00000     0.00000     0.00000     0.00000
    -80.145         0.00000     0.00000     0.00000     0.00000
    -79.995         0.00000     0.00000     0.00000     0.00000
    -79.845         0.00000     0.00000     0.00000     0.00000
    -79.695         0.00000     0.00000     0.00000     0.00000
    -79.545         0.00000     0.00000     0.00000     0.00000
    -79.395         0.00000     0.00000     0.00000     0.00000
    -79.245         0.00000     0.00000     0.00000     0.00000
    -79.095         0.00000     0.00000     0.00000     0.00000
    -78.945         0.00000     0.00000     0.00000     0.00000
    -78.795         0.00000     0.00000     0.00000     0.00000
    -78.645         0.00000     0.00000     0.00000     0.00000
    -78.495         0.00000     0.00000     0.00000     0.00000
    -78.345         0.00000     0.00000     0.00000     0.00000
    -78.195         0.00000     0.00000     0.00000     0.00000
    -78.045         0.00000     0.00000     0.00000     0.00000
    -77.895         0.00000     0.00000     0.00000     0.00000
    -77.745         0.00000     0.00000     0.00000     0.00000
    -77.595         0.00000     0.00000     0.00000     0.00000
    -77.445         0.00000     0.00000     0.00000     0.00000
    -77.295         0.00000     0.00000     0.00000     0.00000
    -77.145         0.00000     0.00000     0.00000     0.00000
    -76.995         0.00000     0.00000     0.00000     0.00000
    -76.845         0.00000     0.00000     0.00000     0.00000
    -76.695         0.00000     0.00000     0.00000     0.00000
    -76.545         0.00000     0.00000     0.00000     0.00000
    -76.395         0.00000     0.00000     0.00000     0.00000
    -76.245         0.00000     0.00000     0.00000     0.00000
    -76.095         0.00000     0.00000     0.00000     0.00000
    -75.945         0.00000     0.00000     0.00000     0.00000
    -75.795         0.00000     0.00000     0.00000     0.00000
    -75.645         0.00000     0.00000     0.00000     0.00000
    -75.495         0.00000     0.00000     0.00000     0.00000
    -75.345         0.00000     0.00000     0.00000     0.00000
    -75.195         0.00000     0.00000     0.00000     0.00000
    -75.045         0.00000     0.00000     0.00000     0.00000
    -74.895         0.00000     0.00000     0.00000     0.00000
    -74.745         0.00000     0.00000     0.00000     0.00000
    -74.595         0.00000     0.00000     0.00000     0.00000
    -74.445         0.00000     0.00000     0.00000     0.00000
    -74.295         0.00000     0.00000     0.00000     0.00000
    -74.145         0.00000     0.00000     0.00000     0.00000
    -73.995         0.00000     0.00000     0.00000     0.00000
    -73.845         0.00000     0.00000     0.00000     0.00000
    -73.695         0.00000     0.00000     0.00000     0.00000
    -73.545         0.00000     0.00000     0.00000     0.00000
    -73.395         0.00000     0.00000     0.00000     0.00000
    -73.245         0.00000     0.00000     0.00000     0.00000
    -73.095         0.00000     0.00000     0.00000     0.00000
    -72.945         0.00000     0.00000     0.00000     0.00000
    -72.795         0.00000     0.00000     0.00000     0.00000
    -72.645         0.00000     0.00000     0.00000     0.00000
    -72.495         0.00000     0.00000     0.00000     0.00000
    -72.345         0.00000     0.00000     0.00000     0.00000
    -72.195         0.00000     0.00000     0.00000     0.00000
    -72.045         0.00000     0.00000     0.00000     0.00000
    -71.895         0.00000     0.00000     0.00000     0.00000
    -71.745         0.00000     0.00000     0.00000     0.00000
    -71.595         0.00000     0.00000     0.00000     0.00000
    -71.445         0.00000     0.00000     0.00000     0.00000
    -71.295         0.00000     0.00000     0.00000     0.00000
    -71.145         0.00000     0.00000     0.00000     0.00000
    -70.995         0.00000     0.00000     0.00000     0.00000
    -70.845         0.00000     0.00000     0.00000     0.00000
    -70.695         0.00000     0.00000     0.00000     0.00000
    -70.545         0.00000     0.00000     0.00000     0.00000
    -70.395         0.00000     0.00000     0.00000     0.00000
    -70.245         0.00000     0.00000     0.00000     0.00000
    -70.095         0.00000     0.00000     0.00000     0.00000
    -69.945         0.00000     0.00000     0.00000     0.00000
    -69.795         0.00000     0.00000     0.00000     0.00000
    -69.645         0.00000     0.00000     0.00000     0.00000
    -69.495         0.00000     0.00000     0.00000     0.00000
    -69.345         0.00000     0.00000     0.00000     0.00000
    -69.195         0.00000     0.00000     0.00000     0.00000
    -69.045         0.00000     0.00000     0.00000     0.00000
    -68.895         0.00000     0.00000     0.00000     0.00000
    -68.745         0.00000     0.00000     0.00000     0.00000
    -68.595         0.00000     0.00000     0.00000     0.00000
    -68.445         0.00000     0.00000     0.00000     0.00000
    -68.295         0.00000     0.00000     0.00000     0.00000
    -68.145         0.00000     0.00000     0.00000     0.00000
    -67.995         0.00000     0.00000     0.00000     0.00000
    -67.845         0.00000     0.00000     0.00000     0.00000
    -67.695         0.00000     0.00000     0.00000     0.00000
    -67.545         0.00000     0.00000     0.00000     0.00000
    -67.395         0.00000     0.00000     0.00000     0.00000
    -67.245         0.00000     0.00000     0.00000     0.00000
    -67.095         0.00000     0.00000     0.00000     0.00000
    -66.945         0.00000     0.00000     0.00000     0.00000
    -66.795         0.00000     0.00000     0.00000     0.00000
    -66.645         0.00000     0.00000     0.00000     0.00000
    -66.495         0.00000     0.00000     0.00000     0.00000
    -66.345         0.00000     0.00000     0.00000     0.00000
    -66.195         0.00000     0.00000     0.00000     0.00000
    -66.045         0.00000     0.00000     0.00000     0.00000
    -65.895         0.00000     0.00000     0.00000     0.00000
    -65.745         0.00000     0.00000     0.00000     0.00000
    -65.595         0.00000     0.00000     0.00000     0.00000
    -65.445         0.00000     0.00000     0.00000     0.00000
    -65.295         0.00000     0.00000     0.00000     0.00000
    -65.145         0.00000     0.00000     0.00000     0.00000
    -64.995         0.00000     0.00000     0.00000     0.00000
    -64.845         0.00000     0.00000     0.00000     0.00000
    -64.695         0.00000     0.00000     0.00000     0.00000
    -64.545         0.00000     0.00000     0.00000     0.00000
    -64.395         0.00000     0.00000     0.00000     0.00000
    -64.245         0.00000     0.00000     0.00000     0.00000
    -64.095         0.00000     0.00000     0.00000     0.00000
    -63.945         0.00000     0.00000     0.00000     0.00000
    -63.795         0.00000     0.00000     0.00000     0.00000
    -63.645         0.00000     0.00000     0.00000     0.00000
    -63.495         0.00000     0.00000     0.00000     0.00000
    -63.345         0.00000     0.00000     0.00000     0.00000
    -63.195         0.00000     0.00000     0.00000     0.00000
    -63.045         0.00000     0.00000     0.00000     0.00000
    -62.895         0.00000     0.00000     0.00000     0.00000
    -62.745         0.00000     0.00000     0.00000     0.00000
    -62.595         0.00000     0.00000     0.00000     0.00000
    -62.445         0.00000     0.00000     0.00000     0.00000
    -62.295         0.00000     0.00000     0.00000     0.00000
    -62.145         0.00000     0.00000     0.00000     0.00000
    -61.995         0.00000     0.00000     0.00000     0.00000
    -61.845         0.00000     0.00000     0.00000     0.00000
    -61.695         0.00000     0.00000     0.00000     0.00000
    -61.545         0.00000     0.00000     0.00000     0.00000
    -61.395         0.00000     0.00000     0.00000     0.00000
    -61.245         0.00000     0.00000     0.00000     0.00000
    -61.095         0.00000     0.00000     0.00000     0.00000
    -60.945         0.00000     0.00000     0.00000     0.00000
    -60.795         0.00000     0.00000     0.00000     0.00000
    -60.645         0.00000     0.00000     0.00000     0.00000
    -60.495         0.00000     0.00000     0.00000     0.00000
    -60.345         0.00000     0.00000     0.00000     0.00000
    -60.195         0.00000     0.00000     0.00000     0.00000
    -60.045         0.00000     0.00000     0.00000     0.00000
    -59.895         0.00000     0.00000     0.00000     0.00000
    -59.745         0.00000     0.00000     0.00000     0.00000
    -59.595         0.00000     0.00000     0.00000     0.00000
    -59.445         0.00000     0.00000     0.00000     0.00000
    -59.295         0.00000     0.00000     0.00000     0.00000
    -59.145         0.00000     0.00000     0.00000     0.00000
    -58.995         0.00000     0.00000     0.00000     0.00000
    -58.845         0.00000     0.00000     0.00000     0.00000
    -58.695         0.00000     0.00000     0.00000     0.00000
    -58.545         0.00000     0.00000     0.00000     0.00000
    -58.395         0.00000     0.00000     0.00000     0.00000
    -58.245         0.00000     0.00000     0.00000     0.00000
    -58.095         0.00000     0.00000     0.00000     0.00000
    -57.945         0.00000     0.00000     0.00000     0.00000
    -57.795         0.00000     0.00000     0.00000     0.00000
    -57.645         0.00000     0.00000     0.00000     0.00000
    -57.495         0.00000     0.00000     0.00000     0.00000
    -57.345         0.00000     0.00000     0.00000     0.00000
    -57.195         0.00000     0.00000     0.00000     0.00000
    -57.045         0.00000     0.00000     0.00000     0.00000
    -56.895         0.00000     0.00000     0.00000     0.00000
    -56.745         0.00000     0.00000     0.00000     0.00000
    -56.595         0.00000     0.00000     0.00000     0.00000
    -56.445         0.00000     0.00000     0.00000     0.00000
    -56.295         0.00000     0.00000     0.00000     0.00000
    -56.145         0.00000     0.00000     0.00000     0.00000
    -55.995         0.00000     0.00000     0.00000     0.00000
    -55.845         0.00000     0.00000     0.00000     0.00000
    -55.695         0.00000     0.00000     0.00000     0.00000
    -55.545         0.00000     0.00000     0.00000     0.00000
    -55.395         0.00000     0.00000     0.00000     0.00000
    -55.245         0.00000     0.00000     0.00000     0.00000
    -55.095         0.00000     0.00000     0.00000     0.00000
    -54.945         0.00000     0.00000     0.00000     0.00000
    -54.795         0.00000     0.00000     0.00000     0.00000
    -54.645         0.00000     0.00000     0.00000     0.00000
    -54.495         0.00000     0.00000     0.00000     0.00000
    -54.345         0.00000     0.00000     0.00000     0.00000
    -54.195         0.00000     0.00000     0.00000     0.00000
    -54.045         0.00000     0.00000     0.00000     0.00000
    -53.895         0.00000     0.00000     0.00000     0.00000
    -53.745         0.00000     0.00000     0.00000     0.00000
    -53.595         0.00000     0.00000     0.00000     0.00000
    -53.445         0.00000     0.00000     0.00000     0.00000
    -53.295         0.00000     0.00000     0.00000     0.00000
    -53.145         0.00000     0.00000     0.00000     0.00000
    -52.995         0.00000     0.00000     0.00000     0.00000
    -52.845         0.00000     0.00000     0.00000     0.00000
    -52.695         0.00000     0.00000     0.00000     0.00000
    -52.545         0.00000     0.00000     0.00000     0.00000
    -52.395         0.00000     0.00000     0.00000     0.00000
    -52.245         0.00000     0.00000     0.00000     0.00000
    -52.095         0.00000     0.00000     0.00000     0.00000
    -51.945         0.00000     0.00000     0.00000     0.00000
    -51.795         0.00000     0.00000     0.00000     0.00000
    -51.645         0.00000     0.00000     0.00000     0.00000
    -51.495         0.00000     0.00000     0.00000     0.00000
    -51.345         0.00000     0.00000     0.00000     0.00000
    -51.195         0.00000     0.00000     0.00000     0.00000
    -51.045         0.00000     0.00000     0.00000     0.00000
    -50.895         0.00000     0.00000     0.00000     0.00000
    -50.745         0.00000     0.00000     0.00000     0.00000
    -50.595         0.00000     0.00000     0.00000     0.00000
    -50.445         0.00000     0.00000     0.00000     0.00000
    -50.295         0.00000     0.00000     0.00000     0.00000
    -50.145         0.00000     0.00000     0.00000     0.00000
    -49.995         0.00000     0.00000     0.00000     0.00000
    -49.845         0.00000     0.00000     0.00000     0.00000
    -49.695         0.00000     0.00000     0.00000     0.00000
    -49.545         0.00000     0.00000     0.00000     0.00000
    -49.395         0.00000     0.00000     0.00000     0.00000
    -49.245         0.00000     0.00000     0.00000     0.00000
    -49.095         0.00000     0.00000     0.00000     0.00000
    -48.945         0.00000     0.00000     0.00000     0.00000
    -48.795         0.00000     0.00000     0.00000     0.00000
    -48.645         0.00000     0.00000     0.00000     0.00000
    -48.495         0.00000     0.00000     0.00000     0.00000
    -48.345         0.00000     0.00000     0.00000     0.00000
    -48.195         0.00000     0.00000     0.00000     0.00000
    -48.045         0.00000     0.00000     0.00000     0.00000
    -47.895         0.00000     0.00000     0.00000     0.00000
    -47.745         0.00000     0.00000     0.00000     0.00000
    -47.595         0.00000     0.00000     0.00000     0.00000
    -47.445         0.00000     0.00000     0.00000     0.00000
    -47.295         0.00000     0.00000     0.00000     0.00000
    -47.145         0.00000     0.00000     0.00000     0.00000
    -46.995         0.00000     0.00000     0.00000     0.00000
    -46.845         0.00000     0.00000     0.00000     0.00000
    -46.695         0.00000     0.00000     0.00000     0.00000
    -46.545         0.00000     0.00000     0.00000     0.00000
    -46.395         0.00000     0.00000     0.00000     0.00000
    -46.245         0.00000     0.00000     0.00000     0.00000
    -46.095         0.00000     0.00000     0.00000     0.00000
    -45.945         0.00000     0.00000     0.00000     0.00000
    -45.795         0.00000     0.00000     0.00000     0.00000
    -45.645         0.00000     0.00000     0.00000     0.00000
    -45.495         0.00000     0.00000     0.00000     0.00000
    -45.345         0.00000     0.00000     0.00000     0.00000
    -45.195         0.00000     0.00000     0.00000     0.00000
    -45.045         0.00000     0.00000     0.00000     0.00000
    -44.895         0.00000     0.00000     0.00000     0.00000
    -44.745         0.00000     0.00000     0.00000     0.00000
    -44.595         0.00000     0.00000     0.00000     0.00000
    -44.445         0.00000     0.00000     0.00000     0.00000
    -44.295         0.00000     0.00000     0.00000     0.00000
    -44.145         0.00000     0.00000     0.00000     0.00000
    -43.995         0.00000     0.00000     0.00000     0.00000
    -43.845         0.00000     0.00000     0.00000     0.00000
    -43.695         0.00000     0.00000     0.00000     0.00000
    -43.545         0.00000     0.00000     0.00000     0.00000
    -43.395         0.00000     0.00000     0.00000     0.00000
    -43.245         0.00000     0.00000     0.00000     0.00000
    -43.095         0.00000     0.00000     0.00000     0.00000
    -42.945         0.00000     0.00000     0.00000     0.00000
    -42.795         0.00000     0.00000     0.00000     0.00000
    -42.645         0.00000     0.00000     0.00000     0.00000
    -42.495         0.00000     0.00000     0.00000     0.00000
    -42.345         0.00000     0.00000     0.00000     0.00000
    -42.195         0.00000     0.00000     0.00000     0.00000
    -42.045         0.00000     0.00000     0.00000     0.00000
    -41.895         0.00000     0.00000     0.00000     0.00000
    -41.745         0.00000     0.00000     0.00000     0.00000
    -41.595         0.00000     0.00000     0.00000     0.00000
    -41.445         0.00000     0.00000     0.00000     0.00000
    -41.295         0.00000     0.00000     0.00000     0.00000
    -41.145         0.00000     0.00000     0.00000     0.00000
    -40.995         0.00000     0.00000     0.00000     0.00000
    -40.845         0.00000     0.00000     0.00000     0.00000
    -40.695         0.00000     0.00000     0.00000     0.00000
    -40.545         0.00000     0.00000     0.00000     0.00000
    -40.395         0.00000     0.00000     0.00000     0.00000
    -40.245         0.00000     0.00000     0.00000     0.00000
    -40.095         0.00000     0.00000     0.00000     0.00000
    -39.945         0.00000     0.00000     0.00000     0.00000
    -39.795         0.00000     0.00000     0.00000     0.00000
    -39.645         0.00000     0.00000     0.00000     0.00000
    -39.495         0.00000     0.00000     0.00000     0.00000
    -39.345         0.00000     0.00000     0.00000     0.00000
    -39.195         0.00000     0.00000     0.00000     0.00000
    -39.045         0.00000     0.00000     0.00000     0.00000
    -38.895         0.00000     0.00000     0.00000     0.00000
    -38.745         0.00000     0.00000     0.00000     0.00000
    -38.595         0.00000     0.00000     0.00000     0.00000
    -38.445         0.00000     0.00000     0.00000     0.00000
    -38.295         0.00000     0.00000     0.00000     0.00000
    -38.145         0.00000     0.00000     0.00000     0.00000
    -37.995         0.00000     0.00000     0.00000     0.00000
    -37.845         0.00000     0.00000     0.00000     0.00000
    -37.695         0.00000     0.00000     0.00000     0.00000
    -37.545         0.00000     0.00000     0.00000     0.00000
    -37.395         0.00000     0.00000     0.00000     0.00000
    -37.245         0.00000     0.00000     0.00000     0.00000
    -37.095         0.00000     0.00000     0.00000     0.00000
    -36.945         0.00000     0.00000     0.00000     0.00000
    -36.795         0.00000     0.00000     0.00000     0.00000
    -36.645         0.00000     0.00000     0.00000     0.00000
    -36.495         0.00000     0.00000     0.00000     0.00000
    -36.345         0.00000     0.00000     0.00000     0.00000
    -36.195         0.00000     0.00000     0.00000     0.00000
    -36.045         0.00000     0.00000     0.00000     0.00000
    -35.895         0.00000     0.00000     0.00000     0.00000
    -35.745         0.00000     0.00000     0.00000     0.00000
    -35.595         0.00000     0.00000     0.00000     0.00000
    -35.445         0.00000     0.00000     0.00000     0.00000
    -35.295         0.00000     0.00000     0.00000     0.00000
    -35.145         0.00000     0.00000     0.00000     0.00000
    -34.995         0.00000     0.00000     0.00000     0.00000
    -34.845         0.00000     0.00000     0.00000     0.00000
    -34.695         0.00000     0.00000     0.00000     0.00000
    -34.545         0.00000     0.00000     0.00000     0.00000
    -34.395         0.00000     0.00000     0.00000     0.00000
    -34.245         0.00000     0.00000     0.00000     0.00000
    -34.095         0.00000     0.00000     0.00000     0.00000
    -33.945         0.00000     0.00000     0.00000     0.00000
    -33.795         0.00000     0.00000     0.00000     0.00000
    -33.645         0.00000     0.00000     0.00000     0.00000
    -33.495         0.00000     0.00000     0.00000     0.00000
    -33.345         0.00000     0.00000     0.00000     0.00000
    -33.195         0.00000     0.00000     0.00000     0.00000
    -33.045         0.00000     0.00000     0.00000     0.00000
    -32.895         0.00000     0.00000     0.00000     0.00000
    -32.745         0.00000     0.00000     0.00000     0.00000
    -32.595         0.00000     0.00000     0.00000     0.00000
    -32.445         0.00000     0.00000     0.00000     0.00000
    -32.295         0.00000     0.00000     0.00000     0.00000
    -32.145         0.00000     0.00000     0.00000     0.00000
    -31.995         0.00000     0.00000     0.00000     0.00000
    -31.845         0.00000     0.00000     0.00000     0.00000
    -31.695         0.00000     0.00000     0.00000     0.00000
    -31.545         0.00000     0.00000     0.00000     0.00000
    -31.395         0.00000     0.00000     0.00000     0.00000
    -31.245         0.00000     0.00000     0.00000     0.00000
    -31.095         0.00000     0.00000     0.00000     0.00000
    -30.945         0.00000     0.00000     0.00000     0.00000
    -30.795         0.00000     0.00000     0.00000     0.00000
    -30.645         0.00000     0.00000     0.00000     0.00000
    -30.495         0.00000     0.00000     0.00000     0.00000
    -30.345         0.00000     0.00000     0.00000     0.00000
    -30.195         0.00000     0.00000     0.00000     0.00000
    -30.045         0.00000     0.00000     0.00000     0.00000
    -29.895         0.00000     0.00000     0.00000     0.00000
    -29.745         0.00000     0.00000     0.00000     0.00000
    -29.595         0.00000     0.00000     0.00000     0.00000
    -29.445         0.00000     0.00000     0.00000     0.00000
    -29.295         0.00000     0.00000     0.00000     0.00000
    -29.145         0.00000     0.00000     0.00000     0.00000
    -28.995         0.00000     0.00000     0.00000     0.00000
    -28.845         0.00000     0.00000     0.00000     0.00000
    -28.695         0.00000     0.00000     0.00000     0.00000
    -28.545         0.00000     0.00000     0.00000     0.00000
    -28.395         0.00000     0.00000     0.00000     0.00000
    -28.245         0.00000     0.00000     0.00000     0.00000
    -28.095         0.00000     0.00000     0.00000     0.00000
    -27.945         0.00000     0.00000     0.00000     0.00000
    -27.795         0.00000     0.00000     0.00000     0.00000
    -27.645         0.00000     0.00000     0.00000     0.00000
    -27.495         0.00000     0.00000     0.00000     0.00000
    -27.345         0.00000     0.00000     0.00000     0.00000
    -27.195         0.00000     0.00000     0.00000     0.00000
    -27.045         0.00000     0.00000     0.00000     0.00000
    -26.895         0.00000     0.00000     0.00000     0.00000
    -26.745         0.00000     0.00000     0.00000     0.00000
    -26.595         0.00000     0.00000     0.00000     0.00000
    -26.445         0.00000     0.00000     0.00000     0.00000
    -26.295         0.00000     0.00000     0.00000     0.00000
    -26.145         0.00000     0.00000     0.00000     0.00000
    -25.995         0.00000     0.00000     0.00000     0.00000
    -25.845         0.00000     0.00000     0.00000     0.00000
    -25.695         0.00000     0.00000     0.00000     0.00000
    -25.545         0.00000     0.00000     0.00000     0.00000
    -25.395         0.00000     0.00000     0.00000     0.00000
    -25.245         0.00000     0.00000     0.00000     0.00000
    -25.095         0.00000     0.00000     0.00000     0.00000
    -24.945         0.00000     0.00000     0.00000     0.00000
    -24.795        -0.00000    -0.00000     0.00000     0.00000
    -24.645        -0.00000    -0.00000     0.00000     0.00000
    -24.495        -0.00000    -0.00000     0.00000     0.00000
    -24.345        -0.00000    -0.00000     0.00000     0.00000
    -24.195        -0.00000    -0.00000     0.00000     0.00000
    -24.045        -0.00000    -0.00000     0.00000     0.00000
    -23.895        -0.00000    -0.00000     0.00000     0.00000
    -23.745        -0.00001    -0.00001     0.00000     0.00000
    -23.595        -0.00001    -0.00001     0.00000     0.00000
    -23.445        -0.00001    -0.00001     0.00000     0.00000
    -23.295        -0.00002    -0.00002     0.00000     0.00000
    -23.145        -0.00003    -0.00003     0.00000     0.00000
    -22.995        -0.00005    -0.00005     0.00000     0.00000
    -22.845        -0.00006    -0.00006     0.00000     0.00000
    -22.695        -0.00008    -0.00008     0.00000     0.00000
    -22.545        -0.00010    -0.00010     0.00000     0.00000
    -22.395        -0.00013    -0.00013     0.00000     0.00000
    -22.245        -0.00015    -0.00015     0.00000     0.00000
    -22.095        -0.00019    -0.00019     0.00000     0.00000
    -21.945        -0.00022    -0.00022     0.00000     0.00000
    -21.795        -0.00025    -0.00025     0.00000     0.00000
    -21.645        -0.00029    -0.00029     0.00000     0.00000
    -21.495        -0.00034    -0.00034     0.00000     0.00000
    -21.345        -0.00038    -0.00038     0.00000     0.00000
    -21.195        -0.00042    -0.00042     0.00000     0.00000
    -21.045        -0.00046    -0.00046     0.00000     0.00000
    -20.895        -0.00051    -0.00051     0.00000     0.00000
    -20.745        -0.00056    -0.00056     0.00000     0.00000
    -20.595        -0.00061    -0.00061     0.00000     0.00000
    -20.445        -0.00066    -0.00066     0.00000     0.00000
    -20.295        -0.00072    -0.00072     0.00000     0.00000
    -20.145        -0.00077    -0.00077     0.00000     0.00000
    -19.995        -0.00083    -0.00083     0.00000     0.00000
    -19.845        -0.00089    -0.00089     0.00000     0.00000
    -19.695        -0.00096    -0.00096     0.00000     0.00000
    -19.545        -0.00102    -0.00102     0.00000     0.00000
    -19.395        -0.00108    -0.00108     0.00000     0.00000
    -19.245        -0.00115    -0.00115     0.00000     0.00000
    -19.095        -0.00122    -0.00122     0.00000     0.00000
    -18.945        -0.00129    -0.00129     0.00000     0.00000
    -18.795        -0.00137    -0.00137     0.00000     0.00000
    -18.645        -0.00145    -0.00145     0.00000     0.00000
    -18.495        -0.00152    -0.00152     0.00000     0.00000
    -18.345        -0.00159    -0.00159     0.00000     0.00000
    -18.195        -0.00168    -0.00168     0.00000     0.00000
    -18.045        -0.00176    -0.00176     0.00000     0.00000
    -17.895        -0.00184    -0.00184     0.00000     0.00000
    -17.745        -0.00193    -0.00193     0.00000     0.00000
    -17.595        -0.00201    -0.00201     0.00000     0.00000
    -17.445        -0.00211    -0.00211     0.00000     0.00000
    -17.295        -0.00221    -0.00221     0.00000     0.00000
    -17.145        -0.00229    -0.00229     0.00000     0.00000
    -16.995        -0.00240    -0.00240     0.00000     0.00000
    -16.845        -0.00250    -0.00250     0.00000     0.00000
    -16.695        -0.00261    -0.00261     0.00000     0.00000
    -16.545        -0.00271    -0.00271     0.00000     0.00000
    -16.395        -0.00281    -0.00281     0.00000     0.00000
    -16.245        -0.00293    -0.00293     0.00000     0.00000
    -16.095        -0.00304    -0.00304     0.00000     0.00000
    -15.945        -0.00315    -0.00315     0.00000     0.00000
    -15.795        -0.00327    -0.00327     0.00000     0.00000
    -15.645        -0.00338    -0.00338     0.00000     0.00000
    -15.495        -0.00351    -0.00351     0.00000     0.00000
    -15.345        -0.00362    -0.00362     0.00000     0.00000
    -15.195        -0.00374    -0.00374     0.00000     0.00000
    -15.045        -0.00387    -0.00387     0.00000     0.00000
    -14.895        -0.00400    -0.00400     0.00000     0.00000
    -14.745        -0.00414    -0.00414     0.00000     0.00000
    -14.595        -0.00428    -0.00428     0.00000     0.00000
    -14.445        -0.00442    -0.00442     0.00000     0.00000
    -14.295        -0.00456    -0.00456     0.00000     0.00000
    -14.145        -0.00470    -0.00470     0.00000     0.00000
    -13.995        -0.00485    -0.00485     0.00000     0.00000
    -13.845        -0.00500    -0.00500     0.00000     0.00000
    -13.695        -0.00516    -0.00516     0.00000     0.00000
    -13.545        -0.00532    -0.00532     0.00000     0.00000
    -13.395        -0.00548    -0.00548     0.00000     0.00000
    -13.245        -0.00565    -0.00565     0.00000     0.00000
    -13.095        -0.00583    -0.00583     0.00000     0.00000
    -12.945        -0.00600    -0.00600     0.00000     0.00000
    -12.795        -0.00617    -0.00617     0.00000     0.00000
    -12.645        -0.00635    -0.00635     0.00000     0.00000
    -12.495        -0.00653    -0.00653     0.00000     0.00000
    -12.345        -0.00670    -0.00670     0.00000     0.00000
    -12.195        -0.00689    -0.00689     0.00000     0.00000
    -12.045        -0.00709    -0.00709     0.00000     0.00000
    -11.895        -0.00728    -0.00728     0.00000     0.00000
    -11.745        -0.00750    -0.00750     0.00000     0.00000
    -11.595        -0.00770    -0.00770     0.00000     0.00000
    -11.445        -0.00792    -0.00792    -0.00000     0.00000
    -11.295        -0.00814    -0.00814     0.00000     0.00000
    -11.145        -0.00836    -0.00836     0.00000     0.00000
    -10.995        -0.01188    -0.01006    -0.00182     0.00000
    -10.845        -0.01353    -0.01029    -0.00323     0.00000
    -10.695        -0.01521    -0.01051    -0.00470     0.00000
    -10.545        -0.02032    -0.01281    -0.00751     0.00000
    -10.395        -0.02511    -0.01566    -0.00945     0.00000
    -10.245        -0.02863    -0.01590    -0.01273     0.00000
    -10.095        -0.03511    -0.01617    -0.01893     0.00000
    -9.9450        -0.04309    -0.01791    -0.02518     0.00000
    -9.7950        -0.04879    -0.01816    -0.03063     0.00000
    -9.6450        -0.05756    -0.02106    -0.03650     0.00000
    -9.4950        -0.06287    -0.02134    -0.04153     0.00000
    -9.3450        -0.06735    -0.02162    -0.04573     0.00000
    -9.1950        -0.07622    -0.02548    -0.05074     0.00000
    -9.0450        -0.08577    -0.02729    -0.05848     0.00000
    -8.8950        -0.09498    -0.03072    -0.06426     0.00000
    -8.7450        -0.10361    -0.03322    -0.07039     0.00000
    -8.5950        -0.11122    -0.03668    -0.07454     0.00000
    -8.4450        -0.11729    -0.04059    -0.07671     0.00000
    -8.2950        -0.12485    -0.04362    -0.08123     0.00000
    -8.1450        -0.13304    -0.04621    -0.08683     0.00000
    -7.9950        -0.13744    -0.04880    -0.08864     0.00000
    -7.8450        -0.14712    -0.05550    -0.09162     0.00000
    -7.6950        -0.15448    -0.05988    -0.09460     0.00000
    -7.5450        -0.16404    -0.06499    -0.09905     0.00000
    -7.3950        -0.17279    -0.06978    -0.10277    -0.00024
    -7.2450        -0.18289    -0.07457    -0.10686    -0.00145
    -7.0950        -0.19781    -0.08082    -0.11094    -0.00606
    -6.9450        -0.22754    -0.08875    -0.11470    -0.02409
    -6.7950        -0.28278    -0.09501    -0.12011    -0.06765
    -6.6450        -0.36682    -0.10026    -0.12455    -0.14201
    -6.4950        -0.49585    -0.10618    -0.12872    -0.26096
    -6.3450        -0.66242    -0.11083    -0.13323    -0.41837
    -6.1950        -0.84723    -0.11553    -0.13929    -0.59241
    -6.0450        -1.07735    -0.12393    -0.14709    -0.80633
    -5.8950        -1.32772    -0.13321    -0.15236    -1.04215
    -5.7450        -1.59137    -0.14247    -0.15825    -1.29065
    -5.5950        -1.86682    -0.15225    -0.16639    -1.54819
    -5.4450        -2.14441    -0.16145    -0.17564    -1.80732
    -5.2950        -2.40108    -0.17040    -0.18389    -2.04679
    -5.1450        -2.67017    -0.18064    -0.19251    -2.29703
    -4.9950        -2.94408    -0.19136    -0.20485    -2.54787
    -4.8450        -3.20686    -0.20136    -0.21395    -2.79155
    -4.6950        -3.45306    -0.21256    -0.22668    -3.01383
    -4.5450        -3.69745    -0.22397    -0.24319    -3.23029
    -4.3950        -3.92758    -0.23476    -0.25635    -3.43647
    -4.2450        -4.15935    -0.24686    -0.27089    -3.64161
    -4.0950        -4.36860    -0.25816    -0.28651    -3.82393
    -3.9450        -4.56861    -0.26918    -0.30088    -3.99854
    -3.7950        -4.76336    -0.28318    -0.31596    -4.16422
    -3.6450        -4.94664    -0.29577    -0.33102    -4.31985
    -3.4950        -5.13625    -0.31133    -0.34927    -4.47565
    -3.3450        -5.32071    -0.32482    -0.36805    -4.62785
    -3.1950        -5.50770    -0.34012    -0.38706    -4.78052
    -3.0450        -5.70091    -0.36153    -0.40953    -4.92985
    -2.8950        -5.91104    -0.38454    -0.43440    -5.09210
    -2.7450        -6.11590    -0.40636    -0.46017    -5.24936
    -2.5950        -6.33350    -0.42967    -0.48992    -5.41391
    -2.4450        -6.56220    -0.45652    -0.51717    -5.58851
    -2.2950        -6.81782    -0.48607    -0.54905    -5.78270
    -2.1450        -7.10264    -0.51973    -0.58269    -6.00022
    -1.9950        -7.43334    -0.55501    -0.61882    -6.25951
    -1.8450        -7.81097    -0.59651    -0.65950    -6.55497
    -1.6950        -8.26461    -0.64333    -0.71201    -6.90927
    -1.5450        -8.82060    -0.69577    -0.76702    -7.35781
    -1.3950        -9.50439    -0.75841    -0.82671    -7.91926
    -1.2450       -10.36393    -0.83313    -0.89791    -8.63289
    -1.0950       -11.43193    -0.92254    -0.98124    -9.52815
   -0.94500       -12.72569    -1.02790    -1.08033   -10.61746
   -0.79500       -14.32138    -1.15538    -1.21219   -11.95381
   -0.64500       -16.33733    -1.33280    -1.38784   -13.61668
   -0.49500       -18.98006    -1.59398    -1.64872   -15.73736
   -0.34500       -22.53270    -2.00729    -2.09050   -18.43492
   -0.22700       -24.01073    -2.20686    -2.30051   -19.50335
   -0.21300       -24.20323    -2.23382    -2.32908   -19.64034
   -0.20700       -24.40062    -2.26145    -2.35925   -19.77991
   -0.20100       -24.60234    -2.29061    -2.39058   -19.92115
   -0.19500       -24.80754    -2.31980    -2.42292   -20.06481
   -0.18900       -25.01827    -2.35006    -2.45641   -20.21181
   -0.18300       -25.23322    -2.38165    -2.49128   -20.36029
   -0.17700       -25.45489    -2.41406    -2.52641   -20.51442
   -0.17100       -25.68191    -2.44744    -2.56268   -20.67179
   -0.16500       -25.91511    -2.48161    -2.60079   -20.83271
   -0.15900       -26.15648    -2.51693    -2.64003   -20.99952
   -0.15300       -26.40385    -2.55334    -2.68102   -21.16949
   -0.14700       -26.66063    -2.59051    -2.72429   -21.34583
   -0.14100       -26.92687    -2.62971    -2.76869   -21.52846
   -0.13500       -27.20143    -2.66990    -2.81437   -21.71716
   -0.12900       -27.48496    -2.71184    -2.86235   -21.91078
   -0.12300       -27.77979    -2.75483    -2.91233   -22.11263
   -0.11700       -28.08514    -2.79952    -2.96341   -22.32222
   -0.11100       -28.40486    -2.84632    -3.01709   -22.54146
   -0.10500       -28.73662    -2.89490    -3.07240   -22.76933
   -0.99000E-01   -29.08355    -2.94531    -3.13046   -23.00778
   -0.93000E-01   -29.44917    -2.99781    -3.19167   -23.25969
   -0.87000E-01   -29.83292    -3.05189    -3.25663   -23.52440
   -0.81000E-01   -30.24133    -3.10869    -3.32601   -23.80663
   -0.75000E-01   -30.67408    -3.16768    -3.40004   -24.10636
   -0.69000E-01   -31.13657    -3.22852    -3.47950   -24.42855
   -0.63000E-01   -31.63422    -3.29215    -3.56524   -24.77683
   -0.57000E-01   -32.17686    -3.35901    -3.66000   -25.15785
   -0.51000E-01   -32.77208    -3.43082    -3.76267   -25.57859
   -0.45000E-01   -33.43194    -3.50854    -3.87231   -26.05110
   -0.39000E-01   -34.16374    -3.59000    -3.98368   -26.59007
   -0.33000E-01   -34.98892    -3.67165    -4.09324   -27.22402
   -0.27000E-01   -35.94051    -3.75012    -4.19493   -27.99546
   -0.21300E-01   -36.69473    -3.79898    -4.25657   -28.63918
   -0.19500E-01   -36.81501    -3.80576    -4.26492   -28.74433
   -0.18900E-01   -36.93809    -3.81244    -4.27298   -28.85268
   -0.18300E-01   -37.06425    -3.81907    -4.28081   -28.96437
   -0.17700E-01   -37.19373    -3.82545    -4.28838   -29.07990
   -0.17100E-01   -37.32676    -3.83177    -4.29583   -29.19915
   -0.16500E-01   -37.46419    -3.83801    -4.30310   -29.32309
   -0.15900E-01   -37.60608    -3.84401    -4.31004   -29.45204
   -0.15300E-01   -37.75259    -3.84996    -4.31675   -29.58589
   -0.14700E-01   -37.90437    -3.85566    -4.32325   -29.72546
   -0.14100E-01   -38.06196    -3.86119    -4.32950   -29.87128
   -0.13500E-01   -38.22597    -3.86659    -4.33555   -30.02382
   -0.12900E-01   -38.39652    -3.87176    -4.34136   -30.18340
   -0.12300E-01   -38.57469    -3.87674    -4.34691   -30.35104
   -0.11700E-01   -38.76139    -3.88157    -4.35221   -30.52761
   -0.11100E-01   -38.95773    -3.88616    -4.35723   -30.71434
   -0.10500E-01   -39.16419    -3.89058    -4.36201   -30.91159
   -0.99000E-02   -39.38266    -3.89477    -4.36652   -31.12137
   -0.93000E-02   -39.61492    -3.89873    -4.37075   -31.34544
   -0.87000E-02   -39.86408    -3.90248    -4.37472   -31.58688
   -0.81000E-02   -40.13210    -3.90598    -4.37845   -31.84768
   -0.75000E-02   -40.42369    -3.90924    -4.38189   -32.13256
   -0.69000E-02   -40.74314    -3.91228    -4.38506   -32.44580
   -0.63000E-02   -41.09609    -3.91506    -4.38797   -32.79306
   -0.57000E-02   -41.48935    -3.91760    -4.39061   -33.18115
   -0.51000E-02   -41.92991    -3.91987    -4.39298   -33.61706
   -0.45000E-02   -42.42610    -3.92190    -4.39508   -34.10912
   -0.39000E-02   -42.98708    -3.92366    -4.39690   -34.66652
   -0.33000E-02   -43.62399    -3.92517    -4.39845   -35.30037
   -0.27000E-02   -44.35003    -3.92642    -4.39972   -36.02389
   -0.21000E-02   -45.18930    -3.92740    -4.40073   -36.86118
   -0.15000E-02   -46.17117    -3.92810    -4.40146   -37.84161
   -0.90000E-03   -47.15302    -3.92853    -4.40191   -38.82257
   -0.30000E-03   -47.58053    -3.92871    -4.40208   -39.24975
    0.30000E-03   -47.15992    -3.92859    -4.40198   -38.82934
    0.90000E-03   -46.17993    -3.92819    -4.40164   -37.85010
    0.15000E-02   -45.19829    -3.92751    -4.40099   -36.86978
    0.21000E-02   -44.35819    -3.92656    -4.40012   -36.03150
    0.27000E-02   -43.63188    -3.92537    -4.39895   -35.30756
    0.33000E-02   -42.99563    -3.92389    -4.39751   -34.67424
    0.39000E-02   -42.43516    -3.92214    -4.39580   -34.11723
    0.45000E-02   -41.93952    -3.92008    -4.39391   -33.62552
    0.51000E-02   -41.49964    -3.91786    -4.39176   -33.19002
    0.57000E-02   -41.10709    -3.91534    -4.38935   -32.80240
    0.63000E-02   -40.75494    -3.91251    -4.38662   -32.45581
    0.69000E-02   -40.43651    -3.90944    -4.38366   -32.14340
    0.75000E-02   -40.14594    -3.90603    -4.38049   -31.85942
    0.81000E-02   -39.87861    -3.90245    -4.37706   -31.59910
    0.87000E-02   -39.63070    -3.89850    -4.37336   -31.35884
    0.93000E-02   -39.39892    -3.89430    -4.36942   -31.13520
    0.99000E-02   -39.18138    -3.88987    -4.36528   -30.92623
    0.10500E-01   -38.97576    -3.88526    -4.36087   -30.72963
    0.11100E-01   -38.78124    -3.88047    -4.35631   -30.54447
    0.11700E-01   -38.59592    -3.87533    -4.35151   -30.36908
    0.12300E-01   -38.41869    -3.86996    -4.34657   -30.20216
    0.12900E-01   -38.24896    -3.86435    -4.34145   -30.04316
    0.13500E-01   -38.08671    -3.85837    -4.33610   -29.89225
    0.14100E-01   -37.92994    -3.85229    -4.33052   -29.74713
    0.14700E-01   -37.77927    -3.84590    -4.32482   -29.60856
    0.15300E-01   -37.63340    -3.83928    -4.31890   -29.47522
    0.15900E-01   -37.49212    -3.83239    -4.31279   -29.34693
    0.16500E-01   -37.35562    -3.82531    -4.30649   -29.22382
    0.17100E-01   -37.22271    -3.81783    -4.30012   -29.10476
    0.17700E-01   -37.09423    -3.81027    -4.29362   -28.99034
    0.18300E-01   -36.96923    -3.80261    -4.28690   -28.87971
    0.18900E-01   -36.84743    -3.79469    -4.28008   -28.77266
    0.19500E-01   -36.72864    -3.78654    -4.27316   -28.66894
    0.21300E-01   -35.98553    -3.72596    -4.22335   -28.03621
    0.27000E-01   -35.06047    -3.62577    -4.14401   -27.29069
    0.33000E-01   -34.27231    -3.51796    -4.06204   -26.69232
    0.39000E-01   -33.58635    -3.40783    -3.98123   -26.19730
    0.45000E-01   -32.98294    -3.30006    -3.90399   -25.77890
    0.51000E-01   -32.44795    -3.19830    -3.83168   -25.41797
    0.57000E-01   -31.96876    -3.10372    -3.76396   -25.10107
    0.63000E-01   -31.53960    -3.01771    -3.70001   -24.82189
    0.69000E-01   -31.15080    -2.93812    -3.63965   -24.57302
    0.75000E-01   -30.79404    -2.86375    -3.58148   -24.34881
    0.81000E-01   -30.46750    -2.79368    -3.52591   -24.14790
    0.87000E-01   -30.16299    -2.72747    -3.47278   -23.96275
    0.93000E-01   -29.87917    -2.66467    -3.42171   -23.79279
    0.99000E-01   -29.61383    -2.60482    -3.37272   -23.63629
    0.10500       -29.36375    -2.54744    -3.32483   -23.49148
    0.11100       -29.12888    -2.49346    -3.27915   -23.35626
    0.11700       -28.90625    -2.44126    -3.23485   -23.23014
    0.12300       -28.69416    -2.39140    -3.19115   -23.11161
    0.12900       -28.49273    -2.34383    -3.14999   -22.99892
    0.13500       -28.30223    -2.29821    -3.10975   -22.89427
    0.14100       -28.11989    -2.25418    -3.07087   -22.79484
    0.14700       -27.94714    -2.21218    -3.03419   -22.70077
    0.15300       -27.78093    -2.17161    -2.99791   -22.61140
    0.15900       -27.62356    -2.13296    -2.96400   -22.52660
    0.16500       -27.47145    -2.09608    -2.93082   -22.44455
    0.17100       -27.32629    -2.06005    -2.89852   -22.36772
    0.17700       -27.18522    -2.02486    -2.86698   -22.29338
    0.18300       -27.05044    -1.99148    -2.83611   -22.22285
    0.18900       -26.91936    -1.95902    -2.80639   -22.15395
    0.19500       -26.79460    -1.92760    -2.77791   -22.08909
    0.20100       -26.67337    -1.89647    -2.75032   -22.02659
    0.20700       -26.55625    -1.86647    -2.72459   -21.96519
    0.21300       -26.44270    -1.83768    -2.69835   -21.90667
    0.22700       -25.61519    -1.62150    -2.50713   -21.48656
    0.34500       -23.93793    -1.18253    -2.10436   -20.65104
    0.49500       -22.89956    -0.92390    -1.85407   -20.12159
    0.64500       -22.14265    -0.75145    -1.67902   -19.71218
    0.79500       -21.53819    -0.62043    -1.55133   -19.36644
    0.94500       -21.04253    -0.51294    -1.45365   -19.07593
     1.0950       -20.62242    -0.42954    -1.37376   -18.81912
     1.2450       -20.27768    -0.36487    -1.31077   -18.60203
     1.3950       -19.96796    -0.30934    -1.25822   -18.40041
     1.5450       -19.70157    -0.26330    -1.21366   -18.22461
     1.6950       -19.46437    -0.22459    -1.17519   -18.06458
     1.8450       -19.24769    -0.19144    -1.14280   -17.91345
     1.9950       -19.05497    -0.16337    -1.11342   -17.77818
     2.1450       -18.88854    -0.13833    -1.08861   -17.66159
     2.2950       -18.73197    -0.11647    -1.06696   -17.54853
     2.4450       -18.58934    -0.09775    -1.04729   -17.44430
     2.5950       -18.46325    -0.08268    -1.03039   -17.35019
     2.7450       -18.34437    -0.06857    -1.01400   -17.26180
     2.8950       -18.23031    -0.05559    -1.00021   -17.17451
     3.0450       -18.13048    -0.04391    -0.98719   -17.09939
     3.1950       -18.03890    -0.03550    -0.97631   -17.02709
     3.3450       -17.95697    -0.02889    -0.96535   -16.96272
     3.4950       -17.87768    -0.02469    -0.95521   -16.89778
     3.6450       -17.80353    -0.01909    -0.94650   -16.83794
     3.7950       -17.72810    -0.01291    -0.93763   -16.77756
     3.9450       -17.65809    -0.00508    -0.92910   -16.72391
     4.0950       -17.59382     0.00057    -0.92168   -16.67270
     4.2450       -17.52904     0.00664    -0.91410   -16.62158
     4.3950       -17.46899     0.01222    -0.90714   -16.57407
     4.5450       -17.41163     0.01774    -0.90041   -16.52896
     4.6950       -17.35628     0.02151    -0.89394   -16.48384
     4.8450       -17.30430     0.02442    -0.88823   -16.44049
     4.9950       -17.25446     0.02822    -0.88320   -16.39947
     5.1450       -17.20463     0.03358    -0.87866   -16.35954
     5.2950       -17.15588     0.03858    -0.87383   -16.32063
     5.4450       -17.10888     0.04325    -0.86888   -16.28325
     5.5950       -17.06558     0.04780    -0.86662   -16.24676
     5.7450       -17.02324     0.05082    -0.86276   -16.21130
     5.8950       -16.98171     0.05450    -0.85957   -16.17665
     6.0450       -16.94403     0.05754    -0.85869   -16.14288
     6.1950       -16.90661     0.06111    -0.85785   -16.10987
     6.3450       -16.87045     0.06140    -0.85416   -16.07770
     6.4950       -16.83515     0.06440    -0.85339   -16.04616
     6.6450       -16.80076     0.06735    -0.85267   -16.01544
     6.7950       -16.76810     0.06760    -0.85042   -15.98528
     6.9450       -16.73222     0.07092    -0.84733   -15.95581
     7.0950       -16.70010     0.07111    -0.84424   -15.92698
     7.2450       -16.67106     0.07130    -0.84363   -15.89873
     7.3950       -16.64068     0.07336    -0.84304   -15.87100
     7.5450       -16.61281     0.07354    -0.84247   -15.84388
     7.6950       -16.58193     0.07559    -0.84021   -15.81731
     7.8450       -16.55511     0.07577    -0.83967   -15.79121
     7.9950       -16.52685     0.07785    -0.83915   -15.76555
     8.1450       -16.49922     0.07799    -0.83686   -15.74035
     8.2950       -16.47390     0.07813    -0.83637   -15.71566
     8.4450       -16.44902     0.07828    -0.83590   -15.69140
     8.5950       -16.42456     0.07841    -0.83544   -15.66753
     8.7450       -16.40061     0.07853    -0.83500   -15.64414
     8.8950       -16.37698     0.07864    -0.83455   -15.62107
     9.0450       -16.35193     0.07877    -0.83225   -15.59845
     9.1950       -16.32909     0.07888    -0.83184   -15.57613
     9.3450       -16.30667     0.07898    -0.83143   -15.55421
     9.4950       -16.28459     0.07907    -0.83103   -15.53263
     9.6450       -16.26287     0.07917    -0.83065   -15.51139
     9.7950       -16.24144     0.07927    -0.83026   -15.49045
     9.9450       -16.22038     0.07935    -0.82988   -15.46985
     10.095       -16.19960     0.07943    -0.82951   -15.44952
     10.245       -16.17917     0.07952    -0.82915   -15.42953
     10.395       -16.15901     0.07959    -0.82880   -15.40980
     10.545       -16.13914     0.07966    -0.82845   -15.39035
     10.695       -16.11954     0.07971    -0.82811   -15.37115
     10.845       -16.10017     0.07979    -0.82778   -15.35218
     10.995       -16.08115     0.07986    -0.82745   -15.33356
     11.145       -16.06240     0.07990    -0.82713   -15.31518
     11.295       -16.04385     0.07997    -0.82680   -15.29701
     11.445       -16.02562     0.08002    -0.82650   -15.27914
     11.595       -16.00758     0.08007    -0.82619   -15.26146
     11.745       -15.98979     0.08012    -0.82588   -15.24402
     11.895       -15.97216     0.08017    -0.82558   -15.22675
     12.045       -15.95483     0.08023    -0.82529   -15.20977
     12.195       -15.93771     0.08027    -0.82501   -15.19297
     12.345       -15.92077     0.08033    -0.82472   -15.17638
     12.495       -15.90411     0.08037    -0.82444   -15.16004
     12.645       -15.88759     0.08041    -0.82417   -15.14384
     12.795       -15.87125     0.08044    -0.82389   -15.12780
     12.945       -15.85515     0.08047    -0.82362   -15.11199
     13.095       -15.83914     0.08051    -0.82335   -15.09630
     13.245       -15.82337     0.08055    -0.82309   -15.08083
     13.395       -15.80780     0.08058    -0.82283   -15.06554
     13.545       -15.79240     0.08060    -0.82257   -15.05043
     13.695       -15.77716     0.08064    -0.82232   -15.03548
     13.845       -15.76209     0.08066    -0.82207   -15.02067
     13.995       -15.74719     0.08069    -0.82183   -15.00605
     14.145       -15.73250     0.08071    -0.82158   -14.99163
     14.295       -15.71790     0.08074    -0.82134   -14.97730
     14.445       -15.70350     0.08076    -0.82110   -14.96316
     14.595       -15.68919     0.08080    -0.82087   -14.94912
     14.745       -15.67505     0.08081    -0.82063   -14.93522
     14.895       -15.66106     0.08083    -0.82040   -14.92149
     15.045       -15.64722     0.08086    -0.82017   -14.90790
     15.195       -15.63355     0.08088    -0.81995   -14.89448
     15.345       -15.62000     0.08089    -0.81972   -14.88117
     15.495       -15.60659     0.08091    -0.81949   -14.86800
     15.645       -15.59333     0.08093    -0.81928   -14.85499
     15.795       -15.58017     0.08096    -0.81906   -14.84206
     15.945       -15.56713     0.08097    -0.81885   -14.82925
     16.095       -15.55417     0.08100    -0.81864   -14.81653
     16.245       -15.54144     0.08102    -0.81842   -14.80403
     16.395       -15.52876     0.08104    -0.81822   -14.79158
     16.545       -15.51617     0.08107    -0.81801   -14.77923
     16.695       -15.50371     0.08108    -0.81781   -14.76698
     16.845       -15.49140     0.08111    -0.81761   -14.75490
     16.995       -15.47922     0.08113    -0.81741   -14.74294
     17.145       -15.46716     0.08115    -0.81722   -14.73109
     17.295       -15.45520     0.08117    -0.81702   -14.71935
     17.445       -15.44332     0.08118    -0.81682   -14.70768
     17.595       -15.43153     0.08120    -0.81664   -14.69610
     17.745       -15.41990     0.08121    -0.81644   -14.68467
     17.895       -15.40835     0.08122    -0.81625   -14.67332
     18.045       -15.39691     0.08123    -0.81607   -14.66208
     18.195       -15.38550     0.08125    -0.81589   -14.65087
     18.345       -15.37422     0.08126    -0.81570   -14.63978
     18.495       -15.36305     0.08128    -0.81552   -14.62880
     18.645       -15.35200     0.08129    -0.81534   -14.61795
     18.795       -15.34098     0.08130    -0.81516   -14.60712
     18.945       -15.33010     0.08131    -0.81498   -14.59643
     19.095       -15.31928     0.08133    -0.81481   -14.58580
     19.245       -15.30858     0.08134    -0.81464   -14.57528
     19.395       -15.29797     0.08135    -0.81447   -14.56485
     19.545       -15.28736     0.08136    -0.81429   -14.55442
     19.695       -15.27684     0.08137    -0.81413   -14.54409
     19.845       -15.26644     0.08138    -0.81396   -14.53385
     19.995       -15.25615     0.08138    -0.81379   -14.52375
     20.145       -15.24593     0.08139    -0.81363   -14.51370
     20.295       -15.23574     0.08141    -0.81346   -14.50369
     20.445       -15.22567     0.08141    -0.81329   -14.49379
     20.595       -15.21565     0.08142    -0.81312   -14.48395
     20.745       -15.20575     0.08144    -0.81296   -14.47423
     20.895       -15.19590     0.08144    -0.81280   -14.46455
     21.045       -15.18613     0.08145    -0.81264   -14.45494
     21.195       -15.17641     0.08147    -0.81248   -14.44540
     21.345       -15.16678     0.08147    -0.81233   -14.43593
     21.495       -15.15720     0.08148    -0.81217   -14.42652
     21.645       -15.14770     0.08149    -0.81201   -14.41719
     21.795       -15.13822     0.08151    -0.81186   -14.40788
     21.945       -15.12886     0.08152    -0.81171   -14.39867
     22.095       -15.11955     0.08152    -0.81156   -14.38951
     22.245       -15.11034     0.08152    -0.81141   -14.38046
     22.395       -15.10114     0.08153    -0.81126   -14.37141
     22.545       -15.09203     0.08153    -0.81111   -14.36245
     22.695       -15.08300     0.08154    -0.81097   -14.35358
     22.845       -15.07401     0.08154    -0.81082   -14.34473
     22.995       -15.06505     0.08155    -0.81068   -14.33592
     23.145       -15.05624     0.08155    -0.81053   -14.32726
     23.295       -15.04748     0.08156    -0.81039   -14.31865
     23.445       -15.03873     0.08156    -0.81025   -14.31005
     23.595       -15.03003     0.08157    -0.81010   -14.30149
     23.745       -15.02138     0.08158    -0.80996   -14.29300
     23.895       -15.01280     0.08159    -0.80982   -14.28457
     24.045       -15.00428     0.08160    -0.80968   -14.27620
     24.195       -14.99582     0.08161    -0.80954   -14.26788
     24.345       -14.98740     0.08162    -0.80941   -14.25961
     24.495       -14.97905     0.08163    -0.80927   -14.25141
     24.645       -14.97073     0.08164    -0.80913   -14.24323
     24.795       -14.96247     0.08164    -0.80900   -14.23511
     24.945       -14.95429     0.08165    -0.80887   -14.22707
     25.095       -14.94614     0.08165    -0.80874   -14.21906
     25.245       -14.93804     0.08166    -0.80860   -14.21110
     25.395       -14.92998     0.08166    -0.80847   -14.20317
     25.545       -14.92196     0.08168    -0.80834   -14.19529
     25.695       -14.91403     0.08168    -0.80821   -14.18750
     25.845       -14.90609     0.08168    -0.80808   -14.17970
     25.995       -14.89823     0.08169    -0.80795   -14.17197
     26.145       -14.89041     0.08171    -0.80783   -14.16428
     26.295       -14.88262     0.08171    -0.80770   -14.15663
     26.445       -14.87491     0.08171    -0.80758   -14.14904
     26.595       -14.86724     0.08171    -0.80746   -14.14149
     26.745       -14.85962     0.08172    -0.80733   -14.13400
     26.895       -14.85204     0.08172    -0.80721   -14.12655
     27.045       -14.84448     0.08173    -0.80709   -14.11912
     27.195       -14.83701     0.08173    -0.80697   -14.11178
     27.345       -14.82958     0.08173    -0.80685   -14.10446
     27.495       -14.82216     0.08174    -0.80672   -14.09717
     27.645       -14.81478     0.08174    -0.80660   -14.08992
     27.795       -14.80748     0.08174    -0.80649   -14.08274
     27.945       -14.80017     0.08175    -0.80637   -14.07555
     28.095       -14.79295     0.08175    -0.80626   -14.06844
     28.245       -14.78577     0.08175    -0.80614   -14.06138
     28.395       -14.77859     0.08176    -0.80602   -14.05433
     28.545       -14.77149     0.08176    -0.80590   -14.04735
     28.695       -14.76436     0.08177    -0.80579   -14.04034
     28.845       -14.75730     0.08178    -0.80567   -14.03340
     28.995       -14.75032     0.08178    -0.80555   -14.02655
     29.145       -14.74336     0.08178    -0.80544   -14.01970
     29.295       -14.73639     0.08178    -0.80532   -14.01285
     29.445       -14.72946     0.08179    -0.80521   -14.00604
     29.595       -14.72259     0.08180    -0.80510   -13.99929
     29.745       -14.71576     0.08180    -0.80499   -13.99257
     29.895       -14.70897     0.08181    -0.80488   -13.98590
     30.045       -14.70221     0.08181    -0.80477   -13.97925
     30.195       -14.69550     0.08181    -0.80466   -13.97264
     30.345       -14.68879     0.08181    -0.80456   -13.96605
     30.495       -14.68218     0.08181    -0.80445   -13.95954
     30.645       -14.67557     0.08181    -0.80434   -13.95304
     30.795       -14.66898     0.08182    -0.80424   -13.94656
     30.945       -14.66243     0.08182    -0.80413   -13.94011
     31.095       -14.65592     0.08182    -0.80403   -13.93371
     31.245       -14.64944     0.08182    -0.80393   -13.92734
     31.395       -14.64299     0.08182    -0.80382   -13.92098
     31.545       -14.63658     0.08182    -0.80372   -13.91469
     31.695       -14.63021     0.08182    -0.80361   -13.90843
     31.845       -14.62386     0.08183    -0.80351   -13.90218
     31.995       -14.61750     0.08183    -0.80340   -13.89593
     32.145       -14.61120     0.08183    -0.80330   -13.88973
     32.295       -14.60491     0.08184    -0.80320   -13.88355
     32.445       -14.59869     0.08184    -0.80310   -13.87743
     32.595       -14.59253     0.08184    -0.80300   -13.87137
     32.745       -14.58635     0.08184    -0.80290   -13.86530
     32.895       -14.58024     0.08184    -0.80279   -13.85929
     33.045       -14.57412     0.08185    -0.80269   -13.85327
     33.195       -14.56803     0.08185    -0.80259   -13.84729
     33.345       -14.56198     0.08185    -0.80249   -13.84134
     33.495       -14.55595     0.08185    -0.80239   -13.83540
     33.645       -14.54994     0.08184    -0.80229   -13.82949
     33.795       -14.54397     0.08184    -0.80220   -13.82362
     33.945       -14.53802     0.08184    -0.80210   -13.81776
     34.095       -14.53211     0.08184    -0.80201   -13.81194
     34.245       -14.52623     0.08184    -0.80191   -13.80616
     34.395       -14.52038     0.08184    -0.80181   -13.80041
     34.545       -14.51456     0.08185    -0.80172   -13.79468
     34.695       -14.50874     0.08185    -0.80162   -13.78897
     34.845       -14.50295     0.08185    -0.80153   -13.78327
     34.995       -14.49722     0.08186    -0.80144   -13.77764
     35.145       -14.49150     0.08186    -0.80135   -13.77202
     35.295       -14.48580     0.08187    -0.80125   -13.76641
     35.445       -14.48010     0.08187    -0.80116   -13.76081
     35.595       -14.47444     0.08187    -0.80107   -13.75525
     35.745       -14.46882     0.08187    -0.80098   -13.74971
     35.895       -14.46320     0.08187    -0.80089   -13.74419
     36.045       -14.45764     0.08187    -0.80080   -13.73871
     36.195       -14.45208     0.08187    -0.80071   -13.73324
     36.345       -14.44655     0.08187    -0.80062   -13.72780
     36.495       -14.44105     0.08187    -0.80053   -13.72239
     36.645       -14.43556     0.08187    -0.80044   -13.71700
     36.795       -14.43008     0.08188    -0.80035   -13.71161
     36.945       -14.42461     0.08189    -0.80026   -13.70624
     37.095       -14.41920     0.08189    -0.80017   -13.70092
     37.245       -14.41383     0.08189    -0.80008   -13.69564
     37.395       -14.40847     0.08189    -0.80000   -13.69037
     37.545       -14.40312     0.08189    -0.79991   -13.68511
     37.695       -14.39777     0.08190    -0.79982   -13.67985
     37.845       -14.39247     0.08190    -0.79973   -13.67464
     37.995       -14.38717     0.08191    -0.79965   -13.66944
     38.145       -14.38193     0.08191    -0.79956   -13.66428
     38.295       -14.37671     0.08191    -0.79948   -13.65915
     38.445       -14.37151     0.08192    -0.79940   -13.65403
     38.595       -14.36632     0.08192    -0.79931   -13.64893
     38.745       -14.36116     0.08192    -0.79923   -13.64385
     38.895       -14.35603     0.08192    -0.79915   -13.63881
     39.045       -14.35091     0.08192    -0.79907   -13.63377
     39.195       -14.34577     0.08193    -0.79898   -13.62872
     39.345       -14.34065     0.08193    -0.79890   -13.62369
     39.495       -14.33560     0.08193    -0.79881   -13.61872
     39.645       -14.33057     0.08194    -0.79873   -13.61378
     39.795       -14.32557     0.08194    -0.79865   -13.60886
     39.945       -14.32055     0.08194    -0.79857   -13.60392
     40.095       -14.31558     0.08194    -0.79849   -13.59904
     40.245       -14.31062     0.08194    -0.79841   -13.59416
     40.395       -14.30569     0.08194    -0.79833   -13.58931
     40.545       -14.30077     0.08195    -0.79825   -13.58446
     40.695       -14.29588     0.08195    -0.79817   -13.57965
     40.845       -14.29101     0.08195    -0.79809   -13.57487
     40.995       -14.28614     0.08195    -0.79802   -13.57007
     41.145       -14.28130     0.08195    -0.79794   -13.56531
     41.295       -14.27646     0.08195    -0.79785   -13.56055
     41.445       -14.27164     0.08195    -0.79778   -13.55582
     41.595       -14.26685     0.08195    -0.79770   -13.55110
     41.745       -14.26207     0.08195    -0.79762   -13.54640
     41.895       -14.25730     0.08195    -0.79754   -13.54171
     42.045       -14.25254     0.08195    -0.79746   -13.53703
     42.195       -14.24780     0.08195    -0.79739   -13.53237
     42.345       -14.24313     0.08195    -0.79731   -13.52777
     42.495       -14.23845     0.08195    -0.79723   -13.52317
     42.645       -14.23378     0.08195    -0.79716   -13.51857
     42.795       -14.22915     0.08196    -0.79708   -13.51402
     42.945       -14.22450     0.08196    -0.79701   -13.50945
     43.095       -14.21990     0.08196    -0.79693   -13.50492
     43.245       -14.21531     0.08195    -0.79686   -13.50041
     43.395       -14.21073     0.08195    -0.79678   -13.49590
     43.545       -14.20616     0.08196    -0.79671   -13.49141
     43.695       -14.20159     0.08196    -0.79663   -13.48691
     43.845       -14.19707     0.08196    -0.79656   -13.48247
     43.995       -14.19256     0.08196    -0.79648   -13.47804
     44.145       -14.18806     0.08196    -0.79641   -13.47361
     44.295       -14.18357     0.08196    -0.79634   -13.46920
     44.445       -14.17909     0.08196    -0.79626   -13.46479
     44.595       -14.17465     0.08196    -0.79619   -13.46043
     44.745       -14.17020     0.08196    -0.79611   -13.45604
     44.895       -14.16576     0.08197    -0.79604   -13.45168
     45.045       -14.16135     0.08196    -0.79597   -13.44734
     45.195       -14.15698     0.08196    -0.79590   -13.44304
     45.345       -14.15261     0.08197    -0.79583   -13.43875
     45.495       -14.14823     0.08197    -0.79575   -13.43445
     45.645       -14.14389     0.08197    -0.79569   -13.43017
     45.795       -14.13955     0.08197    -0.79562   -13.42591
     45.945       -14.13525     0.08197    -0.79555   -13.42168
     46.095       -14.13093     0.08198    -0.79548   -13.41742
     46.245       -14.12666     0.08198    -0.79541   -13.41323
     46.395       -14.12238     0.08198    -0.79534   -13.40902
     46.545       -14.11812     0.08198    -0.79527   -13.40483
     46.695       -14.11386     0.08197    -0.79520   -13.40064
     46.845       -14.10964     0.08197    -0.79513   -13.39648
     46.995       -14.10546     0.08197    -0.79506   -13.39237
     47.145       -14.10124     0.08197    -0.79499   -13.38823
     47.295       -14.09705     0.08197    -0.79492   -13.38411
     47.445       -14.09290     0.08197    -0.79485   -13.38002
     47.595       -14.08874     0.08197    -0.79478   -13.37593
     47.745       -14.08459     0.08197    -0.79472   -13.37184
     47.895       -14.08047     0.08196    -0.79465   -13.36779
     48.045       -14.07638     0.08196    -0.79458   -13.36376
     48.195       -14.07227     0.08196    -0.79451   -13.35972
     48.345       -14.06821     0.08196    -0.79445   -13.35573
     48.495       -14.06412     0.08196    -0.79438   -13.35171
     48.645       -14.06005     0.08196    -0.79431   -13.34770
     48.795       -14.05601     0.08196    -0.79425   -13.34373
     48.945       -14.05200     0.08196    -0.79418   -13.33978
     49.095       -14.04797     0.08196    -0.79412   -13.33582
     49.245       -14.04398     0.08196    -0.79405   -13.33189
     49.395       -14.03998     0.08196    -0.79398   -13.32795
     49.545       -14.03601     0.08196    -0.79392   -13.32405
     49.695       -14.03204     0.08196    -0.79385   -13.32015
     49.845       -14.02809     0.08196    -0.79379   -13.31625
     49.995       -14.02415     0.08196    -0.79373   -13.31238
     50.145       -14.02022     0.08196    -0.79367   -13.30851
     50.295       -14.01629     0.08196    -0.79360   -13.30465
     50.445       -14.01238     0.08196    -0.79353   -13.30080
     50.595       -14.00846     0.08196    -0.79347   -13.29695
     50.745       -14.00459     0.08195    -0.79341   -13.29314
     50.895       -14.00072     0.08196    -0.79334   -13.28933
     51.045       -13.99689     0.08196    -0.79328   -13.28556
     51.195       -13.99303     0.08196    -0.79322   -13.28178
     51.345       -13.98922     0.08196    -0.79315   -13.27803
     51.495       -13.98540     0.08196    -0.79309   -13.27427
     51.645       -13.98159     0.08196    -0.79303   -13.27052
     51.795       -13.97782     0.08196    -0.79296   -13.26682
     51.945       -13.97400     0.08196    -0.79290   -13.26306
     52.095       -13.97022     0.08196    -0.79284   -13.25935
     52.245       -13.96645     0.08197    -0.79278   -13.25564
     52.395       -13.96272     0.08196    -0.79272   -13.25197
     52.545       -13.95899     0.08197    -0.79265   -13.24831
     52.695       -13.95525     0.08197    -0.79260   -13.24463
     52.845       -13.95154     0.08197    -0.79254   -13.24098
     52.995       -13.94783     0.08197    -0.79247   -13.23733
     53.145       -13.94415     0.08197    -0.79241   -13.23371
     53.295       -13.94048     0.08197    -0.79235   -13.23009
     53.445       -13.93680     0.08197    -0.79229   -13.22648
     53.595       -13.93316     0.08197    -0.79223   -13.22289
     53.745       -13.92951     0.08197    -0.79218   -13.21931
     53.895       -13.92589     0.08197    -0.79212   -13.21574
     54.045       -13.92225     0.08197    -0.79206   -13.21216
     54.195       -13.91863     0.08197    -0.79200   -13.20861
     54.345       -13.91504     0.08197    -0.79194   -13.20507
     54.495       -13.91143     0.08198    -0.79188   -13.20153
     54.645       -13.90784     0.08198    -0.79182   -13.19799
     54.795       -13.90426     0.08198    -0.79177   -13.19448
     54.945       -13.90071     0.08198    -0.79171   -13.19098
     55.095       -13.89717     0.08198    -0.79165   -13.18750
     59.433       -13.61877     0.08197    -0.78709   -12.91365
     80.646       -13.21119     0.08199    -0.78038   -12.51279
     111.21       -12.81409     0.08194    -0.77383   -12.12220
     153.36       -12.42831     0.08184    -0.76747   -11.74268
     211.49       -12.05418     0.08172    -0.76127   -11.37463
     291.64       -11.69160     0.08155    -0.75526   -11.01789
     402.18       -11.34075     0.08137    -0.74948   -10.67263
     554.60       -11.00111     0.08124    -0.74389   -10.33846
     764.80       -10.67267     0.08104    -0.73853   -10.01519
     1054.7       -10.35493     0.08085    -0.73335    -9.70244
     1454.4       -10.04765     0.08064    -0.72838    -9.39991
     2005.6        -9.75040     0.08042    -0.72361    -9.10720
     2765.8        -9.46265     0.08021    -0.71904    -8.82382
     3814.0        -9.18408     0.07996    -0.71460    -8.54944
     5259.5        -8.91403     0.07976    -0.71034    -8.28345
     7252.9        -8.65230     0.07953    -0.70626    -8.02557
     10002.        -8.39852     0.07935    -0.70235    -7.77552
     13793.        -8.15247     0.07913    -0.69857    -7.53304
     19020.        -7.91447     0.07888    -0.69493    -7.29843
     26229.        -7.68520     0.07865    -0.69141    -7.07244
     36170.        -7.46479     0.07842    -0.68802    -6.85519
     49878.        -7.25367     0.07818    -0.68475    -6.64711
     68782.        -7.05187     0.07795    -0.68159    -6.44824
     94851.        -6.85901     0.07769    -0.67852    -6.25818
    0.13080E+06    -6.67477     0.07751    -0.67558    -6.07669
    0.18038E+06    -6.49915     0.07726    -0.67273    -5.90367
    0.24874E+06    -6.33167     0.07703    -0.66996    -5.73874
    0.34301E+06    -6.17197     0.07679    -0.66727    -5.58149
    0.47302E+06    -6.01978     0.07657    -0.66471    -5.43164
    0.65229E+06    -5.87468     0.07635    -0.66224    -5.28879
    0.89952E+06    -5.73666     0.07613    -0.65987    -5.15291
    0.12404E+07    -5.60516     0.07592    -0.65760    -5.02347
    0.17106E+07    -5.48014     0.07570    -0.65543    -4.90040
    0.23589E+07    -5.36107     0.07549    -0.65337    -4.78318
    0.32529E+07    -5.24763     0.07529    -0.65140    -4.67152
    0.44858E+07    -5.13978     0.07507    -0.64952    -4.56533
    0.61860E+07    -5.03710     0.07490    -0.64774    -4.46426
    0.85305E+07    -4.93940     0.07474    -0.64605    -4.36810
    0.11764E+08    -4.84643     0.07458    -0.64442    -4.27659
    0.16222E+08    -4.75803     0.07441    -0.64286    -4.18958
    0.22370E+08    -4.67391     0.07425    -0.64138    -4.10678
    0.30849E+08    -4.59396     0.07410    -0.63999    -4.02806
    0.42541E+08    -4.51861     0.07395    -0.63865    -3.95391
    0.58664E+08    -4.44816     0.07382    -0.63738    -3.88460
    0.80898E+08    -4.38227     0.07370    -0.63618    -3.81979
    0.11156E+09    -4.32060     0.07358    -0.63503    -3.75915
    0.15384E+09    -4.26275     0.07346    -0.63394    -3.70227
    0.21215E+09    -4.20853     0.07335    -0.63289    -3.64899
    0.29255E+09    -4.15767     0.07325    -0.63191    -3.59902
    0.40343E+09    -4.10975     0.07317    -0.63097    -3.55195
    0.55633E+09    -4.06469     0.07309    -0.63009    -3.50769
    0.76719E+09    -4.02261     0.07301    -0.62924    -3.46638
    0.10580E+10    -3.98463     0.07295    -0.62846    -3.42913
    0.14589E+10    -3.94980     0.07290    -0.62772    -3.39498
    0.20119E+10    -3.91778     0.07284    -0.62703    -3.36359
    0.27744E+10    -3.88822     0.07279    -0.62639    -3.33463
    0.38259E+10    -3.86095     0.07274    -0.62578    -3.30790
    0.52760E+10    -3.83582     0.07269    -0.62522    -3.28330
    0.72756E+10    -3.81259     0.07266    -0.62468    -3.26057
    0.10033E+11    -3.79123     0.07261    -0.62418    -3.23966
    0.13836E+11    -3.77147     0.07258    -0.62372    -3.22033
    0.19079E+11    -3.75319     0.07254    -0.62330    -3.20243
    0.26311E+11    -3.73635     0.07251    -0.62291    -3.18595
    0.36283E+11    -3.72076     0.07248    -0.62255    -3.17069
    0.50034E+11    -3.70640     0.07245    -0.62222    -3.15663
    0.68997E+11    -3.69313     0.07243    -0.62192    -3.14364
    0.10000E+12    -3.53422     0.07213    -0.61832    -2.98803
