    -99.945         0.00000     0.00000     0.00000     0.00000
    -99.795         0.00000     0.00000     0.00000     0.00000
    -99.645         0.00000     0.00000     0.00000     0.00000
    -99.495         0.00000     0.00000     0.00000     0.00000
    -99.345         0.00000     0.00000     0.00000     0.00000
    -99.195         0.00000     0.00000     0.00000     0.00000
    -99.045         0.00000     0.00000     0.00000     0.00000
    -98.895         0.00000     0.00000     0.00000     0.00000
    -98.745         0.00000     0.00000     0.00000     0.00000
    -98.595         0.00000     0.00000     0.00000     0.00000
    -98.445         0.00000     0.00000     0.00000     0.00000
    -98.295         0.00000     0.00000     0.00000     0.00000
    -98.145         0.00000     0.00000     0.00000     0.00000
    -97.995         0.00000     0.00000     0.00000     0.00000
    -97.845         0.00000     0.00000     0.00000     0.00000
    -97.695         0.00000     0.00000     0.00000     0.00000
    -97.545         0.00000     0.00000     0.00000     0.00000
    -97.395         0.00000     0.00000     0.00000     0.00000
    -97.245         0.00000     0.00000     0.00000     0.00000
    -97.095         0.00000     0.00000     0.00000     0.00000
    -96.945         0.00000     0.00000     0.00000     0.00000
    -96.795         0.00000     0.00000     0.00000     0.00000
    -96.645         0.00000     0.00000     0.00000     0.00000
    -96.495         0.00000     0.00000     0.00000     0.00000
    -96.345         0.00000     0.00000     0.00000     0.00000
    -96.195         0.00000     0.00000     0.00000     0.00000
    -96.045         0.00000     0.00000     0.00000     0.00000
    -95.895         0.00000     0.00000     0.00000     0.00000
    -95.745         0.00000     0.00000     0.00000     0.00000
    -95.595         0.00000     0.00000     0.00000     0.00000
    -95.445         0.00000     0.00000     0.00000     0.00000
    -95.295         0.00000     0.00000     0.00000     0.00000
    -95.145         0.00000     0.00000     0.00000     0.00000
    -94.995         0.00000     0.00000     0.00000     0.00000
    -94.845         0.00000     0.00000     0.00000     0.00000
    -94.695         0.00000     0.00000     0.00000     0.00000
    -94.545         0.00000     0.00000     0.00000     0.00000
    -94.395         0.00000     0.00000     0.00000     0.00000
    -94.245         0.00000     0.00000     0.00000     0.00000
    -94.095         0.00000     0.00000     0.00000     0.00000
    -93.945         0.00000     0.00000     0.00000     0.00000
    -93.795         0.00000     0.00000     0.00000     0.00000
    -93.645         0.00000     0.00000     0.00000     0.00000
    -93.495         0.00000     0.00000     0.00000     0.00000
    -93.345         0.00000     0.00000     0.00000     0.00000
    -93.195         0.00000     0.00000     0.00000     0.00000
    -93.045         0.00000     0.00000     0.00000     0.00000
    -92.895         0.00000     0.00000     0.00000     0.00000
    -92.745         0.00000     0.00000     0.00000     0.00000
    -92.595         0.00000     0.00000     0.00000     0.00000
    -92.445         0.00000     0.00000     0.00000     0.00000
    -92.295         0.00000     0.00000     0.00000     0.00000
    -92.145         0.00000     0.00000     0.00000     0.00000
    -91.995         0.00000     0.00000     0.00000     0.00000
    -91.845         0.00000     0.00000     0.00000     0.00000
    -91.695         0.00000     0.00000     0.00000     0.00000
    -91.545         0.00000     0.00000     0.00000     0.00000
    -91.395         0.00000     0.00000     0.00000     0.00000
    -91.245         0.00000     0.00000     0.00000     0.00000
    -91.095         0.00000     0.00000     0.00000     0.00000
    -90.945         0.00000     0.00000     0.00000     0.00000
    -90.795         0.00000     0.00000     0.00000     0.00000
    -90.645         0.00000     0.00000     0.00000     0.00000
    -90.495         0.00000     0.00000     0.00000     0.00000
    -90.345         0.00000     0.00000     0.00000     0.00000
    -90.195         0.00000     0.00000     0.00000     0.00000
    -90.045         0.00000     0.00000     0.00000     0.00000
    -89.895         0.00000     0.00000     0.00000     0.00000
    -89.745         0.00000     0.00000     0.00000     0.00000
    -89.595         0.00000     0.00000     0.00000     0.00000
    -89.445         0.00000     0.00000     0.00000     0.00000
    -89.295         0.00000     0.00000     0.00000     0.00000
    -89.145         0.00000     0.00000     0.00000     0.00000
    -88.995         0.00000     0.00000     0.00000     0.00000
    -88.845         0.00000     0.00000     0.00000     0.00000
    -88.695         0.00000     0.00000     0.00000     0.00000
    -88.545         0.00000     0.00000     0.00000     0.00000
    -88.395         0.00000     0.00000     0.00000     0.00000
    -88.245         0.00000     0.00000     0.00000     0.00000
    -88.095         0.00000     0.00000     0.00000     0.00000
    -87.945         0.00000     0.00000     0.00000     0.00000
    -87.795         0.00000     0.00000     0.00000     0.00000
    -87.645         0.00000     0.00000     0.00000     0.00000
    -87.495         0.00000     0.00000     0.00000     0.00000
    -87.345         0.00000     0.00000     0.00000     0.00000
    -87.195         0.00000     0.00000     0.00000     0.00000
    -87.045         0.00000     0.00000     0.00000     0.00000
    -86.895         0.00000     0.00000     0.00000     0.00000
    -86.745         0.00000     0.00000     0.00000     0.00000
    -86.595         0.00000     0.00000     0.00000     0.00000
    -86.445         0.00000     0.00000     0.00000     0.00000
    -86.295         0.00000     0.00000     0.00000     0.00000
    -86.145         0.00000     0.00000     0.00000     0.00000
    -85.995         0.00000     0.00000     0.00000     0.00000
    -85.845         0.00000     0.00000     0.00000     0.00000
    -85.695         0.00000     0.00000     0.00000     0.00000
    -85.545         0.00000     0.00000     0.00000     0.00000
    -85.395         0.00000     0.00000     0.00000     0.00000
    -85.245         0.00000     0.00000     0.00000     0.00000
    -85.095         0.00000     0.00000     0.00000     0.00000
    -84.945         0.00000     0.00000     0.00000     0.00000
    -84.795         0.00000     0.00000     0.00000     0.00000
    -84.645         0.00000     0.00000     0.00000     0.00000
    -84.495         0.00000     0.00000     0.00000     0.00000
    -84.345         0.00000     0.00000     0.00000     0.00000
    -84.195         0.00000     0.00000     0.00000     0.00000
    -84.045         0.00000     0.00000     0.00000     0.00000
    -83.895         0.00000     0.00000     0.00000     0.00000
    -83.745         0.00000     0.00000     0.00000     0.00000
    -83.595         0.00000     0.00000     0.00000     0.00000
    -83.445         0.00000     0.00000     0.00000     0.00000
    -83.295         0.00000     0.00000     0.00000     0.00000
    -83.145         0.00000     0.00000     0.00000     0.00000
    -82.995         0.00000     0.00000     0.00000     0.00000
    -82.845         0.00000     0.00000     0.00000     0.00000
    -82.695         0.00000     0.00000     0.00000     0.00000
    -82.545         0.00000     0.00000     0.00000     0.00000
    -82.395         0.00000     0.00000     0.00000     0.00000
    -82.245         0.00000     0.00000     0.00000     0.00000
    -82.095         0.00000     0.00000     0.00000     0.00000
    -81.945         0.00000     0.00000     0.00000     0.00000
    -81.795         0.00000     0.00000     0.00000     0.00000
    -81.645         0.00000     0.00000     0.00000     0.00000
    -81.495         0.00000     0.00000     0.00000     0.00000
    -81.345         0.00000     0.00000     0.00000     0.00000
    -81.195         0.00000     0.00000     0.00000     0.00000
    -81.045         0.00000     0.00000     0.00000     0.00000
    -80.895         0.00000     0.00000     0.00000     0.00000
    -80.745         0.00000     0.00000     0.00000     0.00000
    -80.595         0.00000     0.00000     0.00000     0.00000
    -80.445         0.00000     0.00000     0.00000     0.00000
    -80.295         0.00000     0.00000     0.00000     0.00000
    -80.145         0.00000     0.00000     0.00000     0.00000
    -79.995         0.00000     0.00000     0.00000     0.00000
    -79.845         0.00000     0.00000     0.00000     0.00000
    -79.695         0.00000     0.00000     0.00000     0.00000
    -79.545         0.00000     0.00000     0.00000     0.00000
    -79.395         0.00000     0.00000     0.00000     0.00000
    -79.245         0.00000     0.00000     0.00000     0.00000
    -79.095         0.00000     0.00000     0.00000     0.00000
    -78.945         0.00000     0.00000     0.00000     0.00000
    -78.795         0.00000     0.00000     0.00000     0.00000
    -78.645         0.00000     0.00000     0.00000     0.00000
    -78.495         0.00000     0.00000     0.00000     0.00000
    -78.345         0.00000     0.00000     0.00000     0.00000
    -78.195         0.00000     0.00000     0.00000     0.00000
    -78.045         0.00000     0.00000     0.00000     0.00000
    -77.895         0.00000     0.00000     0.00000     0.00000
    -77.745         0.00000     0.00000     0.00000     0.00000
    -77.595         0.00000     0.00000     0.00000     0.00000
    -77.445         0.00000     0.00000     0.00000     0.00000
    -77.295         0.00000     0.00000     0.00000     0.00000
    -77.145         0.00000     0.00000     0.00000     0.00000
    -76.995         0.00000     0.00000     0.00000     0.00000
    -76.845         0.00000     0.00000     0.00000     0.00000
    -76.695         0.00000     0.00000     0.00000     0.00000
    -76.545         0.00000     0.00000     0.00000     0.00000
    -76.395         0.00000     0.00000     0.00000     0.00000
    -76.245         0.00000     0.00000     0.00000     0.00000
    -76.095         0.00000     0.00000     0.00000     0.00000
    -75.945         0.00000     0.00000     0.00000     0.00000
    -75.795         0.00000     0.00000     0.00000     0.00000
    -75.645         0.00000     0.00000     0.00000     0.00000
    -75.495         0.00000     0.00000     0.00000     0.00000
    -75.345         0.00000     0.00000     0.00000     0.00000
    -75.195         0.00000     0.00000     0.00000     0.00000
    -75.045         0.00000     0.00000     0.00000     0.00000
    -74.895         0.00000     0.00000     0.00000     0.00000
    -74.745         0.00000     0.00000     0.00000     0.00000
    -74.595         0.00000     0.00000     0.00000     0.00000
    -74.445         0.00000     0.00000     0.00000     0.00000
    -74.295         0.00000     0.00000     0.00000     0.00000
    -74.145         0.00000     0.00000     0.00000     0.00000
    -73.995         0.00000     0.00000     0.00000     0.00000
    -73.845         0.00000     0.00000     0.00000     0.00000
    -73.695         0.00000     0.00000     0.00000     0.00000
    -73.545         0.00000     0.00000     0.00000     0.00000
    -73.395         0.00000     0.00000     0.00000     0.00000
    -73.245         0.00000     0.00000     0.00000     0.00000
    -73.095         0.00000     0.00000     0.00000     0.00000
    -72.945         0.00000     0.00000     0.00000     0.00000
    -72.795         0.00000     0.00000     0.00000     0.00000
    -72.645         0.00000     0.00000     0.00000     0.00000
    -72.495         0.00000     0.00000     0.00000     0.00000
    -72.345         0.00000     0.00000     0.00000     0.00000
    -72.195         0.00000     0.00000     0.00000     0.00000
    -72.045         0.00000     0.00000     0.00000     0.00000
    -71.895         0.00000     0.00000     0.00000     0.00000
    -71.745         0.00000     0.00000     0.00000     0.00000
    -71.595         0.00000     0.00000     0.00000     0.00000
    -71.445         0.00000     0.00000     0.00000     0.00000
    -71.295         0.00000     0.00000     0.00000     0.00000
    -71.145         0.00000     0.00000     0.00000     0.00000
    -70.995         0.00000     0.00000     0.00000     0.00000
    -70.845         0.00000     0.00000     0.00000     0.00000
    -70.695         0.00000     0.00000     0.00000     0.00000
    -70.545         0.00000     0.00000     0.00000     0.00000
    -70.395         0.00000     0.00000     0.00000     0.00000
    -70.245         0.00000     0.00000     0.00000     0.00000
    -70.095         0.00000     0.00000     0.00000     0.00000
    -69.945         0.00000     0.00000     0.00000     0.00000
    -69.795         0.00000     0.00000     0.00000     0.00000
    -69.645         0.00000     0.00000     0.00000     0.00000
    -69.495         0.00000     0.00000     0.00000     0.00000
    -69.345         0.00000     0.00000     0.00000     0.00000
    -69.195         0.00000     0.00000     0.00000     0.00000
    -69.045         0.00000     0.00000     0.00000     0.00000
    -68.895         0.00000     0.00000     0.00000     0.00000
    -68.745         0.00000     0.00000     0.00000     0.00000
    -68.595         0.00000     0.00000     0.00000     0.00000
    -68.445         0.00000     0.00000     0.00000     0.00000
    -68.295         0.00000     0.00000     0.00000     0.00000
    -68.145         0.00000     0.00000     0.00000     0.00000
    -67.995         0.00000     0.00000     0.00000     0.00000
    -67.845         0.00000     0.00000     0.00000     0.00000
    -67.695         0.00000     0.00000     0.00000     0.00000
    -67.545         0.00000     0.00000     0.00000     0.00000
    -67.395         0.00000     0.00000     0.00000     0.00000
    -67.245         0.00000     0.00000     0.00000     0.00000
    -67.095         0.00000     0.00000     0.00000     0.00000
    -66.945         0.00000     0.00000     0.00000     0.00000
    -66.795         0.00000     0.00000     0.00000     0.00000
    -66.645         0.00000     0.00000     0.00000     0.00000
    -66.495         0.00000     0.00000     0.00000     0.00000
    -66.345         0.00000     0.00000     0.00000     0.00000
    -66.195         0.00000     0.00000     0.00000     0.00000
    -66.045         0.00000     0.00000     0.00000     0.00000
    -65.895         0.00000     0.00000     0.00000     0.00000
    -65.745         0.00000     0.00000     0.00000     0.00000
    -65.595         0.00000     0.00000     0.00000     0.00000
    -65.445         0.00000     0.00000     0.00000     0.00000
    -65.295         0.00000     0.00000     0.00000     0.00000
    -65.145         0.00000     0.00000     0.00000     0.00000
    -64.995         0.00000     0.00000     0.00000     0.00000
    -64.845         0.00000     0.00000     0.00000     0.00000
    -64.695         0.00000     0.00000     0.00000     0.00000
    -64.545         0.00000     0.00000     0.00000     0.00000
    -64.395         0.00000     0.00000     0.00000     0.00000
    -64.245         0.00000     0.00000     0.00000     0.00000
    -64.095         0.00000     0.00000     0.00000     0.00000
    -63.945         0.00000     0.00000     0.00000     0.00000
    -63.795         0.00000     0.00000     0.00000     0.00000
    -63.645         0.00000     0.00000     0.00000     0.00000
    -63.495         0.00000     0.00000     0.00000     0.00000
    -63.345         0.00000     0.00000     0.00000     0.00000
    -63.195         0.00000     0.00000     0.00000     0.00000
    -63.045         0.00000     0.00000     0.00000     0.00000
    -62.895         0.00000     0.00000     0.00000     0.00000
    -62.745         0.00000     0.00000     0.00000     0.00000
    -62.595         0.00000     0.00000     0.00000     0.00000
    -62.445         0.00000     0.00000     0.00000     0.00000
    -62.295         0.00000     0.00000     0.00000     0.00000
    -62.145         0.00000     0.00000     0.00000     0.00000
    -61.995         0.00000     0.00000     0.00000     0.00000
    -61.845         0.00000     0.00000     0.00000     0.00000
    -61.695         0.00000     0.00000     0.00000     0.00000
    -61.545         0.00000     0.00000     0.00000     0.00000
    -61.395         0.00000     0.00000     0.00000     0.00000
    -61.245         0.00000     0.00000     0.00000     0.00000
    -61.095         0.00000     0.00000     0.00000     0.00000
    -60.945         0.00000     0.00000     0.00000     0.00000
    -60.795         0.00000     0.00000     0.00000     0.00000
    -60.645         0.00000     0.00000     0.00000     0.00000
    -60.495         0.00000     0.00000     0.00000     0.00000
    -60.345         0.00000     0.00000     0.00000     0.00000
    -60.195         0.00000     0.00000     0.00000     0.00000
    -60.045         0.00000     0.00000     0.00000     0.00000
    -59.895         0.00000     0.00000     0.00000     0.00000
    -59.745         0.00000     0.00000     0.00000     0.00000
    -59.595         0.00000     0.00000     0.00000     0.00000
    -59.445         0.00000     0.00000     0.00000     0.00000
    -59.295         0.00000     0.00000     0.00000     0.00000
    -59.145         0.00000     0.00000     0.00000     0.00000
    -58.995         0.00000     0.00000     0.00000     0.00000
    -58.845         0.00000     0.00000     0.00000     0.00000
    -58.695         0.00000     0.00000     0.00000     0.00000
    -58.545         0.00000     0.00000     0.00000     0.00000
    -58.395         0.00000     0.00000     0.00000     0.00000
    -58.245         0.00000     0.00000     0.00000     0.00000
    -58.095         0.00000     0.00000     0.00000     0.00000
    -57.945         0.00000     0.00000     0.00000     0.00000
    -57.795         0.00000     0.00000     0.00000     0.00000
    -57.645         0.00000     0.00000     0.00000     0.00000
    -57.495         0.00000     0.00000     0.00000     0.00000
    -57.345         0.00000     0.00000     0.00000     0.00000
    -57.195         0.00000     0.00000     0.00000     0.00000
    -57.045         0.00000     0.00000     0.00000     0.00000
    -56.895         0.00000     0.00000     0.00000     0.00000
    -56.745         0.00000     0.00000     0.00000     0.00000
    -56.595         0.00000     0.00000     0.00000     0.00000
    -56.445         0.00000     0.00000     0.00000     0.00000
    -56.295         0.00000     0.00000     0.00000     0.00000
    -56.145         0.00000     0.00000     0.00000     0.00000
    -55.995         0.00000     0.00000     0.00000     0.00000
    -55.845         0.00000     0.00000     0.00000     0.00000
    -55.695         0.00000     0.00000     0.00000     0.00000
    -55.545         0.00000     0.00000     0.00000     0.00000
    -55.395         0.00000     0.00000     0.00000     0.00000
    -55.245         0.00000     0.00000     0.00000     0.00000
    -55.095         0.00000     0.00000     0.00000     0.00000
    -54.945         0.00000     0.00000     0.00000     0.00000
    -54.795         0.00000     0.00000     0.00000     0.00000
    -54.645         0.00000     0.00000     0.00000     0.00000
    -54.495         0.00000     0.00000     0.00000     0.00000
    -54.345         0.00000     0.00000     0.00000     0.00000
    -54.195         0.00000     0.00000     0.00000     0.00000
    -54.045         0.00000     0.00000     0.00000     0.00000
    -53.895         0.00000     0.00000     0.00000     0.00000
    -53.745         0.00000     0.00000     0.00000     0.00000
    -53.595         0.00000     0.00000     0.00000     0.00000
    -53.445         0.00000     0.00000     0.00000     0.00000
    -53.295         0.00000     0.00000     0.00000     0.00000
    -53.145         0.00000     0.00000     0.00000     0.00000
    -52.995         0.00000     0.00000     0.00000     0.00000
    -52.845         0.00000     0.00000     0.00000     0.00000
    -52.695         0.00000     0.00000     0.00000     0.00000
    -52.545         0.00000     0.00000     0.00000     0.00000
    -52.395         0.00000     0.00000     0.00000     0.00000
    -52.245         0.00000     0.00000     0.00000     0.00000
    -52.095         0.00000     0.00000     0.00000     0.00000
    -51.945         0.00000     0.00000     0.00000     0.00000
    -51.795         0.00000     0.00000     0.00000     0.00000
    -51.645         0.00000     0.00000     0.00000     0.00000
    -51.495         0.00000     0.00000     0.00000     0.00000
    -51.345         0.00000     0.00000     0.00000     0.00000
    -51.195         0.00000     0.00000     0.00000     0.00000
    -51.045         0.00000     0.00000     0.00000     0.00000
    -50.895         0.00000     0.00000     0.00000     0.00000
    -50.745         0.00000     0.00000     0.00000     0.00000
    -50.595         0.00000     0.00000     0.00000     0.00000
    -50.445         0.00000     0.00000     0.00000     0.00000
    -50.295         0.00000     0.00000     0.00000     0.00000
    -50.145         0.00000     0.00000     0.00000     0.00000
    -49.995         0.00000     0.00000     0.00000     0.00000
    -49.845         0.00000     0.00000     0.00000     0.00000
    -49.695         0.00000     0.00000     0.00000     0.00000
    -49.545         0.00000     0.00000     0.00000     0.00000
    -49.395         0.00000     0.00000     0.00000     0.00000
    -49.245         0.00000     0.00000     0.00000     0.00000
    -49.095         0.00000     0.00000     0.00000     0.00000
    -48.945         0.00000     0.00000     0.00000     0.00000
    -48.795         0.00000     0.00000     0.00000     0.00000
    -48.645         0.00000     0.00000     0.00000     0.00000
    -48.495         0.00000     0.00000     0.00000     0.00000
    -48.345         0.00000     0.00000     0.00000     0.00000
    -48.195         0.00000     0.00000     0.00000     0.00000
    -48.045         0.00000     0.00000     0.00000     0.00000
    -47.895         0.00000     0.00000     0.00000     0.00000
    -47.745         0.00000     0.00000     0.00000     0.00000
    -47.595         0.00000     0.00000     0.00000     0.00000
    -47.445         0.00000     0.00000     0.00000     0.00000
    -47.295         0.00000     0.00000     0.00000     0.00000
    -47.145         0.00000     0.00000     0.00000     0.00000
    -46.995         0.00000     0.00000     0.00000     0.00000
    -46.845         0.00000     0.00000     0.00000     0.00000
    -46.695         0.00000     0.00000     0.00000     0.00000
    -46.545         0.00000     0.00000     0.00000     0.00000
    -46.395         0.00000     0.00000     0.00000     0.00000
    -46.245         0.00000     0.00000     0.00000     0.00000
    -46.095         0.00000     0.00000     0.00000     0.00000
    -45.945         0.00000     0.00000     0.00000     0.00000
    -45.795         0.00000     0.00000     0.00000     0.00000
    -45.645         0.00000     0.00000     0.00000     0.00000
    -45.495         0.00000     0.00000     0.00000     0.00000
    -45.345         0.00000     0.00000     0.00000     0.00000
    -45.195         0.00000     0.00000     0.00000     0.00000
    -45.045         0.00000     0.00000     0.00000     0.00000
    -44.895         0.00000     0.00000     0.00000     0.00000
    -44.745         0.00000     0.00000     0.00000     0.00000
    -44.595         0.00000     0.00000     0.00000     0.00000
    -44.445         0.00000     0.00000     0.00000     0.00000
    -44.295         0.00000     0.00000     0.00000     0.00000
    -44.145         0.00000     0.00000     0.00000     0.00000
    -43.995         0.00000     0.00000     0.00000     0.00000
    -43.845         0.00000     0.00000     0.00000     0.00000
    -43.695         0.00000     0.00000     0.00000     0.00000
    -43.545         0.00000     0.00000     0.00000     0.00000
    -43.395         0.00000     0.00000     0.00000     0.00000
    -43.245         0.00000     0.00000     0.00000     0.00000
    -43.095         0.00000     0.00000     0.00000     0.00000
    -42.945         0.00000     0.00000     0.00000     0.00000
    -42.795         0.00000     0.00000     0.00000     0.00000
    -42.645         0.00000     0.00000     0.00000     0.00000
    -42.495         0.00000     0.00000     0.00000     0.00000
    -42.345         0.00000     0.00000     0.00000     0.00000
    -42.195         0.00000     0.00000     0.00000     0.00000
    -42.045         0.00000     0.00000     0.00000     0.00000
    -41.895         0.00000     0.00000     0.00000     0.00000
    -41.745         0.00000     0.00000     0.00000     0.00000
    -41.595         0.00000     0.00000     0.00000     0.00000
    -41.445         0.00000     0.00000     0.00000     0.00000
    -41.295         0.00000     0.00000     0.00000     0.00000
    -41.145         0.00000     0.00000     0.00000     0.00000
    -40.995         0.00000     0.00000     0.00000     0.00000
    -40.845         0.00000     0.00000     0.00000     0.00000
    -40.695         0.00000     0.00000     0.00000     0.00000
    -40.545         0.00000     0.00000     0.00000     0.00000
    -40.395         0.00000     0.00000     0.00000     0.00000
    -40.245         0.00000     0.00000     0.00000     0.00000
    -40.095         0.00000     0.00000     0.00000     0.00000
    -39.945         0.00000     0.00000     0.00000     0.00000
    -39.795         0.00000     0.00000     0.00000     0.00000
    -39.645         0.00000     0.00000     0.00000     0.00000
    -39.495         0.00000     0.00000     0.00000     0.00000
    -39.345         0.00000     0.00000     0.00000     0.00000
    -39.195         0.00000     0.00000     0.00000     0.00000
    -39.045         0.00000     0.00000     0.00000     0.00000
    -38.895         0.00000     0.00000     0.00000     0.00000
    -38.745         0.00000     0.00000     0.00000     0.00000
    -38.595         0.00000     0.00000     0.00000     0.00000
    -38.445         0.00000     0.00000     0.00000     0.00000
    -38.295         0.00000     0.00000     0.00000     0.00000
    -38.145         0.00000     0.00000     0.00000     0.00000
    -37.995         0.00000     0.00000     0.00000     0.00000
    -37.845         0.00000     0.00000     0.00000     0.00000
    -37.695         0.00000     0.00000     0.00000     0.00000
    -37.545         0.00000     0.00000     0.00000     0.00000
    -37.395         0.00000     0.00000     0.00000     0.00000
    -37.245         0.00000     0.00000     0.00000     0.00000
    -37.095         0.00000     0.00000     0.00000     0.00000
    -36.945         0.00000     0.00000     0.00000     0.00000
    -36.795         0.00000     0.00000     0.00000     0.00000
    -36.645         0.00000     0.00000     0.00000     0.00000
    -36.495         0.00000     0.00000     0.00000     0.00000
    -36.345         0.00000     0.00000     0.00000     0.00000
    -36.195         0.00000     0.00000     0.00000     0.00000
    -36.045         0.00000     0.00000     0.00000     0.00000
    -35.895         0.00000     0.00000     0.00000     0.00000
    -35.745         0.00000     0.00000     0.00000     0.00000
    -35.595         0.00000     0.00000     0.00000     0.00000
    -35.445         0.00000     0.00000     0.00000     0.00000
    -35.295         0.00000     0.00000     0.00000     0.00000
    -35.145         0.00000     0.00000     0.00000     0.00000
    -34.995         0.00000     0.00000     0.00000     0.00000
    -34.845         0.00000     0.00000     0.00000     0.00000
    -34.695         0.00000     0.00000     0.00000     0.00000
    -34.545         0.00000     0.00000     0.00000     0.00000
    -34.395         0.00000     0.00000     0.00000     0.00000
    -34.245         0.00000     0.00000     0.00000     0.00000
    -34.095         0.00000     0.00000     0.00000     0.00000
    -33.945         0.00000     0.00000     0.00000     0.00000
    -33.795         0.00000     0.00000     0.00000     0.00000
    -33.645         0.00000     0.00000     0.00000     0.00000
    -33.495         0.00000     0.00000     0.00000     0.00000
    -33.345         0.00000     0.00000     0.00000     0.00000
    -33.195         0.00000     0.00000     0.00000     0.00000
    -33.045         0.00000     0.00000     0.00000     0.00000
    -32.895         0.00000     0.00000     0.00000     0.00000
    -32.745         0.00000     0.00000     0.00000     0.00000
    -32.595         0.00000     0.00000     0.00000     0.00000
    -32.445         0.00000     0.00000     0.00000     0.00000
    -32.295         0.00000     0.00000     0.00000     0.00000
    -32.145         0.00000     0.00000     0.00000     0.00000
    -31.995         0.00000     0.00000     0.00000     0.00000
    -31.845         0.00000     0.00000     0.00000     0.00000
    -31.695         0.00000     0.00000     0.00000     0.00000
    -31.545         0.00000     0.00000     0.00000     0.00000
    -31.395         0.00000     0.00000     0.00000     0.00000
    -31.245         0.00000     0.00000     0.00000     0.00000
    -31.095         0.00000     0.00000     0.00000     0.00000
    -30.945         0.00000     0.00000     0.00000     0.00000
    -30.795         0.00000     0.00000     0.00000     0.00000
    -30.645         0.00000     0.00000     0.00000     0.00000
    -30.495         0.00000     0.00000     0.00000     0.00000
    -30.345         0.00000     0.00000     0.00000     0.00000
    -30.195         0.00000     0.00000     0.00000     0.00000
    -30.045         0.00000     0.00000     0.00000     0.00000
    -29.895         0.00000     0.00000     0.00000     0.00000
    -29.745         0.00000     0.00000     0.00000     0.00000
    -29.595         0.00000     0.00000     0.00000     0.00000
    -29.445         0.00000     0.00000     0.00000     0.00000
    -29.295         0.00000     0.00000     0.00000     0.00000
    -29.145         0.00000     0.00000     0.00000     0.00000
    -28.995         0.00000     0.00000     0.00000     0.00000
    -28.845         0.00000     0.00000     0.00000     0.00000
    -28.695         0.00000     0.00000     0.00000     0.00000
    -28.545         0.00000     0.00000     0.00000     0.00000
    -28.395         0.00000     0.00000     0.00000     0.00000
    -28.245         0.00000     0.00000     0.00000     0.00000
    -28.095         0.00000     0.00000     0.00000     0.00000
    -27.945         0.00000     0.00000     0.00000     0.00000
    -27.795         0.00000     0.00000     0.00000     0.00000
    -27.645         0.00000     0.00000     0.00000     0.00000
    -27.495         0.00000     0.00000     0.00000     0.00000
    -27.345         0.00000     0.00000     0.00000     0.00000
    -27.195         0.00000     0.00000     0.00000     0.00000
    -27.045         0.00000     0.00000     0.00000     0.00000
    -26.895         0.00000     0.00000     0.00000     0.00000
    -26.745         0.00000     0.00000     0.00000     0.00000
    -26.595         0.00000     0.00000     0.00000     0.00000
    -26.445         0.00000     0.00000     0.00000     0.00000
    -26.295         0.00000     0.00000     0.00000     0.00000
    -26.145         0.00000     0.00000     0.00000     0.00000
    -25.995         0.00000     0.00000     0.00000     0.00000
    -25.845         0.00000     0.00000     0.00000     0.00000
    -25.695         0.00000     0.00000     0.00000     0.00000
    -25.545         0.00000     0.00000     0.00000     0.00000
    -25.395         0.00000     0.00000     0.00000     0.00000
    -25.245         0.00000     0.00000     0.00000     0.00000
    -25.095         0.00000     0.00000     0.00000     0.00000
    -24.945         0.00000     0.00000     0.00000     0.00000
    -24.795         0.00000     0.00000     0.00000     0.00000
    -24.645         0.00000     0.00000     0.00000     0.00000
    -24.495         0.00000     0.00000     0.00000     0.00000
    -24.345         0.00000     0.00000     0.00000     0.00000
    -24.195         0.00000     0.00000     0.00000     0.00000
    -24.045         0.00000     0.00000     0.00000     0.00000
    -23.895         0.00000     0.00000     0.00000     0.00000
    -23.745         0.00000     0.00000     0.00000     0.00000
    -23.595         0.00000     0.00000     0.00000     0.00000
    -23.445         0.00000     0.00000     0.00000     0.00000
    -23.295         0.00000     0.00000     0.00000     0.00000
    -23.145         0.00000     0.00000     0.00000     0.00000
    -22.995         0.00000     0.00000     0.00000     0.00000
    -22.845         0.00000     0.00000     0.00000     0.00000
    -22.695         0.00000     0.00000     0.00000     0.00000
    -22.545         0.00000     0.00000     0.00000     0.00000
    -22.395         0.00000     0.00000     0.00000     0.00000
    -22.245         0.00000     0.00000     0.00000     0.00000
    -22.095         0.00000     0.00000     0.00000     0.00000
    -21.945         0.00000     0.00000     0.00000     0.00000
    -21.795         0.00000     0.00000     0.00000     0.00000
    -21.645         0.00000     0.00000     0.00000     0.00000
    -21.495         0.00000     0.00000     0.00000     0.00000
    -21.345         0.00000     0.00000     0.00000     0.00000
    -21.195         0.00000     0.00000     0.00000     0.00000
    -21.045         0.00000     0.00000     0.00000     0.00000
    -20.895         0.00000     0.00000     0.00000     0.00000
    -20.745         0.00000     0.00000     0.00000     0.00000
    -20.595         0.00000     0.00000     0.00000     0.00000
    -20.445         0.00000     0.00000     0.00000     0.00000
    -20.295         0.00000     0.00000     0.00000     0.00000
    -20.145         0.00000     0.00000     0.00000     0.00000
    -19.995         0.00000     0.00000     0.00000     0.00000
    -19.845         0.00000     0.00000     0.00000     0.00000
    -19.695         0.00000     0.00000     0.00000     0.00000
    -19.545         0.00000     0.00000     0.00000     0.00000
    -19.395         0.00000     0.00000     0.00000     0.00000
    -19.245         0.00000     0.00000     0.00000     0.00000
    -19.095         0.00000     0.00000     0.00000     0.00000
    -18.945         0.00000     0.00000     0.00000     0.00000
    -18.795         0.00000     0.00000     0.00000     0.00000
    -18.645         0.00000     0.00000     0.00000     0.00000
    -18.495         0.00000     0.00000     0.00000     0.00000
    -18.345         0.00000     0.00000     0.00000     0.00000
    -18.195         0.00000     0.00000     0.00000     0.00000
    -18.045         0.00000     0.00000     0.00000     0.00000
    -17.895         0.00000     0.00000     0.00000     0.00000
    -17.745         0.00000     0.00000     0.00000     0.00000
    -17.595         0.00000     0.00000     0.00000     0.00000
    -17.445         0.00000     0.00000     0.00000     0.00000
    -17.295         0.00000     0.00000     0.00000     0.00000
    -17.145         0.00000     0.00000     0.00000     0.00000
    -16.995         0.00000     0.00000     0.00000     0.00000
    -16.845         0.00000     0.00000     0.00000     0.00000
    -16.695         0.00000     0.00000     0.00000     0.00000
    -16.545         0.00000     0.00000     0.00000     0.00000
    -16.395         0.00000     0.00000     0.00000     0.00000
    -16.245         0.00000     0.00000     0.00000     0.00000
    -16.095         0.00000     0.00000     0.00000     0.00000
    -15.945         0.00000     0.00000     0.00000     0.00000
    -15.795         0.00000     0.00000     0.00000     0.00000
    -15.645         0.00000     0.00000     0.00000     0.00000
    -15.495         0.00000     0.00000     0.00000     0.00000
    -15.345         0.00000     0.00000     0.00000     0.00000
    -15.195         0.00000     0.00000     0.00000     0.00000
    -15.045         0.00000     0.00000     0.00000     0.00000
    -14.895         0.00000     0.00000     0.00000     0.00000
    -14.745         0.00000     0.00000     0.00000     0.00000
    -14.595         0.00000     0.00000     0.00000     0.00000
    -14.445         0.00000     0.00000     0.00000     0.00000
    -14.295         0.00000     0.00000     0.00000     0.00000
    -14.145         0.00000     0.00000     0.00000     0.00000
    -13.995         0.00000     0.00000     0.00000     0.00000
    -13.845         0.00000     0.00000     0.00000     0.00000
    -13.695         0.00000     0.00000     0.00000     0.00000
    -13.545         0.00000     0.00000     0.00000     0.00000
    -13.395         0.00000     0.00000     0.00000     0.00000
    -13.245         0.00000     0.00000     0.00000     0.00000
    -13.095         0.00000     0.00000     0.00000     0.00000
    -12.945         0.00000     0.00000     0.00000     0.00000
    -12.795         0.00000     0.00000     0.00000     0.00000
    -12.645         0.00000     0.00000     0.00000     0.00000
    -12.495         0.00000     0.00000     0.00000     0.00000
    -12.345         0.00000     0.00000     0.00000     0.00000
    -12.195         0.00000     0.00000     0.00000     0.00000
    -12.045         0.00000     0.00000     0.00000     0.00000
    -11.895         0.00000     0.00000     0.00000     0.00000
    -11.745         0.00000     0.00000     0.00000     0.00000
    -11.595         0.00000     0.00000     0.00000     0.00000
    -11.445         0.00000     0.00000     0.00000     0.00000
    -11.295         0.00000     0.00000     0.00000     0.00000
    -11.145         0.00000     0.00000     0.00000     0.00000
    -10.995         0.00000     0.00000     0.00000     0.00000
    -10.845         0.00000     0.00000     0.00000     0.00000
    -10.695         0.00000     0.00000     0.00000     0.00000
    -10.545         0.00000     0.00000     0.00000     0.00000
    -10.395         0.00000     0.00000     0.00000     0.00000
    -10.245         0.00000     0.00000     0.00000     0.00000
    -10.095         0.00000     0.00000     0.00000     0.00000
    -9.9450         0.00000     0.00000     0.00000     0.00000
    -9.7950         0.00000     0.00000     0.00000     0.00000
    -9.6450         0.00000     0.00000     0.00000     0.00000
    -9.4950         0.00000     0.00000     0.00000     0.00000
    -9.3450         0.00000     0.00000     0.00000     0.00000
    -9.1950         0.00000     0.00000     0.00000     0.00000
    -9.0450         0.00000     0.00000     0.00000     0.00000
    -8.8950         0.00000     0.00000     0.00000     0.00000
    -8.7450         0.00000     0.00000     0.00000     0.00000
    -8.5950         0.00000     0.00000     0.00000     0.00000
    -8.4450         0.00000     0.00000     0.00000     0.00000
    -8.2950         0.00000     0.00000     0.00000     0.00000
    -8.1450         0.00000     0.00000     0.00000     0.00000
    -7.9950         0.00000     0.00000     0.00000     0.00000
    -7.8450         0.00000     0.00000     0.00000     0.00000
    -7.6950         0.00000     0.00000     0.00000     0.00000
    -7.5450         0.00000     0.00000     0.00000     0.00000
    -7.3950         0.00000     0.00000     0.00000     0.00000
    -7.2450         0.00000     0.00000     0.00000     0.00000
    -7.0950         0.00000     0.00000     0.00000     0.00000
    -6.9450         0.00000     0.00000     0.00000     0.00000
    -6.7950         0.00000     0.00000     0.00000     0.00000
    -6.6450         0.00000     0.00000     0.00000     0.00000
    -6.4950         0.00000     0.00000     0.00000     0.00000
    -6.3450         0.00000     0.00000     0.00000     0.00000
    -6.1950         0.00000     0.00000     0.00000     0.00000
    -6.0450         0.00000     0.00000     0.00000     0.00000
    -5.8950         0.00000     0.00000     0.00000     0.00000
    -5.7450         0.00000     0.00000     0.00000     0.00000
    -5.5950         0.00000     0.00000     0.00000     0.00000
    -5.4450         0.00000     0.00000     0.00000     0.00000
    -5.2950         0.00000     0.00000     0.00000     0.00000
    -5.1450         0.00000     0.00000     0.00000     0.00000
    -4.9950         0.00000     0.00000     0.00000     0.00000
    -4.8450         0.00000     0.00000     0.00000     0.00000
    -4.6950         0.00000     0.00000     0.00000     0.00000
    -4.5450         0.00000     0.00000     0.00000     0.00000
    -4.3950         0.00000     0.00000     0.00000     0.00000
    -4.2450         0.00000     0.00000     0.00000     0.00000
    -4.0950         0.00000     0.00000     0.00000     0.00000
    -3.9450         0.00000     0.00000     0.00000     0.00000
    -3.7950         0.00000     0.00000     0.00000     0.00000
    -3.6450         0.00000     0.00000     0.00000     0.00000
    -3.4950         0.00000     0.00000     0.00000     0.00000
    -3.3450         0.00000     0.00000     0.00000     0.00000
    -3.1950         0.00000     0.00000     0.00000     0.00000
    -3.0450         0.00000     0.00000     0.00000     0.00000
    -2.8950         0.00000     0.00000     0.00000     0.00000
    -2.7450         0.00000     0.00000     0.00000     0.00000
    -2.5950         0.00000     0.00000     0.00000     0.00000
    -2.4450         0.00000     0.00000     0.00000     0.00000
    -2.2950         0.00000     0.00000     0.00000     0.00000
    -2.1450        -0.00000    -0.00000     0.00000     0.00000
    -1.9950        -0.00000    -0.00000     0.00000     0.00000
    -1.8450         0.00000     0.00000     0.00000     0.00000
    -1.6950         0.00001     0.00001     0.00000     0.00000
    -1.5450         0.00002     0.00002     0.00000     0.00000
    -1.3950        -0.00000     0.00008     0.00000    -0.00008
    -1.2450        -0.00050     0.00021    -0.00018    -0.00052
    -1.0950        -0.00614    -0.00027    -0.00206    -0.00382
   -0.94500        -0.03010    -0.00109    -0.00963    -0.01938
   -0.79500        -0.13946    -0.00236    -0.03236    -0.10475
   -0.64500        -0.65342    -0.00520    -0.06380    -0.58442
   -0.49500        -2.40063    -0.01135    -0.08716    -2.30212
   -0.34500        -5.09765    -0.02195    -0.10676    -4.96894
   -0.22700        -5.82452    -0.02697    -0.11382    -5.68373
   -0.21300        -5.90466    -0.02759    -0.11473    -5.76234
   -0.20700        -5.98350    -0.02818    -0.11555    -5.83978
   -0.20100        -6.06210    -0.02875    -0.11645    -5.91690
   -0.19500        -6.13991    -0.02949    -0.11738    -5.99305
   -0.18900        -6.21660    -0.03013    -0.11833    -6.06814
   -0.18300        -6.29282    -0.03083    -0.11930    -6.14269
   -0.17700        -6.36948    -0.03138    -0.12021    -6.21789
   -0.17100        -6.44549    -0.03207    -0.12118    -6.29224
   -0.16500        -6.52148    -0.03286    -0.12203    -6.36659
   -0.15900        -6.59666    -0.03364    -0.12303    -6.44000
   -0.15300        -6.67184    -0.03430    -0.12407    -6.51346
   -0.14700        -6.74696    -0.03514    -0.12513    -6.58669
   -0.14100        -6.82404    -0.03599    -0.12633    -6.66172
   -0.13500        -6.90091    -0.03687    -0.12753    -6.73652
   -0.12900        -6.97945    -0.03770    -0.12868    -6.81307
   -0.12300        -7.05824    -0.03859    -0.13003    -6.88963
   -0.11700        -7.13817    -0.03949    -0.13142    -6.96725
   -0.11100        -7.21980    -0.04054    -0.13281    -7.04645
   -0.10500        -7.30392    -0.04158    -0.13439    -7.12795
   -0.99000E-01    -7.38996    -0.04271    -0.13604    -7.21121
   -0.93000E-01    -7.47870    -0.04388    -0.13785    -7.29697
   -0.87000E-01    -7.57026    -0.04518    -0.13962    -7.38546
   -0.81000E-01    -7.66607    -0.04650    -0.14159    -7.47798
   -0.75000E-01    -7.76659    -0.04788    -0.14360    -7.57511
   -0.69000E-01    -7.87299    -0.04937    -0.14581    -7.67781
   -0.63000E-01    -7.98706    -0.05104    -0.14809    -7.78793
   -0.57000E-01    -8.11026    -0.05282    -0.15064    -7.90680
   -0.51000E-01    -8.24462    -0.05478    -0.15326    -8.03658
   -0.45000E-01    -8.39297    -0.05697    -0.15620    -8.17980
   -0.39000E-01    -8.55585    -0.05946    -0.15962    -8.33678
   -0.33000E-01    -8.73350    -0.06234    -0.16351    -8.50765
   -0.27000E-01    -8.92871    -0.06580    -0.16844    -8.69447
   -0.21300E-01    -9.07357    -0.06858    -0.17266    -8.83233
   -0.19500E-01    -9.09581    -0.06905    -0.17336    -8.85340
   -0.18900E-01    -9.11852    -0.06955    -0.17409    -8.87488
   -0.18300E-01    -9.14145    -0.07004    -0.17484    -8.89657
   -0.17700E-01    -9.16460    -0.07055    -0.17562    -8.91843
   -0.17100E-01    -9.18807    -0.07107    -0.17646    -8.94055
   -0.16500E-01    -9.21200    -0.07163    -0.17736    -8.96301
   -0.15900E-01    -9.23656    -0.07221    -0.17832    -8.98603
   -0.15300E-01    -9.26133    -0.07277    -0.17932    -9.00923
   -0.14700E-01    -9.28649    -0.07337    -0.18036    -9.03277
   -0.14100E-01    -9.31227    -0.07398    -0.18151    -9.05678
   -0.13500E-01    -9.33843    -0.07462    -0.18267    -9.08114
   -0.12900E-01    -9.36521    -0.07531    -0.18396    -9.10595
   -0.12300E-01    -9.39259    -0.07602    -0.18531    -9.13126
   -0.11700E-01    -9.42065    -0.07676    -0.18682    -9.15707
   -0.11100E-01    -9.44935    -0.07754    -0.18847    -9.18334
   -0.10500E-01    -9.47878    -0.07836    -0.19029    -9.21013
   -0.99000E-02    -9.50910    -0.07925    -0.19227    -9.23758
   -0.93000E-02    -9.54014    -0.08015    -0.19442    -9.26557
   -0.87000E-02    -9.57214    -0.08112    -0.19685    -9.29417
   -0.81000E-02    -9.60518    -0.08215    -0.19957    -9.32346
   -0.75000E-02    -9.63911    -0.08323    -0.20269    -9.35319
   -0.69000E-02    -9.67416    -0.08441    -0.20625    -9.38349
   -0.63000E-02    -9.71060    -0.08567    -0.21044    -9.41449
   -0.57000E-02    -9.74838    -0.08699    -0.21538    -9.44600
   -0.51000E-02    -9.78780    -0.08840    -0.22149    -9.47791
   -0.45000E-02    -9.82943    -0.08991    -0.22929    -9.51022
   -0.39000E-02    -9.87429    -0.09151    -0.24007    -9.54271
   -0.33000E-02    -9.92509    -0.09319    -0.25654    -9.57536
   -0.27000E-02    -9.98677    -0.09495    -0.28348    -9.60834
   -0.21000E-02   -10.06325    -0.09675    -0.32388    -9.64262
   -0.15000E-02   -10.13278    -0.09853    -0.35219    -9.68206
   -0.90000E-03   -10.20674    -0.10009    -0.36090    -9.74575
   -0.30000E-03   -11.65620    -0.10092    -0.36236   -11.19292
    0.30000E-03   -10.20856    -0.09950    -0.36156    -9.74749
    0.90000E-03   -10.14639    -0.09074    -0.36003    -9.69562
    0.15000E-02   -10.09885    -0.06212    -0.35826    -9.67846
    0.21000E-02   -10.05037    -0.02137    -0.35648    -9.67252
    0.27000E-02   -10.01956     0.00562    -0.35470    -9.67049
    0.33000E-02   -10.00083     0.02199    -0.35301    -9.66980
    0.39000E-02    -9.98844     0.03256    -0.35142    -9.66958
    0.45000E-02    -9.97924     0.04020    -0.34994    -9.66950
    0.51000E-02    -9.97190     0.04611    -0.34854    -9.66947
    0.57000E-02    -9.96576     0.05093    -0.34724    -9.66946
    0.63000E-02    -9.96042     0.05503    -0.34601    -9.66944
    0.69000E-02    -9.95581     0.05851    -0.34489    -9.66943
    0.75000E-02    -9.95165     0.06158    -0.34382    -9.66942
    0.81000E-02    -9.94801     0.06422    -0.34283    -9.66941
    0.87000E-02    -9.94466     0.06661    -0.34187    -9.66939
    0.93000E-02    -9.94165     0.06872    -0.34098    -9.66938
    0.99000E-02    -9.93884     0.07069    -0.34016    -9.66936
    0.10500E-01    -9.93625     0.07247    -0.33938    -9.66935
    0.11100E-01    -9.93391     0.07407    -0.33865    -9.66933
    0.11700E-01    -9.93170     0.07555    -0.33794    -9.66930
    0.12300E-01    -9.92971     0.07687    -0.33730    -9.66928
    0.12900E-01    -9.92786     0.07808    -0.33668    -9.66926
    0.13500E-01    -9.92612     0.07922    -0.33609    -9.66924
    0.14100E-01    -9.92448     0.08027    -0.33552    -9.66922
    0.14700E-01    -9.92293     0.08127    -0.33500    -9.66920
    0.15300E-01    -9.92151     0.08218    -0.33452    -9.66918
    0.15900E-01    -9.92017     0.08306    -0.33408    -9.66915
    0.16500E-01    -9.91887     0.08387    -0.33362    -9.66913
    0.17100E-01    -9.91767     0.08464    -0.33321    -9.66910
    0.17700E-01    -9.91656     0.08533    -0.33282    -9.66907
    0.18300E-01    -9.91549     0.08599    -0.33244    -9.66904
    0.18900E-01    -9.91449     0.08662    -0.33210    -9.66901
    0.19500E-01    -9.91354     0.08720    -0.33177    -9.66897
    0.21300E-01    -9.90803     0.09055    -0.32984    -9.66873
    0.27000E-01    -9.90251     0.09394    -0.32814    -9.66830
    0.33000E-01    -9.89879     0.09615    -0.32713    -9.66780
    0.39000E-01    -9.89625     0.09753    -0.32654    -9.66724
    0.45000E-01    -9.89433     0.09851    -0.32622    -9.66662
    0.51000E-01    -9.89284     0.09913    -0.32605    -9.66592
    0.57000E-01    -9.89151     0.09957    -0.32595    -9.66512
    0.63000E-01    -9.89030     0.09988    -0.32588    -9.66429
    0.69000E-01    -9.88910     0.10008    -0.32584    -9.66333
    0.75000E-01    -9.88789     0.10023    -0.32582    -9.66230
    0.81000E-01    -9.88668     0.10034    -0.32580    -9.66122
    0.87000E-01    -9.88551     0.10041    -0.32579    -9.66014
    0.93000E-01    -9.88430     0.10046    -0.32578    -9.65898
    0.99000E-01    -9.88305     0.10049    -0.32576    -9.65778
    0.10500        -9.88172     0.10052    -0.32568    -9.65656
    0.11100        -9.88019     0.10069    -0.32561    -9.65527
    0.11700        -9.87873     0.10071    -0.32560    -9.65384
    0.12300        -9.87702     0.10083    -0.32558    -9.65227
    0.12900        -9.87543     0.10085    -0.32557    -9.65070
    0.13500        -9.87381     0.10094    -0.32550    -9.64925
    0.14100        -9.87216     0.10103    -0.32543    -9.64777
    0.14700        -9.87040     0.10112    -0.32536    -9.64616
    0.15300        -9.86846     0.10121    -0.32528    -9.64438
    0.15900        -9.86654     0.10129    -0.32521    -9.64261
    0.16500        -9.86472     0.10137    -0.32514    -9.64095
    0.17100        -9.86293     0.10139    -0.32507    -9.63925
    0.17700        -9.86090     0.10147    -0.32500    -9.63737
    0.18300        -9.85872     0.10154    -0.32493    -9.63534
    0.18900        -9.85673     0.10162    -0.32485    -9.63349
    0.19500        -9.85474     0.10168    -0.32479    -9.63164
    0.20100        -9.85264     0.10176    -0.32472    -9.62968
    0.20700        -9.85037     0.10184    -0.32465    -9.62756
    0.21300        -9.84819     0.10191    -0.32458    -9.62552
    0.22700        -9.82951     0.10217    -0.32436    -9.60732
    0.34500        -9.76356     0.10277    -0.32378    -9.54256
    0.49500        -9.69303     0.10361    -0.32324    -9.47340
    0.64500        -9.61768     0.10422    -0.32242    -9.39948
    0.79500        -9.54135     0.10520    -0.32166    -9.32489
    0.94500        -9.46355     0.10582    -0.32058    -9.24879
     1.0950        -9.38498     0.10662    -0.31958    -9.17202
     1.2450        -9.30721     0.10736    -0.31890    -9.09567
     1.3950        -9.23031     0.10805    -0.31803    -9.02033
     1.5450        -9.15492     0.10870    -0.31720    -8.94641
     1.6950        -9.08135     0.10929    -0.31643    -8.87421
     1.8450        -9.00939     0.10986    -0.31569    -8.80356
     1.9950        -8.93964     0.11039    -0.31499    -8.73505
     2.1450        -8.87246     0.11090    -0.31432    -8.66904
     2.2950        -8.80772     0.11137    -0.31368    -8.60542
     2.4450        -8.74514     0.11182    -0.31307    -8.54388
     2.5950        -8.68494     0.11226    -0.31248    -8.48472
     2.7450        -8.62702     0.11267    -0.31192    -8.42778
     2.8950        -8.57040     0.11307    -0.31137    -8.37210
     3.0450        -8.51642     0.11345    -0.31085    -8.31901
     3.1950        -8.46419     0.11381    -0.31035    -8.26765
     3.3450        -8.41396     0.11416    -0.30986    -8.21827
     3.4950        -8.36556     0.11450    -0.30940    -8.17067
     3.6450        -8.31848     0.11483    -0.30894    -8.12438
     3.7950        -8.27333     0.11516    -0.30850    -8.08000
     3.9450        -8.22939     0.11546    -0.30806    -8.03680
     4.0950        -8.18694     0.11576    -0.30764    -7.99506
     4.2450        -8.14581     0.11604    -0.30723    -7.95463
     4.3950        -8.10591     0.11632    -0.30684    -7.91540
     4.5450        -8.06722     0.11660    -0.30645    -7.87737
     4.6950        -8.02956     0.11686    -0.30607    -7.84035
     4.8450        -7.99303     0.11712    -0.30571    -7.80444
     4.9950        -7.95753     0.11736    -0.30535    -7.76955
     5.1450        -7.92297     0.11761    -0.30500    -7.73558
     5.2950        -7.88931     0.11784    -0.30466    -7.70249
     5.4450        -7.85651     0.11808    -0.30433    -7.67026
     5.5950        -7.82454     0.11831    -0.30401    -7.63884
     5.7450        -7.79328     0.11852    -0.30369    -7.60811
     5.8950        -7.76273     0.11874    -0.30338    -7.57809
     6.0450        -7.73293     0.11895    -0.30307    -7.54881
     6.1950        -7.70385     0.11916    -0.30278    -7.52023
     6.3450        -7.67539     0.11937    -0.30249    -7.49227
     6.4950        -7.64755     0.11957    -0.30221    -7.46491
     6.6450        -7.62034     0.11976    -0.30193    -7.43817
     6.7950        -7.59364     0.11995    -0.30166    -7.41194
     6.9450        -7.56750     0.12014    -0.30139    -7.38625
     7.0950        -7.54184     0.12033    -0.30113    -7.36105
     7.2450        -7.51670     0.12051    -0.30087    -7.33634
     7.3950        -7.49209     0.12068    -0.30062    -7.31214
     7.5450        -7.46788     0.12085    -0.30037    -7.28836
     7.6950        -7.44417     0.12102    -0.30012    -7.26507
     7.8450        -7.42093     0.12118    -0.29988    -7.24223
     7.9950        -7.39805     0.12135    -0.29965    -7.21975
     8.1450        -7.37558     0.12151    -0.29941    -7.19768
     8.2950        -7.35354     0.12167    -0.29919    -7.17602
     8.4450        -7.33187     0.12183    -0.29896    -7.15473
     8.5950        -7.31058     0.12198    -0.29874    -7.13381
     8.7450        -7.28960     0.12213    -0.29852    -7.11321
     8.8950        -7.26900     0.12228    -0.29831    -7.09297
     9.0450        -7.24870     0.12242    -0.29810    -7.07303
     9.1950        -7.22872     0.12257    -0.29789    -7.05340
     9.3450        -7.20910     0.12271    -0.29768    -7.03412
     9.4950        -7.18974     0.12284    -0.29747    -7.01512
     9.6450        -7.17070     0.12298    -0.29728    -6.99640
     9.7950        -7.15191     0.12312    -0.29708    -6.97795
     9.9450        -7.13342     0.12325    -0.29689    -6.95979
     10.095        -7.11521     0.12339    -0.29670    -6.94190
     10.245        -7.09721     0.12352    -0.29651    -6.92422
     10.395        -7.07953     0.12364    -0.29632    -6.90684
     10.545        -7.06208     0.12377    -0.29614    -6.88971
     10.695        -7.04489     0.12389    -0.29596    -6.87282
     10.845        -7.02791     0.12401    -0.29578    -6.85614
     10.995        -7.01115     0.12413    -0.29560    -6.83968
     11.145        -6.99468     0.12425    -0.29543    -6.82350
     11.295        -6.97838     0.12436    -0.29525    -6.80749
     11.445        -6.96227     0.12448    -0.29508    -6.79167
     11.595        -6.94639     0.12459    -0.29491    -6.77607
     11.745        -6.93071     0.12471    -0.29475    -6.76067
     11.895        -6.91523     0.12482    -0.29459    -6.74546
     12.045        -6.89990     0.12493    -0.29442    -6.73041
     12.195        -6.88482     0.12504    -0.29426    -6.71559
     12.345        -6.86991     0.12515    -0.29411    -6.70095
     12.495        -6.85517     0.12526    -0.29395    -6.68648
     12.645        -6.84061     0.12536    -0.29380    -6.67218
     12.795        -6.82621     0.12546    -0.29364    -6.65803
     12.945        -6.81198     0.12557    -0.29349    -6.64406
     13.095        -6.79796     0.12567    -0.29333    -6.63029
     13.245        -6.78405     0.12576    -0.29318    -6.61663
     13.395        -6.77030     0.12587    -0.29304    -6.60313
     13.545        -6.75671     0.12597    -0.29289    -6.58979
     13.695        -6.74327     0.12606    -0.29275    -6.57658
     13.845        -6.72996     0.12616    -0.29260    -6.56351
     13.995        -6.71682     0.12625    -0.29246    -6.55061
     14.145        -6.70379     0.12635    -0.29232    -6.53781
     14.295        -6.69094     0.12644    -0.29218    -6.52519
     14.445        -6.67820     0.12653    -0.29205    -6.51268
     14.595        -6.66561     0.12662    -0.29191    -6.50031
     14.745        -6.65315     0.12671    -0.29178    -6.48808
     14.895        -6.64080     0.12680    -0.29165    -6.47595
     15.045        -6.62854     0.12689    -0.29152    -6.46391
     15.195        -6.61642     0.12698    -0.29139    -6.45201
     15.345        -6.60444     0.12706    -0.29126    -6.44024
     15.495        -6.59263     0.12715    -0.29113    -6.42864
     15.645        -6.58088     0.12723    -0.29101    -6.41711
     15.795        -6.56926     0.12732    -0.29088    -6.40569
     15.945        -6.55775     0.12741    -0.29076    -6.39440
     16.095        -6.54635     0.12749    -0.29064    -6.38320
     16.245        -6.53505     0.12757    -0.29052    -6.37211
     16.395        -6.52384     0.12765    -0.29039    -6.36110
     16.545        -6.51272     0.12774    -0.29027    -6.35019
     16.695        -6.50173     0.12782    -0.29015    -6.33939
     16.845        -6.49085     0.12790    -0.29004    -6.32871
     16.995        -6.48005     0.12797    -0.28992    -6.31810
     17.145        -6.46932     0.12805    -0.28980    -6.30757
     17.295        -6.45871     0.12813    -0.28969    -6.29715
     17.445        -6.44822     0.12821    -0.28957    -6.28685
     17.595        -6.43780     0.12828    -0.28946    -6.27662
     17.745        -6.42745     0.12836    -0.28935    -6.26645
     17.895        -6.41719     0.12843    -0.28924    -6.25638
     18.045        -6.40700     0.12850    -0.28912    -6.24638
     18.195        -6.39692     0.12858    -0.28901    -6.23648
     18.345        -6.38697     0.12865    -0.28891    -6.22671
     18.495        -6.37710     0.12872    -0.28880    -6.21702
     18.645        -6.36728     0.12880    -0.28869    -6.20739
     18.795        -6.35753     0.12887    -0.28859    -6.19782
     18.945        -6.34788     0.12894    -0.28848    -6.18834
     19.095        -6.33829     0.12901    -0.28838    -6.17892
     19.245        -6.32878     0.12908    -0.28827    -6.16959
     19.395        -6.31935     0.12914    -0.28817    -6.16033
     19.545        -6.30998     0.12921    -0.28806    -6.15113
     19.695        -6.30074     0.12928    -0.28796    -6.14205
     19.845        -6.29151     0.12935    -0.28786    -6.13299
     19.995        -6.28236     0.12941    -0.28776    -6.12401
     20.145        -6.27329     0.12948    -0.28767    -6.11510
     20.295        -6.26430     0.12954    -0.28757    -6.10627
     20.445        -6.25537     0.12961    -0.28747    -6.09751
     20.595        -6.24653     0.12967    -0.28737    -6.08883
     20.745        -6.23773     0.12974    -0.28728    -6.08019
     20.895        -6.22901     0.12980    -0.28718    -6.07163
     21.045        -6.22034     0.12987    -0.28709    -6.06312
     21.195        -6.21176     0.12993    -0.28700    -6.05469
     21.345        -6.20319     0.12999    -0.28690    -6.04628
     21.495        -6.19469     0.13006    -0.28681    -6.03794
     21.645        -6.18631     0.13012    -0.28672    -6.02971
     21.795        -6.17796     0.13018    -0.28662    -6.02152
     21.945        -6.16965     0.13024    -0.28653    -6.01336
     22.095        -6.16142     0.13030    -0.28644    -6.00528
     22.245        -6.15322     0.13036    -0.28635    -5.99723
     22.395        -6.14508     0.13042    -0.28626    -5.98924
     22.545        -6.13699     0.13048    -0.28617    -5.98130
     22.695        -6.12899     0.13054    -0.28608    -5.97345
     22.845        -6.12103     0.13060    -0.28599    -5.96564
     22.995        -6.11313     0.13066    -0.28590    -5.95788
     23.145        -6.10527     0.13071    -0.28582    -5.95017
     23.295        -6.09747     0.13077    -0.28573    -5.94252
     23.445        -6.08976     0.13083    -0.28564    -5.93494
     23.595        -6.08209     0.13088    -0.28556    -5.92741
     23.745        -6.07444     0.13094    -0.28547    -5.91991
     23.895        -6.06682     0.13100    -0.28539    -5.91243
     24.045        -6.05928     0.13105    -0.28531    -5.90502
     24.195        -6.05176     0.13111    -0.28523    -5.89764
     24.345        -6.04431     0.13117    -0.28515    -5.89033
     24.495        -6.03690     0.13122    -0.28507    -5.88306
     24.645        -6.02957     0.13127    -0.28499    -5.87586
     24.795        -6.02226     0.13133    -0.28490    -5.86868
     24.945        -6.01502     0.13138    -0.28483    -5.86157
     25.095        -6.00781     0.13144    -0.28475    -5.85450
     25.245        -6.00068     0.13149    -0.28467    -5.84750
     25.395        -5.99354     0.13154    -0.28459    -5.84049
     25.545        -5.98647     0.13159    -0.28451    -5.83355
     25.695        -5.97943     0.13164    -0.28443    -5.82664
     25.845        -5.97244     0.13169    -0.28435    -5.81978
     25.995        -5.96551     0.13175    -0.28428    -5.81298
     26.145        -5.95861     0.13180    -0.28420    -5.80621
     26.295        -5.95173     0.13185    -0.28412    -5.79945
     26.445        -5.94489     0.13190    -0.28405    -5.79274
     26.595        -5.93809     0.13195    -0.28397    -5.78607
     26.745        -5.93131     0.13201    -0.28390    -5.77942
     26.895        -5.92464     0.13205    -0.28383    -5.77287
     27.045        -5.91796     0.13210    -0.28375    -5.76631
     27.195        -5.91132     0.13215    -0.28368    -5.75979
     27.345        -5.90471     0.13220    -0.28360    -5.75331
     27.495        -5.89815     0.13225    -0.28353    -5.74687
     27.645        -5.89162     0.13230    -0.28346    -5.74046
     27.795        -5.88516     0.13235    -0.28339    -5.73412
     27.945        -5.87870     0.13240    -0.28332    -5.72778
     28.095        -5.87230     0.13245    -0.28324    -5.72150
     28.245        -5.86591     0.13249    -0.28318    -5.71522
     28.395        -5.85957     0.13254    -0.28310    -5.70900
     28.545        -5.85326     0.13258    -0.28303    -5.70281
     28.695        -5.84701     0.13263    -0.28296    -5.69668
     28.845        -5.84077     0.13268    -0.28289    -5.69055
     28.995        -5.83458     0.13272    -0.28283    -5.68448
     29.145        -5.82842     0.13276    -0.28276    -5.67843
     29.295        -5.82231     0.13281    -0.28269    -5.67243
     29.445        -5.81624     0.13285    -0.28262    -5.66647
     29.595        -5.81017     0.13290    -0.28255    -5.66051
     29.745        -5.80416     0.13294    -0.28249    -5.65462
     29.895        -5.79815     0.13299    -0.28242    -5.64872
     30.045        -5.79220     0.13303    -0.28235    -5.64287
     30.195        -5.78623     0.13308    -0.28229    -5.63702
     30.345        -5.78034     0.13312    -0.28222    -5.63123
     30.495        -5.77446     0.13317    -0.28216    -5.62547
     30.645        -5.76862     0.13321    -0.28210    -5.61973
     30.795        -5.76279     0.13325    -0.28203    -5.61401
     30.945        -5.75701     0.13330    -0.28197    -5.60834
     31.095        -5.75124     0.13334    -0.28190    -5.60268
     31.245        -5.74549     0.13338    -0.28184    -5.59704
     31.395        -5.73980     0.13343    -0.28177    -5.59145
     31.545        -5.73415     0.13347    -0.28171    -5.58590
     31.695        -5.72851     0.13351    -0.28165    -5.58037
     31.845        -5.72291     0.13355    -0.28159    -5.57488
     31.995        -5.71731     0.13360    -0.28153    -5.56938
     32.145        -5.71175     0.13364    -0.28146    -5.56392
     32.295        -5.70622     0.13368    -0.28140    -5.55850
     32.445        -5.70072     0.13372    -0.28134    -5.55310
     32.595        -5.69525     0.13376    -0.28128    -5.54772
     32.745        -5.68980     0.13379    -0.28122    -5.54238
     32.895        -5.68437     0.13383    -0.28115    -5.53705
     33.045        -5.67896     0.13388    -0.28109    -5.53174
     33.195        -5.67358     0.13392    -0.28103    -5.52646
     33.345        -5.66826     0.13396    -0.28098    -5.52124
     33.495        -5.66296     0.13400    -0.28091    -5.51604
     33.645        -5.65766     0.13404    -0.28085    -5.51084
     33.795        -5.65238     0.13408    -0.28079    -5.50566
     33.945        -5.64714     0.13411    -0.28074    -5.50051
     34.095        -5.64192     0.13415    -0.28068    -5.49539
     34.245        -5.63670     0.13419    -0.28062    -5.49027
     34.395        -5.63151     0.13423    -0.28056    -5.48518
     34.545        -5.62637     0.13427    -0.28051    -5.48013
     34.695        -5.62121     0.13431    -0.28045    -5.47506
     34.845        -5.61610     0.13434    -0.28039    -5.47005
     34.995        -5.61101     0.13438    -0.28034    -5.46505
     35.145        -5.60595     0.13442    -0.28028    -5.46009
     35.295        -5.60090     0.13445    -0.28022    -5.45514
     35.445        -5.59591     0.13449    -0.28017    -5.45024
     35.595        -5.59092     0.13453    -0.28011    -5.44533
     35.745        -5.58595     0.13456    -0.28006    -5.44046
     35.895        -5.58100     0.13460    -0.28000    -5.43560
     36.045        -5.57606     0.13464    -0.27995    -5.43076
     36.195        -5.57114     0.13468    -0.27989    -5.42593
     36.345        -5.56624     0.13471    -0.27984    -5.42111
     36.495        -5.56140     0.13475    -0.27979    -5.41636
     36.645        -5.55656     0.13479    -0.27973    -5.41161
     36.795        -5.55174     0.13482    -0.27968    -5.40689
     36.945        -5.54695     0.13486    -0.27962    -5.40218
     37.095        -5.54215     0.13489    -0.27957    -5.39747
     37.245        -5.53739     0.13493    -0.27952    -5.39280
     37.395        -5.53267     0.13497    -0.27946    -5.38817
     37.545        -5.52796     0.13500    -0.27941    -5.38355
     37.695        -5.52327     0.13504    -0.27936    -5.37894
     37.845        -5.51859     0.13507    -0.27931    -5.37436
     37.995        -5.51395     0.13511    -0.27926    -5.36980
     38.145        -5.50930     0.13514    -0.27920    -5.36524
     38.295        -5.50469     0.13518    -0.27915    -5.36071
     38.445        -5.50008     0.13521    -0.27910    -5.35619
     38.595        -5.49550     0.13525    -0.27905    -5.35170
     38.745        -5.49093     0.13528    -0.27900    -5.34721
     38.895        -5.48638     0.13532    -0.27895    -5.34275
     39.045        -5.48187     0.13535    -0.27890    -5.33832
     39.195        -5.47735     0.13538    -0.27885    -5.33389
     39.345        -5.47288     0.13542    -0.27880    -5.32950
     39.495        -5.46840     0.13545    -0.27875    -5.32510
     39.645        -5.46396     0.13549    -0.27870    -5.32075
     39.795        -5.45954     0.13552    -0.27865    -5.31640
     39.945        -5.45512     0.13555    -0.27860    -5.31207
     40.095        -5.45071     0.13559    -0.27855    -5.30775
     40.245        -5.44632     0.13562    -0.27851    -5.30343
     40.395        -5.44196     0.13565    -0.27846    -5.29916
     40.545        -5.43762     0.13568    -0.27841    -5.29490
     40.695        -5.43330     0.13572    -0.27836    -5.29066
     40.845        -5.42897     0.13575    -0.27831    -5.28641
     40.995        -5.42468     0.13578    -0.27826    -5.28220
     41.145        -5.42040     0.13581    -0.27821    -5.27799
     41.295        -5.41615     0.13584    -0.27816    -5.27383
     41.445        -5.41191     0.13588    -0.27811    -5.26967
     41.595        -5.40769     0.13591    -0.27807    -5.26553
     41.745        -5.40348     0.13594    -0.27802    -5.26140
     41.895        -5.39927     0.13597    -0.27797    -5.25727
     42.045        -5.39510     0.13600    -0.27792    -5.25318
     42.195        -5.39094     0.13603    -0.27788    -5.24910
     42.345        -5.38678     0.13606    -0.27783    -5.24501
     42.495        -5.38265     0.13609    -0.27779    -5.24096
     42.645        -5.37855     0.13613    -0.27774    -5.23693
     42.795        -5.37445     0.13616    -0.27770    -5.23291
     42.945        -5.37038     0.13619    -0.27765    -5.22891
     43.095        -5.36631     0.13621    -0.27761    -5.22492
     43.245        -5.36226     0.13624    -0.27756    -5.22094
     43.395        -5.35822     0.13627    -0.27751    -5.21698
     43.545        -5.35420     0.13630    -0.27747    -5.21303
     43.695        -5.35019     0.13633    -0.27742    -5.20910
     43.845        -5.34618     0.13636    -0.27738    -5.20516
     43.995        -5.34219     0.13639    -0.27733    -5.20125
     44.145        -5.33822     0.13642    -0.27729    -5.19735
     44.295        -5.33427     0.13645    -0.27725    -5.19347
     44.445        -5.33032     0.13648    -0.27720    -5.18959
     44.595        -5.32638     0.13651    -0.27716    -5.18573
     44.745        -5.32248     0.13654    -0.27712    -5.18190
     44.895        -5.31858     0.13657    -0.27707    -5.17807
     45.045        -5.31470     0.13660    -0.27703    -5.17427
     45.195        -5.31083     0.13662    -0.27698    -5.17047
     45.345        -5.30695     0.13665    -0.27694    -5.16667
     45.495        -5.30312     0.13668    -0.27690    -5.16290
     45.645        -5.29929     0.13671    -0.27685    -5.15914
     45.795        -5.29548     0.13674    -0.27681    -5.15540
     45.945        -5.29168     0.13677    -0.27677    -5.15168
     46.095        -5.28789     0.13679    -0.27673    -5.14796
     46.245        -5.28411     0.13682    -0.27669    -5.14425
     46.395        -5.28035     0.13685    -0.27665    -5.14056
     46.545        -5.27661     0.13688    -0.27660    -5.13689
     46.695        -5.27286     0.13691    -0.27656    -5.13321
     46.845        -5.26913     0.13693    -0.27652    -5.12955
     46.995        -5.26543     0.13696    -0.27648    -5.12591
     47.145        -5.26175     0.13699    -0.27644    -5.12231
     47.295        -5.25808     0.13702    -0.27640    -5.11870
     47.445        -5.25443     0.13705    -0.27636    -5.11512
     47.595        -5.25077     0.13707    -0.27632    -5.11153
     47.745        -5.24712     0.13710    -0.27628    -5.10795
     47.895        -5.24350     0.13713    -0.27624    -5.10440
     48.045        -5.23989     0.13716    -0.27620    -5.10085
     48.195        -5.23627     0.13718    -0.27615    -5.09730
     48.345        -5.23269     0.13721    -0.27612    -5.09378
     48.495        -5.22910     0.13724    -0.27608    -5.09026
     48.645        -5.22554     0.13726    -0.27604    -5.08677
     48.795        -5.22198     0.13729    -0.27599    -5.08327
     48.945        -5.21842     0.13731    -0.27596    -5.07978
     49.095        -5.21487     0.13734    -0.27592    -5.07630
     49.245        -5.21134     0.13737    -0.27588    -5.07284
     49.395        -5.20782     0.13739    -0.27584    -5.06938
     49.545        -5.20431     0.13742    -0.27580    -5.06594
     49.695        -5.20081     0.13745    -0.27576    -5.06250
     49.845        -5.19731     0.13747    -0.27572    -5.05907
     49.995        -5.19384     0.13750    -0.27568    -5.05566
     50.145        -5.19038     0.13753    -0.27564    -5.05227
     50.295        -5.18693     0.13755    -0.27560    -5.04888
     50.445        -5.18351     0.13758    -0.27556    -5.04553
     50.595        -5.18008     0.13760    -0.27552    -5.04217
     50.745        -5.17668     0.13763    -0.27549    -5.03882
     50.895        -5.17327     0.13766    -0.27545    -5.03548
     51.045        -5.16989     0.13768    -0.27541    -5.03216
     51.195        -5.16650     0.13771    -0.27537    -5.02884
     51.345        -5.16314     0.13773    -0.27533    -5.02554
     51.495        -5.15979     0.13776    -0.27530    -5.02225
     51.645        -5.15644     0.13778    -0.27526    -5.01896
     51.795        -5.15308     0.13781    -0.27522    -5.01566
     51.945        -5.14974     0.13783    -0.27518    -5.01238
     52.095        -5.14643     0.13786    -0.27514    -5.00914
     52.245        -5.14310     0.13788    -0.27511    -5.00588
     52.395        -5.13981     0.13791    -0.27507    -5.00264
     52.545        -5.13652     0.13793    -0.27503    -4.99942
     52.695        -5.13323     0.13795    -0.27500    -4.99619
     52.845        -5.12997     0.13798    -0.27496    -4.99298
     52.995        -5.12670     0.13800    -0.27492    -4.98978
     53.145        -5.12345     0.13802    -0.27489    -4.98659
     53.295        -5.12020     0.13805    -0.27485    -4.98340
     53.445        -5.11700     0.13807    -0.27481    -4.98026
     53.595        -5.11377     0.13810    -0.27478    -4.97709
     53.745        -5.11057     0.13812    -0.27474    -4.97395
     53.895        -5.10738     0.13814    -0.27471    -4.97081
     54.045        -5.10419     0.13817    -0.27467    -4.96769
     54.195        -5.10102     0.13819    -0.27463    -4.96457
     54.345        -5.09785     0.13821    -0.27460    -4.96146
     54.495        -5.09467     0.13824    -0.27456    -4.95835
     54.645        -5.09154     0.13826    -0.27453    -4.95527
     54.795        -5.08841     0.13829    -0.27450    -4.95220
     54.945        -5.08527     0.13831    -0.27446    -4.94912
     55.095        -5.08213     0.13833    -0.27442    -4.94604
     59.433        -4.83718     0.14016    -0.27167    -4.70567
     80.646        -4.47979     0.14284    -0.26760    -4.35503
     111.21        -4.13288     0.14547    -0.26363    -4.01472
     153.36        -3.79671     0.14800    -0.25979    -3.68493
     211.49        -3.47155     0.15050    -0.25605    -3.36599
     291.64        -3.15782     0.15290    -0.25245    -3.05827
     402.18        -2.85507     0.15522    -0.24899    -2.76130
     554.60        -2.56291     0.15748    -0.24561    -2.47478
     764.80        -2.28138     0.15966    -0.24237    -2.19868
     1054.7        -2.01019     0.16175    -0.23926    -1.93269
     1454.4        -1.74872     0.16379    -0.23627    -1.67624
     2005.6        -1.49653     0.16574    -0.23336    -1.42892
     2765.8        -1.25353     0.16764    -0.23059    -1.19058
     3814.0        -1.01912     0.16946    -0.22793    -0.96065
     5259.5        -0.79296     0.17123    -0.22537    -0.73882
     7252.9        -0.57469     0.17294    -0.22290    -0.52474
     10002.        -0.36390     0.17460    -0.22051    -0.31800
     13793.        -0.16028     0.17619    -0.21820    -0.11827
     19020.         0.03578     0.17773    -0.21598     0.07402
     26229.         0.22419     0.17921    -0.21384     0.25883
     36170.         0.40498     0.18062    -0.21177     0.43614
     49878.         0.57810     0.18197    -0.20976     0.60589
     68782.         0.74323     0.18328    -0.20785     0.76780
     94851.         0.90091     0.18451    -0.20598     0.92239
    0.13080E+06     1.05130     0.18569    -0.20420     1.06980
    0.18038E+06     1.19471     0.18681    -0.20248     1.21038
    0.24874E+06     1.33138     0.18788    -0.20083     1.34434
    0.34301E+06     1.46151     0.18889    -0.19926     1.47188
    0.47302E+06     1.58545     0.18988    -0.19776     1.59334
    0.65229E+06     1.70348     0.19080    -0.19634     1.70902
    0.89952E+06     1.81570     0.19167    -0.19497     1.81900
    0.12404E+07     1.92252     0.19250    -0.19368     1.92370
    0.17106E+07     2.02408     0.19330    -0.19243     2.02322
    0.23589E+07     2.12082     0.19405    -0.19126     2.11803
    0.32529E+07     2.21271     0.19476    -0.19013     2.20808
    0.44858E+07     2.30007     0.19544    -0.18907     2.29370
    0.61860E+07     2.38325     0.19609    -0.18806     2.37522
    0.85305E+07     2.46228     0.19670    -0.18710     2.45267
    0.11764E+08     2.53743     0.19728    -0.18619     2.52633
    0.16222E+08     2.60884     0.19784    -0.18532     2.59632
    0.22370E+08     2.67673     0.19836    -0.18449     2.66286
    0.30849E+08     2.74125     0.19886    -0.18371     2.72609
    0.42541E+08     2.80208     0.19934    -0.18296     2.78571
    0.58664E+08     2.85904     0.19978    -0.18224     2.84150
    0.80898E+08     2.91242     0.20019    -0.18156     2.89379
    0.11156E+09     2.96249     0.20057    -0.18092     2.94283
    0.15384E+09     3.00970     0.20094    -0.18030     2.98906
    0.21215E+09     3.05409     0.20128    -0.17972     3.03253
    0.29255E+09     3.09589     0.20160    -0.17918     3.07347
    0.40343E+09     3.13532     0.20191    -0.17867     3.11208
    0.55633E+09     3.17242     0.20219    -0.17819     3.14842
    0.76719E+09     3.20716     0.20246    -0.17774     3.18244
    0.10580E+10     3.23838     0.20270    -0.17732     3.21300
    0.14589E+10     3.26696     0.20293    -0.17692     3.24096
    0.20119E+10     3.29326     0.20313    -0.17656     3.26668
    0.27744E+10     3.31753     0.20332    -0.17620     3.29040
    0.38259E+10     3.33988     0.20349    -0.17586     3.31226
    0.52760E+10     3.36050     0.20365    -0.17556     3.33241
    0.72756E+10     3.37950     0.20380    -0.17530     3.35100
    0.10033E+11     3.39701     0.20393    -0.17504     3.36812
    0.13836E+11     3.41316     0.20406    -0.17481     3.38392
    0.19079E+11     3.42811     0.20417    -0.17460     3.39854
    0.26311E+11     3.44188     0.20428    -0.17441     3.41200
    0.36283E+11     3.45458     0.20438    -0.17422     3.42442
    0.50034E+11     3.46629     0.20447    -0.17406     3.43588
    0.68997E+11     3.47715     0.20455    -0.17390     3.44650
    0.10000E+12     3.60688     0.20556    -0.17207     3.57339
