    -99.945         0.00000     0.00000     0.00000     0.00000
    -99.795         0.00000     0.00000     0.00000     0.00000
    -99.645         0.00000     0.00000     0.00000     0.00000
    -99.495         0.00000     0.00000     0.00000     0.00000
    -99.345         0.00000     0.00000     0.00000     0.00000
    -99.195         0.00000     0.00000     0.00000     0.00000
    -99.045         0.00000     0.00000     0.00000     0.00000
    -98.895         0.00000     0.00000     0.00000     0.00000
    -98.745         0.00000     0.00000     0.00000     0.00000
    -98.595         0.00000     0.00000     0.00000     0.00000
    -98.445         0.00000     0.00000     0.00000     0.00000
    -98.295         0.00000     0.00000     0.00000     0.00000
    -98.145         0.00000     0.00000     0.00000     0.00000
    -97.995         0.00000     0.00000     0.00000     0.00000
    -97.845         0.00000     0.00000     0.00000     0.00000
    -97.695         0.00000     0.00000     0.00000     0.00000
    -97.545         0.00000     0.00000     0.00000     0.00000
    -97.395         0.00000     0.00000     0.00000     0.00000
    -97.245         0.00000     0.00000     0.00000     0.00000
    -97.095         0.00000     0.00000     0.00000     0.00000
    -96.945         0.00000     0.00000     0.00000     0.00000
    -96.795         0.00000     0.00000     0.00000     0.00000
    -96.645         0.00000     0.00000     0.00000     0.00000
    -96.495         0.00000     0.00000     0.00000     0.00000
    -96.345         0.00000     0.00000     0.00000     0.00000
    -96.195         0.00000     0.00000     0.00000     0.00000
    -96.045         0.00000     0.00000     0.00000     0.00000
    -95.895         0.00000     0.00000     0.00000     0.00000
    -95.745         0.00000     0.00000     0.00000     0.00000
    -95.595         0.00000     0.00000     0.00000     0.00000
    -95.445         0.00000     0.00000     0.00000     0.00000
    -95.295         0.00000     0.00000     0.00000     0.00000
    -95.145         0.00000     0.00000     0.00000     0.00000
    -94.995         0.00000     0.00000     0.00000     0.00000
    -94.845         0.00000     0.00000     0.00000     0.00000
    -94.695         0.00000     0.00000     0.00000     0.00000
    -94.545         0.00000     0.00000     0.00000     0.00000
    -94.395         0.00000     0.00000     0.00000     0.00000
    -94.245         0.00000     0.00000     0.00000     0.00000
    -94.095         0.00000     0.00000     0.00000     0.00000
    -93.945         0.00000     0.00000     0.00000     0.00000
    -93.795         0.00000     0.00000     0.00000     0.00000
    -93.645         0.00000     0.00000     0.00000     0.00000
    -93.495         0.00000     0.00000     0.00000     0.00000
    -93.345         0.00000     0.00000     0.00000     0.00000
    -93.195         0.00000     0.00000     0.00000     0.00000
    -93.045         0.00000     0.00000     0.00000     0.00000
    -92.895         0.00000     0.00000     0.00000     0.00000
    -92.745         0.00000     0.00000     0.00000     0.00000
    -92.595         0.00000     0.00000     0.00000     0.00000
    -92.445         0.00000     0.00000     0.00000     0.00000
    -92.295         0.00000     0.00000     0.00000     0.00000
    -92.145         0.00000     0.00000     0.00000     0.00000
    -91.995         0.00000     0.00000     0.00000     0.00000
    -91.845         0.00000     0.00000     0.00000     0.00000
    -91.695         0.00000     0.00000     0.00000     0.00000
    -91.545         0.00000     0.00000     0.00000     0.00000
    -91.395         0.00000     0.00000     0.00000     0.00000
    -91.245         0.00000     0.00000     0.00000     0.00000
    -91.095         0.00000     0.00000     0.00000     0.00000
    -90.945         0.00000     0.00000     0.00000     0.00000
    -90.795         0.00000     0.00000     0.00000     0.00000
    -90.645         0.00000     0.00000     0.00000     0.00000
    -90.495         0.00000     0.00000     0.00000     0.00000
    -90.345         0.00000     0.00000     0.00000     0.00000
    -90.195         0.00000     0.00000     0.00000     0.00000
    -90.045         0.00000     0.00000     0.00000     0.00000
    -89.895         0.00000     0.00000     0.00000     0.00000
    -89.745         0.00000     0.00000     0.00000     0.00000
    -89.595         0.00000     0.00000     0.00000     0.00000
    -89.445         0.00000     0.00000     0.00000     0.00000
    -89.295         0.00000     0.00000     0.00000     0.00000
    -89.145         0.00000     0.00000     0.00000     0.00000
    -88.995         0.00000     0.00000     0.00000     0.00000
    -88.845         0.00000     0.00000     0.00000     0.00000
    -88.695         0.00000     0.00000     0.00000     0.00000
    -88.545         0.00000     0.00000     0.00000     0.00000
    -88.395         0.00000     0.00000     0.00000     0.00000
    -88.245         0.00000     0.00000     0.00000     0.00000
    -88.095         0.00000     0.00000     0.00000     0.00000
    -87.945         0.00000     0.00000     0.00000     0.00000
    -87.795         0.00000     0.00000     0.00000     0.00000
    -87.645         0.00000     0.00000     0.00000     0.00000
    -87.495         0.00000     0.00000     0.00000     0.00000
    -87.345         0.00000     0.00000     0.00000     0.00000
    -87.195         0.00000     0.00000     0.00000     0.00000
    -87.045         0.00000     0.00000     0.00000     0.00000
    -86.895         0.00000     0.00000     0.00000     0.00000
    -86.745         0.00000     0.00000     0.00000     0.00000
    -86.595         0.00000     0.00000     0.00000     0.00000
    -86.445         0.00000     0.00000     0.00000     0.00000
    -86.295         0.00000     0.00000     0.00000     0.00000
    -86.145         0.00000     0.00000     0.00000     0.00000
    -85.995         0.00000     0.00000     0.00000     0.00000
    -85.845         0.00000     0.00000     0.00000     0.00000
    -85.695         0.00000     0.00000     0.00000     0.00000
    -85.545         0.00000     0.00000     0.00000     0.00000
    -85.395         0.00000     0.00000     0.00000     0.00000
    -85.245         0.00000     0.00000     0.00000     0.00000
    -85.095         0.00000     0.00000     0.00000     0.00000
    -84.945         0.00000     0.00000     0.00000     0.00000
    -84.795         0.00000     0.00000     0.00000     0.00000
    -84.645         0.00000     0.00000     0.00000     0.00000
    -84.495         0.00000     0.00000     0.00000     0.00000
    -84.345         0.00000     0.00000     0.00000     0.00000
    -84.195         0.00000     0.00000     0.00000     0.00000
    -84.045         0.00000     0.00000     0.00000     0.00000
    -83.895         0.00000     0.00000     0.00000     0.00000
    -83.745         0.00000     0.00000     0.00000     0.00000
    -83.595         0.00000     0.00000     0.00000     0.00000
    -83.445         0.00000     0.00000     0.00000     0.00000
    -83.295         0.00000     0.00000     0.00000     0.00000
    -83.145         0.00000     0.00000     0.00000     0.00000
    -82.995         0.00000     0.00000     0.00000     0.00000
    -82.845         0.00000     0.00000     0.00000     0.00000
    -82.695         0.00000     0.00000     0.00000     0.00000
    -82.545         0.00000     0.00000     0.00000     0.00000
    -82.395         0.00000     0.00000     0.00000     0.00000
    -82.245         0.00000     0.00000     0.00000     0.00000
    -82.095         0.00000     0.00000     0.00000     0.00000
    -81.945         0.00000     0.00000     0.00000     0.00000
    -81.795         0.00000     0.00000     0.00000     0.00000
    -81.645         0.00000     0.00000     0.00000     0.00000
    -81.495         0.00000     0.00000     0.00000     0.00000
    -81.345         0.00000     0.00000     0.00000     0.00000
    -81.195         0.00000     0.00000     0.00000     0.00000
    -81.045         0.00000     0.00000     0.00000     0.00000
    -80.895         0.00000     0.00000     0.00000     0.00000
    -80.745         0.00000     0.00000     0.00000     0.00000
    -80.595         0.00000     0.00000     0.00000     0.00000
    -80.445         0.00000     0.00000     0.00000     0.00000
    -80.295         0.00000     0.00000     0.00000     0.00000
    -80.145         0.00000     0.00000     0.00000     0.00000
    -79.995         0.00000     0.00000     0.00000     0.00000
    -79.845         0.00000     0.00000     0.00000     0.00000
    -79.695         0.00000     0.00000     0.00000     0.00000
    -79.545         0.00000     0.00000     0.00000     0.00000
    -79.395         0.00000     0.00000     0.00000     0.00000
    -79.245         0.00000     0.00000     0.00000     0.00000
    -79.095         0.00000     0.00000     0.00000     0.00000
    -78.945         0.00000     0.00000     0.00000     0.00000
    -78.795         0.00000     0.00000     0.00000     0.00000
    -78.645         0.00000     0.00000     0.00000     0.00000
    -78.495         0.00000     0.00000     0.00000     0.00000
    -78.345         0.00000     0.00000     0.00000     0.00000
    -78.195         0.00000     0.00000     0.00000     0.00000
    -78.045         0.00000     0.00000     0.00000     0.00000
    -77.895         0.00000     0.00000     0.00000     0.00000
    -77.745         0.00000     0.00000     0.00000     0.00000
    -77.595         0.00000     0.00000     0.00000     0.00000
    -77.445         0.00000     0.00000     0.00000     0.00000
    -77.295         0.00000     0.00000     0.00000     0.00000
    -77.145         0.00000     0.00000     0.00000     0.00000
    -76.995         0.00000     0.00000     0.00000     0.00000
    -76.845         0.00000     0.00000     0.00000     0.00000
    -76.695         0.00000     0.00000     0.00000     0.00000
    -76.545         0.00000     0.00000     0.00000     0.00000
    -76.395         0.00000     0.00000     0.00000     0.00000
    -76.245         0.00000     0.00000     0.00000     0.00000
    -76.095         0.00000     0.00000     0.00000     0.00000
    -75.945         0.00000     0.00000     0.00000     0.00000
    -75.795         0.00000     0.00000     0.00000     0.00000
    -75.645         0.00000     0.00000     0.00000     0.00000
    -75.495         0.00000     0.00000     0.00000     0.00000
    -75.345         0.00000     0.00000     0.00000     0.00000
    -75.195         0.00000     0.00000     0.00000     0.00000
    -75.045         0.00000     0.00000     0.00000     0.00000
    -74.895         0.00000     0.00000     0.00000     0.00000
    -74.745         0.00000     0.00000     0.00000     0.00000
    -74.595         0.00000     0.00000     0.00000     0.00000
    -74.445         0.00000     0.00000     0.00000     0.00000
    -74.295         0.00000     0.00000     0.00000     0.00000
    -74.145         0.00000     0.00000     0.00000     0.00000
    -73.995         0.00000     0.00000     0.00000     0.00000
    -73.845         0.00000     0.00000     0.00000     0.00000
    -73.695         0.00000     0.00000     0.00000     0.00000
    -73.545         0.00000     0.00000     0.00000     0.00000
    -73.395         0.00000     0.00000     0.00000     0.00000
    -73.245         0.00000     0.00000     0.00000     0.00000
    -73.095         0.00000     0.00000     0.00000     0.00000
    -72.945         0.00000     0.00000     0.00000     0.00000
    -72.795         0.00000     0.00000     0.00000     0.00000
    -72.645         0.00000     0.00000     0.00000     0.00000
    -72.495         0.00000     0.00000     0.00000     0.00000
    -72.345         0.00000     0.00000     0.00000     0.00000
    -72.195         0.00000     0.00000     0.00000     0.00000
    -72.045         0.00000     0.00000     0.00000     0.00000
    -71.895         0.00000     0.00000     0.00000     0.00000
    -71.745         0.00000     0.00000     0.00000     0.00000
    -71.595         0.00000     0.00000     0.00000     0.00000
    -71.445         0.00000     0.00000     0.00000     0.00000
    -71.295         0.00000     0.00000     0.00000     0.00000
    -71.145         0.00000     0.00000     0.00000     0.00000
    -70.995         0.00000     0.00000     0.00000     0.00000
    -70.845         0.00000     0.00000     0.00000     0.00000
    -70.695         0.00000     0.00000     0.00000     0.00000
    -70.545         0.00000     0.00000     0.00000     0.00000
    -70.395         0.00000     0.00000     0.00000     0.00000
    -70.245         0.00000     0.00000     0.00000     0.00000
    -70.095         0.00000     0.00000     0.00000     0.00000
    -69.945         0.00000     0.00000     0.00000     0.00000
    -69.795         0.00000     0.00000     0.00000     0.00000
    -69.645         0.00000     0.00000     0.00000     0.00000
    -69.495         0.00000     0.00000     0.00000     0.00000
    -69.345         0.00000     0.00000     0.00000     0.00000
    -69.195         0.00000     0.00000     0.00000     0.00000
    -69.045         0.00000     0.00000     0.00000     0.00000
    -68.895         0.00000     0.00000     0.00000     0.00000
    -68.745         0.00000     0.00000     0.00000     0.00000
    -68.595         0.00000     0.00000     0.00000     0.00000
    -68.445         0.00000     0.00000     0.00000     0.00000
    -68.295         0.00000     0.00000     0.00000     0.00000
    -68.145         0.00000     0.00000     0.00000     0.00000
    -67.995         0.00000     0.00000     0.00000     0.00000
    -67.845         0.00000     0.00000     0.00000     0.00000
    -67.695         0.00000     0.00000     0.00000     0.00000
    -67.545         0.00000     0.00000     0.00000     0.00000
    -67.395         0.00000     0.00000     0.00000     0.00000
    -67.245         0.00000     0.00000     0.00000     0.00000
    -67.095         0.00000     0.00000     0.00000     0.00000
    -66.945         0.00000     0.00000     0.00000     0.00000
    -66.795         0.00000     0.00000     0.00000     0.00000
    -66.645         0.00000     0.00000     0.00000     0.00000
    -66.495         0.00000     0.00000     0.00000     0.00000
    -66.345         0.00000     0.00000     0.00000     0.00000
    -66.195         0.00000     0.00000     0.00000     0.00000
    -66.045         0.00000     0.00000     0.00000     0.00000
    -65.895         0.00000     0.00000     0.00000     0.00000
    -65.745         0.00000     0.00000     0.00000     0.00000
    -65.595         0.00000     0.00000     0.00000     0.00000
    -65.445         0.00000     0.00000     0.00000     0.00000
    -65.295         0.00000     0.00000     0.00000     0.00000
    -65.145         0.00000     0.00000     0.00000     0.00000
    -64.995         0.00000     0.00000     0.00000     0.00000
    -64.845         0.00000     0.00000     0.00000     0.00000
    -64.695         0.00000     0.00000     0.00000     0.00000
    -64.545         0.00000     0.00000     0.00000     0.00000
    -64.395         0.00000     0.00000     0.00000     0.00000
    -64.245         0.00000     0.00000     0.00000     0.00000
    -64.095         0.00000     0.00000     0.00000     0.00000
    -63.945         0.00000     0.00000     0.00000     0.00000
    -63.795         0.00000     0.00000     0.00000     0.00000
    -63.645         0.00000     0.00000     0.00000     0.00000
    -63.495         0.00000     0.00000     0.00000     0.00000
    -63.345         0.00000     0.00000     0.00000     0.00000
    -63.195         0.00000     0.00000     0.00000     0.00000
    -63.045         0.00000     0.00000     0.00000     0.00000
    -62.895         0.00000     0.00000     0.00000     0.00000
    -62.745         0.00000     0.00000     0.00000     0.00000
    -62.595         0.00000     0.00000     0.00000     0.00000
    -62.445         0.00000     0.00000     0.00000     0.00000
    -62.295         0.00000     0.00000     0.00000     0.00000
    -62.145         0.00000     0.00000     0.00000     0.00000
    -61.995         0.00000     0.00000     0.00000     0.00000
    -61.845         0.00000     0.00000     0.00000     0.00000
    -61.695         0.00000     0.00000     0.00000     0.00000
    -61.545         0.00000     0.00000     0.00000     0.00000
    -61.395         0.00000     0.00000     0.00000     0.00000
    -61.245         0.00000     0.00000     0.00000     0.00000
    -61.095         0.00000     0.00000     0.00000     0.00000
    -60.945         0.00000     0.00000     0.00000     0.00000
    -60.795         0.00000     0.00000     0.00000     0.00000
    -60.645         0.00000     0.00000     0.00000     0.00000
    -60.495         0.00000     0.00000     0.00000     0.00000
    -60.345         0.00000     0.00000     0.00000     0.00000
    -60.195         0.00000     0.00000     0.00000     0.00000
    -60.045         0.00000     0.00000     0.00000     0.00000
    -59.895         0.00000     0.00000     0.00000     0.00000
    -59.745         0.00000     0.00000     0.00000     0.00000
    -59.595         0.00000     0.00000     0.00000     0.00000
    -59.445         0.00000     0.00000     0.00000     0.00000
    -59.295         0.00000     0.00000     0.00000     0.00000
    -59.145         0.00000     0.00000     0.00000     0.00000
    -58.995         0.00000     0.00000     0.00000     0.00000
    -58.845         0.00000     0.00000     0.00000     0.00000
    -58.695         0.00000     0.00000     0.00000     0.00000
    -58.545         0.00000     0.00000     0.00000     0.00000
    -58.395         0.00000     0.00000     0.00000     0.00000
    -58.245         0.00000     0.00000     0.00000     0.00000
    -58.095         0.00000     0.00000     0.00000     0.00000
    -57.945         0.00000     0.00000     0.00000     0.00000
    -57.795         0.00000     0.00000     0.00000     0.00000
    -57.645         0.00000     0.00000     0.00000     0.00000
    -57.495         0.00000     0.00000     0.00000     0.00000
    -57.345         0.00000     0.00000     0.00000     0.00000
    -57.195         0.00000     0.00000     0.00000     0.00000
    -57.045         0.00000     0.00000     0.00000     0.00000
    -56.895         0.00000     0.00000     0.00000     0.00000
    -56.745         0.00000     0.00000     0.00000     0.00000
    -56.595         0.00000     0.00000     0.00000     0.00000
    -56.445         0.00000     0.00000     0.00000     0.00000
    -56.295         0.00000     0.00000     0.00000     0.00000
    -56.145         0.00000     0.00000     0.00000     0.00000
    -55.995         0.00000     0.00000     0.00000     0.00000
    -55.845         0.00000     0.00000     0.00000     0.00000
    -55.695         0.00000     0.00000     0.00000     0.00000
    -55.545         0.00000     0.00000     0.00000     0.00000
    -55.395         0.00000     0.00000     0.00000     0.00000
    -55.245         0.00000     0.00000     0.00000     0.00000
    -55.095         0.00000     0.00000     0.00000     0.00000
    -54.945         0.00000     0.00000     0.00000     0.00000
    -54.795         0.00000     0.00000     0.00000     0.00000
    -54.645         0.00000     0.00000     0.00000     0.00000
    -54.495         0.00000     0.00000     0.00000     0.00000
    -54.345         0.00000     0.00000     0.00000     0.00000
    -54.195         0.00000     0.00000     0.00000     0.00000
    -54.045         0.00000     0.00000     0.00000     0.00000
    -53.895         0.00000     0.00000     0.00000     0.00000
    -53.745         0.00000     0.00000     0.00000     0.00000
    -53.595         0.00000     0.00000     0.00000     0.00000
    -53.445         0.00000     0.00000     0.00000     0.00000
    -53.295         0.00000     0.00000     0.00000     0.00000
    -53.145         0.00000     0.00000     0.00000     0.00000
    -52.995         0.00000     0.00000     0.00000     0.00000
    -52.845         0.00000     0.00000     0.00000     0.00000
    -52.695         0.00000     0.00000     0.00000     0.00000
    -52.545         0.00000     0.00000     0.00000     0.00000
    -52.395         0.00000     0.00000     0.00000     0.00000
    -52.245         0.00000     0.00000     0.00000     0.00000
    -52.095         0.00000     0.00000     0.00000     0.00000
    -51.945         0.00000     0.00000     0.00000     0.00000
    -51.795         0.00000     0.00000     0.00000     0.00000
    -51.645         0.00000     0.00000     0.00000     0.00000
    -51.495         0.00000     0.00000     0.00000     0.00000
    -51.345         0.00000     0.00000     0.00000     0.00000
    -51.195         0.00000     0.00000     0.00000     0.00000
    -51.045         0.00000     0.00000     0.00000     0.00000
    -50.895         0.00000     0.00000     0.00000     0.00000
    -50.745         0.00000     0.00000     0.00000     0.00000
    -50.595         0.00000     0.00000     0.00000     0.00000
    -50.445         0.00000     0.00000     0.00000     0.00000
    -50.295         0.00000     0.00000     0.00000     0.00000
    -50.145         0.00000     0.00000     0.00000     0.00000
    -49.995         0.00000     0.00000     0.00000     0.00000
    -49.845         0.00000     0.00000     0.00000     0.00000
    -49.695         0.00000     0.00000     0.00000     0.00000
    -49.545         0.00000     0.00000     0.00000     0.00000
    -49.395         0.00000     0.00000     0.00000     0.00000
    -49.245         0.00000     0.00000     0.00000     0.00000
    -49.095         0.00000     0.00000     0.00000     0.00000
    -48.945         0.00000     0.00000     0.00000     0.00000
    -48.795         0.00000     0.00000     0.00000     0.00000
    -48.645         0.00000     0.00000     0.00000     0.00000
    -48.495         0.00000     0.00000     0.00000     0.00000
    -48.345         0.00000     0.00000     0.00000     0.00000
    -48.195         0.00000     0.00000     0.00000     0.00000
    -48.045         0.00000     0.00000     0.00000     0.00000
    -47.895         0.00000     0.00000     0.00000     0.00000
    -47.745         0.00000     0.00000     0.00000     0.00000
    -47.595         0.00000     0.00000     0.00000     0.00000
    -47.445         0.00000     0.00000     0.00000     0.00000
    -47.295         0.00000     0.00000     0.00000     0.00000
    -47.145         0.00000     0.00000     0.00000     0.00000
    -46.995         0.00000     0.00000     0.00000     0.00000
    -46.845         0.00000     0.00000     0.00000     0.00000
    -46.695         0.00000     0.00000     0.00000     0.00000
    -46.545         0.00000     0.00000     0.00000     0.00000
    -46.395         0.00000     0.00000     0.00000     0.00000
    -46.245         0.00000     0.00000     0.00000     0.00000
    -46.095         0.00000     0.00000     0.00000     0.00000
    -45.945         0.00000     0.00000     0.00000     0.00000
    -45.795         0.00000     0.00000     0.00000     0.00000
    -45.645         0.00000     0.00000     0.00000     0.00000
    -45.495         0.00000     0.00000     0.00000     0.00000
    -45.345         0.00000     0.00000     0.00000     0.00000
    -45.195         0.00000     0.00000     0.00000     0.00000
    -45.045         0.00000     0.00000     0.00000     0.00000
    -44.895         0.00000     0.00000     0.00000     0.00000
    -44.745         0.00000     0.00000     0.00000     0.00000
    -44.595         0.00000     0.00000     0.00000     0.00000
    -44.445         0.00000     0.00000     0.00000     0.00000
    -44.295         0.00000     0.00000     0.00000     0.00000
    -44.145         0.00000     0.00000     0.00000     0.00000
    -43.995         0.00000     0.00000     0.00000     0.00000
    -43.845         0.00000     0.00000     0.00000     0.00000
    -43.695         0.00000     0.00000     0.00000     0.00000
    -43.545         0.00000     0.00000     0.00000     0.00000
    -43.395         0.00000     0.00000     0.00000     0.00000
    -43.245         0.00000     0.00000     0.00000     0.00000
    -43.095         0.00000     0.00000     0.00000     0.00000
    -42.945         0.00000     0.00000     0.00000     0.00000
    -42.795         0.00000     0.00000     0.00000     0.00000
    -42.645         0.00000     0.00000     0.00000     0.00000
    -42.495         0.00000     0.00000     0.00000     0.00000
    -42.345         0.00000     0.00000     0.00000     0.00000
    -42.195         0.00000     0.00000     0.00000     0.00000
    -42.045         0.00000     0.00000     0.00000     0.00000
    -41.895         0.00000     0.00000     0.00000     0.00000
    -41.745         0.00000     0.00000     0.00000     0.00000
    -41.595         0.00000     0.00000     0.00000     0.00000
    -41.445         0.00000     0.00000     0.00000     0.00000
    -41.295         0.00000     0.00000     0.00000     0.00000
    -41.145         0.00000     0.00000     0.00000     0.00000
    -40.995         0.00000     0.00000     0.00000     0.00000
    -40.845         0.00000     0.00000     0.00000     0.00000
    -40.695         0.00000     0.00000     0.00000     0.00000
    -40.545         0.00000     0.00000     0.00000     0.00000
    -40.395         0.00000     0.00000     0.00000     0.00000
    -40.245         0.00000     0.00000     0.00000     0.00000
    -40.095         0.00000     0.00000     0.00000     0.00000
    -39.945         0.00000     0.00000     0.00000     0.00000
    -39.795         0.00000     0.00000     0.00000     0.00000
    -39.645         0.00000     0.00000     0.00000     0.00000
    -39.495         0.00000     0.00000     0.00000     0.00000
    -39.345         0.00000     0.00000     0.00000     0.00000
    -39.195         0.00000     0.00000     0.00000     0.00000
    -39.045         0.00000     0.00000     0.00000     0.00000
    -38.895         0.00000     0.00000     0.00000     0.00000
    -38.745         0.00000     0.00000     0.00000     0.00000
    -38.595         0.00000     0.00000     0.00000     0.00000
    -38.445         0.00000     0.00000     0.00000     0.00000
    -38.295         0.00000     0.00000     0.00000     0.00000
    -38.145         0.00000     0.00000     0.00000     0.00000
    -37.995         0.00000     0.00000     0.00000     0.00000
    -37.845         0.00000     0.00000     0.00000     0.00000
    -37.695         0.00000     0.00000     0.00000     0.00000
    -37.545         0.00000     0.00000     0.00000     0.00000
    -37.395         0.00000     0.00000     0.00000     0.00000
    -37.245         0.00000     0.00000     0.00000     0.00000
    -37.095         0.00000     0.00000     0.00000     0.00000
    -36.945         0.00000     0.00000     0.00000     0.00000
    -36.795         0.00000     0.00000     0.00000     0.00000
    -36.645         0.00000     0.00000     0.00000     0.00000
    -36.495         0.00000     0.00000     0.00000     0.00000
    -36.345         0.00000     0.00000     0.00000     0.00000
    -36.195         0.00000     0.00000     0.00000     0.00000
    -36.045         0.00000     0.00000     0.00000     0.00000
    -35.895         0.00000     0.00000     0.00000     0.00000
    -35.745         0.00000     0.00000     0.00000     0.00000
    -35.595         0.00000     0.00000     0.00000     0.00000
    -35.445         0.00000     0.00000     0.00000     0.00000
    -35.295         0.00000     0.00000     0.00000     0.00000
    -35.145         0.00000     0.00000     0.00000     0.00000
    -34.995         0.00000     0.00000     0.00000     0.00000
    -34.845         0.00000     0.00000     0.00000     0.00000
    -34.695         0.00000     0.00000     0.00000     0.00000
    -34.545         0.00000     0.00000     0.00000     0.00000
    -34.395         0.00000     0.00000     0.00000     0.00000
    -34.245         0.00000     0.00000     0.00000     0.00000
    -34.095         0.00000     0.00000     0.00000     0.00000
    -33.945         0.00000     0.00000     0.00000     0.00000
    -33.795         0.00000     0.00000     0.00000     0.00000
    -33.645         0.00000     0.00000     0.00000     0.00000
    -33.495         0.00000     0.00000     0.00000     0.00000
    -33.345         0.00000     0.00000     0.00000     0.00000
    -33.195         0.00000     0.00000     0.00000     0.00000
    -33.045         0.00000     0.00000     0.00000     0.00000
    -32.895         0.00000     0.00000     0.00000     0.00000
    -32.745         0.00000     0.00000     0.00000     0.00000
    -32.595         0.00000     0.00000     0.00000     0.00000
    -32.445         0.00000     0.00000     0.00000     0.00000
    -32.295         0.00000     0.00000     0.00000     0.00000
    -32.145         0.00000     0.00000     0.00000     0.00000
    -31.995         0.00000     0.00000     0.00000     0.00000
    -31.845         0.00000     0.00000     0.00000     0.00000
    -31.695         0.00000     0.00000     0.00000     0.00000
    -31.545         0.00000     0.00000     0.00000     0.00000
    -31.395         0.00000     0.00000     0.00000     0.00000
    -31.245         0.00000     0.00000     0.00000     0.00000
    -31.095         0.00000     0.00000     0.00000     0.00000
    -30.945         0.00000     0.00000     0.00000     0.00000
    -30.795         0.00000     0.00000     0.00000     0.00000
    -30.645         0.00000     0.00000     0.00000     0.00000
    -30.495         0.00000     0.00000     0.00000     0.00000
    -30.345         0.00000     0.00000     0.00000     0.00000
    -30.195         0.00000     0.00000     0.00000     0.00000
    -30.045         0.00000     0.00000     0.00000     0.00000
    -29.895         0.00000     0.00000     0.00000     0.00000
    -29.745         0.00000     0.00000     0.00000     0.00000
    -29.595         0.00000     0.00000     0.00000     0.00000
    -29.445         0.00000     0.00000     0.00000     0.00000
    -29.295         0.00000     0.00000     0.00000     0.00000
    -29.145         0.00000     0.00000     0.00000     0.00000
    -28.995         0.00000     0.00000     0.00000     0.00000
    -28.845         0.00000     0.00000     0.00000     0.00000
    -28.695         0.00000     0.00000     0.00000     0.00000
    -28.545         0.00000     0.00000     0.00000     0.00000
    -28.395         0.00000     0.00000     0.00000     0.00000
    -28.245         0.00000     0.00000     0.00000     0.00000
    -28.095         0.00000     0.00000     0.00000     0.00000
    -27.945         0.00000     0.00000     0.00000     0.00000
    -27.795         0.00000     0.00000     0.00000     0.00000
    -27.645         0.00000     0.00000     0.00000     0.00000
    -27.495         0.00000     0.00000     0.00000     0.00000
    -27.345         0.00000     0.00000     0.00000     0.00000
    -27.195         0.00000     0.00000     0.00000     0.00000
    -27.045         0.00000     0.00000     0.00000     0.00000
    -26.895         0.00000     0.00000     0.00000     0.00000
    -26.745         0.00000     0.00000     0.00000     0.00000
    -26.595         0.00000     0.00000     0.00000     0.00000
    -26.445         0.00000     0.00000     0.00000     0.00000
    -26.295         0.00000     0.00000     0.00000     0.00000
    -26.145         0.00000     0.00000     0.00000     0.00000
    -25.995         0.00000     0.00000     0.00000     0.00000
    -25.845         0.00000     0.00000     0.00000     0.00000
    -25.695         0.00000     0.00000     0.00000     0.00000
    -25.545         0.00000     0.00000     0.00000     0.00000
    -25.395         0.00000     0.00000     0.00000     0.00000
    -25.245         0.00000     0.00000     0.00000     0.00000
    -25.095         0.00000     0.00000     0.00000     0.00000
    -24.945         0.00000     0.00000     0.00000     0.00000
    -24.795         0.00000     0.00000     0.00000     0.00000
    -24.645         0.00000     0.00000     0.00000     0.00000
    -24.495         0.00000     0.00000     0.00000     0.00000
    -24.345         0.00000     0.00000     0.00000     0.00000
    -24.195         0.00000     0.00000     0.00000     0.00000
    -24.045         0.00000     0.00000     0.00000     0.00000
    -23.895         0.00000     0.00000     0.00000     0.00000
    -23.745         0.00000     0.00000     0.00000     0.00000
    -23.595         0.00000     0.00000     0.00000     0.00000
    -23.445         0.00000     0.00000     0.00000     0.00000
    -23.295         0.00000     0.00000     0.00000     0.00000
    -23.145         0.00000     0.00000     0.00000     0.00000
    -22.995         0.00000     0.00000     0.00000     0.00000
    -22.845         0.00000     0.00000     0.00000     0.00000
    -22.695         0.00000     0.00000     0.00000     0.00000
    -22.545         0.00000     0.00000     0.00000     0.00000
    -22.395         0.00000     0.00000     0.00000     0.00000
    -22.245         0.00000     0.00000     0.00000     0.00000
    -22.095         0.00000     0.00000     0.00000     0.00000
    -21.945         0.00000     0.00000     0.00000     0.00000
    -21.795         0.00000     0.00000     0.00000     0.00000
    -21.645         0.00000     0.00000     0.00000     0.00000
    -21.495         0.00000     0.00000     0.00000     0.00000
    -21.345         0.00000     0.00000     0.00000     0.00000
    -21.195         0.00000     0.00000     0.00000     0.00000
    -21.045         0.00000     0.00000     0.00000     0.00000
    -20.895         0.00000     0.00000     0.00000     0.00000
    -20.745         0.00000     0.00000     0.00000     0.00000
    -20.595         0.00000     0.00000     0.00000     0.00000
    -20.445         0.00000     0.00000     0.00000     0.00000
    -20.295         0.00000     0.00000     0.00000     0.00000
    -20.145         0.00000     0.00000     0.00000     0.00000
    -19.995         0.00000     0.00000     0.00000     0.00000
    -19.845         0.00000     0.00000     0.00000     0.00000
    -19.695         0.00000     0.00000     0.00000     0.00000
    -19.545         0.00000     0.00000     0.00000     0.00000
    -19.395         0.00000     0.00000     0.00000     0.00000
    -19.245         0.00000     0.00000     0.00000     0.00000
    -19.095         0.00000     0.00000     0.00000     0.00000
    -18.945         0.00000     0.00000     0.00000     0.00000
    -18.795         0.00000     0.00000     0.00000     0.00000
    -18.645         0.00000     0.00000     0.00000     0.00000
    -18.495         0.00000     0.00000     0.00000     0.00000
    -18.345         0.00000     0.00000     0.00000     0.00000
    -18.195         0.00000     0.00000     0.00000     0.00000
    -18.045        -0.00000    -0.00000     0.00000     0.00000
    -17.895        -0.00000    -0.00000     0.00000     0.00000
    -17.745        -0.00000    -0.00000     0.00000     0.00000
    -17.595        -0.00000    -0.00000     0.00000     0.00000
    -17.445        -0.00001    -0.00001     0.00000     0.00000
    -17.295        -0.00001    -0.00001     0.00000     0.00000
    -17.145        -0.00002    -0.00002     0.00000     0.00000
    -16.995        -0.00002    -0.00002     0.00000     0.00000
    -16.845        -0.00177    -0.00177     0.00000     0.00000
    -16.695        -0.00275    -0.00275     0.00000     0.00000
    -16.545        -0.00457    -0.00457     0.00000     0.00000
    -16.395        -0.00639    -0.00639     0.00000     0.00000
    -16.245        -0.00641    -0.00641     0.00000     0.00000
    -16.095        -0.00828    -0.00828     0.00000     0.00000
    -15.945        -0.00831    -0.00831     0.00000     0.00000
    -15.795        -0.01172    -0.01172     0.00000     0.00000
    -15.645        -0.01439    -0.01439     0.00000     0.00000
    -15.495        -0.01442    -0.01442     0.00000     0.00000
    -15.345        -0.01787    -0.01787     0.00000     0.00000
    -15.195        -0.02132    -0.02132     0.00000     0.00000
    -15.045        -0.02330    -0.02330     0.00000     0.00000
    -14.895        -0.02532    -0.02532     0.00000     0.00000
    -14.745        -0.02948    -0.02948     0.00000     0.00000
    -14.595        -0.03150    -0.03150    -0.00000     0.00000
    -14.445        -0.03353    -0.03353    -0.00000     0.00000
    -14.295        -0.03557    -0.03557    -0.00000     0.00000
    -14.145        -0.03985    -0.03761    -0.00224     0.00000
    -13.995        -0.04053    -0.03766    -0.00287     0.00000
    -13.845        -0.04437    -0.03971    -0.00466     0.00000
    -13.695        -0.04643    -0.04111    -0.00532     0.00000
    -13.545        -0.05417    -0.04253    -0.01164     0.00000
    -13.395        -0.06469    -0.04462    -0.02007     0.00000
    -13.245        -0.07231    -0.04865    -0.02366     0.00000
    -13.095        -0.07986    -0.05206    -0.02780     0.00000
    -12.945        -0.08710    -0.05351    -0.03359     0.00000
    -12.795        -0.09455    -0.05626    -0.03829     0.00000
    -12.645        -0.09876    -0.05632    -0.04244     0.00000
    -12.495        -0.10352    -0.05640    -0.04712     0.00000
    -12.345        -0.10810    -0.05792    -0.05017     0.00000
    -12.195        -0.11903    -0.05947    -0.05956     0.00000
    -12.045        -0.12421    -0.06163    -0.06258     0.00000
    -11.895        -0.13053    -0.06440    -0.06613     0.00000
    -11.745        -0.13409    -0.06718    -0.06692     0.00000
    -11.595        -0.14084    -0.06936    -0.07148     0.00000
    -11.445        -0.14922    -0.07271    -0.07651     0.00000
    -11.295        -0.15379    -0.07433    -0.07946     0.00000
    -11.145        -0.15791    -0.07656    -0.08135     0.00000
    -10.995        -0.16259    -0.07934    -0.08324     0.00000
    -10.845        -0.16663    -0.08099    -0.08564     0.00000
    -10.695        -0.16911    -0.08109    -0.08803     0.00000
    -10.545        -0.17382    -0.08392    -0.08991     0.00000
    -10.395        -0.17632    -0.08403    -0.09229     0.00000
    -10.245        -0.18023    -0.08413    -0.09610     0.00000
    -10.095        -0.18317    -0.08422    -0.09894     0.00000
    -9.9450        -0.18772    -0.08594    -0.10177     0.00000
    -9.7950        -0.19179    -0.08766    -0.10412     0.00000
    -9.6450        -0.19493    -0.08939    -0.10554     0.00000
    -9.4950        -0.19596    -0.08948    -0.10648     0.00000
    -9.3450        -0.19866    -0.09122    -0.10743     0.00000
    -9.1950        -0.20255    -0.09368    -0.10887     0.00000
    -9.0450        -0.20646    -0.09616    -0.11030     0.00000
    -8.8950        -0.20995    -0.09864    -0.11131     0.00000
    -8.7450        -0.21362    -0.10041    -0.11321     0.00000
    -8.5950        -0.21763    -0.10295    -0.11469     0.00000
    -8.4450        -0.22167    -0.10549    -0.11618     0.00000
    -8.2950        -0.22708    -0.10940    -0.11768     0.00000
    -8.1450        -0.23119    -0.11198    -0.11922     0.00000
    -7.9950        -0.23490    -0.11457    -0.12033     0.00000
    -7.8450        -0.24048    -0.11817    -0.12231     0.00000
    -7.6950        -0.24652    -0.12220    -0.12432     0.00000
    -7.5450        -0.25242    -0.12813    -0.12428     0.00000
    -7.3950        -0.25881    -0.13333    -0.12549     0.00000
    -7.2450        -0.26958    -0.13962    -0.12672    -0.00324
    -7.0950        -0.28252    -0.14377    -0.12918    -0.00957
    -6.9450        -0.30892    -0.14795    -0.13206    -0.02891
    -6.7950        -0.36230    -0.15389    -0.13461    -0.07380
    -6.6450        -0.44340    -0.15918    -0.13592    -0.14830
    -6.4950        -0.56350    -0.16387    -0.13891    -0.26072
    -6.3450        -0.72931    -0.17084    -0.14230    -0.41618
    -6.1950        -0.93679    -0.17904    -0.14574    -0.61201
    -6.0450        -1.17125    -0.18899    -0.14956    -0.83270
    -5.8950        -1.42651    -0.19718    -0.15523    -1.07410
    -5.7450        -1.69623    -0.20509    -0.15954    -1.33160
    -5.5950        -1.96307    -0.21497    -0.16366    -1.58444
    -5.4450        -2.23590    -0.22373    -0.16733    -1.84484
    -5.2950        -2.52412    -0.23332    -0.17251    -2.11829
    -5.1450        -2.79946    -0.24241    -0.17809    -2.37895
    -4.9950        -3.05851    -0.25497    -0.18333    -2.62021
    -4.8450        -3.31741    -0.26655    -0.19045    -2.86041
    -4.6950        -3.55983    -0.28019    -0.19842    -3.08122
    -4.5450        -3.78744    -0.29446    -0.20381    -3.28916
    -4.3950        -4.01183    -0.30694    -0.21187    -3.49301
    -4.2450        -4.22694    -0.31947    -0.21947    -3.68800
    -4.0950        -4.43003    -0.33444    -0.22622    -3.86937
    -3.9450        -4.62510    -0.34942    -0.23533    -4.04035
    -3.7950        -4.81473    -0.36268    -0.24465    -4.20740
    -3.6450        -4.99828    -0.37844    -0.25464    -4.36520
    -3.4950        -5.17845    -0.39355    -0.26506    -4.51984
    -3.3450        -5.35809    -0.41179    -0.27617    -4.67013
    -3.1950        -5.54618    -0.43340    -0.29056    -4.82222
    -3.0450        -5.73432    -0.45276    -0.30637    -4.97518
    -2.8950        -5.92777    -0.47532    -0.32285    -5.12960
    -2.7450        -6.12694    -0.49891    -0.34160    -5.28643
    -2.5950        -6.34415    -0.52475    -0.36589    -5.45351
    -2.4450        -6.58343    -0.55512    -0.38962    -5.63869
    -2.2950        -6.84157    -0.58633    -0.41670    -5.83853
    -2.1450        -7.13083    -0.61803    -0.44776    -6.06503
    -1.9950        -7.46568    -0.65521    -0.48392    -6.32654
    -1.8450        -7.85982    -0.69357    -0.52761    -6.63864
    -1.6950        -8.33346    -0.73727    -0.57329    -7.02290
    -1.5450        -8.90948    -0.78871    -0.62614    -7.49463
    -1.3950        -9.62440    -0.84846    -0.68796    -8.08798
    -1.2450       -10.52604    -0.91926    -0.76091    -8.84587
    -1.0950       -11.65192    -1.00086    -0.85100    -9.80006
   -0.94500       -13.05358    -1.09663    -0.96125   -10.99571
   -0.79500       -14.80388    -1.21486    -1.09838   -12.49064
   -0.64500       -17.00827    -1.37529    -1.26370   -14.36928
   -0.49500       -19.88080    -1.60703    -1.49711   -16.77667
   -0.34500       -23.68932    -1.98914    -1.88797   -19.81220
   -0.22700       -25.22075    -2.17441    -2.08220   -20.96415
   -0.21300       -25.41746    -2.19905    -2.10976   -21.10865
   -0.20700       -25.61904    -2.22413    -2.13793   -21.25699
   -0.20100       -25.82341    -2.25013    -2.16670   -21.40658
   -0.19500       -26.03304    -2.27606    -2.19737   -21.55961
   -0.18900       -26.24593    -2.30274    -2.22801   -21.71518
   -0.18300       -26.46455    -2.33031    -2.26073   -21.87351
   -0.17700       -26.68959    -2.35867    -2.29456   -22.03637
   -0.17100       -26.92124    -2.38814    -2.32992   -22.20318
   -0.16500       -27.15897    -2.41844    -2.36655   -22.37398
   -0.15900       -27.40322    -2.45009    -2.40513   -22.54800
   -0.15300       -27.65605    -2.48277    -2.44569   -22.72758
   -0.14700       -27.91542    -2.51584    -2.48760   -22.91197
   -0.14100       -28.18560    -2.55055    -2.53099   -23.10406
   -0.13500       -28.46266    -2.58701    -2.57605   -23.29960
   -0.12900       -28.74987    -2.62446    -2.62371   -23.50169
   -0.12300       -29.04916    -2.66325    -2.67345   -23.71246
   -0.11700       -29.36069    -2.70426    -2.72563   -23.93080
   -0.11100       -29.68436    -2.74738    -2.78016   -24.15681
   -0.10500       -30.02437    -2.79189    -2.83774   -24.39475
   -0.99000E-01   -30.38128    -2.83909    -2.89887   -24.64332
   -0.93000E-01   -30.75458    -2.88845    -2.96259   -24.90354
   -0.87000E-01   -31.15075    -2.94031    -3.02984   -25.18060
   -0.81000E-01   -31.56869    -2.99488    -3.10113   -25.47268
   -0.75000E-01   -32.01366    -3.05188    -3.17690   -25.78488
   -0.69000E-01   -32.48836    -3.11165    -3.25820   -26.11852
   -0.63000E-01   -33.00176    -3.17494    -3.34694   -26.47987
   -0.57000E-01   -33.56190    -3.24306    -3.44500   -26.87383
   -0.51000E-01   -34.17545    -3.31597    -3.55280   -27.30668
   -0.45000E-01   -34.85303    -3.39487    -3.66627   -27.79189
   -0.39000E-01   -35.60597    -3.47846    -3.78199   -28.34552
   -0.33000E-01   -36.45093    -3.56255    -3.89517   -28.99322
   -0.27000E-01   -37.42509    -3.64254    -4.00115   -29.78140
   -0.21300E-01   -38.19481    -3.69237    -4.06435   -30.43809
   -0.19500E-01   -38.31721    -3.69926    -4.07278   -30.54517
   -0.18900E-01   -38.44303    -3.70611    -4.08106   -30.65585
   -0.18300E-01   -38.57187    -3.71273    -4.08909   -30.77005
   -0.17700E-01   -38.70447    -3.71925    -4.09685   -30.88837
   -0.17100E-01   -38.84056    -3.72560    -4.10434   -31.01062
   -0.16500E-01   -38.98060    -3.73178    -4.11168   -31.13715
   -0.15900E-01   -39.12532    -3.73780    -4.11878   -31.26874
   -0.15300E-01   -39.27484    -3.74369    -4.12561   -31.40554
   -0.14700E-01   -39.42918    -3.74937    -4.13215   -31.54766
   -0.14100E-01   -39.58961    -3.75493    -4.13853   -31.69615
   -0.13500E-01   -39.75634    -3.76036    -4.14461   -31.85138
   -0.12900E-01   -39.93013    -3.76555    -4.15056   -32.01402
   -0.12300E-01   -40.11110    -3.77046    -4.15607   -32.18458
   -0.11700E-01   -40.30081    -3.77526    -4.16137   -32.36419
   -0.11100E-01   -40.50034    -3.77986    -4.16636   -32.55412
   -0.10500E-01   -40.71067    -3.78423    -4.17118   -32.75525
   -0.99000E-02   -40.93310    -3.78834    -4.17570   -32.96906
   -0.93000E-02   -41.17035    -3.79229    -4.17996   -33.19810
   -0.87000E-02   -41.42393    -3.79599    -4.18395   -33.44399
   -0.81000E-02   -41.69775    -3.79947    -4.18766   -33.71061
   -0.75000E-02   -41.99578    -3.80269    -4.19112   -34.00198
   -0.69000E-02   -42.32245    -3.80569    -4.19428   -34.32248
   -0.63000E-02   -42.68338    -3.80843    -4.19716   -34.67780
   -0.57000E-02   -43.08505    -3.81092    -4.19975   -35.07437
   -0.51000E-02   -43.53521    -3.81317    -4.20208   -35.51995
   -0.45000E-02   -44.04106    -3.81516    -4.20414   -36.02176
   -0.39000E-02   -44.61237    -3.81690    -4.20592   -36.58955
   -0.33000E-02   -45.25890    -3.81838    -4.20743   -37.23309
   -0.27000E-02   -45.99407    -3.81959    -4.20867   -37.96581
   -0.21000E-02   -46.84179    -3.82055    -4.20964   -38.81161
   -0.15000E-02   -47.82919    -3.82123    -4.21034   -39.79762
   -0.90000E-03   -48.80325    -3.82164    -4.21077   -40.77083
   -0.30000E-03   -49.22257    -3.82179    -4.21092   -41.18986
    0.30000E-03   -48.80947    -3.82168    -4.21080   -40.77699
    0.90000E-03   -47.83356    -3.82128    -4.21041   -39.80187
    0.15000E-02   -46.84313    -3.82062    -4.20973   -38.81279
    0.21000E-02   -45.99395    -3.81968    -4.20879   -37.96548
    0.27000E-02   -45.25914    -3.81847    -4.20761   -37.23307
    0.33000E-02   -44.61389    -3.81697    -4.20616   -36.59076
    0.39000E-02   -44.04520    -3.81519    -4.20444   -36.02556
    0.45000E-02   -43.54093    -3.81314    -4.20246   -35.52532
    0.51000E-02   -43.09297    -3.81083    -4.20025   -35.08189
    0.57000E-02   -42.69263    -3.80821    -4.19776   -34.68666
    0.63000E-02   -42.33355    -3.80535    -4.19503   -34.33317
    0.69000E-02   -42.00877    -3.80219    -4.19205   -34.01453
    0.75000E-02   -41.71284    -3.79876    -4.18887   -33.72521
    0.81000E-02   -41.44064    -3.79507    -4.18543   -33.46014
    0.87000E-02   -41.18831    -3.79106    -4.18173   -33.21553
    0.93000E-02   -40.95291    -3.78685    -4.17787   -32.98819
    0.99000E-02   -40.73111    -3.78232    -4.17380   -32.77499
    0.10500E-01   -40.52206    -3.77744    -4.16954   -32.57508
    0.11100E-01   -40.32359    -3.77241    -4.16505   -32.38613
    0.11700E-01   -40.13465    -3.76712    -4.16019   -32.20734
    0.12300E-01   -39.95444    -3.76150    -4.15518   -32.03777
    0.12900E-01   -39.78172    -3.75558    -4.14999   -31.87615
    0.13500E-01   -39.61648    -3.74946    -4.14463   -31.72239
    0.14100E-01   -39.45763    -3.74309    -4.13915   -31.57538
    0.14700E-01   -39.30420    -3.73646    -4.13351   -31.43423
    0.15300E-01   -39.15654    -3.72959    -4.12767   -31.29927
    0.15900E-01   -39.01360    -3.72241    -4.12167   -31.16953
    0.16500E-01   -38.87486    -3.71503    -4.11549   -31.04434
    0.17100E-01   -38.74087    -3.70733    -4.10915   -30.92439
    0.17700E-01   -38.61052    -3.69930    -4.10269   -30.80853
    0.18300E-01   -38.48358    -3.69111    -4.09605   -30.69642
    0.18900E-01   -38.36003    -3.68281    -4.08934   -30.58788
    0.19500E-01   -38.23977    -3.67428    -4.08243   -30.48306
    0.21300E-01   -37.48903    -3.61061    -4.03317   -29.84525
    0.27000E-01   -36.55630    -3.50424    -3.95411   -29.09795
    0.33000E-01   -35.76653    -3.39098    -3.87244   -28.50311
    0.39000E-01   -35.08097    -3.27511    -3.79154   -28.01432
    0.45000E-01   -34.47804    -3.16227    -3.71400   -27.60178
    0.51000E-01   -33.94637    -3.05671    -3.64170   -27.24797
    0.57000E-01   -33.47451    -2.96045    -3.57444   -26.93962
    0.63000E-01   -33.05289    -2.87304    -3.51205   -26.66780
    0.69000E-01   -32.67086    -2.79316    -3.45212   -26.42558
    0.75000E-01   -32.32223    -2.71881    -3.39516   -26.20826
    0.81000E-01   -32.00118    -2.64953    -3.34075   -26.01090
    0.87000E-01   -31.70194    -2.58389    -3.28826   -25.82979
    0.93000E-01   -31.42334    -2.52121    -3.23772   -25.66442
    0.99000E-01   -31.16206    -2.46121    -3.18922   -25.51164
    0.10500       -30.91621    -2.40384    -3.14369   -25.36867
    0.11100       -30.68374    -2.34967    -3.09893   -25.23513
    0.11700       -30.46408    -2.29766    -3.05638   -25.11004
    0.12300       -30.25444    -2.24704    -3.01592   -24.99148
    0.12900       -30.05695    -2.19940    -2.97642   -24.88113
    0.13500       -29.86906    -2.15434    -2.93846   -24.77626
    0.14100       -29.69022    -2.11037    -2.90171   -24.67814
    0.14700       -29.51981    -2.06878    -2.86701   -24.58402
    0.15300       -29.35653    -2.02962    -2.83319   -24.49372
    0.15900       -29.20058    -1.99197    -2.80024   -24.40837
    0.16500       -29.05156    -1.95542    -2.76870   -24.32744
    0.17100       -28.90827    -1.92063    -2.73817   -24.24948
    0.17700       -28.77097    -1.88662    -2.70859   -24.17575
    0.18300       -28.63840    -1.85379    -2.67962   -24.10499
    0.18900       -28.51075    -1.82288    -2.65119   -24.03669
    0.19500       -28.38785    -1.79199    -2.62436   -23.97150
    0.20100       -28.26933    -1.76293    -2.59854   -23.90787
    0.20700       -28.15470    -1.73487    -2.57313   -23.84670
    0.21300       -28.04444    -1.70776    -2.54911   -23.78756
    0.22700       -27.24042    -1.50615    -2.37085   -23.36341
    0.34500       -25.60815    -1.10469    -1.99689   -22.50658
    0.49500       -24.59444    -0.87220    -1.76295   -21.95930
    0.64500       -23.84687    -0.70739    -1.60122   -21.53826
    0.79500       -23.24705    -0.58708    -1.48005   -21.17991
    0.94500       -22.74919    -0.49524    -1.38181   -20.87214
     1.0950       -22.32674    -0.42469    -1.30200   -20.60005
     1.2450       -21.96685    -0.37049    -1.23412   -20.36224
     1.3950       -21.65601    -0.32933    -1.17601   -20.15067
     1.5450       -21.37989    -0.29662    -1.12719   -19.95607
     1.6950       -21.12724    -0.26715    -1.08516   -19.77493
     1.8450       -20.89992    -0.24117    -1.04967   -19.60908
     1.9950       -20.70209    -0.21976    -1.01866   -19.46367
     2.1450       -20.51884    -0.20309    -0.98958   -19.32616
     2.2950       -20.35339    -0.18850    -0.96433   -19.20055
     2.4450       -20.20063    -0.17386    -0.94155   -19.08522
     2.5950       -20.06148    -0.16192    -0.92172   -18.97785
     2.7450       -19.93323    -0.15377    -0.90254   -18.87691
     2.8950       -19.81905    -0.14454    -0.88525   -18.78926
     3.0450       -19.70853    -0.13604    -0.87039   -18.70210
     3.1950       -19.61021    -0.12955    -0.85664   -18.62402
     3.3450       -19.50897    -0.12133    -0.84374   -18.54389
     3.4950       -19.41862    -0.11486    -0.83273   -18.47103
     3.6450       -19.33421    -0.10749    -0.82238   -18.40434
     3.7950       -19.25234    -0.10006    -0.81296   -18.33933
     3.9450       -19.17741    -0.09324    -0.80416   -18.28001
     4.0950       -19.10454    -0.08743    -0.79448   -18.22264
     4.2450       -19.03764    -0.08168    -0.78682   -18.16914
     4.3950       -18.97065    -0.07730    -0.77828   -18.11508
     4.5450       -18.90736    -0.07209    -0.77062   -18.06465
     4.6950       -18.84532    -0.06643    -0.76313   -18.01575
     4.8450       -18.79114    -0.06553    -0.75741   -17.96819
     4.9950       -18.73455    -0.06255    -0.75094   -17.92106
     5.1450       -18.67943    -0.05956    -0.74490   -17.87497
     5.2950       -18.62669    -0.05542    -0.73982   -17.83145
     5.4450       -18.57795    -0.05472    -0.73370   -17.78952
     5.5950       -18.52996    -0.05173    -0.73015   -17.74808
     5.7450       -18.48405    -0.04971    -0.72659   -17.70774
     5.8950       -18.44035    -0.04911    -0.72304   -17.66820
     6.0450       -18.39678    -0.04708    -0.71948   -17.63022
     6.1950       -18.35564    -0.04654    -0.71593   -17.59318
     6.3450       -18.31543    -0.04604    -0.71239   -17.55700
     6.4950       -18.27610    -0.04554    -0.70886   -17.52169
     6.6450       -18.23616    -0.04257    -0.70644   -17.48715
     6.7950       -18.20123    -0.04212    -0.70571   -17.45340
     6.9450       -18.16524    -0.04170    -0.70329   -17.42025
     7.0950       -18.13174    -0.04130    -0.70262   -17.38782
     7.2450       -18.09719    -0.04090    -0.70020   -17.35609
     7.3950       -18.06228    -0.04052    -0.69677   -17.32499
     7.5450       -18.02899    -0.04016    -0.69432   -17.29450
     7.6950       -17.99818    -0.03981    -0.69376   -17.26460
     7.8450       -17.96796    -0.03947    -0.69322   -17.23527
     7.9950       -17.93640    -0.03915    -0.69076   -17.20649
     8.1450       -17.90721    -0.03883    -0.69026   -17.17812
     8.2950       -17.87854    -0.03852    -0.68976   -17.15025
     8.4450       -17.85044    -0.03824    -0.68929   -17.12291
     8.5950       -17.82287    -0.03796    -0.68884   -17.09607
     8.7450       -17.79584    -0.03769    -0.68840   -17.06975
     8.8950       -17.76913    -0.03741    -0.68797   -17.04375
     9.0450       -17.74292    -0.03715    -0.68755   -17.01821
     9.1950       -17.71716    -0.03690    -0.68715   -16.99310
     9.3450       -17.69178    -0.03666    -0.68675   -16.96837
     9.4950       -17.66680    -0.03642    -0.68637   -16.94401
     9.6450       -17.64220    -0.03617    -0.68601   -16.92002
     9.7950       -17.61806    -0.03594    -0.68566   -16.89646
     9.9450       -17.59427    -0.03571    -0.68530   -16.87326
     10.095       -17.57078    -0.03549    -0.68496   -16.85033
     10.245       -17.54771    -0.03527    -0.68462   -16.82782
     10.395       -17.52495    -0.03507    -0.68430   -16.80558
     10.545       -17.50249    -0.03487    -0.68398   -16.78363
     10.695       -17.48035    -0.03467    -0.68368   -16.76200
     10.845       -17.45847    -0.03447    -0.68338   -16.74062
     10.995       -17.43700    -0.03427    -0.68308   -16.71964
     11.145       -17.41576    -0.03409    -0.68280   -16.69887
     11.295       -17.39484    -0.03390    -0.68251   -16.67843
     11.445       -17.37418    -0.03373    -0.68223   -16.65822
     11.595       -17.35377    -0.03355    -0.68195   -16.63827
     11.745       -17.33362    -0.03337    -0.68169   -16.61856
     11.895       -17.31382    -0.03320    -0.68142   -16.59919
     12.045       -17.29419    -0.03303    -0.68116   -16.57999
     12.195       -17.27486    -0.03288    -0.68091   -16.56107
     12.345       -17.25579    -0.03272    -0.68066   -16.54241
     12.495       -17.23688    -0.03256    -0.68042   -16.52389
     12.645       -17.21817    -0.03241    -0.68019   -16.50557
     12.795       -17.19965    -0.03226    -0.67995   -16.48744
     12.945       -17.18144    -0.03212    -0.67972   -16.46959
     13.095       -17.16336    -0.03197    -0.67950   -16.45189
     13.245       -17.14554    -0.03183    -0.67927   -16.43445
     13.395       -17.12792    -0.03169    -0.67904   -16.41719
     13.545       -17.11049    -0.03155    -0.67883   -16.40011
     13.695       -17.09328    -0.03141    -0.67861   -16.38326
     13.845       -17.07621    -0.03128    -0.67840   -16.36654
     13.995       -17.05936    -0.03114    -0.67818   -16.35004
     14.145       -17.04265    -0.03101    -0.67798   -16.33366
     14.295       -17.02618    -0.03087    -0.67778   -16.31753
     14.445       -17.00986    -0.03075    -0.67758   -16.30153
     14.595       -16.99371    -0.03062    -0.67738   -16.28571
     14.745       -16.97773    -0.03049    -0.67719   -16.27006
     14.895       -16.96191    -0.03036    -0.67700   -16.25456
     15.045       -16.94627    -0.03024    -0.67681   -16.23923
     15.195       -16.93077    -0.03012    -0.67662   -16.22403
     15.345       -16.91541    -0.03000    -0.67643   -16.20897
     15.495       -16.90023    -0.02988    -0.67625   -16.19410
     15.645       -16.88518    -0.02977    -0.67607   -16.17934
     15.795       -16.87028    -0.02965    -0.67590   -16.16473
     15.945       -16.85551    -0.02954    -0.67572   -16.15026
     16.095       -16.84088    -0.02942    -0.67555   -16.13591
     16.245       -16.82643    -0.02932    -0.67537   -16.12173
     16.395       -16.81208    -0.02920    -0.67521   -16.10766
     16.545       -16.79785    -0.02909    -0.67504   -16.09372
     16.695       -16.78371    -0.02898    -0.67487   -16.07985
     16.845       -16.76970    -0.02888    -0.67470   -16.06612
     16.995       -16.75586    -0.02878    -0.67454   -16.05254
     17.145       -16.74217    -0.02867    -0.67438   -16.03912
     17.295       -16.72856    -0.02857    -0.67422   -16.02578
     17.445       -16.71507    -0.02847    -0.67405   -16.01255
     17.595       -16.70170    -0.02837    -0.67390   -15.99944
     17.745       -16.68845    -0.02826    -0.67374   -15.98644
     17.895       -16.67535    -0.02816    -0.67360   -15.97359
     18.045       -16.66233    -0.02807    -0.67345   -15.96082
     18.195       -16.64944    -0.02797    -0.67330   -15.94818
     18.345       -16.63666    -0.02788    -0.67315   -15.93563
     18.495       -16.62405    -0.02778    -0.67300   -15.92327
     18.645       -16.61150    -0.02770    -0.67285   -15.91095
     18.795       -16.59902    -0.02761    -0.67270   -15.89871
     18.945       -16.58662    -0.02751    -0.67256   -15.88654
     19.095       -16.57436    -0.02742    -0.67242   -15.87452
     19.245       -16.56219    -0.02733    -0.67228   -15.86258
     19.395       -16.55015    -0.02724    -0.67214   -15.85077
     19.545       -16.53816    -0.02715    -0.67200   -15.83900
     19.695       -16.52623    -0.02707    -0.67187   -15.82729
     19.845       -16.51441    -0.02698    -0.67174   -15.81570
     19.995       -16.50271    -0.02689    -0.67160   -15.80422
     20.145       -16.49105    -0.02681    -0.67147   -15.79277
     20.295       -16.47949    -0.02672    -0.67134   -15.78143
     20.445       -16.46807    -0.02664    -0.67121   -15.77022
     20.595       -16.45669    -0.02655    -0.67109   -15.75906
     20.745       -16.44543    -0.02647    -0.67095   -15.74800
     20.895       -16.43425    -0.02638    -0.67083   -15.73704
     21.045       -16.42316    -0.02631    -0.67070   -15.72616
     21.195       -16.41213    -0.02623    -0.67057   -15.71533
     21.345       -16.40120    -0.02615    -0.67045   -15.70460
     21.495       -16.39029    -0.02607    -0.67032   -15.69390
     21.645       -16.37950    -0.02599    -0.67020   -15.68331
     21.795       -16.36877    -0.02591    -0.67008   -15.67278
     21.945       -16.35808    -0.02584    -0.66996   -15.66229
     22.095       -16.34755    -0.02576    -0.66984   -15.65195
     22.245       -16.33702    -0.02567    -0.66972   -15.64163
     22.395       -16.32659    -0.02560    -0.66960   -15.63139
     22.545       -16.31622    -0.02553    -0.66948   -15.62121
     22.695       -16.30596    -0.02545    -0.66936   -15.61115
     22.845       -16.29576    -0.02538    -0.66925   -15.60114
     22.995       -16.28563    -0.02530    -0.66913   -15.59120
     23.145       -16.27552    -0.02523    -0.66902   -15.58127
     23.295       -16.26552    -0.02516    -0.66891   -15.57145
     23.445       -16.25556    -0.02509    -0.66880   -15.56168
     23.595       -16.24571    -0.02502    -0.66868   -15.55201
     23.745       -16.23586    -0.02495    -0.66857   -15.54234
     23.895       -16.22614    -0.02487    -0.66846   -15.53280
     24.045       -16.21644    -0.02480    -0.66835   -15.52329
     24.195       -16.20684    -0.02474    -0.66824   -15.51386
     24.345       -16.19727    -0.02467    -0.66814   -15.50446
     24.495       -16.18774    -0.02460    -0.66803   -15.49511
     24.645       -16.17829    -0.02453    -0.66792   -15.48584
     24.795       -16.16892    -0.02447    -0.66781   -15.47664
     24.945       -16.15961    -0.02441    -0.66771   -15.46750
     25.095       -16.15035    -0.02434    -0.66761   -15.45841
     25.245       -16.14114    -0.02427    -0.66750   -15.44937
     25.395       -16.13197    -0.02420    -0.66740   -15.44037
     25.545       -16.12288    -0.02414    -0.66730   -15.43144
     25.695       -16.11382    -0.02408    -0.66719   -15.42255
     25.845       -16.10484    -0.02402    -0.66709   -15.41373
     25.995       -16.09593    -0.02396    -0.66699   -15.40498
     26.145       -16.08709    -0.02389    -0.66689   -15.39630
     26.295       -16.07823    -0.02383    -0.66679   -15.38761
     26.445       -16.06944    -0.02377    -0.66669   -15.37898
     26.595       -16.06072    -0.02371    -0.66660   -15.37041
     26.745       -16.05204    -0.02365    -0.66650   -15.36190
     26.895       -16.04344    -0.02359    -0.66640   -15.35346
     27.045       -16.03489    -0.02353    -0.66630   -15.34506
     27.195       -16.02639    -0.02346    -0.66621   -15.33672
     27.345       -16.01794    -0.02341    -0.66611   -15.32842
     27.495       -16.00952    -0.02335    -0.66602   -15.32015
     27.645       -16.00112    -0.02329    -0.66592   -15.31191
     27.795       -15.99277    -0.02324    -0.66583   -15.30370
     27.945       -15.98447    -0.02318    -0.66574   -15.29556
     28.095       -15.97624    -0.02312    -0.66565   -15.28747
     28.245       -15.96801    -0.02306    -0.66555   -15.27940
     28.395       -15.95991    -0.02301    -0.66546   -15.27144
     28.545       -15.95183    -0.02296    -0.66537   -15.26350
     28.695       -15.94377    -0.02289    -0.66528   -15.25560
     28.845       -15.93574    -0.02284    -0.66519   -15.24771
     28.995       -15.92778    -0.02278    -0.66510   -15.23990
     29.145       -15.91984    -0.02272    -0.66501   -15.23210
     29.295       -15.91195    -0.02267    -0.66493   -15.22435
     29.445       -15.90411    -0.02261    -0.66484   -15.21666
     29.595       -15.89630    -0.02256    -0.66475   -15.20899
     29.745       -15.88853    -0.02251    -0.66466   -15.20137
     29.895       -15.88078    -0.02245    -0.66458   -15.19375
     30.045       -15.87310    -0.02240    -0.66449   -15.18621
     30.195       -15.86543    -0.02235    -0.66440   -15.17868
     30.345       -15.85784    -0.02230    -0.66432   -15.17123
     30.495       -15.85028    -0.02224    -0.66424   -15.16380
     30.645       -15.84273    -0.02219    -0.66415   -15.15640
     30.795       -15.83524    -0.02214    -0.66406   -15.14904
     30.945       -15.82781    -0.02209    -0.66398   -15.14174
     31.095       -15.82039    -0.02204    -0.66390   -15.13445
     31.245       -15.81299    -0.02199    -0.66381   -15.12718
     31.395       -15.80564    -0.02194    -0.66373   -15.11997
     31.545       -15.79834    -0.02189    -0.66365   -15.11280
     31.695       -15.79108    -0.02184    -0.66357   -15.10567
     31.845       -15.78386    -0.02179    -0.66349   -15.09858
     31.995       -15.77665    -0.02174    -0.66341   -15.09150
     32.145       -15.76950    -0.02169    -0.66333   -15.08448
     32.295       -15.76237    -0.02164    -0.66326   -15.07748
     32.445       -15.75528    -0.02159    -0.66317   -15.07051
     32.595       -15.74824    -0.02154    -0.66309   -15.06361
     32.745       -15.74125    -0.02149    -0.66301   -15.05674
     32.895       -15.73425    -0.02145    -0.66293   -15.04987
     33.045       -15.72728    -0.02140    -0.66285   -15.04302
     33.195       -15.72036    -0.02136    -0.66277   -15.03623
     33.345       -15.71346    -0.02131    -0.66270   -15.02945
     33.495       -15.70661    -0.02126    -0.66262   -15.02272
     33.645       -15.69976    -0.02121    -0.66255   -15.01600
     33.795       -15.69301    -0.02117    -0.66247   -15.00937
     33.945       -15.68625    -0.02112    -0.66240   -15.00272
     34.095       -15.67951    -0.02108    -0.66232   -14.99612
     34.245       -15.67281    -0.02103    -0.66224   -14.98953
     34.395       -15.66613    -0.02098    -0.66217   -14.98298
     34.545       -15.65950    -0.02094    -0.66210   -14.97646
     34.695       -15.65289    -0.02089    -0.66202   -14.96998
     34.845       -15.64632    -0.02084    -0.66195   -14.96353
     34.995       -15.63976    -0.02079    -0.66187   -14.95709
     35.145       -15.63325    -0.02075    -0.66180   -14.95069
     35.295       -15.62676    -0.02071    -0.66173   -14.94432
     35.445       -15.62031    -0.02066    -0.66166   -14.93799
     35.595       -15.61389    -0.02062    -0.66159   -14.93167
     35.745       -15.60746    -0.02058    -0.66152   -14.92536
     35.895       -15.60109    -0.02054    -0.66145   -14.91911
     36.045       -15.59471    -0.02049    -0.66138   -14.91284
     36.195       -15.58840    -0.02045    -0.66131   -14.90665
     36.345       -15.58208    -0.02041    -0.66124   -14.90044
     36.495       -15.57581    -0.02037    -0.66117   -14.89427
     36.645       -15.56957    -0.02032    -0.66110   -14.88815
     36.795       -15.56337    -0.02028    -0.66103   -14.88206
     36.945       -15.55719    -0.02024    -0.66096   -14.87599
     37.095       -15.55100    -0.02019    -0.66089   -14.86991
     37.245       -15.54485    -0.02015    -0.66082   -14.86387
     37.395       -15.53872    -0.02011    -0.66076   -14.85785
     37.545       -15.53265    -0.02007    -0.66069   -14.85189
     37.695       -15.52659    -0.02003    -0.66062   -14.84594
     37.845       -15.52054    -0.01999    -0.66055   -14.84000
     37.995       -15.51451    -0.01995    -0.66049   -14.83408
     38.145       -15.50853    -0.01990    -0.66042   -14.82821
     38.295       -15.50257    -0.01986    -0.66035   -14.82236
     38.445       -15.49663    -0.01982    -0.66029   -14.81652
     38.595       -15.49071    -0.01978    -0.66022   -14.81071
     38.745       -15.48482    -0.01974    -0.66016   -14.80492
     38.895       -15.47895    -0.01970    -0.66010   -14.79915
     39.045       -15.47308    -0.01966    -0.66003   -14.79339
     39.195       -15.46724    -0.01962    -0.65997   -14.78766
     39.345       -15.46146    -0.01958    -0.65991   -14.78197
     39.495       -15.45569    -0.01954    -0.65985   -14.77630
     39.645       -15.44994    -0.01950    -0.65979   -14.77066
     39.795       -15.44423    -0.01946    -0.65972   -14.76506
     39.945       -15.43852    -0.01942    -0.65966   -14.75944
     40.095       -15.43285    -0.01938    -0.65960   -14.75387
     40.245       -15.42718    -0.01934    -0.65953   -14.74831
     40.395       -15.42156    -0.01930    -0.65947   -14.74279
     40.545       -15.41595    -0.01926    -0.65941   -14.73728
     40.695       -15.41034    -0.01922    -0.65934   -14.73177
     40.845       -15.40477    -0.01919    -0.65928   -14.72630
     40.995       -15.39922    -0.01915    -0.65922   -14.72085
     41.145       -15.39370    -0.01911    -0.65916   -14.71543
     41.295       -15.38822    -0.01908    -0.65910   -14.71004
     41.445       -15.38274    -0.01904    -0.65904   -14.70466
     41.595       -15.37727    -0.01900    -0.65898   -14.69929
     41.745       -15.37183    -0.01896    -0.65891   -14.69396
     41.895       -15.36641    -0.01893    -0.65885   -14.68862
     42.045       -15.36099    -0.01889    -0.65880   -14.68331
     42.195       -15.35563    -0.01885    -0.65874   -14.67804
     42.345       -15.35026    -0.01882    -0.65868   -14.67276
     42.495       -15.34491    -0.01878    -0.65862   -14.66751
     42.645       -15.33960    -0.01874    -0.65856   -14.66230
     42.795       -15.33430    -0.01870    -0.65850   -14.65710
     42.945       -15.32899    -0.01867    -0.65844   -14.65188
     43.095       -15.32373    -0.01863    -0.65838   -14.64672
     43.245       -15.31846    -0.01860    -0.65832   -14.64154
     43.395       -15.31324    -0.01856    -0.65826   -14.63642
     43.545       -15.30807    -0.01853    -0.65820   -14.63134
     43.695       -15.30289    -0.01849    -0.65815   -14.62625
     43.845       -15.29776    -0.01846    -0.65809   -14.62121
     43.995       -15.29263    -0.01842    -0.65803   -14.61617
     44.145       -15.28750    -0.01839    -0.65798   -14.61114
     44.295       -15.28238    -0.01835    -0.65792   -14.60610
     44.445       -15.27731    -0.01832    -0.65786   -14.60112
     44.595       -15.27224    -0.01828    -0.65781   -14.59615
     44.745       -15.26719    -0.01825    -0.65775   -14.59119
     44.895       -15.26218    -0.01822    -0.65770   -14.58626
     45.045       -15.25716    -0.01818    -0.65764   -14.58133
     45.195       -15.25213    -0.01815    -0.65759   -14.57639
     45.345       -15.24716    -0.01812    -0.65753   -14.57151
     45.495       -15.24216    -0.01808    -0.65748   -14.56660
     45.645       -15.23720    -0.01805    -0.65742   -14.56173
     45.795       -15.23228    -0.01802    -0.65737   -14.55689
     45.945       -15.22736    -0.01798    -0.65731   -14.55207
     46.095       -15.22244    -0.01795    -0.65725   -14.54723
     46.245       -15.21756    -0.01792    -0.65720   -14.54244
     46.395       -15.21269    -0.01789    -0.65715   -14.53766
     46.545       -15.20785    -0.01785    -0.65709   -14.53290
     46.695       -15.20300    -0.01782    -0.65704   -14.52814
     46.845       -15.19820    -0.01779    -0.65698   -14.52343
     46.995       -15.19339    -0.01776    -0.65693   -14.51871
     47.145       -15.18862    -0.01773    -0.65688   -14.51401
     47.295       -15.18384    -0.01769    -0.65683   -14.50933
     47.445       -15.17909    -0.01766    -0.65677   -14.50466
     47.595       -15.17437    -0.01763    -0.65672   -14.50002
     47.745       -15.16969    -0.01760    -0.65667   -14.49543
     47.895       -15.16502    -0.01756    -0.65662   -14.49084
     48.045       -15.16032    -0.01753    -0.65656   -14.48623
     48.195       -15.15568    -0.01750    -0.65651   -14.48167
     48.345       -15.15102    -0.01747    -0.65645   -14.47710
     48.495       -15.14639    -0.01744    -0.65640   -14.47255
     48.645       -15.14175    -0.01741    -0.65635   -14.46799
     48.795       -15.13714    -0.01738    -0.65630   -14.46346
     48.945       -15.13254    -0.01734    -0.65625   -14.45894
     49.095       -15.12794    -0.01732    -0.65620   -14.45442
     49.245       -15.12338    -0.01729    -0.65615   -14.44994
     49.395       -15.11883    -0.01725    -0.65610   -14.44547
     49.545       -15.11429    -0.01722    -0.65605   -14.44102
     49.695       -15.10977    -0.01719    -0.65600   -14.43658
     49.845       -15.10526    -0.01716    -0.65595   -14.43214
     49.995       -15.10078    -0.01714    -0.65590   -14.42774
     50.145       -15.09631    -0.01711    -0.65585   -14.42335
     50.295       -15.09185    -0.01708    -0.65580   -14.41897
     50.445       -15.08738    -0.01705    -0.65575   -14.41458
     50.595       -15.08295    -0.01702    -0.65570   -14.41023
     50.745       -15.07852    -0.01699    -0.65565   -14.40588
     50.895       -15.07411    -0.01696    -0.65560   -14.40155
     51.045       -15.06970    -0.01693    -0.65555   -14.39722
     51.195       -15.06532    -0.01690    -0.65550   -14.39292
     51.345       -15.06098    -0.01687    -0.65545   -14.38866
     51.495       -15.05663    -0.01684    -0.65540   -14.38438
     51.645       -15.05231    -0.01681    -0.65536   -14.38014
     51.795       -15.04798    -0.01678    -0.65531   -14.37589
     51.945       -15.04369    -0.01676    -0.65526   -14.37167
     52.095       -15.03939    -0.01672    -0.65522   -14.36745
     52.245       -15.03513    -0.01670    -0.65517   -14.36326
     52.395       -15.03086    -0.01667    -0.65512   -14.35907
     52.545       -15.02661    -0.01664    -0.65507   -14.35490
     52.695       -15.02237    -0.01661    -0.65503   -14.35073
     52.845       -15.01812    -0.01658    -0.65498   -14.34656
     52.995       -15.01391    -0.01656    -0.65493   -14.34242
     53.145       -15.00972    -0.01653    -0.65489   -14.33831
     53.295       -15.00554    -0.01650    -0.65484   -14.33421
     53.445       -15.00134    -0.01647    -0.65479   -14.33008
     53.595       -14.99719    -0.01644    -0.65475   -14.32600
     53.745       -14.99303    -0.01641    -0.65470   -14.32192
     53.895       -14.98888    -0.01639    -0.65465   -14.31784
     54.045       -14.98474    -0.01636    -0.65460   -14.31377
     54.195       -14.98062    -0.01634    -0.65456   -14.30973
     54.345       -14.97649    -0.01631    -0.65452   -14.30567
     54.495       -14.97241    -0.01628    -0.65447   -14.30166
     54.645       -14.96832    -0.01625    -0.65442   -14.29764
     54.795       -14.96426    -0.01622    -0.65438   -14.29366
     54.945       -14.96019    -0.01620    -0.65433   -14.28966
     55.095       -14.95614    -0.01617    -0.65429   -14.28569
     59.433       -14.63835    -0.01402    -0.65075   -13.97357
     80.646       -14.17227    -0.01093    -0.64557   -13.51577
     111.21       -13.71778    -0.00790    -0.64051   -13.06937
     153.36       -13.27567    -0.00498    -0.63557   -12.63512
     211.49       -12.84576    -0.00210    -0.63077   -12.21290
     291.64       -12.42863     0.00071    -0.62608   -11.80326
     402.18       -12.02430     0.00343    -0.62155   -11.40618
     554.60       -11.63247     0.00607    -0.61714   -11.02140
     764.80       -11.25273     0.00866    -0.61287   -10.64852
     1054.7       -10.88486     0.01119    -0.60874   -10.28731
     1454.4       -10.52829     0.01363    -0.60476    -9.93716
     2005.6       -10.18273     0.01601    -0.60088    -9.59786
     2765.8        -9.84776     0.01833    -0.59715    -9.26895
     3814.0        -9.52252     0.02059    -0.59353    -8.94958
     5259.5        -9.20667     0.02278    -0.59005    -8.63940
     7252.9        -8.89980     0.02491    -0.58669    -8.33802
     10002.        -8.60130     0.02700    -0.58340    -8.04490
     13793.        -8.31140     0.02903    -0.58026    -7.76017
     19020.        -8.03016     0.03097    -0.57716    -7.48397
     26229.        -7.75848     0.03285    -0.57417    -7.21716
     36170.        -7.49741     0.03465    -0.57125    -6.96081
     49878.        -7.24709     0.03639    -0.56841    -6.71507
     68782.        -7.00759     0.03801    -0.56564    -6.47996
     94851.        -6.77864     0.03961    -0.56299    -6.25526
    0.13080E+06    -6.56009     0.04110    -0.56044    -6.04075
    0.18038E+06    -6.35133     0.04253    -0.55797    -5.83589
    0.24874E+06    -6.15242     0.04390    -0.55560    -5.64072
    0.34301E+06    -5.96270     0.04519    -0.55334    -5.45455
    0.47302E+06    -5.78183     0.04641    -0.55116    -5.27708
    0.65229E+06    -5.60951     0.04757    -0.54908    -5.10800
    0.89952E+06    -5.44529     0.04870    -0.54710    -4.94689
    0.12404E+07    -5.28883     0.04975    -0.54520    -4.79338
    0.17106E+07    -5.14004     0.05075    -0.54341    -4.64738
    0.23589E+07    -4.99837     0.05170    -0.54169    -4.50839
    0.32529E+07    -4.86346     0.05262    -0.54005    -4.37603
    0.44858E+07    -4.73503     0.05349    -0.53849    -4.25002
    0.61860E+07    -4.61284     0.05430    -0.53700    -4.13014
    0.85305E+07    -4.49644     0.05508    -0.53558    -4.01594
    0.11764E+08    -4.38557     0.05581    -0.53422    -3.90716
    0.16222E+08    -4.28014     0.05650    -0.53293    -3.80372
    0.22370E+08    -4.17983     0.05717    -0.53170    -3.70530
    0.30849E+08    -4.08460     0.05780    -0.53053    -3.61187
    0.42541E+08    -3.99475     0.05838    -0.52941    -3.52372
    0.58664E+08    -3.91080     0.05894    -0.52835    -3.44139
    0.80898E+08    -3.83217     0.05946    -0.52733    -3.36429
    0.11156E+09    -3.75875     0.05994    -0.52637    -3.29232
    0.15384E+09    -3.68993     0.06039    -0.52545    -3.22488
    0.21215E+09    -3.62535     0.06082    -0.52459    -3.16157
    0.29255E+09    -3.56468     0.06121    -0.52379    -3.10210
    0.40343E+09    -3.50765     0.06159    -0.52304    -3.04620
    0.55633E+09    -3.45401     0.06194    -0.52234    -2.99360
    0.76719E+09    -3.40403     0.06226    -0.52168    -2.94461
    0.10580E+10    -3.35890     0.06255    -0.52106    -2.90039
    0.14589E+10    -3.31753     0.06282    -0.52047    -2.85987
    0.20119E+10    -3.27951     0.06306    -0.51993    -2.82265
    0.27744E+10    -3.24441     0.06329    -0.51941    -2.78829
    0.38259E+10    -3.21206     0.06350    -0.51893    -2.75662
    0.52760E+10    -3.18228     0.06369    -0.51851    -2.72746
    0.72756E+10    -3.15478     0.06386    -0.51811    -2.70053
    0.10033E+11    -3.12935     0.06402    -0.51775    -2.67563
    0.13836E+11    -3.10587     0.06417    -0.51742    -2.65262
    0.19079E+11    -3.08428     0.06431    -0.51711    -2.63148
    0.26311E+11    -3.06433     0.06444    -0.51682    -2.61195
    0.36283E+11    -3.04591     0.06455    -0.51656    -2.59390
    0.50034E+11    -3.02890     0.06466    -0.51632    -2.57724
    0.68997E+11    -3.01320     0.06477    -0.51610    -2.56187
    0.10000E+12    -2.82483     0.06598    -0.51341    -2.37740
