    -99.945         0.00000     0.00000     0.00000     0.00000
    -99.795         0.00000     0.00000     0.00000     0.00000
    -99.645         0.00000     0.00000     0.00000     0.00000
    -99.495         0.00000     0.00000     0.00000     0.00000
    -99.345         0.00000     0.00000     0.00000     0.00000
    -99.195         0.00000     0.00000     0.00000     0.00000
    -99.045         0.00000     0.00000     0.00000     0.00000
    -98.895         0.00000     0.00000     0.00000     0.00000
    -98.745         0.00000     0.00000     0.00000     0.00000
    -98.595         0.00000     0.00000     0.00000     0.00000
    -98.445         0.00000     0.00000     0.00000     0.00000
    -98.295         0.00000     0.00000     0.00000     0.00000
    -98.145         0.00000     0.00000     0.00000     0.00000
    -97.995         0.00000     0.00000     0.00000     0.00000
    -97.845         0.00000     0.00000     0.00000     0.00000
    -97.695         0.00000     0.00000     0.00000     0.00000
    -97.545         0.00000     0.00000     0.00000     0.00000
    -97.395         0.00000     0.00000     0.00000     0.00000
    -97.245         0.00000     0.00000     0.00000     0.00000
    -97.095         0.00000     0.00000     0.00000     0.00000
    -96.945         0.00000     0.00000     0.00000     0.00000
    -96.795         0.00000     0.00000     0.00000     0.00000
    -96.645         0.00000     0.00000     0.00000     0.00000
    -96.495         0.00000     0.00000     0.00000     0.00000
    -96.345         0.00000     0.00000     0.00000     0.00000
    -96.195         0.00000     0.00000     0.00000     0.00000
    -96.045         0.00000     0.00000     0.00000     0.00000
    -95.895         0.00000     0.00000     0.00000     0.00000
    -95.745         0.00000     0.00000     0.00000     0.00000
    -95.595         0.00000     0.00000     0.00000     0.00000
    -95.445         0.00000     0.00000     0.00000     0.00000
    -95.295         0.00000     0.00000     0.00000     0.00000
    -95.145         0.00000     0.00000     0.00000     0.00000
    -94.995         0.00000     0.00000     0.00000     0.00000
    -94.845         0.00000     0.00000     0.00000     0.00000
    -94.695         0.00000     0.00000     0.00000     0.00000
    -94.545         0.00000     0.00000     0.00000     0.00000
    -94.395         0.00000     0.00000     0.00000     0.00000
    -94.245         0.00000     0.00000     0.00000     0.00000
    -94.095         0.00000     0.00000     0.00000     0.00000
    -93.945         0.00000     0.00000     0.00000     0.00000
    -93.795         0.00000     0.00000     0.00000     0.00000
    -93.645         0.00000     0.00000     0.00000     0.00000
    -93.495         0.00000     0.00000     0.00000     0.00000
    -93.345         0.00000     0.00000     0.00000     0.00000
    -93.195         0.00000     0.00000     0.00000     0.00000
    -93.045         0.00000     0.00000     0.00000     0.00000
    -92.895         0.00000     0.00000     0.00000     0.00000
    -92.745         0.00000     0.00000     0.00000     0.00000
    -92.595         0.00000     0.00000     0.00000     0.00000
    -92.445         0.00000     0.00000     0.00000     0.00000
    -92.295         0.00000     0.00000     0.00000     0.00000
    -92.145         0.00000     0.00000     0.00000     0.00000
    -91.995         0.00000     0.00000     0.00000     0.00000
    -91.845         0.00000     0.00000     0.00000     0.00000
    -91.695         0.00000     0.00000     0.00000     0.00000
    -91.545         0.00000     0.00000     0.00000     0.00000
    -91.395         0.00000     0.00000     0.00000     0.00000
    -91.245         0.00000     0.00000     0.00000     0.00000
    -91.095         0.00000     0.00000     0.00000     0.00000
    -90.945         0.00000     0.00000     0.00000     0.00000
    -90.795         0.00000     0.00000     0.00000     0.00000
    -90.645         0.00000     0.00000     0.00000     0.00000
    -90.495         0.00000     0.00000     0.00000     0.00000
    -90.345         0.00000     0.00000     0.00000     0.00000
    -90.195         0.00000     0.00000     0.00000     0.00000
    -90.045         0.00000     0.00000     0.00000     0.00000
    -89.895         0.00000     0.00000     0.00000     0.00000
    -89.745         0.00000     0.00000     0.00000     0.00000
    -89.595         0.00000     0.00000     0.00000     0.00000
    -89.445         0.00000     0.00000     0.00000     0.00000
    -89.295         0.00000     0.00000     0.00000     0.00000
    -89.145         0.00000     0.00000     0.00000     0.00000
    -88.995         0.00000     0.00000     0.00000     0.00000
    -88.845         0.00000     0.00000     0.00000     0.00000
    -88.695         0.00000     0.00000     0.00000     0.00000
    -88.545         0.00000     0.00000     0.00000     0.00000
    -88.395         0.00000     0.00000     0.00000     0.00000
    -88.245         0.00000     0.00000     0.00000     0.00000
    -88.095         0.00000     0.00000     0.00000     0.00000
    -87.945         0.00000     0.00000     0.00000     0.00000
    -87.795         0.00000     0.00000     0.00000     0.00000
    -87.645         0.00000     0.00000     0.00000     0.00000
    -87.495         0.00000     0.00000     0.00000     0.00000
    -87.345         0.00000     0.00000     0.00000     0.00000
    -87.195         0.00000     0.00000     0.00000     0.00000
    -87.045         0.00000     0.00000     0.00000     0.00000
    -86.895         0.00000     0.00000     0.00000     0.00000
    -86.745         0.00000     0.00000     0.00000     0.00000
    -86.595         0.00000     0.00000     0.00000     0.00000
    -86.445         0.00000     0.00000     0.00000     0.00000
    -86.295         0.00000     0.00000     0.00000     0.00000
    -86.145         0.00000     0.00000     0.00000     0.00000
    -85.995         0.00000     0.00000     0.00000     0.00000
    -85.845         0.00000     0.00000     0.00000     0.00000
    -85.695         0.00000     0.00000     0.00000     0.00000
    -85.545         0.00000     0.00000     0.00000     0.00000
    -85.395         0.00000     0.00000     0.00000     0.00000
    -85.245         0.00000     0.00000     0.00000     0.00000
    -85.095         0.00000     0.00000     0.00000     0.00000
    -84.945         0.00000     0.00000     0.00000     0.00000
    -84.795         0.00000     0.00000     0.00000     0.00000
    -84.645         0.00000     0.00000     0.00000     0.00000
    -84.495         0.00000     0.00000     0.00000     0.00000
    -84.345         0.00000     0.00000     0.00000     0.00000
    -84.195         0.00000     0.00000     0.00000     0.00000
    -84.045         0.00000     0.00000     0.00000     0.00000
    -83.895         0.00000     0.00000     0.00000     0.00000
    -83.745         0.00000     0.00000     0.00000     0.00000
    -83.595         0.00000     0.00000     0.00000     0.00000
    -83.445         0.00000     0.00000     0.00000     0.00000
    -83.295         0.00000     0.00000     0.00000     0.00000
    -83.145         0.00000     0.00000     0.00000     0.00000
    -82.995         0.00000     0.00000     0.00000     0.00000
    -82.845         0.00000     0.00000     0.00000     0.00000
    -82.695         0.00000     0.00000     0.00000     0.00000
    -82.545         0.00000     0.00000     0.00000     0.00000
    -82.395         0.00000     0.00000     0.00000     0.00000
    -82.245         0.00000     0.00000     0.00000     0.00000
    -82.095         0.00000     0.00000     0.00000     0.00000
    -81.945         0.00000     0.00000     0.00000     0.00000
    -81.795         0.00000     0.00000     0.00000     0.00000
    -81.645         0.00000     0.00000     0.00000     0.00000
    -81.495         0.00000     0.00000     0.00000     0.00000
    -81.345         0.00000     0.00000     0.00000     0.00000
    -81.195         0.00000     0.00000     0.00000     0.00000
    -81.045         0.00000     0.00000     0.00000     0.00000
    -80.895         0.00000     0.00000     0.00000     0.00000
    -80.745         0.00000     0.00000     0.00000     0.00000
    -80.595         0.00000     0.00000     0.00000     0.00000
    -80.445         0.00000     0.00000     0.00000     0.00000
    -80.295         0.00000     0.00000     0.00000     0.00000
    -80.145         0.00000     0.00000     0.00000     0.00000
    -79.995         0.00000     0.00000     0.00000     0.00000
    -79.845         0.00000     0.00000     0.00000     0.00000
    -79.695         0.00000     0.00000     0.00000     0.00000
    -79.545         0.00000     0.00000     0.00000     0.00000
    -79.395         0.00000     0.00000     0.00000     0.00000
    -79.245         0.00000     0.00000     0.00000     0.00000
    -79.095         0.00000     0.00000     0.00000     0.00000
    -78.945         0.00000     0.00000     0.00000     0.00000
    -78.795         0.00000     0.00000     0.00000     0.00000
    -78.645         0.00000     0.00000     0.00000     0.00000
    -78.495         0.00000     0.00000     0.00000     0.00000
    -78.345         0.00000     0.00000     0.00000     0.00000
    -78.195         0.00000     0.00000     0.00000     0.00000
    -78.045         0.00000     0.00000     0.00000     0.00000
    -77.895         0.00000     0.00000     0.00000     0.00000
    -77.745         0.00000     0.00000     0.00000     0.00000
    -77.595         0.00000     0.00000     0.00000     0.00000
    -77.445         0.00000     0.00000     0.00000     0.00000
    -77.295         0.00000     0.00000     0.00000     0.00000
    -77.145         0.00000     0.00000     0.00000     0.00000
    -76.995         0.00000     0.00000     0.00000     0.00000
    -76.845         0.00000     0.00000     0.00000     0.00000
    -76.695         0.00000     0.00000     0.00000     0.00000
    -76.545         0.00000     0.00000     0.00000     0.00000
    -76.395         0.00000     0.00000     0.00000     0.00000
    -76.245         0.00000     0.00000     0.00000     0.00000
    -76.095         0.00000     0.00000     0.00000     0.00000
    -75.945         0.00000     0.00000     0.00000     0.00000
    -75.795         0.00000     0.00000     0.00000     0.00000
    -75.645         0.00000     0.00000     0.00000     0.00000
    -75.495         0.00000     0.00000     0.00000     0.00000
    -75.345         0.00000     0.00000     0.00000     0.00000
    -75.195         0.00000     0.00000     0.00000     0.00000
    -75.045         0.00000     0.00000     0.00000     0.00000
    -74.895         0.00000     0.00000     0.00000     0.00000
    -74.745         0.00000     0.00000     0.00000     0.00000
    -74.595         0.00000     0.00000     0.00000     0.00000
    -74.445         0.00000     0.00000     0.00000     0.00000
    -74.295         0.00000     0.00000     0.00000     0.00000
    -74.145         0.00000     0.00000     0.00000     0.00000
    -73.995         0.00000     0.00000     0.00000     0.00000
    -73.845         0.00000     0.00000     0.00000     0.00000
    -73.695         0.00000     0.00000     0.00000     0.00000
    -73.545         0.00000     0.00000     0.00000     0.00000
    -73.395         0.00000     0.00000     0.00000     0.00000
    -73.245         0.00000     0.00000     0.00000     0.00000
    -73.095         0.00000     0.00000     0.00000     0.00000
    -72.945         0.00000     0.00000     0.00000     0.00000
    -72.795         0.00000     0.00000     0.00000     0.00000
    -72.645         0.00000     0.00000     0.00000     0.00000
    -72.495         0.00000     0.00000     0.00000     0.00000
    -72.345         0.00000     0.00000     0.00000     0.00000
    -72.195         0.00000     0.00000     0.00000     0.00000
    -72.045         0.00000     0.00000     0.00000     0.00000
    -71.895         0.00000     0.00000     0.00000     0.00000
    -71.745         0.00000     0.00000     0.00000     0.00000
    -71.595         0.00000     0.00000     0.00000     0.00000
    -71.445         0.00000     0.00000     0.00000     0.00000
    -71.295         0.00000     0.00000     0.00000     0.00000
    -71.145         0.00000     0.00000     0.00000     0.00000
    -70.995         0.00000     0.00000     0.00000     0.00000
    -70.845         0.00000     0.00000     0.00000     0.00000
    -70.695         0.00000     0.00000     0.00000     0.00000
    -70.545         0.00000     0.00000     0.00000     0.00000
    -70.395         0.00000     0.00000     0.00000     0.00000
    -70.245         0.00000     0.00000     0.00000     0.00000
    -70.095         0.00000     0.00000     0.00000     0.00000
    -69.945         0.00000     0.00000     0.00000     0.00000
    -69.795         0.00000     0.00000     0.00000     0.00000
    -69.645         0.00000     0.00000     0.00000     0.00000
    -69.495         0.00000     0.00000     0.00000     0.00000
    -69.345         0.00000     0.00000     0.00000     0.00000
    -69.195         0.00000     0.00000     0.00000     0.00000
    -69.045         0.00000     0.00000     0.00000     0.00000
    -68.895         0.00000     0.00000     0.00000     0.00000
    -68.745         0.00000     0.00000     0.00000     0.00000
    -68.595         0.00000     0.00000     0.00000     0.00000
    -68.445         0.00000     0.00000     0.00000     0.00000
    -68.295         0.00000     0.00000     0.00000     0.00000
    -68.145         0.00000     0.00000     0.00000     0.00000
    -67.995         0.00000     0.00000     0.00000     0.00000
    -67.845         0.00000     0.00000     0.00000     0.00000
    -67.695         0.00000     0.00000     0.00000     0.00000
    -67.545         0.00000     0.00000     0.00000     0.00000
    -67.395         0.00000     0.00000     0.00000     0.00000
    -67.245         0.00000     0.00000     0.00000     0.00000
    -67.095         0.00000     0.00000     0.00000     0.00000
    -66.945         0.00000     0.00000     0.00000     0.00000
    -66.795         0.00000     0.00000     0.00000     0.00000
    -66.645         0.00000     0.00000     0.00000     0.00000
    -66.495         0.00000     0.00000     0.00000     0.00000
    -66.345         0.00000     0.00000     0.00000     0.00000
    -66.195         0.00000     0.00000     0.00000     0.00000
    -66.045         0.00000     0.00000     0.00000     0.00000
    -65.895         0.00000     0.00000     0.00000     0.00000
    -65.745         0.00000     0.00000     0.00000     0.00000
    -65.595         0.00000     0.00000     0.00000     0.00000
    -65.445         0.00000     0.00000     0.00000     0.00000
    -65.295         0.00000     0.00000     0.00000     0.00000
    -65.145         0.00000     0.00000     0.00000     0.00000
    -64.995         0.00000     0.00000     0.00000     0.00000
    -64.845         0.00000     0.00000     0.00000     0.00000
    -64.695         0.00000     0.00000     0.00000     0.00000
    -64.545         0.00000     0.00000     0.00000     0.00000
    -64.395         0.00000     0.00000     0.00000     0.00000
    -64.245         0.00000     0.00000     0.00000     0.00000
    -64.095         0.00000     0.00000     0.00000     0.00000
    -63.945         0.00000     0.00000     0.00000     0.00000
    -63.795         0.00000     0.00000     0.00000     0.00000
    -63.645         0.00000     0.00000     0.00000     0.00000
    -63.495         0.00000     0.00000     0.00000     0.00000
    -63.345         0.00000     0.00000     0.00000     0.00000
    -63.195         0.00000     0.00000     0.00000     0.00000
    -63.045         0.00000     0.00000     0.00000     0.00000
    -62.895         0.00000     0.00000     0.00000     0.00000
    -62.745         0.00000     0.00000     0.00000     0.00000
    -62.595         0.00000     0.00000     0.00000     0.00000
    -62.445         0.00000     0.00000     0.00000     0.00000
    -62.295         0.00000     0.00000     0.00000     0.00000
    -62.145         0.00000     0.00000     0.00000     0.00000
    -61.995         0.00000     0.00000     0.00000     0.00000
    -61.845         0.00000     0.00000     0.00000     0.00000
    -61.695         0.00000     0.00000     0.00000     0.00000
    -61.545         0.00000     0.00000     0.00000     0.00000
    -61.395         0.00000     0.00000     0.00000     0.00000
    -61.245         0.00000     0.00000     0.00000     0.00000
    -61.095         0.00000     0.00000     0.00000     0.00000
    -60.945         0.00000     0.00000     0.00000     0.00000
    -60.795         0.00000     0.00000     0.00000     0.00000
    -60.645         0.00000     0.00000     0.00000     0.00000
    -60.495         0.00000     0.00000     0.00000     0.00000
    -60.345         0.00000     0.00000     0.00000     0.00000
    -60.195         0.00000     0.00000     0.00000     0.00000
    -60.045         0.00000     0.00000     0.00000     0.00000
    -59.895         0.00000     0.00000     0.00000     0.00000
    -59.745         0.00000     0.00000     0.00000     0.00000
    -59.595         0.00000     0.00000     0.00000     0.00000
    -59.445         0.00000     0.00000     0.00000     0.00000
    -59.295         0.00000     0.00000     0.00000     0.00000
    -59.145         0.00000     0.00000     0.00000     0.00000
    -58.995         0.00000     0.00000     0.00000     0.00000
    -58.845         0.00000     0.00000     0.00000     0.00000
    -58.695         0.00000     0.00000     0.00000     0.00000
    -58.545         0.00000     0.00000     0.00000     0.00000
    -58.395         0.00000     0.00000     0.00000     0.00000
    -58.245         0.00000     0.00000     0.00000     0.00000
    -58.095         0.00000     0.00000     0.00000     0.00000
    -57.945         0.00000     0.00000     0.00000     0.00000
    -57.795         0.00000     0.00000     0.00000     0.00000
    -57.645         0.00000     0.00000     0.00000     0.00000
    -57.495         0.00000     0.00000     0.00000     0.00000
    -57.345         0.00000     0.00000     0.00000     0.00000
    -57.195         0.00000     0.00000     0.00000     0.00000
    -57.045         0.00000     0.00000     0.00000     0.00000
    -56.895         0.00000     0.00000     0.00000     0.00000
    -56.745         0.00000     0.00000     0.00000     0.00000
    -56.595         0.00000     0.00000     0.00000     0.00000
    -56.445         0.00000     0.00000     0.00000     0.00000
    -56.295         0.00000     0.00000     0.00000     0.00000
    -56.145         0.00000     0.00000     0.00000     0.00000
    -55.995         0.00000     0.00000     0.00000     0.00000
    -55.845         0.00000     0.00000     0.00000     0.00000
    -55.695         0.00000     0.00000     0.00000     0.00000
    -55.545         0.00000     0.00000     0.00000     0.00000
    -55.395         0.00000     0.00000     0.00000     0.00000
    -55.245         0.00000     0.00000     0.00000     0.00000
    -55.095         0.00000     0.00000     0.00000     0.00000
    -54.945         0.00000     0.00000     0.00000     0.00000
    -54.795         0.00000     0.00000     0.00000     0.00000
    -54.645         0.00000     0.00000     0.00000     0.00000
    -54.495         0.00000     0.00000     0.00000     0.00000
    -54.345         0.00000     0.00000     0.00000     0.00000
    -54.195         0.00000     0.00000     0.00000     0.00000
    -54.045         0.00000     0.00000     0.00000     0.00000
    -53.895         0.00000     0.00000     0.00000     0.00000
    -53.745         0.00000     0.00000     0.00000     0.00000
    -53.595         0.00000     0.00000     0.00000     0.00000
    -53.445         0.00000     0.00000     0.00000     0.00000
    -53.295         0.00000     0.00000     0.00000     0.00000
    -53.145         0.00000     0.00000     0.00000     0.00000
    -52.995         0.00000     0.00000     0.00000     0.00000
    -52.845         0.00000     0.00000     0.00000     0.00000
    -52.695         0.00000     0.00000     0.00000     0.00000
    -52.545         0.00000     0.00000     0.00000     0.00000
    -52.395         0.00000     0.00000     0.00000     0.00000
    -52.245         0.00000     0.00000     0.00000     0.00000
    -52.095         0.00000     0.00000     0.00000     0.00000
    -51.945         0.00000     0.00000     0.00000     0.00000
    -51.795         0.00000     0.00000     0.00000     0.00000
    -51.645         0.00000     0.00000     0.00000     0.00000
    -51.495         0.00000     0.00000     0.00000     0.00000
    -51.345         0.00000     0.00000     0.00000     0.00000
    -51.195         0.00000     0.00000     0.00000     0.00000
    -51.045         0.00000     0.00000     0.00000     0.00000
    -50.895         0.00000     0.00000     0.00000     0.00000
    -50.745         0.00000     0.00000     0.00000     0.00000
    -50.595         0.00000     0.00000     0.00000     0.00000
    -50.445         0.00000     0.00000     0.00000     0.00000
    -50.295         0.00000     0.00000     0.00000     0.00000
    -50.145         0.00000     0.00000     0.00000     0.00000
    -49.995         0.00000     0.00000     0.00000     0.00000
    -49.845         0.00000     0.00000     0.00000     0.00000
    -49.695         0.00000     0.00000     0.00000     0.00000
    -49.545         0.00000     0.00000     0.00000     0.00000
    -49.395         0.00000     0.00000     0.00000     0.00000
    -49.245         0.00000     0.00000     0.00000     0.00000
    -49.095         0.00000     0.00000     0.00000     0.00000
    -48.945         0.00000     0.00000     0.00000     0.00000
    -48.795         0.00000     0.00000     0.00000     0.00000
    -48.645         0.00000     0.00000     0.00000     0.00000
    -48.495         0.00000     0.00000     0.00000     0.00000
    -48.345         0.00000     0.00000     0.00000     0.00000
    -48.195         0.00000     0.00000     0.00000     0.00000
    -48.045         0.00000     0.00000     0.00000     0.00000
    -47.895         0.00000     0.00000     0.00000     0.00000
    -47.745         0.00000     0.00000     0.00000     0.00000
    -47.595         0.00000     0.00000     0.00000     0.00000
    -47.445         0.00000     0.00000     0.00000     0.00000
    -47.295         0.00000     0.00000     0.00000     0.00000
    -47.145         0.00000     0.00000     0.00000     0.00000
    -46.995         0.00000     0.00000     0.00000     0.00000
    -46.845         0.00000     0.00000     0.00000     0.00000
    -46.695         0.00000     0.00000     0.00000     0.00000
    -46.545         0.00000     0.00000     0.00000     0.00000
    -46.395         0.00000     0.00000     0.00000     0.00000
    -46.245         0.00000     0.00000     0.00000     0.00000
    -46.095         0.00000     0.00000     0.00000     0.00000
    -45.945         0.00000     0.00000     0.00000     0.00000
    -45.795         0.00000     0.00000     0.00000     0.00000
    -45.645         0.00000     0.00000     0.00000     0.00000
    -45.495         0.00000     0.00000     0.00000     0.00000
    -45.345         0.00000     0.00000     0.00000     0.00000
    -45.195         0.00000     0.00000     0.00000     0.00000
    -45.045         0.00000     0.00000     0.00000     0.00000
    -44.895         0.00000     0.00000     0.00000     0.00000
    -44.745         0.00000     0.00000     0.00000     0.00000
    -44.595         0.00000     0.00000     0.00000     0.00000
    -44.445         0.00000     0.00000     0.00000     0.00000
    -44.295         0.00000     0.00000     0.00000     0.00000
    -44.145         0.00000     0.00000     0.00000     0.00000
    -43.995         0.00000     0.00000     0.00000     0.00000
    -43.845         0.00000     0.00000     0.00000     0.00000
    -43.695         0.00000     0.00000     0.00000     0.00000
    -43.545         0.00000     0.00000     0.00000     0.00000
    -43.395         0.00000     0.00000     0.00000     0.00000
    -43.245         0.00000     0.00000     0.00000     0.00000
    -43.095         0.00000     0.00000     0.00000     0.00000
    -42.945         0.00000     0.00000     0.00000     0.00000
    -42.795         0.00000     0.00000     0.00000     0.00000
    -42.645         0.00000     0.00000     0.00000     0.00000
    -42.495         0.00000     0.00000     0.00000     0.00000
    -42.345         0.00000     0.00000     0.00000     0.00000
    -42.195         0.00000     0.00000     0.00000     0.00000
    -42.045         0.00000     0.00000     0.00000     0.00000
    -41.895         0.00000     0.00000     0.00000     0.00000
    -41.745         0.00000     0.00000     0.00000     0.00000
    -41.595         0.00000     0.00000     0.00000     0.00000
    -41.445         0.00000     0.00000     0.00000     0.00000
    -41.295         0.00000     0.00000     0.00000     0.00000
    -41.145         0.00000     0.00000     0.00000     0.00000
    -40.995         0.00000     0.00000     0.00000     0.00000
    -40.845         0.00000     0.00000     0.00000     0.00000
    -40.695         0.00000     0.00000     0.00000     0.00000
    -40.545         0.00000     0.00000     0.00000     0.00000
    -40.395         0.00000     0.00000     0.00000     0.00000
    -40.245         0.00000     0.00000     0.00000     0.00000
    -40.095         0.00000     0.00000     0.00000     0.00000
    -39.945         0.00000     0.00000     0.00000     0.00000
    -39.795         0.00000     0.00000     0.00000     0.00000
    -39.645         0.00000     0.00000     0.00000     0.00000
    -39.495         0.00000     0.00000     0.00000     0.00000
    -39.345         0.00000     0.00000     0.00000     0.00000
    -39.195         0.00000     0.00000     0.00000     0.00000
    -39.045         0.00000     0.00000     0.00000     0.00000
    -38.895         0.00000     0.00000     0.00000     0.00000
    -38.745         0.00000     0.00000     0.00000     0.00000
    -38.595         0.00000     0.00000     0.00000     0.00000
    -38.445         0.00000     0.00000     0.00000     0.00000
    -38.295         0.00000     0.00000     0.00000     0.00000
    -38.145         0.00000     0.00000     0.00000     0.00000
    -37.995         0.00000     0.00000     0.00000     0.00000
    -37.845         0.00000     0.00000     0.00000     0.00000
    -37.695         0.00000     0.00000     0.00000     0.00000
    -37.545         0.00000     0.00000     0.00000     0.00000
    -37.395         0.00000     0.00000     0.00000     0.00000
    -37.245         0.00000     0.00000     0.00000     0.00000
    -37.095         0.00000     0.00000     0.00000     0.00000
    -36.945         0.00000     0.00000     0.00000     0.00000
    -36.795         0.00000     0.00000     0.00000     0.00000
    -36.645         0.00000     0.00000     0.00000     0.00000
    -36.495         0.00000     0.00000     0.00000     0.00000
    -36.345         0.00000     0.00000     0.00000     0.00000
    -36.195         0.00000     0.00000     0.00000     0.00000
    -36.045         0.00000     0.00000     0.00000     0.00000
    -35.895         0.00000     0.00000     0.00000     0.00000
    -35.745         0.00000     0.00000     0.00000     0.00000
    -35.595         0.00000     0.00000     0.00000     0.00000
    -35.445         0.00000     0.00000     0.00000     0.00000
    -35.295         0.00000     0.00000     0.00000     0.00000
    -35.145         0.00000     0.00000     0.00000     0.00000
    -34.995         0.00000     0.00000     0.00000     0.00000
    -34.845         0.00000     0.00000     0.00000     0.00000
    -34.695         0.00000     0.00000     0.00000     0.00000
    -34.545         0.00000     0.00000     0.00000     0.00000
    -34.395         0.00000     0.00000     0.00000     0.00000
    -34.245         0.00000     0.00000     0.00000     0.00000
    -34.095         0.00000     0.00000     0.00000     0.00000
    -33.945         0.00000     0.00000     0.00000     0.00000
    -33.795         0.00000     0.00000     0.00000     0.00000
    -33.645         0.00000     0.00000     0.00000     0.00000
    -33.495         0.00000     0.00000     0.00000     0.00000
    -33.345         0.00000     0.00000     0.00000     0.00000
    -33.195         0.00000     0.00000     0.00000     0.00000
    -33.045         0.00000     0.00000     0.00000     0.00000
    -32.895         0.00000     0.00000     0.00000     0.00000
    -32.745         0.00000     0.00000     0.00000     0.00000
    -32.595         0.00000     0.00000     0.00000     0.00000
    -32.445         0.00000     0.00000     0.00000     0.00000
    -32.295         0.00000     0.00000     0.00000     0.00000
    -32.145         0.00000     0.00000     0.00000     0.00000
    -31.995         0.00000     0.00000     0.00000     0.00000
    -31.845         0.00000     0.00000     0.00000     0.00000
    -31.695         0.00000     0.00000     0.00000     0.00000
    -31.545         0.00000     0.00000     0.00000     0.00000
    -31.395         0.00000     0.00000     0.00000     0.00000
    -31.245         0.00000     0.00000     0.00000     0.00000
    -31.095         0.00000     0.00000     0.00000     0.00000
    -30.945         0.00000     0.00000     0.00000     0.00000
    -30.795         0.00000     0.00000     0.00000     0.00000
    -30.645         0.00000     0.00000     0.00000     0.00000
    -30.495         0.00000     0.00000     0.00000     0.00000
    -30.345         0.00000     0.00000     0.00000     0.00000
    -30.195         0.00000     0.00000     0.00000     0.00000
    -30.045         0.00000     0.00000     0.00000     0.00000
    -29.895         0.00000     0.00000     0.00000     0.00000
    -29.745         0.00000     0.00000     0.00000     0.00000
    -29.595         0.00000     0.00000     0.00000     0.00000
    -29.445         0.00000     0.00000     0.00000     0.00000
    -29.295         0.00000     0.00000     0.00000     0.00000
    -29.145         0.00000     0.00000     0.00000     0.00000
    -28.995         0.00000     0.00000     0.00000     0.00000
    -28.845         0.00000     0.00000     0.00000     0.00000
    -28.695         0.00000     0.00000     0.00000     0.00000
    -28.545         0.00000     0.00000     0.00000     0.00000
    -28.395         0.00000     0.00000     0.00000     0.00000
    -28.245         0.00000     0.00000     0.00000     0.00000
    -28.095         0.00000     0.00000     0.00000     0.00000
    -27.945         0.00000     0.00000     0.00000     0.00000
    -27.795         0.00000     0.00000     0.00000     0.00000
    -27.645         0.00000     0.00000     0.00000     0.00000
    -27.495         0.00000     0.00000     0.00000     0.00000
    -27.345         0.00000     0.00000     0.00000     0.00000
    -27.195         0.00000     0.00000     0.00000     0.00000
    -27.045         0.00000     0.00000     0.00000     0.00000
    -26.895         0.00000     0.00000     0.00000     0.00000
    -26.745         0.00000     0.00000     0.00000     0.00000
    -26.595         0.00000     0.00000     0.00000     0.00000
    -26.445         0.00000     0.00000     0.00000     0.00000
    -26.295         0.00000     0.00000     0.00000     0.00000
    -26.145         0.00000     0.00000     0.00000     0.00000
    -25.995         0.00000     0.00000     0.00000     0.00000
    -25.845         0.00000     0.00000     0.00000     0.00000
    -25.695         0.00000     0.00000     0.00000     0.00000
    -25.545         0.00000     0.00000     0.00000     0.00000
    -25.395         0.00000     0.00000     0.00000     0.00000
    -25.245         0.00000     0.00000     0.00000     0.00000
    -25.095         0.00000     0.00000     0.00000     0.00000
    -24.945         0.00000     0.00000     0.00000     0.00000
    -24.795         0.00000     0.00000     0.00000     0.00000
    -24.645         0.00000     0.00000     0.00000     0.00000
    -24.495         0.00000     0.00000     0.00000     0.00000
    -24.345         0.00000     0.00000     0.00000     0.00000
    -24.195         0.00000     0.00000     0.00000     0.00000
    -24.045         0.00000     0.00000     0.00000     0.00000
    -23.895         0.00000     0.00000     0.00000     0.00000
    -23.745         0.00000     0.00000     0.00000     0.00000
    -23.595         0.00000     0.00000     0.00000     0.00000
    -23.445         0.00000     0.00000     0.00000     0.00000
    -23.295         0.00000     0.00000     0.00000     0.00000
    -23.145         0.00000     0.00000     0.00000     0.00000
    -22.995         0.00000     0.00000     0.00000     0.00000
    -22.845         0.00000     0.00000     0.00000     0.00000
    -22.695         0.00000     0.00000     0.00000     0.00000
    -22.545         0.00000     0.00000     0.00000     0.00000
    -22.395         0.00000     0.00000     0.00000     0.00000
    -22.245         0.00000     0.00000     0.00000     0.00000
    -22.095         0.00000     0.00000     0.00000     0.00000
    -21.945         0.00000     0.00000     0.00000     0.00000
    -21.795         0.00000     0.00000     0.00000     0.00000
    -21.645         0.00000     0.00000     0.00000     0.00000
    -21.495         0.00000     0.00000     0.00000     0.00000
    -21.345         0.00000     0.00000     0.00000     0.00000
    -21.195         0.00000     0.00000     0.00000     0.00000
    -21.045         0.00000     0.00000     0.00000     0.00000
    -20.895         0.00000     0.00000     0.00000     0.00000
    -20.745         0.00000     0.00000     0.00000     0.00000
    -20.595         0.00000     0.00000     0.00000     0.00000
    -20.445         0.00000     0.00000     0.00000     0.00000
    -20.295         0.00000     0.00000     0.00000     0.00000
    -20.145         0.00000     0.00000     0.00000     0.00000
    -19.995         0.00000     0.00000     0.00000     0.00000
    -19.845         0.00000     0.00000     0.00000     0.00000
    -19.695         0.00000     0.00000     0.00000     0.00000
    -19.545         0.00000     0.00000     0.00000     0.00000
    -19.395         0.00000     0.00000     0.00000     0.00000
    -19.245         0.00000     0.00000     0.00000     0.00000
    -19.095         0.00000     0.00000     0.00000     0.00000
    -18.945         0.00000     0.00000     0.00000     0.00000
    -18.795         0.00000     0.00000     0.00000     0.00000
    -18.645         0.00000     0.00000     0.00000     0.00000
    -18.495         0.00000     0.00000     0.00000     0.00000
    -18.345         0.00000     0.00000     0.00000     0.00000
    -18.195         0.00000     0.00000     0.00000     0.00000
    -18.045         0.00000     0.00000     0.00000     0.00000
    -17.895         0.00000     0.00000     0.00000     0.00000
    -17.745         0.00000     0.00000     0.00000     0.00000
    -17.595         0.00000     0.00000     0.00000     0.00000
    -17.445         0.00000     0.00000     0.00000     0.00000
    -17.295         0.00000     0.00000     0.00000     0.00000
    -17.145         0.00000     0.00000     0.00000     0.00000
    -16.995         0.00000     0.00000     0.00000     0.00000
    -16.845         0.00000     0.00000     0.00000     0.00000
    -16.695         0.00000     0.00000     0.00000     0.00000
    -16.545         0.00000     0.00000     0.00000     0.00000
    -16.395         0.00000     0.00000     0.00000     0.00000
    -16.245         0.00000     0.00000     0.00000     0.00000
    -16.095         0.00000     0.00000     0.00000     0.00000
    -15.945         0.00000     0.00000     0.00000     0.00000
    -15.795         0.00000     0.00000     0.00000     0.00000
    -15.645         0.00000     0.00000     0.00000     0.00000
    -15.495         0.00000     0.00000     0.00000     0.00000
    -15.345         0.00000     0.00000     0.00000     0.00000
    -15.195         0.00000     0.00000     0.00000     0.00000
    -15.045         0.00000     0.00000     0.00000     0.00000
    -14.895         0.00000     0.00000     0.00000     0.00000
    -14.745         0.00000     0.00000     0.00000     0.00000
    -14.595         0.00000     0.00000     0.00000     0.00000
    -14.445         0.00000     0.00000     0.00000     0.00000
    -14.295         0.00000     0.00000     0.00000     0.00000
    -14.145         0.00000     0.00000     0.00000     0.00000
    -13.995         0.00000     0.00000     0.00000     0.00000
    -13.845         0.00000     0.00000     0.00000     0.00000
    -13.695         0.00000     0.00000     0.00000     0.00000
    -13.545         0.00000     0.00000     0.00000     0.00000
    -13.395         0.00000     0.00000     0.00000     0.00000
    -13.245         0.00000     0.00000     0.00000     0.00000
    -13.095         0.00000     0.00000     0.00000     0.00000
    -12.945         0.00000     0.00000     0.00000     0.00000
    -12.795         0.00000     0.00000     0.00000     0.00000
    -12.645         0.00000     0.00000     0.00000     0.00000
    -12.495         0.00000     0.00000     0.00000     0.00000
    -12.345         0.00000     0.00000     0.00000     0.00000
    -12.195         0.00000     0.00000     0.00000     0.00000
    -12.045         0.00000     0.00000     0.00000     0.00000
    -11.895         0.00000     0.00000     0.00000     0.00000
    -11.745         0.00000     0.00000     0.00000     0.00000
    -11.595         0.00000     0.00000     0.00000     0.00000
    -11.445         0.00000     0.00000     0.00000     0.00000
    -11.295         0.00000     0.00000     0.00000     0.00000
    -11.145         0.00000     0.00000     0.00000     0.00000
    -10.995         0.00000     0.00000     0.00000     0.00000
    -10.845         0.00000     0.00000     0.00000     0.00000
    -10.695         0.00000     0.00000     0.00000     0.00000
    -10.545         0.00000     0.00000     0.00000     0.00000
    -10.395         0.00000     0.00000     0.00000     0.00000
    -10.245         0.00000     0.00000     0.00000     0.00000
    -10.095         0.00000     0.00000     0.00000     0.00000
    -9.9450         0.00000     0.00000     0.00000     0.00000
    -9.7950         0.00000     0.00000     0.00000     0.00000
    -9.6450         0.00000     0.00000     0.00000     0.00000
    -9.4950         0.00000     0.00000     0.00000     0.00000
    -9.3450         0.00000     0.00000     0.00000     0.00000
    -9.1950         0.00000     0.00000     0.00000     0.00000
    -9.0450         0.00000     0.00000     0.00000     0.00000
    -8.8950         0.00000     0.00000     0.00000     0.00000
    -8.7450         0.00000     0.00000     0.00000     0.00000
    -8.5950         0.00000     0.00000     0.00000     0.00000
    -8.4450         0.00000     0.00000     0.00000     0.00000
    -8.2950         0.00000     0.00000     0.00000     0.00000
    -8.1450         0.00000     0.00000     0.00000     0.00000
    -7.9950         0.00000     0.00000     0.00000     0.00000
    -7.8450         0.00000     0.00000     0.00000     0.00000
    -7.6950         0.00000     0.00000     0.00000     0.00000
    -7.5450         0.00000     0.00000     0.00000     0.00000
    -7.3950         0.00000     0.00000     0.00000     0.00000
    -7.2450         0.00000     0.00000     0.00000     0.00000
    -7.0950         0.00000     0.00000     0.00000     0.00000
    -6.9450         0.00000     0.00000     0.00000     0.00000
    -6.7950         0.00000     0.00000     0.00000     0.00000
    -6.6450         0.00000     0.00000     0.00000     0.00000
    -6.4950         0.00000     0.00000     0.00000     0.00000
    -6.3450         0.00000     0.00000     0.00000     0.00000
    -6.1950         0.00000     0.00000     0.00000     0.00000
    -6.0450         0.00000     0.00000     0.00000     0.00000
    -5.8950         0.00000     0.00000     0.00000     0.00000
    -5.7450         0.00000     0.00000     0.00000     0.00000
    -5.5950         0.00000     0.00000     0.00000     0.00000
    -5.4450         0.00000     0.00000     0.00000     0.00000
    -5.2950         0.00000     0.00000     0.00000     0.00000
    -5.1450         0.00000     0.00000     0.00000     0.00000
    -4.9950         0.00000     0.00000     0.00000     0.00000
    -4.8450         0.00000     0.00000     0.00000     0.00000
    -4.6950         0.00000     0.00000     0.00000     0.00000
    -4.5450         0.00000     0.00000     0.00000     0.00000
    -4.3950         0.00000     0.00000     0.00000     0.00000
    -4.2450         0.00000     0.00000     0.00000     0.00000
    -4.0950         0.00000     0.00000     0.00000     0.00000
    -3.9450         0.00000     0.00000     0.00000     0.00000
    -3.7950         0.00000     0.00000     0.00000     0.00000
    -3.6450         0.00000     0.00000     0.00000     0.00000
    -3.4950         0.00000     0.00000     0.00000     0.00000
    -3.3450         0.00000     0.00000     0.00000     0.00000
    -3.1950         0.00000     0.00000     0.00000     0.00000
    -3.0450         0.00000     0.00000     0.00000     0.00000
    -2.8950         0.00000     0.00000     0.00000     0.00000
    -2.7450         0.00000     0.00000     0.00000     0.00000
    -2.5950        -0.00000    -0.00000     0.00000     0.00000
    -2.4450        -0.00000    -0.00000     0.00000     0.00000
    -2.2950        -0.00000    -0.00000     0.00000     0.00000
    -2.1450         0.00000     0.00000     0.00000     0.00000
    -1.9950         0.00000     0.00000     0.00000     0.00000
    -1.8450         0.00001     0.00001     0.00000     0.00000
    -1.6950        -0.00014    -0.00014     0.00000     0.00000
    -1.5450        -0.00018    -0.00009     0.00000    -0.00010
    -1.3950        -0.00093     0.00003    -0.00018    -0.00078
    -1.2450        -0.00572    -0.00028    -0.00099    -0.00446
    -1.0950        -0.02279    -0.00079    -0.00485    -0.01714
   -0.94500        -0.08354    -0.00186    -0.01667    -0.06501
   -0.79500        -0.32434    -0.00415    -0.03959    -0.28060
   -0.64500        -1.29442    -0.00667    -0.06815    -1.21960
   -0.49500        -3.53627    -0.01114    -0.09069    -3.43444
   -0.34500        -6.42315    -0.01702    -0.11141    -6.29473
   -0.22700        -7.19682    -0.01925    -0.11904    -7.05853
   -0.21300        -7.28320    -0.01911    -0.12004    -7.14405
   -0.20700        -7.36875    -0.01909    -0.12103    -7.22864
   -0.20100        -7.45324    -0.01960    -0.12206    -7.31157
   -0.19500        -7.53774    -0.02012    -0.12306    -7.39456
   -0.18900        -7.62024    -0.02042    -0.12415    -7.47567
   -0.18300        -7.70285    -0.02051    -0.12516    -7.55717
   -0.17700        -7.78568    -0.02106    -0.12624    -7.63838
   -0.17100        -7.86796    -0.02110    -0.12744    -7.71942
   -0.16500        -7.95101    -0.02162    -0.12861    -7.80078
   -0.15900        -8.03391    -0.02201    -0.12984    -7.88207
   -0.15300        -8.11689    -0.02185    -0.13110    -7.96395
   -0.14700        -8.19954    -0.02197    -0.13234    -8.04523
   -0.14100        -8.28413    -0.02245    -0.13370    -8.12798
   -0.13500        -8.36884    -0.02253    -0.13511    -8.21120
   -0.12900        -8.45508    -0.02300    -0.13658    -8.29551
   -0.12300        -8.54248    -0.02326    -0.13802    -8.38119
   -0.11700        -8.63152    -0.02348    -0.13959    -8.46846
   -0.11100        -8.72246    -0.02410    -0.14120    -8.55717
   -0.10500        -8.81553    -0.02444    -0.14285    -8.64824
   -0.99000E-01    -8.91168    -0.02510    -0.14464    -8.74193
   -0.93000E-01    -9.01072    -0.02591    -0.14644    -8.83837
   -0.87000E-01    -9.11394    -0.02632    -0.14834    -8.93928
   -0.81000E-01    -9.22314    -0.02728    -0.15030    -9.04556
   -0.75000E-01    -9.33837    -0.02823    -0.15236    -9.15778
   -0.69000E-01    -9.46076    -0.02923    -0.15450    -9.27703
   -0.63000E-01    -9.59217    -0.03060    -0.15688    -9.40469
   -0.57000E-01    -9.73482    -0.03168    -0.15951    -9.54363
   -0.51000E-01    -9.88987    -0.03315    -0.16226    -9.69445
   -0.45000E-01   -10.05923    -0.03508    -0.16528    -9.85887
   -0.39000E-01   -10.24295    -0.03729    -0.16876   -10.03690
   -0.33000E-01   -10.44196    -0.04009    -0.17289   -10.22898
   -0.27000E-01   -10.65812    -0.04360    -0.17823   -10.43630
   -0.21300E-01   -10.81882    -0.04658    -0.18311   -10.58913
   -0.19500E-01   -10.84361    -0.04706    -0.18394   -10.61261
   -0.18900E-01   -10.86867    -0.04758    -0.18482   -10.63627
   -0.18300E-01   -10.89418    -0.04809    -0.18578   -10.66031
   -0.17700E-01   -10.92008    -0.04866    -0.18681   -10.68460
   -0.17100E-01   -10.94620    -0.04923    -0.18786   -10.70912
   -0.16500E-01   -10.97296    -0.04982    -0.18899   -10.73416
   -0.15900E-01   -11.00011    -0.05041    -0.19020   -10.75950
   -0.15300E-01   -11.02751    -0.05103    -0.19147   -10.78501
   -0.14700E-01   -11.05548    -0.05169    -0.19286   -10.81092
   -0.14100E-01   -11.08406    -0.05236    -0.19437   -10.83733
   -0.13500E-01   -11.11320    -0.05307    -0.19597   -10.86417
   -0.12900E-01   -11.14275    -0.05380    -0.19772   -10.89124
   -0.12300E-01   -11.17293    -0.05457    -0.19957   -10.91879
   -0.11700E-01   -11.20395    -0.05541    -0.20165   -10.94689
   -0.11100E-01   -11.23564    -0.05626    -0.20388   -10.97550
   -0.10500E-01   -11.26796    -0.05715    -0.20637   -11.00444
   -0.99000E-02   -11.30107    -0.05808    -0.20910   -11.03389
   -0.93000E-02   -11.33507    -0.05905    -0.21210   -11.06391
   -0.87000E-02   -11.37001    -0.06008    -0.21552   -11.09441
   -0.81000E-02   -11.40609    -0.06116    -0.21938   -11.12555
   -0.75000E-02   -11.44316    -0.06229    -0.22383   -11.15704
   -0.69000E-02   -11.48156    -0.06350    -0.22901   -11.18905
   -0.63000E-02   -11.52146    -0.06476    -0.23525   -11.22145
   -0.57000E-02   -11.56327    -0.06608    -0.24290   -11.25429
   -0.51000E-02   -11.60782    -0.06749    -0.25281   -11.28751
   -0.45000E-02   -11.65646    -0.06896    -0.26650   -11.32100
   -0.39000E-02   -11.71202    -0.07049    -0.28672   -11.35480
   -0.33000E-02   -11.77887    -0.07209    -0.31771   -11.38907
   -0.27000E-02   -11.85998    -0.07374    -0.36207   -11.42417
   -0.21000E-02   -11.93544    -0.07536    -0.39830   -11.46178
   -0.15000E-02   -11.99794    -0.07691    -0.41355   -11.50748
   -0.90000E-03   -12.08105    -0.07818    -0.41856   -11.58430
   -0.30000E-03   -13.51962    -0.07879    -0.41953   -13.02130
    0.30000E-03   -12.08120    -0.07782    -0.41893   -11.58445
    0.90000E-03   -12.00775    -0.07278    -0.41768   -11.51729
    0.15000E-02   -11.96522    -0.05751    -0.41617   -11.49155
    0.21000E-02   -11.91669    -0.02100    -0.41454   -11.48115
    0.27000E-02   -11.86626     0.02367    -0.41291   -11.47701
    0.33000E-02   -11.83196     0.05474    -0.41133   -11.47538
    0.39000E-02   -11.80949     0.07503    -0.40978   -11.47475
    0.45000E-02   -11.79389     0.08889    -0.40829   -11.47450
    0.51000E-02   -11.78241     0.09889    -0.40688   -11.47442
    0.57000E-02   -11.77332     0.10660    -0.40554   -11.47438
    0.63000E-02   -11.76589     0.11272    -0.40425   -11.47436
    0.69000E-02   -11.75955     0.11783    -0.40304   -11.47434
    0.75000E-02   -11.75407     0.12215    -0.40190   -11.47432
    0.81000E-02   -11.74917     0.12593    -0.40079   -11.47431
    0.87000E-02   -11.74489     0.12917    -0.39977   -11.47429
    0.93000E-02   -11.74099     0.13208    -0.39879   -11.47428
    0.99000E-02   -11.73741     0.13469    -0.39784   -11.47426
    0.10500E-01   -11.73420     0.13703    -0.39698   -11.47424
    0.11100E-01   -11.73122     0.13915    -0.39615   -11.47422
    0.11700E-01   -11.72848     0.14109    -0.39536   -11.47420
    0.12300E-01   -11.72595     0.14287    -0.39463   -11.47419
    0.12900E-01   -11.72359     0.14449    -0.39392   -11.47416
    0.13500E-01   -11.72138     0.14600    -0.39324   -11.47414
    0.14100E-01   -11.71934     0.14740    -0.39261   -11.47412
    0.14700E-01   -11.71739     0.14868    -0.39199   -11.47409
    0.15300E-01   -11.71565     0.14983    -0.39141   -11.47407
    0.15900E-01   -11.71400     0.15094    -0.39089   -11.47405
    0.16500E-01   -11.71244     0.15197    -0.39039   -11.47402
    0.17100E-01   -11.71093     0.15297    -0.38990   -11.47400
    0.17700E-01   -11.70945     0.15394    -0.38943   -11.47397
    0.18300E-01   -11.70808     0.15482    -0.38896   -11.47394
    0.18900E-01   -11.70683     0.15559    -0.38852   -11.47390
    0.19500E-01   -11.70565     0.15635    -0.38813   -11.47387
    0.21300E-01   -11.69877     0.16066    -0.38580   -11.47364
    0.27000E-01   -11.69186     0.16498    -0.38363   -11.47321
    0.33000E-01   -11.68735     0.16764    -0.38229   -11.47271
    0.39000E-01   -11.68396     0.16956    -0.38143   -11.47210
    0.45000E-01   -11.68147     0.17081    -0.38087   -11.47141
    0.51000E-01   -11.67954     0.17169    -0.38061   -11.47062
    0.57000E-01   -11.67790     0.17234    -0.38046   -11.46977
    0.63000E-01   -11.67640     0.17278    -0.38037   -11.46881
    0.69000E-01   -11.67507     0.17311    -0.38029   -11.46788
    0.75000E-01   -11.67378     0.17334    -0.38024   -11.46687
    0.81000E-01   -11.67240     0.17355    -0.38020   -11.46574
    0.87000E-01   -11.67082     0.17374    -0.38001   -11.46455
    0.93000E-01   -11.66950     0.17383    -0.37999   -11.46334
    0.99000E-01   -11.66813     0.17390    -0.37998   -11.46205
    0.10500       -11.66664     0.17395    -0.37997   -11.46063
    0.11100       -11.66493     0.17426    -0.37987   -11.45931
    0.11700       -11.66316     0.17449    -0.37979   -11.45787
    0.12300       -11.66157     0.17452    -0.37970   -11.45639
    0.12900       -11.65992     0.17454    -0.37962   -11.45483
    0.13500       -11.65806     0.17466    -0.37955   -11.45318
    0.14100       -11.65625     0.17478    -0.37947   -11.45156
    0.14700       -11.65433     0.17489    -0.37939   -11.44983
    0.15300       -11.65257     0.17491    -0.37932   -11.44816
    0.15900       -11.65056     0.17500    -0.37925   -11.44631
    0.16500       -11.64847     0.17510    -0.37917   -11.44440
    0.17100       -11.64636     0.17518    -0.37910   -11.44245
    0.17700       -11.64427     0.17527    -0.37902   -11.44051
    0.18300       -11.64230     0.17535    -0.37901   -11.43865
    0.18900       -11.64035     0.17544    -0.37893   -11.43686
    0.19500       -11.63813     0.17552    -0.37886   -11.43478
    0.20100       -11.63602     0.17560    -0.37879   -11.43282
    0.20700       -11.63392     0.17568    -0.37878   -11.43082
    0.21300       -11.63160     0.17576    -0.37871   -11.42865
    0.22700       -11.61148     0.17607    -0.37846   -11.40909
    0.34500       -11.54113     0.17721    -0.37744   -11.34090
    0.49500       -11.46456     0.17863    -0.37682   -11.26637
    0.64500       -11.38294     0.17984    -0.37551   -11.18726
    0.79500       -11.29847     0.18093    -0.37469   -11.10471
    0.94500       -11.21270     0.18192    -0.37355   -11.02107
     1.0950       -11.12661     0.18281    -0.37248   -10.93694
     1.2450       -11.04057     0.18365    -0.37148   -10.85274
     1.3950       -10.95563     0.18442    -0.37055   -10.76950
     1.5450       -10.87209     0.18513    -0.36967   -10.68755
     1.6950       -10.79051     0.18580    -0.36883   -10.60748
     1.8450       -10.71058     0.18642    -0.36804   -10.52896
     1.9950       -10.63336     0.18702    -0.36727   -10.45311
     2.1450       -10.55848     0.18758    -0.36655   -10.37951
     2.2950       -10.48625     0.18810    -0.36586   -10.30849
     2.4450       -10.41624     0.18860    -0.36520   -10.23964
     2.5950       -10.34909     0.18909    -0.36457   -10.17361
     2.7450       -10.28363     0.18954    -0.36396   -10.10921
     2.8950       -10.22060     0.19000    -0.36337   -10.04723
     3.0450       -10.15972     0.19043    -0.36280    -9.98735
     3.1950       -10.10134     0.19083    -0.36224    -9.92993
     3.3450       -10.04506     0.19123    -0.36171    -9.87458
     3.4950        -9.99085     0.19161    -0.36119    -9.82127
     3.6450        -9.93850     0.19199    -0.36070    -9.76979
     3.7950        -9.88790     0.19234    -0.36020    -9.72003
     3.9450        -9.83863     0.19268    -0.35973    -9.67158
     4.0950        -9.79101     0.19301    -0.35928    -9.62474
     4.2450        -9.74491     0.19333    -0.35884    -9.57940
     4.3950        -9.70013     0.19365    -0.35840    -9.53538
     4.5450        -9.65667     0.19396    -0.35797    -9.49266
     4.6950        -9.61441     0.19426    -0.35756    -9.45111
     4.8450        -9.57339     0.19455    -0.35716    -9.41078
     4.9950        -9.53346     0.19483    -0.35677    -9.37151
     5.1450        -9.49459     0.19510    -0.35639    -9.33330
     5.2950        -9.45674     0.19536    -0.35602    -9.29609
     5.4450        -9.41982     0.19562    -0.35566    -9.25977
     5.5950        -9.38321     0.19588    -0.35531    -9.22378
     5.7450        -9.34804     0.19613    -0.35496    -9.18920
     5.8950        -9.31371     0.19637    -0.35462    -9.15546
     6.0450        -9.28014     0.19661    -0.35429    -9.12247
     6.1950        -9.24733     0.19684    -0.35396    -9.09021
     6.3450        -9.21525     0.19706    -0.35364    -9.05867
     6.4950        -9.18388     0.19728    -0.35333    -9.02783
     6.6450        -9.15313     0.19750    -0.35302    -8.99761
     6.7950        -9.12301     0.19771    -0.35272    -8.96800
     6.9450        -9.09344     0.19792    -0.35243    -8.93894
     7.0950        -9.06457     0.19812    -0.35214    -8.91055
     7.2450        -9.03622     0.19832    -0.35186    -8.88269
     7.3950        -9.00841     0.19851    -0.35158    -8.85535
     7.5450        -8.98114     0.19871    -0.35130    -8.82855
     7.6950        -8.95435     0.19890    -0.35103    -8.80222
     7.8450        -8.92807     0.19909    -0.35076    -8.77640
     7.9950        -8.90227     0.19927    -0.35050    -8.75104
     8.1450        -8.87692     0.19945    -0.35025    -8.72612
     8.2950        -8.85197     0.19963    -0.35000    -8.70160
     8.4450        -8.82753     0.19981    -0.34975    -8.67758
     8.5950        -8.80341     0.19997    -0.34950    -8.65389
     8.7450        -8.77973     0.20014    -0.34925    -8.63062
     8.8950        -8.75641     0.20030    -0.34902    -8.60769
     9.0450        -8.73345     0.20046    -0.34878    -8.58513
     9.1950        -8.71087     0.20063    -0.34855    -8.56295
     9.3450        -8.68863     0.20079    -0.34832    -8.54110
     9.4950        -8.66670     0.20094    -0.34810    -8.51955
     9.6450        -8.64516     0.20110    -0.34788    -8.49838
     9.7950        -8.62393     0.20125    -0.34766    -8.47752
     9.9450        -8.60297     0.20140    -0.34744    -8.45692
     10.095        -8.58235     0.20155    -0.34724    -8.43666
     10.245        -8.56200     0.20169    -0.34703    -8.41666
     10.395        -8.54194     0.20184    -0.34682    -8.39696
     10.545        -8.52219     0.20198    -0.34662    -8.37755
     10.695        -8.50272     0.20213    -0.34641    -8.35844
     10.845        -8.48354     0.20227    -0.34621    -8.33960
     10.995        -8.46460     0.20240    -0.34602    -8.32098
     11.145        -8.44588     0.20254    -0.34583    -8.30259
     11.295        -8.42739     0.20267    -0.34564    -8.28442
     11.445        -8.40912     0.20280    -0.34545    -8.26648
     11.595        -8.39108     0.20293    -0.34526    -8.24875
     11.745        -8.37334     0.20305    -0.34508    -8.23132
     11.895        -8.35580     0.20318    -0.34489    -8.21409
     12.045        -8.33847     0.20331    -0.34471    -8.19706
     12.195        -8.32135     0.20343    -0.34453    -8.18024
     12.345        -8.30441     0.20355    -0.34435    -8.16361
     12.495        -8.28770     0.20367    -0.34418    -8.14719
     12.645        -8.27116     0.20380    -0.34401    -8.13095
     12.795        -8.25483     0.20392    -0.34384    -8.11491
     12.945        -8.23875     0.20404    -0.34367    -8.09912
     13.095        -8.22280     0.20415    -0.34350    -8.08345
     13.245        -8.20706     0.20427    -0.34334    -8.06799
     13.395        -8.19148     0.20438    -0.34318    -8.05269
     13.545        -8.17605     0.20450    -0.34302    -8.03753
     13.695        -8.16082     0.20461    -0.34286    -8.02257
     13.845        -8.14573     0.20472    -0.34270    -8.00775
     13.995        -8.13078     0.20482    -0.34255    -7.99306
     14.145        -8.11600     0.20493    -0.34240    -7.97853
     14.295        -8.10140     0.20503    -0.34224    -7.96420
     14.445        -8.08692     0.20514    -0.34209    -7.94997
     14.595        -8.07261     0.20524    -0.34194    -7.93592
     14.745        -8.05847     0.20534    -0.34179    -7.92202
     14.895        -8.04443     0.20544    -0.34164    -7.90823
     15.045        -8.03056     0.20554    -0.34150    -7.89461
     15.195        -8.01682     0.20564    -0.34135    -7.88111
     15.345        -8.00319     0.20574    -0.34121    -7.86772
     15.495        -7.98972     0.20584    -0.34107    -7.85449
     15.645        -7.97641     0.20594    -0.34092    -7.84142
     15.795        -7.96317     0.20603    -0.34078    -7.82843
     15.945        -7.95008     0.20613    -0.34064    -7.81557
     16.095        -7.93711     0.20622    -0.34050    -7.80283
     16.245        -7.92425     0.20632    -0.34037    -7.79020
     16.395        -7.91150     0.20641    -0.34023    -7.77768
     16.545        -7.89890     0.20650    -0.34010    -7.76530
     16.695        -7.88638     0.20659    -0.33996    -7.75301
     16.845        -7.87402     0.20668    -0.33983    -7.74087
     16.995        -7.86176     0.20677    -0.33969    -7.72884
     17.145        -7.84961     0.20686    -0.33956    -7.71690
     17.295        -7.83753     0.20695    -0.33943    -7.70505
     17.445        -7.82558     0.20703    -0.33931    -7.69331
     17.595        -7.81371     0.20712    -0.33918    -7.68165
     17.745        -7.80192     0.20721    -0.33905    -7.67008
     17.895        -7.79028     0.20729    -0.33893    -7.65864
     18.045        -7.77874     0.20737    -0.33880    -7.64731
     18.195        -7.76728     0.20746    -0.33868    -7.63606
     18.345        -7.75591     0.20754    -0.33856    -7.62489
     18.495        -7.74463     0.20762    -0.33844    -7.61382
     18.645        -7.73344     0.20771    -0.33832    -7.60282
     18.795        -7.72236     0.20779    -0.33820    -7.59195
     18.945        -7.71134     0.20787    -0.33808    -7.58113
     19.095        -7.70042     0.20795    -0.33797    -7.57041
     19.245        -7.68961     0.20803    -0.33785    -7.55979
     19.395        -7.67892     0.20811    -0.33774    -7.54929
     19.545        -7.66825     0.20818    -0.33762    -7.53881
     19.695        -7.65771     0.20826    -0.33751    -7.52846
     19.845        -7.64722     0.20833    -0.33740    -7.51816
     19.995        -7.63681     0.20841    -0.33729    -7.50793
     20.145        -7.62647     0.20848    -0.33718    -7.49778
     20.295        -7.61621     0.20856    -0.33707    -7.48771
     20.445        -7.60602     0.20863    -0.33696    -7.47770
     20.595        -7.59592     0.20871    -0.33685    -7.46777
     20.745        -7.58591     0.20878    -0.33675    -7.45795
     20.895        -7.57597     0.20886    -0.33664    -7.44819
     21.045        -7.56609     0.20893    -0.33653    -7.43848
     21.195        -7.55627     0.20900    -0.33643    -7.42885
     21.345        -7.54656     0.20907    -0.33632    -7.41931
     21.495        -7.53691     0.20914    -0.33622    -7.40983
     21.645        -7.52732     0.20921    -0.33612    -7.40040
     21.795        -7.51776     0.20928    -0.33602    -7.39101
     21.945        -7.50828     0.20935    -0.33592    -7.38171
     22.095        -7.49886     0.20941    -0.33582    -7.37246
     22.245        -7.48950     0.20948    -0.33572    -7.36327
     22.395        -7.48025     0.20955    -0.33562    -7.35419
     22.545        -7.47105     0.20962    -0.33552    -7.34515
     22.695        -7.46189     0.20969    -0.33542    -7.33616
     22.845        -7.45281     0.20976    -0.33532    -7.32724
     22.995        -7.44381     0.20982    -0.33522    -7.31841
     23.145        -7.43491     0.20989    -0.33513    -7.30966
     23.295        -7.42602     0.20995    -0.33504    -7.30094
     23.445        -7.41720     0.21002    -0.33494    -7.29228
     23.595        -7.40842     0.21008    -0.33485    -7.28366
     23.745        -7.39974     0.21015    -0.33475    -7.27514
     23.895        -7.39110     0.21021    -0.33466    -7.26665
     24.045        -7.38249     0.21028    -0.33457    -7.25820
     24.195        -7.37393     0.21034    -0.33447    -7.24980
     24.345        -7.36543     0.21040    -0.33439    -7.24145
     24.495        -7.35698     0.21046    -0.33429    -7.23316
     24.645        -7.34859     0.21053    -0.33420    -7.22492
     24.795        -7.34026     0.21059    -0.33411    -7.21674
     24.945        -7.33197     0.21065    -0.33402    -7.20861
     25.095        -7.32372     0.21072    -0.33393    -7.20051
     25.245        -7.31555     0.21078    -0.33384    -7.19249
     25.395        -7.30745     0.21084    -0.33375    -7.18454
     25.545        -7.29936     0.21090    -0.33366    -7.17660
     25.695        -7.29132     0.21096    -0.33357    -7.16870
     25.845        -7.28331     0.21102    -0.33349    -7.16084
     25.995        -7.27540     0.21107    -0.33341    -7.15306
     26.145        -7.26749     0.21113    -0.33332    -7.14530
     26.295        -7.25964     0.21119    -0.33323    -7.13759
     26.445        -7.25183     0.21124    -0.33315    -7.12993
     26.595        -7.24408     0.21130    -0.33306    -7.12231
     26.745        -7.23638     0.21135    -0.33298    -7.11476
     26.895        -7.22874     0.21141    -0.33290    -7.10725
     27.045        -7.22113     0.21146    -0.33281    -7.09978
     27.195        -7.21355     0.21151    -0.33273    -7.09234
     27.345        -7.20603     0.21157    -0.33264    -7.08496
     27.495        -7.19852     0.21163    -0.33256    -7.07759
     27.645        -7.19107     0.21168    -0.33248    -7.07028
     27.795        -7.18368     0.21174    -0.33240    -7.06302
     27.945        -7.17632     0.21179    -0.33232    -7.05579
     28.095        -7.16901     0.21185    -0.33224    -7.04862
     28.245        -7.16176     0.21190    -0.33216    -7.04150
     28.395        -7.15452     0.21195    -0.33208    -7.03440
     28.545        -7.14733     0.21200    -0.33200    -7.02733
     28.695        -7.14016     0.21206    -0.33192    -7.02029
     28.845        -7.13305     0.21211    -0.33185    -7.01331
     28.995        -7.12597     0.21216    -0.33177    -7.00636
     29.145        -7.11891     0.21221    -0.33169    -6.99943
     29.295        -7.11192     0.21227    -0.33162    -6.99257
     29.445        -7.10493     0.21232    -0.33154    -6.98570
     29.595        -7.09802     0.21237    -0.33147    -6.97892
     29.745        -7.09113     0.21242    -0.33139    -6.97216
     29.895        -7.08425     0.21247    -0.33132    -6.96540
     30.045        -7.07739     0.21252    -0.33125    -6.95866
     30.195        -7.07058     0.21257    -0.33117    -6.95198
     30.345        -7.06384     0.21262    -0.33109    -6.94537
     30.495        -7.05714     0.21267    -0.33102    -6.93879
     30.645        -7.05046     0.21272    -0.33095    -6.93223
     30.795        -7.04379     0.21277    -0.33088    -6.92568
     30.945        -7.03718     0.21281    -0.33081    -6.91919
     31.095        -7.03059     0.21286    -0.33073    -6.91272
     31.245        -7.02403     0.21291    -0.33066    -6.90628
     31.395        -7.01751     0.21296    -0.33059    -6.89987
     31.545        -7.01102     0.21300    -0.33052    -6.89350
     31.695        -7.00457     0.21305    -0.33045    -6.88717
     31.845        -6.99816     0.21310    -0.33038    -6.88088
     31.995        -6.99178     0.21315    -0.33030    -6.87462
     32.145        -6.98544     0.21319    -0.33024    -6.86840
     32.295        -6.97910     0.21324    -0.33017    -6.86217
     32.445        -6.97280     0.21329    -0.33010    -6.85599
     32.595        -6.96653     0.21333    -0.33003    -6.84983
     32.745        -6.96031     0.21338    -0.32997    -6.84372
     32.895        -6.95410     0.21343    -0.32990    -6.83762
     33.045        -6.94792     0.21347    -0.32983    -6.83155
     33.195        -6.94175     0.21351    -0.32977    -6.82550
     33.345        -6.93563     0.21356    -0.32970    -6.81949
     33.495        -6.92956     0.21361    -0.32963    -6.81353
     33.645        -6.92350     0.21365    -0.32957    -6.80759
     33.795        -6.91747     0.21369    -0.32950    -6.80167
     33.945        -6.91148     0.21374    -0.32944    -6.79578
     34.095        -6.90548     0.21378    -0.32937    -6.78990
     34.245        -6.89954     0.21383    -0.32931    -6.78406
     34.395        -6.89361     0.21387    -0.32924    -6.77824
     34.545        -6.88772     0.21391    -0.32918    -6.77246
     34.695        -6.88185     0.21396    -0.32911    -6.76669
     34.845        -6.87602     0.21400    -0.32905    -6.76096
     34.995        -6.87021     0.21404    -0.32899    -6.75526
     35.145        -6.86442     0.21409    -0.32892    -6.74958
     35.295        -6.85867     0.21413    -0.32886    -6.74394
     35.445        -6.85294     0.21417    -0.32880    -6.73832
     35.595        -6.84724     0.21421    -0.32873    -6.73272
     35.745        -6.84153     0.21426    -0.32867    -6.72712
     35.895        -6.83588     0.21430    -0.32861    -6.72157
     36.045        -6.83027     0.21434    -0.32855    -6.71606
     36.195        -6.82467     0.21438    -0.32848    -6.71057
     36.345        -6.81907     0.21442    -0.32842    -6.70507
     36.495        -6.81351     0.21446    -0.32836    -6.69961
     36.645        -6.80795     0.21450    -0.32830    -6.69415
     36.795        -6.80244     0.21454    -0.32824    -6.68874
     36.945        -6.79693     0.21458    -0.32818    -6.68334
     37.095        -6.79147     0.21462    -0.32812    -6.67798
     37.245        -6.78606     0.21466    -0.32806    -6.67266
     37.395        -6.78067     0.21470    -0.32800    -6.66737
     37.545        -6.77528     0.21474    -0.32794    -6.66208
     37.695        -6.76990     0.21478    -0.32788    -6.65680
     37.845        -6.76455     0.21482    -0.32782    -6.65155
     37.995        -6.75920     0.21486    -0.32776    -6.64629
     38.145        -6.75388     0.21490    -0.32770    -6.64107
     38.295        -6.74858     0.21494    -0.32764    -6.63587
     38.445        -6.74333     0.21498    -0.32759    -6.63072
     38.595        -6.73808     0.21502    -0.32753    -6.62557
     38.745        -6.73285     0.21505    -0.32747    -6.62044
     38.895        -6.72765     0.21509    -0.32741    -6.61533
     39.045        -6.72248     0.21513    -0.32736    -6.61026
     39.195        -6.71734     0.21517    -0.32730    -6.60521
     39.345        -6.71220     0.21520    -0.32724    -6.60017
     39.495        -6.70709     0.21524    -0.32719    -6.59515
     39.645        -6.70199     0.21528    -0.32713    -6.59014
     39.795        -6.69691     0.21532    -0.32707    -6.58516
     39.945        -6.69184     0.21536    -0.32702    -6.58018
     40.095        -6.68681     0.21540    -0.32696    -6.57524
     40.245        -6.68177     0.21543    -0.32691    -6.57030
     40.395        -6.67678     0.21547    -0.32685    -6.56540
     40.545        -6.67180     0.21551    -0.32680    -6.56050
     40.695        -6.66684     0.21554    -0.32674    -6.55564
     40.845        -6.66189     0.21558    -0.32669    -6.55078
     40.995        -6.65697     0.21562    -0.32664    -6.54595
     41.145        -6.65208     0.21566    -0.32658    -6.54116
     41.295        -6.64719     0.21569    -0.32653    -6.53636
     41.445        -6.64233     0.21573    -0.32647    -6.53159
     41.595        -6.63749     0.21577    -0.32642    -6.52684
     41.745        -6.63268     0.21580    -0.32637    -6.52211
     41.895        -6.62790     0.21583    -0.32632    -6.51741
     42.045        -6.62313     0.21587    -0.32626    -6.51273
     42.195        -6.61837     0.21591    -0.32621    -6.50806
     42.345        -6.61363     0.21594    -0.32616    -6.50341
     42.495        -6.60890     0.21598    -0.32611    -6.49877
     42.645        -6.60420     0.21601    -0.32606    -6.49416
     42.795        -6.59949     0.21605    -0.32600    -6.48953
     42.945        -6.59482     0.21609    -0.32595    -6.48495
     43.095        -6.59017     0.21612    -0.32590    -6.48039
     43.245        -6.58554     0.21615    -0.32585    -6.47584
     43.395        -6.58091     0.21619    -0.32580    -6.47130
     43.545        -6.57630     0.21622    -0.32575    -6.46677
     43.695        -6.57170     0.21625    -0.32570    -6.46226
     43.845        -6.56716     0.21629    -0.32565    -6.45780
     43.995        -6.56258     0.21632    -0.32560    -6.45331
     44.145        -6.55803     0.21636    -0.32555    -6.44885
     44.295        -6.55351     0.21639    -0.32550    -6.44441
     44.445        -6.54901     0.21643    -0.32545    -6.43999
     44.595        -6.54450     0.21646    -0.32540    -6.43557
     44.745        -6.54002     0.21650    -0.32535    -6.43116
     44.895        -6.53558     0.21653    -0.32530    -6.42681
     45.045        -6.53113     0.21657    -0.32525    -6.42244
     45.195        -6.52671     0.21660    -0.32521    -6.41810
     45.345        -6.52228     0.21663    -0.32516    -6.41376
     45.495        -6.51790     0.21667    -0.32511    -6.40945
     45.645        -6.51349     0.21670    -0.32506    -6.40513
     45.795        -6.50914     0.21673    -0.32501    -6.40086
     45.945        -6.50477     0.21676    -0.32497    -6.39657
     46.095        -6.50045     0.21679    -0.32492    -6.39233
     46.245        -6.49614     0.21682    -0.32487    -6.38809
     46.395        -6.49182     0.21686    -0.32482    -6.38386
     46.545        -6.48751     0.21689    -0.32477    -6.37962
     46.695        -6.48323     0.21692    -0.32473    -6.37543
     46.845        -6.47895     0.21695    -0.32468    -6.37123
     46.995        -6.47468     0.21699    -0.32463    -6.36704
     47.145        -6.47042     0.21702    -0.32458    -6.36286
     47.295        -6.46621     0.21705    -0.32454    -6.35873
     47.445        -6.46201     0.21708    -0.32449    -6.35460
     47.595        -6.45781     0.21711    -0.32445    -6.35048
     47.745        -6.45362     0.21715    -0.32440    -6.34637
     47.895        -6.44944     0.21718    -0.32435    -6.34227
     48.045        -6.44530     0.21721    -0.32431    -6.33820
     48.195        -6.44115     0.21724    -0.32426    -6.33413
     48.345        -6.43703     0.21728    -0.32421    -6.33009
     48.495        -6.43293     0.21730    -0.32417    -6.32606
     48.645        -6.42881     0.21733    -0.32412    -6.32202
     48.795        -6.42472     0.21736    -0.32408    -6.31801
     48.945        -6.42064     0.21740    -0.32403    -6.31401
     49.095        -6.41657     0.21743    -0.32399    -6.31001
     49.245        -6.41251     0.21746    -0.32394    -6.30602
     49.395        -6.40847     0.21749    -0.32390    -6.30207
     49.545        -6.40444     0.21752    -0.32385    -6.29811
     49.695        -6.40045     0.21755    -0.32381    -6.29419
     49.845        -6.39645     0.21758    -0.32376    -6.29027
     49.995        -6.39246     0.21761    -0.32372    -6.28635
     50.145        -6.38851     0.21764    -0.32367    -6.28247
     50.295        -6.38458     0.21766    -0.32363    -6.27861
     50.445        -6.38065     0.21769    -0.32359    -6.27475
     50.595        -6.37673     0.21772    -0.32354    -6.27090
     50.745        -6.37281     0.21775    -0.32350    -6.26706
     50.895        -6.36890     0.21778    -0.32346    -6.26323
     51.045        -6.36501     0.21781    -0.32341    -6.25941
     51.195        -6.36112     0.21784    -0.32337    -6.25559
     51.345        -6.35724     0.21787    -0.32333    -6.25178
     51.495        -6.35338     0.21790    -0.32329    -6.24800
     51.645        -6.34953     0.21793    -0.32324    -6.24421
     51.795        -6.34568     0.21796    -0.32320    -6.24043
     51.945        -6.34184     0.21799    -0.32316    -6.23667
     52.095        -6.33803     0.21801    -0.32311    -6.23293
     52.245        -6.33424     0.21804    -0.32307    -6.22921
     52.395        -6.33044     0.21807    -0.32303    -6.22548
     52.545        -6.32665     0.21810    -0.32299    -6.22176
     52.695        -6.32288     0.21813    -0.32295    -6.21805
     52.845        -6.31912     0.21815    -0.32291    -6.21436
     52.995        -6.31538     0.21818    -0.32287    -6.21069
     53.145        -6.31165     0.21821    -0.32282    -6.20703
     53.295        -6.30792     0.21823    -0.32278    -6.20337
     53.445        -6.30423     0.21826    -0.32274    -6.19974
     53.595        -6.30052     0.21829    -0.32270    -6.19611
     53.745        -6.29686     0.21832    -0.32266    -6.19251
     53.895        -6.29317     0.21834    -0.32262    -6.18889
     54.045        -6.28952     0.21837    -0.32258    -6.18531
     54.195        -6.28588     0.21840    -0.32254    -6.18173
     54.345        -6.28223     0.21842    -0.32250    -6.17816
     54.495        -6.27860     0.21845    -0.32246    -6.17459
     54.645        -6.27497     0.21848    -0.32242    -6.17102
     54.795        -6.27136     0.21851    -0.32238    -6.16748
     54.945        -6.26774     0.21853    -0.32234    -6.16393
     55.095        -6.26415     0.21856    -0.32230    -6.16041
     59.433        -5.98269     0.22067    -0.31915    -5.88421
     80.646        -5.57124     0.22376    -0.31458    -5.48043
     111.21        -5.17086     0.22678    -0.31008    -5.08757
     153.36        -4.78232     0.22973    -0.30570    -4.70635
     211.49        -4.40565     0.23262    -0.30143    -4.33685
     291.64        -4.04090     0.23540    -0.29730    -3.97901
     402.18        -3.68834     0.23811    -0.29328    -3.63317
     554.60        -3.34758     0.24073    -0.28941    -3.29890
     764.80        -3.01820     0.24328    -0.28568    -2.97579
     1054.7        -2.70013     0.24573    -0.28207    -2.66379
     1454.4        -2.39259     0.24812    -0.27860    -2.36211
     2005.6        -2.09537     0.25042    -0.27525    -2.07054
     2765.8        -1.80799     0.25266    -0.27201    -1.78863
     3814.0        -1.52986     0.25481    -0.26893    -1.51574
     5259.5        -1.26058     0.25692    -0.26591    -1.25158
     7252.9        -0.99952     0.25894    -0.26303    -0.99543
     10002.        -0.74654     0.26090    -0.26022    -0.74722
     13793.        -0.50171     0.26282    -0.25751    -0.50703
     19020.        -0.26503     0.26467    -0.25487    -0.27483
     26229.        -0.03692     0.26646    -0.25234    -0.05104
     36170.         0.18213     0.26817    -0.24986     0.16383
     49878.         0.39199     0.26980    -0.24749     0.36968
     68782.         0.59251     0.27139    -0.24517     0.56629
     94851.         0.78386     0.27288    -0.24293     0.75392
    0.13080E+06     0.96674     0.27431    -0.24077     0.93320
    0.18038E+06     1.14121     0.27568    -0.23872     1.10425
    0.24874E+06     1.30760     0.27697    -0.23673     1.26736
    0.34301E+06     1.46613     0.27821    -0.23482     1.42275
    0.47302E+06     1.61720     0.27938    -0.23299     1.57081
    0.65229E+06     1.76100     0.28051    -0.23125     1.71174
    0.89952E+06     1.89793     0.28157    -0.22959     1.84595
    0.12404E+07     2.02824     0.28257    -0.22800     1.97367
    0.17106E+07     2.15227     0.28353    -0.22649     2.09524
    0.23589E+07     2.27031     0.28444    -0.22507     2.21094
    0.32529E+07     2.38275     0.28531    -0.22370     2.32114
    0.44858E+07     2.48959     0.28613    -0.22241     2.42587
    0.61860E+07     2.59119     0.28692    -0.22118     2.52545
    0.85305E+07     2.68793     0.28767    -0.22000     2.62026
    0.11764E+08     2.77992     0.28837    -0.21886     2.71041
    0.16222E+08     2.86740     0.28905    -0.21780     2.79615
    0.22370E+08     2.95062     0.28968    -0.21678     2.87772
    0.30849E+08     3.02951     0.29029    -0.21581     2.95504
    0.42541E+08     3.10410     0.29086    -0.21489     3.02814
    0.58664E+08     3.17375     0.29139    -0.21402     3.09637
    0.80898E+08     3.23899     0.29190    -0.21318     3.16028
    0.11156E+09     3.30030     0.29237    -0.21239     3.22032
    0.15384E+09     3.35800     0.29282    -0.21164     3.27682
    0.21215E+09     3.41221     0.29323    -0.21093     3.32991
    0.29255E+09     3.46324     0.29363    -0.21027     3.37988
    0.40343E+09     3.51133     0.29400    -0.20965     3.42698
    0.55633E+09     3.55659     0.29434    -0.20906     3.47131
    0.76719E+09     3.59888     0.29466    -0.20851     3.51273
    0.10580E+10     3.63702     0.29496    -0.20799     3.55006
    0.14589E+10     3.67191     0.29523    -0.20750     3.58418
    0.20119E+10     3.70391     0.29547    -0.20704     3.61547
    0.27744E+10     3.73347     0.29570    -0.20660     3.64437
    0.38259E+10     3.76070     0.29591    -0.20620     3.67099
    0.52760E+10     3.78575     0.29610    -0.20583     3.69548
    0.72756E+10     3.80888     0.29628    -0.20550     3.71811
    0.10033E+11     3.83026     0.29644    -0.20520     3.73902
    0.13836E+11     3.85000     0.29659    -0.20492     3.75833
    0.19079E+11     3.86818     0.29673    -0.20466     3.77611
    0.26311E+11     3.88499     0.29686    -0.20442     3.79255
    0.36283E+11     3.90048     0.29699    -0.20420     3.80770
    0.50034E+11     3.91481     0.29710    -0.20400     3.82171
    0.68997E+11     3.92802     0.29720    -0.20381     3.83463
    0.10000E+12     4.08617     0.29840    -0.20156     3.98933
