    -99.945         0.00000     0.00000     0.00000     0.00000
    -99.795         0.00000     0.00000     0.00000     0.00000
    -99.645         0.00000     0.00000     0.00000     0.00000
    -99.495         0.00000     0.00000     0.00000     0.00000
    -99.345         0.00000     0.00000     0.00000     0.00000
    -99.195         0.00000     0.00000     0.00000     0.00000
    -99.045         0.00000     0.00000     0.00000     0.00000
    -98.895         0.00000     0.00000     0.00000     0.00000
    -98.745         0.00000     0.00000     0.00000     0.00000
    -98.595         0.00000     0.00000     0.00000     0.00000
    -98.445         0.00000     0.00000     0.00000     0.00000
    -98.295         0.00000     0.00000     0.00000     0.00000
    -98.145         0.00000     0.00000     0.00000     0.00000
    -97.995         0.00000     0.00000     0.00000     0.00000
    -97.845         0.00000     0.00000     0.00000     0.00000
    -97.695         0.00000     0.00000     0.00000     0.00000
    -97.545         0.00000     0.00000     0.00000     0.00000
    -97.395         0.00000     0.00000     0.00000     0.00000
    -97.245         0.00000     0.00000     0.00000     0.00000
    -97.095         0.00000     0.00000     0.00000     0.00000
    -96.945         0.00000     0.00000     0.00000     0.00000
    -96.795         0.00000     0.00000     0.00000     0.00000
    -96.645         0.00000     0.00000     0.00000     0.00000
    -96.495         0.00000     0.00000     0.00000     0.00000
    -96.345         0.00000     0.00000     0.00000     0.00000
    -96.195         0.00000     0.00000     0.00000     0.00000
    -96.045         0.00000     0.00000     0.00000     0.00000
    -95.895         0.00000     0.00000     0.00000     0.00000
    -95.745         0.00000     0.00000     0.00000     0.00000
    -95.595         0.00000     0.00000     0.00000     0.00000
    -95.445         0.00000     0.00000     0.00000     0.00000
    -95.295         0.00000     0.00000     0.00000     0.00000
    -95.145         0.00000     0.00000     0.00000     0.00000
    -94.995         0.00000     0.00000     0.00000     0.00000
    -94.845         0.00000     0.00000     0.00000     0.00000
    -94.695         0.00000     0.00000     0.00000     0.00000
    -94.545         0.00000     0.00000     0.00000     0.00000
    -94.395         0.00000     0.00000     0.00000     0.00000
    -94.245         0.00000     0.00000     0.00000     0.00000
    -94.095         0.00000     0.00000     0.00000     0.00000
    -93.945         0.00000     0.00000     0.00000     0.00000
    -93.795         0.00000     0.00000     0.00000     0.00000
    -93.645         0.00000     0.00000     0.00000     0.00000
    -93.495         0.00000     0.00000     0.00000     0.00000
    -93.345         0.00000     0.00000     0.00000     0.00000
    -93.195         0.00000     0.00000     0.00000     0.00000
    -93.045         0.00000     0.00000     0.00000     0.00000
    -92.895         0.00000     0.00000     0.00000     0.00000
    -92.745         0.00000     0.00000     0.00000     0.00000
    -92.595         0.00000     0.00000     0.00000     0.00000
    -92.445         0.00000     0.00000     0.00000     0.00000
    -92.295         0.00000     0.00000     0.00000     0.00000
    -92.145         0.00000     0.00000     0.00000     0.00000
    -91.995         0.00000     0.00000     0.00000     0.00000
    -91.845         0.00000     0.00000     0.00000     0.00000
    -91.695         0.00000     0.00000     0.00000     0.00000
    -91.545         0.00000     0.00000     0.00000     0.00000
    -91.395         0.00000     0.00000     0.00000     0.00000
    -91.245         0.00000     0.00000     0.00000     0.00000
    -91.095         0.00000     0.00000     0.00000     0.00000
    -90.945         0.00000     0.00000     0.00000     0.00000
    -90.795         0.00000     0.00000     0.00000     0.00000
    -90.645         0.00000     0.00000     0.00000     0.00000
    -90.495         0.00000     0.00000     0.00000     0.00000
    -90.345         0.00000     0.00000     0.00000     0.00000
    -90.195         0.00000     0.00000     0.00000     0.00000
    -90.045         0.00000     0.00000     0.00000     0.00000
    -89.895         0.00000     0.00000     0.00000     0.00000
    -89.745         0.00000     0.00000     0.00000     0.00000
    -89.595         0.00000     0.00000     0.00000     0.00000
    -89.445         0.00000     0.00000     0.00000     0.00000
    -89.295         0.00000     0.00000     0.00000     0.00000
    -89.145         0.00000     0.00000     0.00000     0.00000
    -88.995         0.00000     0.00000     0.00000     0.00000
    -88.845         0.00000     0.00000     0.00000     0.00000
    -88.695         0.00000     0.00000     0.00000     0.00000
    -88.545         0.00000     0.00000     0.00000     0.00000
    -88.395         0.00000     0.00000     0.00000     0.00000
    -88.245         0.00000     0.00000     0.00000     0.00000
    -88.095         0.00000     0.00000     0.00000     0.00000
    -87.945         0.00000     0.00000     0.00000     0.00000
    -87.795         0.00000     0.00000     0.00000     0.00000
    -87.645         0.00000     0.00000     0.00000     0.00000
    -87.495         0.00000     0.00000     0.00000     0.00000
    -87.345         0.00000     0.00000     0.00000     0.00000
    -87.195         0.00000     0.00000     0.00000     0.00000
    -87.045         0.00000     0.00000     0.00000     0.00000
    -86.895         0.00000     0.00000     0.00000     0.00000
    -86.745         0.00000     0.00000     0.00000     0.00000
    -86.595         0.00000     0.00000     0.00000     0.00000
    -86.445         0.00000     0.00000     0.00000     0.00000
    -86.295         0.00000     0.00000     0.00000     0.00000
    -86.145         0.00000     0.00000     0.00000     0.00000
    -85.995         0.00000     0.00000     0.00000     0.00000
    -85.845         0.00000     0.00000     0.00000     0.00000
    -85.695         0.00000     0.00000     0.00000     0.00000
    -85.545         0.00000     0.00000     0.00000     0.00000
    -85.395         0.00000     0.00000     0.00000     0.00000
    -85.245         0.00000     0.00000     0.00000     0.00000
    -85.095         0.00000     0.00000     0.00000     0.00000
    -84.945         0.00000     0.00000     0.00000     0.00000
    -84.795         0.00000     0.00000     0.00000     0.00000
    -84.645         0.00000     0.00000     0.00000     0.00000
    -84.495         0.00000     0.00000     0.00000     0.00000
    -84.345         0.00000     0.00000     0.00000     0.00000
    -84.195         0.00000     0.00000     0.00000     0.00000
    -84.045         0.00000     0.00000     0.00000     0.00000
    -83.895         0.00000     0.00000     0.00000     0.00000
    -83.745         0.00000     0.00000     0.00000     0.00000
    -83.595         0.00000     0.00000     0.00000     0.00000
    -83.445         0.00000     0.00000     0.00000     0.00000
    -83.295         0.00000     0.00000     0.00000     0.00000
    -83.145         0.00000     0.00000     0.00000     0.00000
    -82.995         0.00000     0.00000     0.00000     0.00000
    -82.845         0.00000     0.00000     0.00000     0.00000
    -82.695         0.00000     0.00000     0.00000     0.00000
    -82.545         0.00000     0.00000     0.00000     0.00000
    -82.395         0.00000     0.00000     0.00000     0.00000
    -82.245         0.00000     0.00000     0.00000     0.00000
    -82.095         0.00000     0.00000     0.00000     0.00000
    -81.945         0.00000     0.00000     0.00000     0.00000
    -81.795         0.00000     0.00000     0.00000     0.00000
    -81.645         0.00000     0.00000     0.00000     0.00000
    -81.495         0.00000     0.00000     0.00000     0.00000
    -81.345         0.00000     0.00000     0.00000     0.00000
    -81.195         0.00000     0.00000     0.00000     0.00000
    -81.045         0.00000     0.00000     0.00000     0.00000
    -80.895         0.00000     0.00000     0.00000     0.00000
    -80.745         0.00000     0.00000     0.00000     0.00000
    -80.595         0.00000     0.00000     0.00000     0.00000
    -80.445         0.00000     0.00000     0.00000     0.00000
    -80.295         0.00000     0.00000     0.00000     0.00000
    -80.145         0.00000     0.00000     0.00000     0.00000
    -79.995         0.00000     0.00000     0.00000     0.00000
    -79.845         0.00000     0.00000     0.00000     0.00000
    -79.695         0.00000     0.00000     0.00000     0.00000
    -79.545         0.00000     0.00000     0.00000     0.00000
    -79.395         0.00000     0.00000     0.00000     0.00000
    -79.245         0.00000     0.00000     0.00000     0.00000
    -79.095         0.00000     0.00000     0.00000     0.00000
    -78.945         0.00000     0.00000     0.00000     0.00000
    -78.795         0.00000     0.00000     0.00000     0.00000
    -78.645         0.00000     0.00000     0.00000     0.00000
    -78.495         0.00000     0.00000     0.00000     0.00000
    -78.345         0.00000     0.00000     0.00000     0.00000
    -78.195         0.00000     0.00000     0.00000     0.00000
    -78.045         0.00000     0.00000     0.00000     0.00000
    -77.895         0.00000     0.00000     0.00000     0.00000
    -77.745         0.00000     0.00000     0.00000     0.00000
    -77.595         0.00000     0.00000     0.00000     0.00000
    -77.445         0.00000     0.00000     0.00000     0.00000
    -77.295         0.00000     0.00000     0.00000     0.00000
    -77.145         0.00000     0.00000     0.00000     0.00000
    -76.995         0.00000     0.00000     0.00000     0.00000
    -76.845         0.00000     0.00000     0.00000     0.00000
    -76.695         0.00000     0.00000     0.00000     0.00000
    -76.545         0.00000     0.00000     0.00000     0.00000
    -76.395         0.00000     0.00000     0.00000     0.00000
    -76.245         0.00000     0.00000     0.00000     0.00000
    -76.095         0.00000     0.00000     0.00000     0.00000
    -75.945         0.00000     0.00000     0.00000     0.00000
    -75.795         0.00000     0.00000     0.00000     0.00000
    -75.645         0.00000     0.00000     0.00000     0.00000
    -75.495         0.00000     0.00000     0.00000     0.00000
    -75.345         0.00000     0.00000     0.00000     0.00000
    -75.195         0.00000     0.00000     0.00000     0.00000
    -75.045         0.00000     0.00000     0.00000     0.00000
    -74.895         0.00000     0.00000     0.00000     0.00000
    -74.745         0.00000     0.00000     0.00000     0.00000
    -74.595         0.00000     0.00000     0.00000     0.00000
    -74.445         0.00000     0.00000     0.00000     0.00000
    -74.295         0.00000     0.00000     0.00000     0.00000
    -74.145         0.00000     0.00000     0.00000     0.00000
    -73.995         0.00000     0.00000     0.00000     0.00000
    -73.845         0.00000     0.00000     0.00000     0.00000
    -73.695         0.00000     0.00000     0.00000     0.00000
    -73.545         0.00000     0.00000     0.00000     0.00000
    -73.395         0.00000     0.00000     0.00000     0.00000
    -73.245         0.00000     0.00000     0.00000     0.00000
    -73.095         0.00000     0.00000     0.00000     0.00000
    -72.945         0.00000     0.00000     0.00000     0.00000
    -72.795         0.00000     0.00000     0.00000     0.00000
    -72.645         0.00000     0.00000     0.00000     0.00000
    -72.495         0.00000     0.00000     0.00000     0.00000
    -72.345         0.00000     0.00000     0.00000     0.00000
    -72.195         0.00000     0.00000     0.00000     0.00000
    -72.045         0.00000     0.00000     0.00000     0.00000
    -71.895         0.00000     0.00000     0.00000     0.00000
    -71.745         0.00000     0.00000     0.00000     0.00000
    -71.595         0.00000     0.00000     0.00000     0.00000
    -71.445         0.00000     0.00000     0.00000     0.00000
    -71.295         0.00000     0.00000     0.00000     0.00000
    -71.145         0.00000     0.00000     0.00000     0.00000
    -70.995         0.00000     0.00000     0.00000     0.00000
    -70.845         0.00000     0.00000     0.00000     0.00000
    -70.695         0.00000     0.00000     0.00000     0.00000
    -70.545         0.00000     0.00000     0.00000     0.00000
    -70.395         0.00000     0.00000     0.00000     0.00000
    -70.245         0.00000     0.00000     0.00000     0.00000
    -70.095         0.00000     0.00000     0.00000     0.00000
    -69.945         0.00000     0.00000     0.00000     0.00000
    -69.795         0.00000     0.00000     0.00000     0.00000
    -69.645         0.00000     0.00000     0.00000     0.00000
    -69.495         0.00000     0.00000     0.00000     0.00000
    -69.345         0.00000     0.00000     0.00000     0.00000
    -69.195         0.00000     0.00000     0.00000     0.00000
    -69.045         0.00000     0.00000     0.00000     0.00000
    -68.895         0.00000     0.00000     0.00000     0.00000
    -68.745         0.00000     0.00000     0.00000     0.00000
    -68.595         0.00000     0.00000     0.00000     0.00000
    -68.445         0.00000     0.00000     0.00000     0.00000
    -68.295         0.00000     0.00000     0.00000     0.00000
    -68.145         0.00000     0.00000     0.00000     0.00000
    -67.995         0.00000     0.00000     0.00000     0.00000
    -67.845         0.00000     0.00000     0.00000     0.00000
    -67.695         0.00000     0.00000     0.00000     0.00000
    -67.545         0.00000     0.00000     0.00000     0.00000
    -67.395         0.00000     0.00000     0.00000     0.00000
    -67.245         0.00000     0.00000     0.00000     0.00000
    -67.095         0.00000     0.00000     0.00000     0.00000
    -66.945         0.00000     0.00000     0.00000     0.00000
    -66.795         0.00000     0.00000     0.00000     0.00000
    -66.645         0.00000     0.00000     0.00000     0.00000
    -66.495         0.00000     0.00000     0.00000     0.00000
    -66.345         0.00000     0.00000     0.00000     0.00000
    -66.195         0.00000     0.00000     0.00000     0.00000
    -66.045         0.00000     0.00000     0.00000     0.00000
    -65.895         0.00000     0.00000     0.00000     0.00000
    -65.745         0.00000     0.00000     0.00000     0.00000
    -65.595         0.00000     0.00000     0.00000     0.00000
    -65.445         0.00000     0.00000     0.00000     0.00000
    -65.295         0.00000     0.00000     0.00000     0.00000
    -65.145         0.00000     0.00000     0.00000     0.00000
    -64.995         0.00000     0.00000     0.00000     0.00000
    -64.845         0.00000     0.00000     0.00000     0.00000
    -64.695         0.00000     0.00000     0.00000     0.00000
    -64.545         0.00000     0.00000     0.00000     0.00000
    -64.395         0.00000     0.00000     0.00000     0.00000
    -64.245         0.00000     0.00000     0.00000     0.00000
    -64.095         0.00000     0.00000     0.00000     0.00000
    -63.945         0.00000     0.00000     0.00000     0.00000
    -63.795         0.00000     0.00000     0.00000     0.00000
    -63.645         0.00000     0.00000     0.00000     0.00000
    -63.495         0.00000     0.00000     0.00000     0.00000
    -63.345         0.00000     0.00000     0.00000     0.00000
    -63.195         0.00000     0.00000     0.00000     0.00000
    -63.045         0.00000     0.00000     0.00000     0.00000
    -62.895         0.00000     0.00000     0.00000     0.00000
    -62.745         0.00000     0.00000     0.00000     0.00000
    -62.595         0.00000     0.00000     0.00000     0.00000
    -62.445         0.00000     0.00000     0.00000     0.00000
    -62.295         0.00000     0.00000     0.00000     0.00000
    -62.145         0.00000     0.00000     0.00000     0.00000
    -61.995         0.00000     0.00000     0.00000     0.00000
    -61.845         0.00000     0.00000     0.00000     0.00000
    -61.695         0.00000     0.00000     0.00000     0.00000
    -61.545         0.00000     0.00000     0.00000     0.00000
    -61.395         0.00000     0.00000     0.00000     0.00000
    -61.245         0.00000     0.00000     0.00000     0.00000
    -61.095         0.00000     0.00000     0.00000     0.00000
    -60.945         0.00000     0.00000     0.00000     0.00000
    -60.795         0.00000     0.00000     0.00000     0.00000
    -60.645         0.00000     0.00000     0.00000     0.00000
    -60.495         0.00000     0.00000     0.00000     0.00000
    -60.345         0.00000     0.00000     0.00000     0.00000
    -60.195         0.00000     0.00000     0.00000     0.00000
    -60.045         0.00000     0.00000     0.00000     0.00000
    -59.895         0.00000     0.00000     0.00000     0.00000
    -59.745         0.00000     0.00000     0.00000     0.00000
    -59.595         0.00000     0.00000     0.00000     0.00000
    -59.445         0.00000     0.00000     0.00000     0.00000
    -59.295         0.00000     0.00000     0.00000     0.00000
    -59.145         0.00000     0.00000     0.00000     0.00000
    -58.995         0.00000     0.00000     0.00000     0.00000
    -58.845         0.00000     0.00000     0.00000     0.00000
    -58.695         0.00000     0.00000     0.00000     0.00000
    -58.545         0.00000     0.00000     0.00000     0.00000
    -58.395         0.00000     0.00000     0.00000     0.00000
    -58.245         0.00000     0.00000     0.00000     0.00000
    -58.095         0.00000     0.00000     0.00000     0.00000
    -57.945         0.00000     0.00000     0.00000     0.00000
    -57.795         0.00000     0.00000     0.00000     0.00000
    -57.645         0.00000     0.00000     0.00000     0.00000
    -57.495         0.00000     0.00000     0.00000     0.00000
    -57.345         0.00000     0.00000     0.00000     0.00000
    -57.195         0.00000     0.00000     0.00000     0.00000
    -57.045         0.00000     0.00000     0.00000     0.00000
    -56.895         0.00000     0.00000     0.00000     0.00000
    -56.745         0.00000     0.00000     0.00000     0.00000
    -56.595         0.00000     0.00000     0.00000     0.00000
    -56.445         0.00000     0.00000     0.00000     0.00000
    -56.295         0.00000     0.00000     0.00000     0.00000
    -56.145         0.00000     0.00000     0.00000     0.00000
    -55.995         0.00000     0.00000     0.00000     0.00000
    -55.845         0.00000     0.00000     0.00000     0.00000
    -55.695         0.00000     0.00000     0.00000     0.00000
    -55.545         0.00000     0.00000     0.00000     0.00000
    -55.395         0.00000     0.00000     0.00000     0.00000
    -55.245         0.00000     0.00000     0.00000     0.00000
    -55.095         0.00000     0.00000     0.00000     0.00000
    -54.945         0.00000     0.00000     0.00000     0.00000
    -54.795         0.00000     0.00000     0.00000     0.00000
    -54.645         0.00000     0.00000     0.00000     0.00000
    -54.495         0.00000     0.00000     0.00000     0.00000
    -54.345         0.00000     0.00000     0.00000     0.00000
    -54.195         0.00000     0.00000     0.00000     0.00000
    -54.045         0.00000     0.00000     0.00000     0.00000
    -53.895         0.00000     0.00000     0.00000     0.00000
    -53.745         0.00000     0.00000     0.00000     0.00000
    -53.595         0.00000     0.00000     0.00000     0.00000
    -53.445         0.00000     0.00000     0.00000     0.00000
    -53.295         0.00000     0.00000     0.00000     0.00000
    -53.145         0.00000     0.00000     0.00000     0.00000
    -52.995         0.00000     0.00000     0.00000     0.00000
    -52.845         0.00000     0.00000     0.00000     0.00000
    -52.695         0.00000     0.00000     0.00000     0.00000
    -52.545         0.00000     0.00000     0.00000     0.00000
    -52.395         0.00000     0.00000     0.00000     0.00000
    -52.245         0.00000     0.00000     0.00000     0.00000
    -52.095         0.00000     0.00000     0.00000     0.00000
    -51.945         0.00000     0.00000     0.00000     0.00000
    -51.795         0.00000     0.00000     0.00000     0.00000
    -51.645         0.00000     0.00000     0.00000     0.00000
    -51.495         0.00000     0.00000     0.00000     0.00000
    -51.345         0.00000     0.00000     0.00000     0.00000
    -51.195         0.00000     0.00000     0.00000     0.00000
    -51.045         0.00000     0.00000     0.00000     0.00000
    -50.895         0.00000     0.00000     0.00000     0.00000
    -50.745         0.00000     0.00000     0.00000     0.00000
    -50.595         0.00000     0.00000     0.00000     0.00000
    -50.445         0.00000     0.00000     0.00000     0.00000
    -50.295         0.00000     0.00000     0.00000     0.00000
    -50.145         0.00000     0.00000     0.00000     0.00000
    -49.995         0.00000     0.00000     0.00000     0.00000
    -49.845         0.00000     0.00000     0.00000     0.00000
    -49.695         0.00000     0.00000     0.00000     0.00000
    -49.545         0.00000     0.00000     0.00000     0.00000
    -49.395         0.00000     0.00000     0.00000     0.00000
    -49.245         0.00000     0.00000     0.00000     0.00000
    -49.095         0.00000     0.00000     0.00000     0.00000
    -48.945         0.00000     0.00000     0.00000     0.00000
    -48.795         0.00000     0.00000     0.00000     0.00000
    -48.645         0.00000     0.00000     0.00000     0.00000
    -48.495         0.00000     0.00000     0.00000     0.00000
    -48.345         0.00000     0.00000     0.00000     0.00000
    -48.195         0.00000     0.00000     0.00000     0.00000
    -48.045         0.00000     0.00000     0.00000     0.00000
    -47.895         0.00000     0.00000     0.00000     0.00000
    -47.745         0.00000     0.00000     0.00000     0.00000
    -47.595         0.00000     0.00000     0.00000     0.00000
    -47.445         0.00000     0.00000     0.00000     0.00000
    -47.295         0.00000     0.00000     0.00000     0.00000
    -47.145         0.00000     0.00000     0.00000     0.00000
    -46.995         0.00000     0.00000     0.00000     0.00000
    -46.845         0.00000     0.00000     0.00000     0.00000
    -46.695         0.00000     0.00000     0.00000     0.00000
    -46.545         0.00000     0.00000     0.00000     0.00000
    -46.395         0.00000     0.00000     0.00000     0.00000
    -46.245         0.00000     0.00000     0.00000     0.00000
    -46.095         0.00000     0.00000     0.00000     0.00000
    -45.945         0.00000     0.00000     0.00000     0.00000
    -45.795         0.00000     0.00000     0.00000     0.00000
    -45.645         0.00000     0.00000     0.00000     0.00000
    -45.495         0.00000     0.00000     0.00000     0.00000
    -45.345         0.00000     0.00000     0.00000     0.00000
    -45.195         0.00000     0.00000     0.00000     0.00000
    -45.045         0.00000     0.00000     0.00000     0.00000
    -44.895         0.00000     0.00000     0.00000     0.00000
    -44.745         0.00000     0.00000     0.00000     0.00000
    -44.595         0.00000     0.00000     0.00000     0.00000
    -44.445         0.00000     0.00000     0.00000     0.00000
    -44.295         0.00000     0.00000     0.00000     0.00000
    -44.145         0.00000     0.00000     0.00000     0.00000
    -43.995         0.00000     0.00000     0.00000     0.00000
    -43.845         0.00000     0.00000     0.00000     0.00000
    -43.695         0.00000     0.00000     0.00000     0.00000
    -43.545         0.00000     0.00000     0.00000     0.00000
    -43.395         0.00000     0.00000     0.00000     0.00000
    -43.245         0.00000     0.00000     0.00000     0.00000
    -43.095         0.00000     0.00000     0.00000     0.00000
    -42.945         0.00000     0.00000     0.00000     0.00000
    -42.795         0.00000     0.00000     0.00000     0.00000
    -42.645         0.00000     0.00000     0.00000     0.00000
    -42.495         0.00000     0.00000     0.00000     0.00000
    -42.345         0.00000     0.00000     0.00000     0.00000
    -42.195         0.00000     0.00000     0.00000     0.00000
    -42.045         0.00000     0.00000     0.00000     0.00000
    -41.895         0.00000     0.00000     0.00000     0.00000
    -41.745         0.00000     0.00000     0.00000     0.00000
    -41.595         0.00000     0.00000     0.00000     0.00000
    -41.445         0.00000     0.00000     0.00000     0.00000
    -41.295         0.00000     0.00000     0.00000     0.00000
    -41.145         0.00000     0.00000     0.00000     0.00000
    -40.995         0.00000     0.00000     0.00000     0.00000
    -40.845         0.00000     0.00000     0.00000     0.00000
    -40.695         0.00000     0.00000     0.00000     0.00000
    -40.545         0.00000     0.00000     0.00000     0.00000
    -40.395         0.00000     0.00000     0.00000     0.00000
    -40.245         0.00000     0.00000     0.00000     0.00000
    -40.095         0.00000     0.00000     0.00000     0.00000
    -39.945         0.00000     0.00000     0.00000     0.00000
    -39.795         0.00000     0.00000     0.00000     0.00000
    -39.645         0.00000     0.00000     0.00000     0.00000
    -39.495         0.00000     0.00000     0.00000     0.00000
    -39.345         0.00000     0.00000     0.00000     0.00000
    -39.195         0.00000     0.00000     0.00000     0.00000
    -39.045         0.00000     0.00000     0.00000     0.00000
    -38.895         0.00000     0.00000     0.00000     0.00000
    -38.745         0.00000     0.00000     0.00000     0.00000
    -38.595         0.00000     0.00000     0.00000     0.00000
    -38.445         0.00000     0.00000     0.00000     0.00000
    -38.295         0.00000     0.00000     0.00000     0.00000
    -38.145         0.00000     0.00000     0.00000     0.00000
    -37.995         0.00000     0.00000     0.00000     0.00000
    -37.845         0.00000     0.00000     0.00000     0.00000
    -37.695         0.00000     0.00000     0.00000     0.00000
    -37.545         0.00000     0.00000     0.00000     0.00000
    -37.395         0.00000     0.00000     0.00000     0.00000
    -37.245         0.00000     0.00000     0.00000     0.00000
    -37.095         0.00000     0.00000     0.00000     0.00000
    -36.945         0.00000     0.00000     0.00000     0.00000
    -36.795         0.00000     0.00000     0.00000     0.00000
    -36.645         0.00000     0.00000     0.00000     0.00000
    -36.495         0.00000     0.00000     0.00000     0.00000
    -36.345         0.00000     0.00000     0.00000     0.00000
    -36.195         0.00000     0.00000     0.00000     0.00000
    -36.045         0.00000     0.00000     0.00000     0.00000
    -35.895         0.00000     0.00000     0.00000     0.00000
    -35.745         0.00000     0.00000     0.00000     0.00000
    -35.595         0.00000     0.00000     0.00000     0.00000
    -35.445         0.00000     0.00000     0.00000     0.00000
    -35.295         0.00000     0.00000     0.00000     0.00000
    -35.145         0.00000     0.00000     0.00000     0.00000
    -34.995         0.00000     0.00000     0.00000     0.00000
    -34.845         0.00000     0.00000     0.00000     0.00000
    -34.695         0.00000     0.00000     0.00000     0.00000
    -34.545         0.00000     0.00000     0.00000     0.00000
    -34.395         0.00000     0.00000     0.00000     0.00000
    -34.245         0.00000     0.00000     0.00000     0.00000
    -34.095         0.00000     0.00000     0.00000     0.00000
    -33.945         0.00000     0.00000     0.00000     0.00000
    -33.795         0.00000     0.00000     0.00000     0.00000
    -33.645         0.00000     0.00000     0.00000     0.00000
    -33.495         0.00000     0.00000     0.00000     0.00000
    -33.345         0.00000     0.00000     0.00000     0.00000
    -33.195         0.00000     0.00000     0.00000     0.00000
    -33.045         0.00000     0.00000     0.00000     0.00000
    -32.895         0.00000     0.00000     0.00000     0.00000
    -32.745         0.00000     0.00000     0.00000     0.00000
    -32.595         0.00000     0.00000     0.00000     0.00000
    -32.445         0.00000     0.00000     0.00000     0.00000
    -32.295         0.00000     0.00000     0.00000     0.00000
    -32.145         0.00000     0.00000     0.00000     0.00000
    -31.995         0.00000     0.00000     0.00000     0.00000
    -31.845         0.00000     0.00000     0.00000     0.00000
    -31.695         0.00000     0.00000     0.00000     0.00000
    -31.545         0.00000     0.00000     0.00000     0.00000
    -31.395         0.00000     0.00000     0.00000     0.00000
    -31.245         0.00000     0.00000     0.00000     0.00000
    -31.095         0.00000     0.00000     0.00000     0.00000
    -30.945         0.00000     0.00000     0.00000     0.00000
    -30.795         0.00000     0.00000     0.00000     0.00000
    -30.645         0.00000     0.00000     0.00000     0.00000
    -30.495         0.00000     0.00000     0.00000     0.00000
    -30.345         0.00000     0.00000     0.00000     0.00000
    -30.195         0.00000     0.00000     0.00000     0.00000
    -30.045         0.00000     0.00000     0.00000     0.00000
    -29.895         0.00000     0.00000     0.00000     0.00000
    -29.745         0.00000     0.00000     0.00000     0.00000
    -29.595         0.00000     0.00000     0.00000     0.00000
    -29.445         0.00000     0.00000     0.00000     0.00000
    -29.295         0.00000     0.00000     0.00000     0.00000
    -29.145         0.00000     0.00000     0.00000     0.00000
    -28.995         0.00000     0.00000     0.00000     0.00000
    -28.845         0.00000     0.00000     0.00000     0.00000
    -28.695         0.00000     0.00000     0.00000     0.00000
    -28.545         0.00000     0.00000     0.00000     0.00000
    -28.395         0.00000     0.00000     0.00000     0.00000
    -28.245         0.00000     0.00000     0.00000     0.00000
    -28.095         0.00000     0.00000     0.00000     0.00000
    -27.945         0.00000     0.00000     0.00000     0.00000
    -27.795         0.00000     0.00000     0.00000     0.00000
    -27.645         0.00000     0.00000     0.00000     0.00000
    -27.495         0.00000     0.00000     0.00000     0.00000
    -27.345         0.00000     0.00000     0.00000     0.00000
    -27.195         0.00000     0.00000     0.00000     0.00000
    -27.045         0.00000     0.00000     0.00000     0.00000
    -26.895         0.00000     0.00000     0.00000     0.00000
    -26.745         0.00000     0.00000     0.00000     0.00000
    -26.595         0.00000     0.00000     0.00000     0.00000
    -26.445         0.00000     0.00000     0.00000     0.00000
    -26.295         0.00000     0.00000     0.00000     0.00000
    -26.145         0.00000     0.00000     0.00000     0.00000
    -25.995         0.00000     0.00000     0.00000     0.00000
    -25.845         0.00000     0.00000     0.00000     0.00000
    -25.695         0.00000     0.00000     0.00000     0.00000
    -25.545         0.00000     0.00000     0.00000     0.00000
    -25.395         0.00000     0.00000     0.00000     0.00000
    -25.245        -0.00000    -0.00000     0.00000     0.00000
    -25.095        -0.00000    -0.00000     0.00000     0.00000
    -24.945        -0.00000    -0.00000     0.00000     0.00000
    -24.795        -0.00000    -0.00000     0.00000     0.00000
    -24.645        -0.00000    -0.00000     0.00000     0.00000
    -24.495        -0.00000    -0.00000     0.00000     0.00000
    -24.345        -0.00000    -0.00000     0.00000     0.00000
    -24.195        -0.00000    -0.00000     0.00000     0.00000
    -24.045        -0.00000    -0.00000     0.00000     0.00000
    -23.895        -0.00000    -0.00000     0.00000     0.00000
    -23.745        -0.00000    -0.00000     0.00000     0.00000
    -23.595        -0.00001    -0.00001     0.00000     0.00000
    -23.445        -0.00001    -0.00001     0.00000     0.00000
    -23.295        -0.00001    -0.00001    -0.00000     0.00000
    -23.145        -0.00002    -0.00002    -0.00000     0.00000
    -22.995        -0.00002    -0.00002    -0.00000     0.00000
    -22.845        -0.00003    -0.00003    -0.00000     0.00000
    -22.695        -0.00005    -0.00005    -0.00000     0.00000
    -22.545        -0.00007    -0.00007    -0.00000     0.00000
    -22.395        -0.00009    -0.00009    -0.00000     0.00000
    -22.245        -0.00012    -0.00012    -0.00000     0.00000
    -22.095        -0.00016    -0.00016    -0.00000     0.00000
    -21.945        -0.00020    -0.00020    -0.00000     0.00000
    -21.795        -0.00026    -0.00026    -0.00000     0.00000
    -21.645        -0.00032    -0.00032    -0.00000     0.00000
    -21.495        -0.00039    -0.00038    -0.00001     0.00000
    -21.345        -0.00046    -0.00046    -0.00001     0.00000
    -21.195        -0.00055    -0.00054    -0.00001     0.00000
    -21.045        -0.00064    -0.00063    -0.00001     0.00000
    -20.895        -0.00074    -0.00072    -0.00001     0.00000
    -20.745        -0.00084    -0.00082    -0.00002     0.00000
    -20.595        -0.00095    -0.00092    -0.00003     0.00000
    -20.445        -0.00107    -0.00104    -0.00003     0.00000
    -20.295        -0.00118    -0.00115    -0.00004     0.00000
    -20.145        -0.00131    -0.00126    -0.00005     0.00000
    -19.995        -0.00144    -0.00139    -0.00005     0.00000
    -19.845        -0.00157    -0.00151    -0.00006     0.00000
    -19.695        -0.00172    -0.00165    -0.00007     0.00000
    -19.545        -0.00185    -0.00177    -0.00007     0.00000
    -19.395        -0.00201    -0.00193    -0.00008     0.00000
    -19.245        -0.00217    -0.00207    -0.00010     0.00000
    -19.095        -0.00233    -0.00222    -0.00011     0.00000
    -18.945        -0.00250    -0.00238    -0.00012     0.00000
    -18.795        -0.00268    -0.00255    -0.00013     0.00000
    -18.645        -0.00286    -0.00272    -0.00014     0.00000
    -18.495        -0.00304    -0.00288    -0.00016     0.00000
    -18.345        -0.00323    -0.00306    -0.00017     0.00000
    -18.195        -0.00343    -0.00324    -0.00019     0.00000
    -18.045        -0.00362    -0.00342    -0.00020     0.00000
    -17.895        -0.00381    -0.00360    -0.00022     0.00000
    -17.745        -0.00402    -0.00378    -0.00024     0.00000
    -17.595        -0.00423    -0.00398    -0.00025     0.00000
    -17.445        -0.00445    -0.00418    -0.00027     0.00000
    -17.295        -0.00467    -0.00439    -0.00028     0.00000
    -17.145        -0.00489    -0.00459    -0.00030     0.00000
    -16.995        -0.00513    -0.00481    -0.00032     0.00000
    -16.845        -0.00535    -0.00501    -0.00034     0.00000
    -16.695        -0.00559    -0.00523    -0.00036     0.00000
    -16.545        -0.00584    -0.00546    -0.00038     0.00000
    -16.395        -0.00610    -0.00570    -0.00040     0.00000
    -16.245        -0.00635    -0.00592    -0.00042     0.00000
    -16.095        -0.00661    -0.00616    -0.00045     0.00000
    -15.945        -0.00687    -0.00640    -0.00047     0.00000
    -15.795        -0.00716    -0.00666    -0.00050     0.00000
    -15.645        -0.00745    -0.00693    -0.00052     0.00000
    -15.495        -0.00773    -0.00719    -0.00054     0.00000
    -15.345        -0.00803    -0.00746    -0.00057     0.00000
    -15.195        -0.00833    -0.00773    -0.00060     0.00000
    -15.045        -0.00863    -0.00801    -0.00062     0.00000
    -14.895        -0.00894    -0.00828    -0.00066     0.00000
    -14.745        -0.00926    -0.00857    -0.00069     0.00000
    -14.595        -0.00958    -0.00886    -0.00072     0.00000
    -14.445        -0.00991    -0.00916    -0.00075     0.00000
    -14.295        -0.01025    -0.00947    -0.00078     0.00000
    -14.145        -0.01059    -0.00978    -0.00081     0.00000
    -13.995        -0.01096    -0.01010    -0.00086     0.00000
    -13.845        -0.01132    -0.01043    -0.00089     0.00000
    -13.695        -0.01168    -0.01076    -0.00092     0.00000
    -13.545        -0.01206    -0.01110    -0.00096     0.00000
    -13.395        -0.01244    -0.01145    -0.00099     0.00000
    -13.245        -0.01284    -0.01180    -0.00104     0.00000
    -13.095        -0.01324    -0.01216    -0.00108     0.00000
    -12.945        -0.01364    -0.01252    -0.00112     0.00000
    -12.795        -0.01407    -0.01290    -0.00117     0.00000
    -12.645        -0.01451    -0.01329    -0.00121     0.00000
    -12.495        -0.01495    -0.01368    -0.00127     0.00000
    -12.345        -0.01540    -0.01408    -0.00132     0.00000
    -12.195        -0.01584    -0.01447    -0.00137     0.00000
    -12.045        -0.01632    -0.01489    -0.00143     0.00000
    -11.895        -0.01680    -0.01532    -0.00148     0.00000
    -11.745        -0.01731    -0.01578    -0.00154     0.00000
    -11.595        -0.01780    -0.01621    -0.00159     0.00000
    -11.445        -0.01829    -0.01665    -0.00165     0.00000
    -11.295        -0.02078    -0.01908    -0.00169     0.00000
    -11.145        -0.02131    -0.01954    -0.00176     0.00000
    -10.995        -0.02184    -0.02001    -0.00182     0.00000
    -10.845        -0.02240    -0.02051    -0.00189     0.00000
    -10.695        -0.02297    -0.02101    -0.00195     0.00000
    -10.545        -0.02354    -0.02152    -0.00202     0.00000
    -10.395        -0.02413    -0.02205    -0.00209     0.00000
    -10.245        -0.02474    -0.02258    -0.00216     0.00000
    -10.095        -0.02532    -0.02310    -0.00222     0.00000
    -9.9450        -0.02594    -0.02365    -0.00228     0.00000
    -9.7950        -0.02851    -0.02616    -0.00236     0.00000
    -9.6450        -0.02917    -0.02674    -0.00243     0.00000
    -9.4950        -0.02984    -0.02734    -0.00250     0.00000
    -9.3450        -0.03049    -0.02791    -0.00258     0.00000
    -9.1950        -0.03501    -0.03235    -0.00266     0.00000
    -9.0450        -0.04012    -0.03739    -0.00273     0.00000
    -8.8950        -0.04389    -0.04107    -0.00281     0.00000
    -8.7450        -0.04457    -0.04169    -0.00288     0.00000
    -8.5950        -0.04836    -0.04541    -0.00295     0.00000
    -8.4450        -0.05512    -0.05209    -0.00304     0.00000
    -8.2950        -0.06099    -0.05788    -0.00311     0.00000
    -8.1450        -0.06823    -0.06506    -0.00317     0.00000
    -7.9950        -0.07592    -0.07269    -0.00323     0.00000
    -7.8450        -0.08192    -0.07863    -0.00329     0.00000
    -7.6950        -0.08970    -0.08636    -0.00334     0.00000
    -7.5450        -0.09515    -0.09176    -0.00340     0.00000
    -7.3950        -0.10305    -0.09961    -0.00344     0.00000
    -7.2450        -0.11299    -0.10862    -0.00347    -0.00090
    -7.0950        -0.12576    -0.11699    -0.00349    -0.00527
    -6.9450        -0.14570    -0.12653    -0.00351    -0.01566
    -6.7950        -0.19278    -0.13679    -0.00350    -0.05249
    -6.6450        -0.26221    -0.14817    -0.00346    -0.11059
    -6.4950        -0.37241    -0.16350    -0.00341    -0.20550
    -6.3450        -0.52454    -0.17592    -0.00331    -0.34531
    -6.1950        -0.71439    -0.18934    -0.00321    -0.52184
    -6.0450        -0.93374    -0.20311    -0.00304    -0.72759
    -5.8950        -1.18029    -0.21637    -0.00285    -0.96108
    -5.7450        -1.44483    -0.23282    -0.00261    -1.20940
    -5.5950        -1.71050    -0.24763    -0.00230    -1.46057
    -5.4450        -1.97644    -0.26420    -0.00192    -1.71032
    -5.2950        -2.25942    -0.28135    -0.00452    -1.97355
    -5.1450        -2.52524    -0.30132    -0.00398    -2.21995
    -4.9950        -2.79258    -0.31865    -0.00338    -2.47055
    -4.8450        -3.04634    -0.33704    -0.00445    -2.70485
    -4.6950        -3.28338    -0.35464    -0.00670    -2.92204
    -4.5450        -3.51700    -0.37493    -0.00567    -3.13641
    -4.3950        -3.73825    -0.39269    -0.00759    -3.33797
    -4.2450        -3.96280    -0.41415    -0.00923    -3.53941
    -4.0950        -4.17113    -0.43929    -0.01196    -3.71988
    -3.9450        -4.36923    -0.46160    -0.01441    -3.89323
    -3.7950        -4.57606    -0.48632    -0.02110    -4.06863
    -3.6450        -4.76115    -0.51192    -0.02754    -4.22170
    -3.4950        -4.96606    -0.54191    -0.03444    -4.38971
    -3.3450        -5.16367    -0.57298    -0.04545    -4.54524
    -3.1950        -5.36449    -0.60491    -0.06042    -4.69915
    -3.0450        -5.57392    -0.64144    -0.07536    -4.85712
    -2.8950        -5.78800    -0.68217    -0.09365    -5.01218
    -2.7450        -6.00572    -0.72262    -0.11585    -5.16724
    -2.5950        -6.25942    -0.77249    -0.14094    -5.34600
    -2.4450        -6.52672    -0.82457    -0.17541    -5.52674
    -2.2950        -6.81759    -0.87987    -0.21017    -5.72755
    -2.1450        -7.14992    -0.94036    -0.25751    -5.95206
    -1.9950        -7.52558    -1.00667    -0.31244    -6.20647
    -1.8450        -7.95986    -1.07826    -0.37287    -6.50874
    -1.6950        -8.48250    -1.16666    -0.44252    -6.87331
    -1.5450        -9.12370    -1.26939    -0.52661    -7.32770
    -1.3950        -9.89709    -1.38623    -0.62377    -7.88708
    -1.2450       -10.85346    -1.52638    -0.74101    -8.58607
    -1.0950       -12.00971    -1.69058    -0.88304    -9.43609
   -0.94500       -13.42468    -1.89745    -1.06153   -10.46570
   -0.79500       -15.18008    -2.16657    -1.29316   -11.72035
   -0.64500       -17.38953    -2.51425    -1.61649   -13.25879
   -0.49500       -20.28272    -2.99540    -2.08368   -15.20364
   -0.34500       -24.31665    -3.76253    -2.86209   -17.69203
   -0.22700       -26.07012    -4.11272    -3.24592   -18.71147
   -0.21300       -26.29966    -4.15819    -3.29838   -18.84309
   -0.20700       -26.53728    -4.20628    -3.35324   -18.97776
   -0.20100       -26.78057    -4.25599    -3.40897   -19.11562
   -0.19500       -27.02889    -4.30740    -3.46680   -19.25469
   -0.18900       -27.28489    -4.36005    -3.52694   -19.39791
   -0.18300       -27.54803    -4.41474    -3.58849   -19.54480
   -0.17700       -27.81893    -4.47168    -3.65226   -19.69499
   -0.17100       -28.10105    -4.53042    -3.71868   -19.85196
   -0.16500       -28.39153    -4.59204    -3.78817   -20.01132
   -0.15900       -28.69105    -4.65547    -3.85984   -20.17574
   -0.15300       -28.99980    -4.72157    -3.93425   -20.34398
   -0.14700       -29.32101    -4.79120    -4.01207   -20.51774
   -0.14100       -29.65129    -4.86350    -4.09129   -20.69650
   -0.13500       -29.99803    -4.94021    -4.17429   -20.88353
   -0.12900       -30.35528    -5.01925    -4.26130   -21.07473
   -0.12300       -30.72877    -5.10106    -4.35254   -21.27517
   -0.11700       -31.11746    -5.18568    -4.44799   -21.48380
   -0.11100       -31.52496    -5.27397    -4.54792   -21.70306
   -0.10500       -31.95036    -5.36558    -4.65311   -21.93166
   -0.99000E-01   -32.39533    -5.46036    -4.76388   -22.17110
   -0.93000E-01   -32.86565    -5.56020    -4.88115   -22.42429
   -0.87000E-01   -33.36270    -5.66384    -5.00544   -22.69342
   -0.81000E-01   -33.88892    -5.77286    -5.13835   -22.97772
   -0.75000E-01   -34.44824    -5.88658    -5.27912   -23.28254
   -0.69000E-01   -35.04875    -6.00633    -5.43210   -23.61032
   -0.63000E-01   -35.69665    -6.13291    -5.59982   -23.96392
   -0.57000E-01   -36.40588    -6.26835    -5.78678   -24.35075
   -0.51000E-01   -37.18910    -6.41606    -5.99379   -24.77925
   -0.45000E-01   -38.05517    -6.57946    -6.21372   -25.26198
   -0.39000E-01   -39.00533    -6.75395    -6.43726   -25.81413
   -0.33000E-01   -40.05072    -6.92855    -6.65650   -26.46567
   -0.27000E-01   -41.22251    -7.09415    -6.86370   -27.26466
   -0.21300E-01   -42.11857    -7.19825    -6.98911   -27.93121
   -0.19500E-01   -42.25941    -7.21284    -7.00604   -28.04053
   -0.18900E-01   -42.40324    -7.22710    -7.02254   -28.15360
   -0.18300E-01   -42.54966    -7.24107    -7.03854   -28.27005
   -0.17700E-01   -42.69890    -7.25476    -7.05404   -28.39011
   -0.17100E-01   -42.85172    -7.26828    -7.06920   -28.51425
   -0.16500E-01   -43.00878    -7.28133    -7.08386   -28.64359
   -0.15900E-01   -43.17030    -7.29408    -7.09811   -28.77811
   -0.15300E-01   -43.33578    -7.30650    -7.11178   -28.91751
   -0.14700E-01   -43.50595    -7.31853    -7.12494   -29.06249
   -0.14100E-01   -43.68162    -7.33012    -7.13772   -29.21378
   -0.13500E-01   -43.86368    -7.34153    -7.14991   -29.37224
   -0.12900E-01   -44.05236    -7.35253    -7.16170   -29.53812
   -0.12300E-01   -44.24822    -7.36303    -7.17294   -29.71225
   -0.11700E-01   -44.45215    -7.37304    -7.18370   -29.89541
   -0.11100E-01   -44.66562    -7.38259    -7.19391   -30.08913
   -0.10500E-01   -44.89015    -7.39174    -7.20360   -30.29481
   -0.99000E-02   -45.12680    -7.40042    -7.21277   -30.51361
   -0.93000E-02   -45.37774    -7.40866    -7.22146   -30.74763
   -0.87000E-02   -45.64456    -7.41648    -7.22961   -30.99847
   -0.81000E-02   -45.93130    -7.42376    -7.23719   -31.27035
   -0.75000E-02   -46.24188    -7.43050    -7.24425   -31.56713
   -0.69000E-02   -46.58147    -7.43673    -7.25070   -31.89404
   -0.63000E-02   -46.95622    -7.44254    -7.25664   -32.25704
   -0.57000E-02   -47.37218    -7.44773    -7.26202   -32.66243
   -0.51000E-02   -47.83682    -7.45241    -7.26680   -33.11762
   -0.45000E-02   -48.35663    -7.45654    -7.27099   -33.62910
   -0.39000E-02   -48.94153    -7.46018    -7.27466   -34.20670
   -0.33000E-02   -49.60090    -7.46320    -7.27775   -34.85995
   -0.27000E-02   -50.34875    -7.46570    -7.28030   -35.60275
   -0.21000E-02   -51.20886    -7.46766    -7.28228   -36.45892
   -0.15000E-02   -52.21183    -7.46905    -7.28371   -37.45907
   -0.90000E-03   -53.18402    -7.46989    -7.28456   -38.42957
   -0.30000E-03   -53.58802    -7.47017    -7.28484   -38.83301
    0.30000E-03   -53.18425    -7.46989    -7.28456   -38.42980
    0.90000E-03   -52.21058    -7.46905    -7.28371   -37.45782
    0.15000E-02   -51.20522    -7.46765    -7.28231   -36.45527
    0.21000E-02   -50.34060    -7.46568    -7.28034   -35.59457
    0.27000E-02   -49.58759    -7.46316    -7.27784   -34.84659
    0.33000E-02   -48.92411    -7.46009    -7.27476   -34.18927
    0.39000E-02   -48.33619    -7.45642    -7.27114   -33.60864
    0.45000E-02   -47.81333    -7.45220    -7.26697   -33.09416
    0.51000E-02   -47.34765    -7.44744    -7.26229   -32.63792
    0.57000E-02   -46.93095    -7.44214    -7.25706   -32.23175
    0.63000E-02   -46.55604    -7.43626    -7.25133   -31.86845
    0.69000E-02   -46.21717    -7.42976    -7.24517   -31.54223
    0.75000E-02   -45.90771    -7.42269    -7.23841   -31.24662
    0.81000E-02   -45.62190    -7.41511    -7.23114   -30.97565
    0.87000E-02   -45.35637    -7.40695    -7.22345   -30.72598
    0.93000E-02   -45.10711    -7.39825    -7.21523   -30.49363
    0.99000E-02   -44.87153    -7.38895    -7.20646   -30.27613
    0.10500E-01   -44.64839    -7.37908    -7.19735   -30.07197
    0.11100E-01   -44.43563    -7.36877    -7.18773   -29.87913
    0.11700E-01   -44.23159    -7.35794    -7.17768   -29.69598
    0.12300E-01   -44.03554    -7.34660    -7.16715   -29.52180
    0.12900E-01   -43.84726    -7.33474    -7.15619   -29.35633
    0.13500E-01   -43.66550    -7.32236    -7.14481   -29.19833
    0.14100E-01   -43.48928    -7.30949    -7.13313   -29.04666
    0.14700E-01   -43.31892    -7.29626    -7.12108   -28.90158
    0.15300E-01   -43.15359    -7.28249    -7.10868   -28.76243
    0.15900E-01   -42.99276    -7.26823    -7.09590   -28.62864
    0.16500E-01   -42.83529    -7.25351    -7.08265   -28.49913
    0.17100E-01   -42.68203    -7.23829    -7.06934   -28.37440
    0.17700E-01   -42.53253    -7.22257    -7.05562   -28.25434
    0.18300E-01   -42.38640    -7.20667    -7.04181   -28.13792
    0.18900E-01   -42.24334    -7.19015    -7.02770   -28.02549
    0.19500E-01   -42.10291    -7.17308    -7.01324   -27.91659
    0.21300E-01   -41.20916    -7.04755    -6.90850   -27.25311
    0.27000E-01   -40.04213    -6.84053    -6.74069   -26.46091
    0.33000E-01   -39.00918    -6.62249    -6.56579   -25.82090
    0.39000E-01   -38.07809    -6.40067    -6.39162   -25.28580
    0.45000E-01   -37.23631    -6.18046    -6.22752   -24.82833
    0.51000E-01   -36.48599    -5.97564    -6.07859   -24.43176
    0.57000E-01   -35.81731    -5.79179    -5.94125   -24.08427
    0.63000E-01   -35.21874    -5.62847    -5.81213   -23.77813
    0.69000E-01   -34.67522    -5.48010    -5.69047   -23.50465
    0.75000E-01   -34.17632    -5.34248    -5.57612   -23.25771
    0.81000E-01   -33.71482    -5.21276    -5.46775   -23.03432
    0.87000E-01   -33.28496    -5.09029    -5.36526   -22.82941
    0.93000E-01   -32.88549    -4.97618    -5.26685   -22.64246
    0.99000E-01   -32.51130    -4.86785    -5.17297   -22.47048
    0.10500       -32.15939    -4.76469    -5.08381   -22.31089
    0.11100       -31.82735    -4.66649    -4.99862   -22.16224
    0.11700       -31.51342    -4.57364    -4.91565   -22.02412
    0.12300       -31.21426    -4.48474    -4.83645   -21.89307
    0.12900       -30.93028    -4.40036    -4.76004   -21.76989
    0.13500       -30.66080    -4.31855    -4.68681   -21.65544
    0.14100       -30.39969    -4.23973    -4.61473   -21.54523
    0.14700       -30.15348    -4.16434    -4.54626   -21.44288
    0.15300       -29.91579    -4.09102    -4.48096   -21.34381
    0.15900       -29.68966    -4.02144    -4.41748   -21.25074
    0.16500       -29.47109    -3.95383    -4.35598   -21.16128
    0.17100       -29.26087    -3.88821    -4.29622   -21.07644
    0.17700       -29.05784    -3.82418    -4.23808   -20.99557
    0.18300       -28.86321    -3.76294    -4.18183   -20.91844
    0.18900       -28.67396    -3.70344    -4.12691   -20.84361
    0.19500       -28.49163    -3.64507    -4.07408   -20.77247
    0.20100       -28.31471    -3.58847    -4.02224   -20.70399
    0.20700       -28.14345    -3.53467    -3.97023   -20.63856
    0.21300       -27.97771    -3.48202    -3.92137   -20.57432
    0.22700       -26.77372    -3.09559    -3.56160   -20.11653
    0.34500       -24.31156    -2.28491    -2.81710   -19.20955
    0.49500       -22.78102    -1.77564    -2.36064   -18.64474
    0.64500       -21.68769    -1.42425    -2.04655   -18.21689
    0.79500       -20.84381    -1.16259    -1.82053   -17.86069
    0.94500       -20.16777    -0.96166    -1.64667   -17.55945
     1.0950       -19.60472    -0.80343    -1.50356   -17.29774
     1.2450       -19.12155    -0.67464    -1.38084   -17.06607
     1.3950       -18.70795    -0.56958    -1.27657   -16.86180
     1.5450       -18.35256    -0.48127    -1.18572   -16.68556
     1.6950       -18.03376    -0.40520    -1.10715   -16.52140
     1.8450       -17.75027    -0.34055    -1.03980   -16.36992
     1.9950       -17.49752    -0.28390    -0.98603   -16.22759
     2.1450       -17.27998    -0.23257    -0.93864   -16.10878
     2.2950       -17.07488    -0.18964    -0.89661   -15.98863
     2.4450       -16.89868    -0.15254    -0.85907   -15.88706
     2.5950       -16.74002    -0.12050    -0.82723   -15.79230
     2.7450       -16.58766    -0.09289    -0.79502   -15.69975
     2.8950       -16.45635    -0.07021    -0.76802   -15.61813
     3.0450       -16.33249    -0.05143    -0.74378   -15.53728
     3.1950       -16.21586    -0.03062    -0.72130   -15.46394
     3.3450       -16.10805    -0.01043    -0.70033   -15.39728
     3.4950       -16.01318     0.00742    -0.67982   -15.34078
     3.6450       -15.91913     0.02435    -0.66053   -15.28296
     3.7950       -15.83393     0.03975    -0.64290   -15.23079
     3.9450       -15.75065     0.05545    -0.62811   -15.17798
     4.0950       -15.67056     0.06937    -0.61191   -15.12803
     4.2450       -15.60116     0.07948    -0.60075   -15.07989
     4.3950       -15.54297     0.08472    -0.59193   -15.03576
     4.5450       -15.47802     0.09629    -0.58142   -14.99289
     4.6950       -15.41350     0.10726    -0.57163   -14.94914
     4.8450       -15.34942     0.11810    -0.55815   -14.90937
     4.9950       -15.29082     0.12799    -0.54827   -14.87054
     5.1450       -15.22818     0.13923    -0.53467   -14.83274
     5.2950       -15.16971     0.14744    -0.52289   -14.79425
     5.4450       -15.11640     0.15712    -0.51466   -14.75886
     5.5950       -15.06523     0.16659    -0.50739   -14.72443
     5.7450       -15.01594     0.17259    -0.49825   -14.69028
     5.8950       -14.97254     0.17861    -0.49341   -14.65774
     6.0450       -14.92364     0.18596    -0.48362   -14.62598
     6.1950       -14.87949     0.19200    -0.47743   -14.59405
     6.3450       -14.83764     0.19866    -0.47257   -14.56373
     6.4950       -14.79880     0.20466    -0.46933   -14.53414
     6.6450       -14.75875     0.20981    -0.46444   -14.50412
     6.7950       -14.71766     0.21627    -0.45819   -14.47574
     6.9450       -14.67920     0.22215    -0.45325   -14.44810
     7.0950       -14.64642     0.22459    -0.45002   -14.42098
     7.2450       -14.61359     0.22971    -0.44886   -14.39444
     7.3950       -14.58235     0.23381    -0.44776   -14.36840
     7.5450       -14.55018     0.23946    -0.44673   -14.34291
     7.6950       -14.51637     0.24505    -0.44351   -14.31791
     7.8450       -14.48840     0.24528    -0.44031   -14.29337
     7.9950       -14.45850     0.24790    -0.43706   -14.26933
     8.1450       -14.43143     0.24809    -0.43382   -14.24570
     8.2950       -14.40481     0.25076    -0.43302   -14.22255
     8.4450       -14.37852     0.25346    -0.43223   -14.19975
     8.5950       -14.35524     0.25361    -0.43147   -14.17738
     8.7450       -14.32988     0.25377    -0.42820   -14.15545
     8.8950       -14.30744     0.25392    -0.42751   -14.13384
     9.0450       -14.28537     0.25404    -0.42686   -14.11256
     9.1950       -14.26367     0.25418    -0.42622   -14.09164
     9.3450       -14.23961     0.25431    -0.42289   -14.07103
     9.4950       -14.21597     0.25442    -0.41956   -14.05083
     9.6450       -14.19540     0.25454    -0.41898   -14.03096
     9.7950       -14.17245     0.25737    -0.41843   -14.01140
     9.9450       -14.15251     0.25747    -0.41791   -13.99206
     10.095       -14.13290     0.25757    -0.41740   -13.97308
     10.245       -14.11072     0.25767    -0.41402   -13.95437
     10.395       -14.09168     0.25780    -0.41354   -13.93594
     10.545       -14.07296     0.25789    -0.41309   -13.91776
     10.695       -14.05445     0.25800    -0.41265   -13.89979
     10.845       -14.03620     0.25809    -0.41223   -13.88206
     10.995       -14.01831     0.25817    -0.41182   -13.86466
     11.145       -14.00061     0.25826    -0.41140   -13.84747
     11.295       -13.98314     0.25834    -0.41102   -13.83046
     11.445       -13.96594     0.25842    -0.41065   -13.81371
     11.595       -13.94897     0.25848    -0.41029   -13.79716
     11.745       -13.93226     0.25854    -0.40994   -13.78086
     11.895       -13.91571     0.25862    -0.40960   -13.76473
     12.045       -13.89943     0.25868    -0.40926   -13.74884
     12.195       -13.88336     0.25872    -0.40894   -13.73315
     12.345       -13.86749     0.25878    -0.40862   -13.71765
     12.495       -13.85180     0.25885    -0.40831   -13.70234
     12.645       -13.83636     0.25891    -0.40802   -13.68725
     12.795       -13.82106     0.25897    -0.40771   -13.67233
     12.945       -13.80600     0.25900    -0.40744   -13.65756
     13.095       -13.79111     0.25906    -0.40715   -13.64301
     13.245       -13.77635     0.25909    -0.40688   -13.62857
     13.395       -13.76176     0.25916    -0.40661   -13.61431
     13.545       -13.74734     0.25920    -0.40636   -13.60019
     13.695       -13.73305     0.25925    -0.40610   -13.58620
     13.845       -13.71896     0.25930    -0.40585   -13.57241
     13.995       -13.70504     0.25934    -0.40560   -13.55878
     14.145       -13.69127     0.25937    -0.40537   -13.54527
     14.295       -13.67761     0.25940    -0.40513   -13.53188
     14.445       -13.66412     0.25944    -0.40490   -13.51867
     14.595       -13.65074     0.25949    -0.40466   -13.50556
     14.745       -13.63754     0.25952    -0.40444   -13.49262
     14.895       -13.62447     0.25955    -0.40422   -13.47980
     15.045       -13.61158     0.25958    -0.40401   -13.46715
     15.195       -13.59881     0.25961    -0.40381   -13.45461
     15.345       -13.58618     0.25965    -0.40361   -13.44222
     15.495       -13.57367     0.25967    -0.40341   -13.42993
     15.645       -13.56127     0.25970    -0.40322   -13.41776
     15.795       -13.54898     0.25973    -0.40303   -13.40568
     15.945       -13.53684     0.25976    -0.40285   -13.39375
     16.095       -13.52484     0.25979    -0.40267   -13.38197
     16.245       -13.51294     0.25981    -0.40249   -13.37027
     16.395       -13.50116     0.25982    -0.40230   -13.35867
     16.545       -13.48944     0.25985    -0.40213   -13.34716
     16.695       -13.47785     0.25987    -0.40196   -13.33576
     16.845       -13.46641     0.25989    -0.40179   -13.32451
     16.995       -13.45507     0.25992    -0.40162   -13.31337
     17.145       -13.44384     0.25993    -0.40146   -13.30231
     17.295       -13.43269     0.25995    -0.40128   -13.29135
     17.445       -13.42160     0.25996    -0.40111   -13.28046
     17.595       -13.41064     0.25997    -0.40096   -13.26965
     17.745       -13.39979     0.25999    -0.40081   -13.25897
     17.895       -13.38907     0.26002    -0.40066   -13.24843
     18.045       -13.37836     0.26004    -0.40051   -13.23789
     18.195       -13.36783     0.26005    -0.40037   -13.22752
     18.345       -13.35733     0.26007    -0.40022   -13.21718
     18.495       -13.34694     0.26009    -0.40007   -13.20696
     18.645       -13.33663     0.26012    -0.39993   -13.19681
     18.795       -13.32642     0.26012    -0.39979   -13.18675
     18.945       -13.31626     0.26013    -0.39964   -13.17675
     19.095       -13.30620     0.26014    -0.39951   -13.16683
     19.245       -13.29622     0.26016    -0.39937   -13.15701
     19.395       -13.28632     0.26017    -0.39924   -13.14726
     19.545       -13.27654     0.26018    -0.39911   -13.13761
     19.695       -13.26682     0.26020    -0.39898   -13.12804
     19.845       -13.25720     0.26021    -0.39886   -13.11855
     19.995       -13.24761     0.26022    -0.39873   -13.10910
     20.145       -13.23808     0.26023    -0.39860   -13.09971
     20.295       -13.22865     0.26024    -0.39848   -13.09041
     20.445       -13.21932     0.26025    -0.39835   -13.08121
     20.595       -13.21005     0.26026    -0.39823   -13.07208
     20.745       -13.20087     0.26027    -0.39811   -13.06302
     20.895       -13.19171     0.26028    -0.39800   -13.05400
     21.045       -13.18264     0.26030    -0.39788   -13.04506
     21.195       -13.17366     0.26030    -0.39777   -13.03619
     21.345       -13.16472     0.26032    -0.39765   -13.02738
     21.495       -13.15587     0.26031    -0.39754   -13.01864
     21.645       -13.14708     0.26033    -0.39743   -13.00998
     21.795       -13.13834     0.26033    -0.39732   -13.00135
     21.945       -13.12964     0.26034    -0.39721   -12.99277
     22.095       -13.12100     0.26035    -0.39710   -12.98425
     22.245       -13.11246     0.26035    -0.39700   -12.97581
     22.395       -13.10395     0.26036    -0.39689   -12.96743
     22.545       -13.09553     0.26036    -0.39678   -12.95911
     22.695       -13.08717     0.26037    -0.39668   -12.95086
     22.845       -13.07884     0.26038    -0.39657   -12.94265
     22.995       -13.07059     0.26040    -0.39647   -12.93451
     23.145       -13.06239     0.26040    -0.39636   -12.92643
     23.295       -13.05427     0.26040    -0.39626   -12.91841
     23.445       -13.04617     0.26041    -0.39616   -12.91042
     23.595       -13.03817     0.26041    -0.39607   -12.90252
     23.745       -13.03020     0.26043    -0.39597   -12.89465
     23.895       -13.02224     0.26044    -0.39587   -12.88681
     24.045       -13.01439     0.26043    -0.39577   -12.87905
     24.195       -13.00653     0.26044    -0.39568   -12.87129
     24.345       -12.99873     0.26045    -0.39558   -12.86359
     24.495       -12.99099     0.26047    -0.39549   -12.85597
     24.645       -12.98332     0.26046    -0.39539   -12.84839
     24.795       -12.97570     0.26047    -0.39531   -12.84086
     24.945       -12.96809     0.26047    -0.39522   -12.83335
     25.095       -12.96055     0.26049    -0.39513   -12.82591
     25.245       -12.95306     0.26049    -0.39503   -12.81852
     25.395       -12.94564     0.26050    -0.39494   -12.81120
     25.545       -12.93824     0.26050    -0.39485   -12.80389
     25.695       -12.93087     0.26052    -0.39477   -12.79662
     25.845       -12.92359     0.26052    -0.39468   -12.78943
     25.995       -12.91632     0.26052    -0.39459   -12.78226
     26.145       -12.90910     0.26052    -0.39450   -12.77512
     26.295       -12.90193     0.26053    -0.39442   -12.76804
     26.445       -12.89478     0.26054    -0.39433   -12.76099
     26.595       -12.88772     0.26054    -0.39425   -12.75401
     26.745       -12.88067     0.26054    -0.39417   -12.74704
     26.895       -12.87367     0.26054    -0.39407   -12.74013
     27.045       -12.86672     0.26054    -0.39400   -12.73327
     27.195       -12.85978     0.26055    -0.39392   -12.72641
     27.345       -12.85288     0.26055    -0.39383   -12.71960
     27.495       -12.84604     0.26055    -0.39375   -12.71284
     27.645       -12.83924     0.26056    -0.39367   -12.70613
     27.795       -12.83246     0.26057    -0.39360   -12.69942
     27.945       -12.82573     0.26057    -0.39352   -12.69278
     28.095       -12.81906     0.26057    -0.39344   -12.68620
     28.245       -12.81241     0.26058    -0.39336   -12.67963
     28.395       -12.80578     0.26058    -0.39328   -12.67308
     28.545       -12.79920     0.26058    -0.39321   -12.66657
     28.695       -12.79268     0.26058    -0.39313   -12.66013
     28.845       -12.78617     0.26058    -0.39305   -12.65370
     28.995       -12.77971     0.26058    -0.39298   -12.64732
     29.145       -12.77327     0.26059    -0.39290   -12.64095
     29.295       -12.76688     0.26060    -0.39283   -12.63465
     29.445       -12.76053     0.26061    -0.39276   -12.62837
     29.595       -12.75418     0.26061    -0.39268   -12.62211
     29.745       -12.74788     0.26061    -0.39261   -12.61589
     29.895       -12.74163     0.26061    -0.39254   -12.60970
     30.045       -12.73539     0.26062    -0.39247   -12.60354
     30.195       -12.72917     0.26062    -0.39240   -12.59739
     30.345       -12.72304     0.26061    -0.39233   -12.59132
     30.495       -12.71691     0.26061    -0.39226   -12.58527
     30.645       -12.71080     0.26061    -0.39219   -12.57922
     30.795       -12.70476     0.26061    -0.39212   -12.57324
     30.945       -12.69873     0.26061    -0.39206   -12.56728
     31.095       -12.69271     0.26061    -0.39198   -12.56133
     31.245       -12.68672     0.26061    -0.39192   -12.55541
     31.395       -12.68077     0.26060    -0.39185   -12.54952
     31.545       -12.67488     0.26060    -0.39178   -12.54370
     31.695       -12.66899     0.26060    -0.39171   -12.53789
     31.845       -12.66314     0.26060    -0.39164   -12.53210
     31.995       -12.65733     0.26060    -0.39158   -12.52635
     32.145       -12.65153     0.26060    -0.39152   -12.52061
     32.295       -12.64576     0.26059    -0.39146   -12.51489
     32.445       -12.64002     0.26060    -0.39139   -12.50923
     32.595       -12.63429     0.26059    -0.39132   -12.50355
     32.745       -12.62858     0.26059    -0.39126   -12.49792
     32.895       -12.62292     0.26059    -0.39119   -12.49232
     33.045       -12.61730     0.26058    -0.39112   -12.48676
     33.195       -12.61172     0.26058    -0.39107   -12.48122
     33.345       -12.60614     0.26058    -0.39101   -12.47571
     33.495       -12.60058     0.26059    -0.39095   -12.47022
     33.645       -12.59505     0.26058    -0.39089   -12.46474
     33.795       -12.58955     0.26059    -0.39083   -12.45931
     33.945       -12.58402     0.26059    -0.39077   -12.45385
     34.095       -12.57860     0.26060    -0.39071   -12.44849
     34.245       -12.57320     0.26060    -0.39065   -12.44315
     34.395       -12.56781     0.26059    -0.39059   -12.43781
     34.545       -12.56245     0.26059    -0.39052   -12.43251
     34.695       -12.55714     0.26058    -0.39047   -12.42725
     34.845       -12.55183     0.26058    -0.39041   -12.42200
     34.995       -12.54653     0.26058    -0.39035   -12.41676
     35.145       -12.54127     0.26058    -0.39030   -12.41155
     35.295       -12.53600     0.26059    -0.39024   -12.40634
     35.445       -12.53074     0.26059    -0.39018   -12.40116
     35.595       -12.52553     0.26059    -0.39012   -12.39600
     35.745       -12.52037     0.26059    -0.39007   -12.39089
     35.895       -12.51521     0.26059    -0.39001   -12.38579
     36.045       -12.51006     0.26058    -0.38995   -12.38069
     36.195       -12.50497     0.26057    -0.38990   -12.37564
     36.345       -12.49986     0.26057    -0.38984   -12.37059
     36.495       -12.49482     0.26057    -0.38980   -12.36559
     36.645       -12.48976     0.26058    -0.38974   -12.36060
     36.795       -12.48472     0.26058    -0.38968   -12.35561
     36.945       -12.47972     0.26058    -0.38963   -12.35067
     37.095       -12.47476     0.26058    -0.38958   -12.34576
     37.245       -12.46981     0.26057    -0.38952   -12.34087
     37.395       -12.46487     0.26058    -0.38947   -12.33599
     37.545       -12.45996     0.26058    -0.38941   -12.33112
     37.695       -12.45508     0.26058    -0.38936   -12.32630
     37.845       -12.45022     0.26058    -0.38931   -12.32149
     37.995       -12.44536     0.26059    -0.38926   -12.31669
     38.145       -12.44051     0.26058    -0.38920   -12.31190
     38.295       -12.43571     0.26059    -0.38915   -12.30715
     38.445       -12.43088     0.26059    -0.38909   -12.30239
     38.595       -12.42611     0.26059    -0.38904   -12.29767
     38.745       -12.42136     0.26059    -0.38898   -12.29297
     38.895       -12.41662     0.26059    -0.38893   -12.28827
     39.045       -12.41191     0.26059    -0.38888   -12.28361
     39.195       -12.40723     0.26058    -0.38883   -12.27898
     39.345       -12.40255     0.26058    -0.38878   -12.27436
     39.495       -12.39790     0.26058    -0.38873   -12.26975
     39.645       -12.39324     0.26058    -0.38868   -12.26515
     39.795       -12.38864     0.26058    -0.38862   -12.26059
     39.945       -12.38405     0.26057    -0.38858   -12.25604
     40.095       -12.37945     0.26058    -0.38853   -12.25150
     40.245       -12.37489     0.26058    -0.38848   -12.24699
     40.395       -12.37036     0.26058    -0.38844   -12.24250
     40.545       -12.36581     0.26058    -0.38839   -12.23800
     40.695       -12.36132     0.26057    -0.38834   -12.23356
     40.845       -12.35681     0.26057    -0.38829   -12.22909
     40.995       -12.35234     0.26057    -0.38824   -12.22467
     41.145       -12.34788     0.26057    -0.38819   -12.22026
     41.295       -12.34343     0.26057    -0.38814   -12.21586
     41.445       -12.33901     0.26057    -0.38810   -12.21148
     41.595       -12.33460     0.26057    -0.38805   -12.20712
     41.745       -12.33022     0.26057    -0.38801   -12.20278
     41.895       -12.32586     0.26057    -0.38797   -12.19846
     42.045       -12.32148     0.26057    -0.38792   -12.19413
     42.195       -12.31713     0.26056    -0.38787   -12.18983
     42.345       -12.31283     0.26056    -0.38783   -12.18556
     42.495       -12.30854     0.26055    -0.38778   -12.18131
     42.645       -12.30426     0.26055    -0.38774   -12.17707
     42.795       -12.29998     0.26055    -0.38769   -12.17283
     42.945       -12.29572     0.26055    -0.38765   -12.16862
     43.095       -12.29146     0.26055    -0.38760   -12.16441
     43.245       -12.28722     0.26055    -0.38756   -12.16022
     43.395       -12.28299     0.26055    -0.38751   -12.15604
     43.545       -12.27879     0.26056    -0.38747   -12.15188
     43.695       -12.27461     0.26055    -0.38742   -12.14774
     43.845       -12.27043     0.26055    -0.38738   -12.14361
     43.995       -12.26626     0.26056    -0.38733   -12.13948
     44.145       -12.26214     0.26055    -0.38729   -12.13541
     44.295       -12.25802     0.26056    -0.38724   -12.13133
     44.445       -12.25393     0.26055    -0.38720   -12.12728
     44.595       -12.24983     0.26055    -0.38715   -12.12322
     44.745       -12.24576     0.26055    -0.38711   -12.11920
     44.895       -12.24170     0.26055    -0.38707   -12.11518
     45.045       -12.23765     0.26055    -0.38703   -12.11116
     45.195       -12.23361     0.26054    -0.38699   -12.10716
     45.345       -12.22959     0.26054    -0.38695   -12.10319
     45.495       -12.22557     0.26053    -0.38690   -12.09921
     45.645       -12.22158     0.26053    -0.38686   -12.09525
     45.795       -12.21759     0.26053    -0.38682   -12.09131
     45.945       -12.21362     0.26054    -0.38677   -12.08738
     46.095       -12.20970     0.26054    -0.38674   -12.08351
     46.245       -12.20575     0.26055    -0.38669   -12.07960
     46.395       -12.20182     0.26055    -0.38665   -12.07572
     46.545       -12.19792     0.26054    -0.38661   -12.07185
     46.695       -12.19401     0.26054    -0.38656   -12.06798
     46.845       -12.19013     0.26054    -0.38652   -12.06415
     46.995       -12.18626     0.26054    -0.38648   -12.06032
     47.145       -12.18240     0.26054    -0.38644   -12.05651
     47.295       -12.17857     0.26054    -0.38639   -12.05271
     47.445       -12.17475     0.26054    -0.38636   -12.04893
     47.595       -12.17093     0.26053    -0.38632   -12.04514
     47.745       -12.16714     0.26053    -0.38628   -12.04139
     47.895       -12.16334     0.26053    -0.38624   -12.03763
     48.045       -12.15958     0.26053    -0.38620   -12.03391
     48.195       -12.15581     0.26054    -0.38616   -12.03018
     48.345       -12.15207     0.26054    -0.38612   -12.02648
     48.495       -12.14831     0.26054    -0.38608   -12.02276
     48.645       -12.14455     0.26053    -0.38604   -12.01904
     48.795       -12.14084     0.26053    -0.38600   -12.01537
     48.945       -12.13713     0.26053    -0.38596   -12.01170
     49.095       -12.13343     0.26053    -0.38593   -12.00804
     49.245       -12.12976     0.26053    -0.38588   -12.00441
     49.395       -12.12607     0.26054    -0.38584   -12.00077
     49.545       -12.12242     0.26054    -0.38581   -11.99715
     49.695       -12.11878     0.26054    -0.38577   -11.99355
     49.845       -12.11515     0.26054    -0.38573   -11.98995
     49.995       -12.11154     0.26054    -0.38570   -11.98638
     50.145       -12.10792     0.26054    -0.38566   -11.98279
     50.295       -12.10431     0.26053    -0.38562   -11.97922
     50.445       -12.10073     0.26053    -0.38559   -11.97567
     50.595       -12.09716     0.26053    -0.38555   -11.97215
     50.745       -12.09360     0.26053    -0.38551   -11.96862
     50.895       -12.09004     0.26054    -0.38547   -11.96511
     51.045       -12.08649     0.26054    -0.38543   -11.96159
     51.195       -12.08296     0.26053    -0.38540   -11.95810
     51.345       -12.07944     0.26053    -0.38536   -11.95461
     51.495       -12.07593     0.26052    -0.38532   -11.95113
     51.645       -12.07243     0.26052    -0.38528   -11.94767
     51.795       -12.06897     0.26051    -0.38525   -11.94423
     51.945       -12.06550     0.26051    -0.38522   -11.94079
     52.095       -12.06204     0.26051    -0.38518   -11.93736
     52.245       -12.05858     0.26051    -0.38515   -11.93394
     52.395       -12.05513     0.26051    -0.38511   -11.93052
     52.545       -12.05167     0.26051    -0.38508   -11.92711
     52.695       -12.04823     0.26051    -0.38504   -11.92370
     52.845       -12.04481     0.26051    -0.38500   -11.92032
     52.995       -12.04142     0.26051    -0.38497   -11.91696
     53.145       -12.03804     0.26051    -0.38493   -11.91361
     53.295       -12.03466     0.26051    -0.38490   -11.91027
     53.445       -12.03128     0.26050    -0.38487   -11.90692
     53.595       -12.02791     0.26050    -0.38483   -11.90359
     53.745       -12.02457     0.26050    -0.38480   -11.90028
     53.895       -12.02122     0.26051    -0.38476   -11.89697
     54.045       -12.01787     0.26051    -0.38472   -11.89365
     54.195       -12.01455     0.26050    -0.38469   -11.89036
     54.345       -12.01124     0.26051    -0.38466   -11.88709
     54.495       -12.00794     0.26051    -0.38463   -11.88382
     54.645       -12.00467     0.26050    -0.38459   -11.88058
     54.795       -12.00140     0.26050    -0.38456   -11.87735
     54.945       -11.99812     0.26050    -0.38452   -11.87410
     55.095       -11.99487     0.26050    -0.38449   -11.87088
     59.433       -11.73941     0.26041    -0.38183   -11.61798
     80.646       -11.36624     0.26027    -0.37807   -11.24844
     111.21       -11.00400     0.26005    -0.37434   -10.88971
     153.36       -10.65254     0.25979    -0.37073   -10.54161
     211.49       -10.31204     0.25953    -0.36719   -10.20438
     291.64        -9.98296     0.25930    -0.36380    -9.87847
     402.18        -9.66491     0.25905    -0.36051    -9.56346
     554.60        -9.35792     0.25882    -0.35730    -9.25945
     764.80        -9.06188     0.25858    -0.35419    -8.96627
     1054.7        -8.77585     0.25830    -0.35118    -8.68297
     1454.4        -8.50011     0.25804    -0.34827    -8.40989
     2005.6        -8.23380     0.25781    -0.34540    -8.14622
     2765.8        -7.97690     0.25756    -0.34262    -7.89184
     3814.0        -7.72877     0.25727    -0.33991    -7.64613
     5259.5        -7.48910     0.25701    -0.33731    -7.40880
     7252.9        -7.25741     0.25672    -0.33477    -7.17936
     10002.        -7.03348     0.25641    -0.33232    -6.95757
     13793.        -6.81715     0.25614    -0.32995    -6.74333
     19020.        -6.60862     0.25583    -0.32764    -6.53680
     26229.        -6.40787     0.25551    -0.32543    -6.33795
     36170.        -6.21557     0.25516    -0.32330    -6.14743
     49878.        -6.03144     0.25488    -0.32125    -5.96507
     68782.        -5.85565     0.25456    -0.31930    -5.79092
     94851.        -5.68786     0.25421    -0.31743    -5.62465
    0.13080E+06    -5.52784     0.25388    -0.31564    -5.46608
    0.18038E+06    -5.37527     0.25355    -0.31394    -5.31488
    0.24874E+06    -5.22983     0.25319    -0.31230    -5.17072
    0.34301E+06    -5.09139     0.25285    -0.31075    -5.03349
    0.47302E+06    -4.95967     0.25249    -0.30928    -4.90288
    0.65229E+06    -4.83410     0.25218    -0.30788    -4.77840
    0.89952E+06    -4.71482     0.25185    -0.30654    -4.66013
    0.12404E+07    -4.60122     0.25150    -0.30527    -4.54745
    0.17106E+07    -4.49320     0.25119    -0.30405    -4.44035
    0.23589E+07    -4.39043     0.25086    -0.30288    -4.33841
    0.32529E+07    -4.29267     0.25052    -0.30179    -4.24140
    0.44858E+07    -4.19967     0.25020    -0.30075    -4.14911
    0.61860E+07    -4.11124     0.24990    -0.29977    -4.06137
    0.85305E+07    -4.02704     0.24963    -0.29882    -3.97786
    0.11764E+08    -3.94705     0.24936    -0.29792    -3.89848
    0.16222E+08    -3.87108     0.24908    -0.29706    -3.82310
    0.22370E+08    -3.79880     0.24886    -0.29626    -3.75140
    0.30849E+08    -3.73017     0.24862    -0.29551    -3.68328
    0.42541E+08    -3.66534     0.24840    -0.29480    -3.61895
    0.58664E+08    -3.60465     0.24819    -0.29413    -3.55871
    0.80898E+08    -3.54797     0.24800    -0.29350    -3.50247
    0.11156E+09    -3.49482     0.24783    -0.29291    -3.44974
    0.15384E+09    -3.44503     0.24766    -0.29235    -3.40034
    0.21215E+09    -3.39845     0.24750    -0.29183    -3.35412
    0.29255E+09    -3.35456     0.24735    -0.29134    -3.31057
    0.40343E+09    -3.31336     0.24722    -0.29087    -3.26971
    0.55633E+09    -3.27466     0.24709    -0.29044    -3.23131
    0.76719E+09    -3.23855     0.24698    -0.29006    -3.19548
    0.10580E+10    -3.20595     0.24688    -0.28969    -3.16313
    0.14589E+10    -3.17608     0.24677    -0.28935    -3.13350
    0.20119E+10    -3.14859     0.24669    -0.28905    -3.10622
    0.27744E+10    -3.12329     0.24662    -0.28876    -3.08114
    0.38259E+10    -3.09991     0.24654    -0.28850    -3.05796
    0.52760E+10    -3.07832     0.24647    -0.28825    -3.03655
    0.72756E+10    -3.05842     0.24641    -0.28801    -3.01681
    0.10033E+11    -3.04006     0.24634    -0.28779    -2.99861
    0.13836E+11    -3.02310     0.24629    -0.28760    -2.98179
    0.19079E+11    -3.00748     0.24622    -0.28742    -2.96628
    0.26311E+11    -2.99303     0.24617    -0.28726    -2.95195
    0.36283E+11    -2.97975     0.24612    -0.28710    -2.93877
    0.50034E+11    -2.96742     0.24608    -0.28696    -2.92654
    0.68997E+11    -2.95605     0.24604    -0.28683    -2.91526
    0.10000E+12    -2.81973     0.24556    -0.28521    -2.78007
