    -99.945         0.00000
    -99.795         0.00000
    -99.645         0.00000
    -99.495         0.00000
    -99.345         0.00000
    -99.195         0.00000
    -99.045         0.00000
    -98.895         0.00000
    -98.745         0.00000
    -98.595         0.00000
    -98.445         0.00000
    -98.295         0.00000
    -98.145         0.00000
    -97.995         0.00000
    -97.845         0.00000
    -97.695         0.00000
    -97.545         0.00000
    -97.395         0.00000
    -97.245         0.00000
    -97.095         0.00000
    -96.945         0.00000
    -96.795         0.00000
    -96.645         0.00000
    -96.495         0.00000
    -96.345         0.00000
    -96.195         0.00000
    -96.045         0.00000
    -95.895         0.00000
    -95.745         0.00000
    -95.595         0.00000
    -95.445         0.00000
    -95.295         0.00000
    -95.145         0.00000
    -94.995         0.00000
    -94.845         0.00000
    -94.695         0.00000
    -94.545         0.00000
    -94.395         0.00000
    -94.245         0.00000
    -94.095         0.00000
    -93.945         0.00000
    -93.795         0.00000
    -93.645         0.00000
    -93.495         0.00000
    -93.345         0.00000
    -93.195         0.00000
    -93.045         0.00000
    -92.895         0.00000
    -92.745         0.00000
    -92.595         0.00000
    -92.445         0.00000
    -92.295         0.00000
    -92.145         0.00000
    -91.995         0.00000
    -91.845         0.00000
    -91.695         0.00000
    -91.545         0.00000
    -91.395         0.00000
    -91.245         0.00000
    -91.095         0.00000
    -90.945         0.00000
    -90.795         0.00000
    -90.645         0.00000
    -90.495         0.00000
    -90.345         0.00000
    -90.195         0.00000
    -90.045         0.00000
    -89.895         0.00000
    -89.745         0.00000
    -89.595         0.00000
    -89.445         0.00000
    -89.295         0.00000
    -89.145         0.00000
    -88.995         0.00000
    -88.845         0.00000
    -88.695         0.00000
    -88.545         0.00000
    -88.395         0.00000
    -88.245         0.00000
    -88.095         0.00000
    -87.945         0.00000
    -87.795         0.00000
    -87.645         0.00000
    -87.495         0.00000
    -87.345         0.00000
    -87.195         0.00000
    -87.045         0.00000
    -86.895         0.00000
    -86.745         0.00000
    -86.595         0.00000
    -86.445         0.00000
    -86.295         0.00000
    -86.145         0.00000
    -85.995         0.00000
    -85.845         0.00000
    -85.695         0.00000
    -85.545         0.00000
    -85.395         0.00000
    -85.245         0.00000
    -85.095         0.00000
    -84.945         0.00000
    -84.795         0.00000
    -84.645         0.00000
    -84.495         0.00000
    -84.345         0.00000
    -84.195         0.00000
    -84.045         0.00000
    -83.895         0.00000
    -83.745         0.00000
    -83.595         0.00000
    -83.445         0.00000
    -83.295         0.00000
    -83.145         0.00000
    -82.995         0.00000
    -82.845         0.00000
    -82.695         0.00000
    -82.545         0.00000
    -82.395         0.00000
    -82.245         0.00000
    -82.095         0.00000
    -81.945         0.00000
    -81.795         0.00000
    -81.645         0.00000
    -81.495         0.00000
    -81.345         0.00000
    -81.195         0.00000
    -81.045         0.00000
    -80.895         0.00000
    -80.745         0.00000
    -80.595         0.00000
    -80.445         0.00000
    -80.295         0.00000
    -80.145         0.00000
    -79.995         0.00000
    -79.845         0.00000
    -79.695         0.00000
    -79.545         0.00000
    -79.395         0.00000
    -79.245         0.00000
    -79.095         0.00000
    -78.945         0.00000
    -78.795         0.00000
    -78.645         0.00000
    -78.495         0.00000
    -78.345         0.00000
    -78.195         0.00000
    -78.045         0.00000
    -77.895         0.00000
    -77.745         0.00000
    -77.595         0.00000
    -77.445         0.00000
    -77.295         0.00000
    -77.145         0.00000
    -76.995         0.00000
    -76.845         0.00000
    -76.695         0.00000
    -76.545         0.00000
    -76.395         0.00000
    -76.245         0.00000
    -76.095         0.00000
    -75.945         0.00000
    -75.795         0.00000
    -75.645         0.00000
    -75.495         0.00000
    -75.345         0.00000
    -75.195         0.00000
    -75.045         0.00000
    -74.895         0.00000
    -74.745         0.00000
    -74.595         0.00000
    -74.445         0.00000
    -74.295         0.00000
    -74.145         0.00000
    -73.995         0.00000
    -73.845         0.00000
    -73.695         0.00000
    -73.545         0.00000
    -73.395         0.00000
    -73.245         0.00000
    -73.095         0.00000
    -72.945         0.00000
    -72.795         0.00000
    -72.645         0.00000
    -72.495         0.00000
    -72.345         0.00000
    -72.195         0.00000
    -72.045         0.00000
    -71.895         0.00000
    -71.745         0.00000
    -71.595         0.00000
    -71.445         0.00000
    -71.295         0.00000
    -71.145         0.00000
    -70.995         0.00000
    -70.845         0.00000
    -70.695         0.00000
    -70.545         0.00000
    -70.395         0.00000
    -70.245         0.00000
    -70.095         0.00000
    -69.945         0.00000
    -69.795         0.00000
    -69.645         0.00000
    -69.495         0.00000
    -69.345         0.00000
    -69.195         0.00000
    -69.045         0.00000
    -68.895         0.00000
    -68.745         0.00000
    -68.595         0.00000
    -68.445         0.00000
    -68.295         0.00000
    -68.145         0.00000
    -67.995         0.00000
    -67.845         0.00000
    -67.695         0.00000
    -67.545         0.00000
    -67.395         0.00000
    -67.245         0.00000
    -67.095         0.00000
    -66.945         0.00000
    -66.795         0.00000
    -66.645         0.00000
    -66.495         0.00000
    -66.345         0.00000
    -66.195         0.00000
    -66.045         0.00000
    -65.895         0.00000
    -65.745         0.00000
    -65.595         0.00000
    -65.445         0.00000
    -65.295         0.00000
    -65.145         0.00000
    -64.995         0.00000
    -64.845         0.00000
    -64.695         0.00000
    -64.545         0.00000
    -64.395         0.00000
    -64.245         0.00000
    -64.095         0.00000
    -63.945         0.00000
    -63.795         0.00000
    -63.645         0.00000
    -63.495         0.00000
    -63.345         0.00000
    -63.195         0.00000
    -63.045         0.00000
    -62.895         0.00000
    -62.745         0.00000
    -62.595         0.00000
    -62.445         0.00000
    -62.295         0.00000
    -62.145         0.00000
    -61.995         0.00000
    -61.845         0.00000
    -61.695         0.00000
    -61.545         0.00000
    -61.395         0.00000
    -61.245         0.00000
    -61.095         0.00000
    -60.945         0.00000
    -60.795         0.00000
    -60.645         0.00000
    -60.495         0.00000
    -60.345         0.00000
    -60.195         0.00000
    -60.045         0.00000
    -59.895         0.00000
    -59.745         0.00000
    -59.595         0.00000
    -59.445         0.00000
    -59.295         0.00000
    -59.145         0.00000
    -58.995         0.00000
    -58.845         0.00000
    -58.695         0.00000
    -58.545         0.00000
    -58.395         0.00000
    -58.245         0.00000
    -58.095         0.00000
    -57.945         0.00000
    -57.795         0.00000
    -57.645         0.00000
    -57.495         0.00000
    -57.345         0.00000
    -57.195         0.00000
    -57.045         0.00000
    -56.895         0.00000
    -56.745         0.00000
    -56.595         0.00000
    -56.445         0.00000
    -56.295         0.00000
    -56.145         0.00000
    -55.995         0.00000
    -55.845         0.00000
    -55.695         0.00000
    -55.545         0.00000
    -55.395         0.00000
    -55.245         0.00000
    -55.095         0.00000
    -54.945         0.00000
    -54.795         0.00000
    -54.645         0.00000
    -54.495         0.00000
    -54.345         0.00000
    -54.195         0.00000
    -54.045         0.00000
    -53.895         0.00000
    -53.745         0.00000
    -53.595         0.00000
    -53.445         0.00000
    -53.295         0.00000
    -53.145         0.00000
    -52.995         0.00000
    -52.845         0.00000
    -52.695         0.00000
    -52.545         0.00000
    -52.395         0.00000
    -52.245         0.00000
    -52.095         0.00000
    -51.945         0.00000
    -51.795         0.00000
    -51.645         0.00000
    -51.495         0.00000
    -51.345         0.00000
    -51.195         0.00000
    -51.045         0.00000
    -50.895         0.00000
    -50.745         0.00000
    -50.595         0.00000
    -50.445         0.00000
    -50.295         0.00000
    -50.145         0.00000
    -49.995         0.00000
    -49.845         0.00000
    -49.695         0.00000
    -49.545         0.00000
    -49.395         0.00000
    -49.245         0.00000
    -49.095         0.00000
    -48.945         0.00000
    -48.795         0.00000
    -48.645         0.00000
    -48.495         0.00000
    -48.345         0.00000
    -48.195         0.00000
    -48.045         0.00000
    -47.895         0.00000
    -47.745         0.00000
    -47.595         0.00000
    -47.445         0.00000
    -47.295         0.00000
    -47.145         0.00000
    -46.995         0.00000
    -46.845         0.00000
    -46.695         0.00000
    -46.545         0.00000
    -46.395         0.00000
    -46.245         0.00000
    -46.095         0.00000
    -45.945         0.00000
    -45.795         0.00000
    -45.645         0.00000
    -45.495         0.00000
    -45.345         0.00000
    -45.195         0.00000
    -45.045         0.00000
    -44.895         0.00000
    -44.745         0.00000
    -44.595         0.00000
    -44.445         0.00000
    -44.295         0.00000
    -44.145         0.00000
    -43.995         0.00000
    -43.845         0.00000
    -43.695         0.00000
    -43.545         0.00000
    -43.395         0.00000
    -43.245         0.00000
    -43.095         0.00000
    -42.945         0.00000
    -42.795         0.00000
    -42.645         0.00000
    -42.495         0.00000
    -42.345         0.00000
    -42.195         0.00000
    -42.045         0.00000
    -41.895         0.00000
    -41.745         0.00000
    -41.595         0.00000
    -41.445         0.00000
    -41.295         0.00000
    -41.145         0.00000
    -40.995         0.00000
    -40.845         0.00000
    -40.695         0.00000
    -40.545         0.00000
    -40.395         0.00000
    -40.245         0.00000
    -40.095         0.00000
    -39.945         0.00000
    -39.795         0.00000
    -39.645         0.00000
    -39.495         0.00000
    -39.345         0.00000
    -39.195         0.00000
    -39.045         0.00000
    -38.895         0.00000
    -38.745         0.00000
    -38.595         0.00000
    -38.445         0.00000
    -38.295         0.00000
    -38.145         0.00000
    -37.995         0.00000
    -37.845         0.00000
    -37.695         0.00000
    -37.545         0.00000
    -37.395         0.00000
    -37.245         0.00000
    -37.095         0.00000
    -36.945         0.00000
    -36.795         0.00000
    -36.645         0.00000
    -36.495         0.00000
    -36.345         0.00000
    -36.195         0.00000
    -36.045         0.00000
    -35.895         0.00000
    -35.745         0.00000
    -35.595         0.00000
    -35.445         0.00000
    -35.295         0.00000
    -35.145         0.00000
    -34.995         0.00000
    -34.845         0.00000
    -34.695         0.00000
    -34.545         0.00000
    -34.395         0.00000
    -34.245         0.00000
    -34.095         0.00000
    -33.945         0.00000
    -33.795         0.00000
    -33.645         0.00000
    -33.495         0.00000
    -33.345         0.00000
    -33.195         0.00000
    -33.045         0.00000
    -32.895         0.00000
    -32.745         0.00000
    -32.595         0.00000
    -32.445         0.00000
    -32.295         0.00000
    -32.145         0.00000
    -31.995         0.00000
    -31.845         0.00000
    -31.695         0.00000
    -31.545         0.00000
    -31.395         0.00000
    -31.245         0.00000
    -31.095         0.00000
    -30.945         0.00000
    -30.795         0.00000
    -30.645         0.00000
    -30.495         0.00000
    -30.345         0.00000
    -30.195         0.00000
    -30.045         0.00000
    -29.895         0.00000
    -29.745         0.00000
    -29.595         0.00000
    -29.445         0.00000
    -29.295         0.00000
    -29.145         0.00000
    -28.995         0.00000
    -28.845         0.00000
    -28.695         0.00000
    -28.545         0.00000
    -28.395         0.00000
    -28.245         0.00000
    -28.095         0.00000
    -27.945         0.00000
    -27.795         0.00000
    -27.645         0.00000
    -27.495         0.00000
    -27.345         0.00000
    -27.195         0.00000
    -27.045         0.00000
    -26.895         0.00000
    -26.745         0.00000
    -26.595         0.00000
    -26.445         0.00000
    -26.295         0.00000
    -26.145         0.00000
    -25.995         0.00000
    -25.845         0.00000
    -25.695         0.00000
    -25.545         0.00000
    -25.395         0.00000
    -25.245         0.00000
    -25.095         0.00000
    -24.945         0.00000
    -24.795         0.00000
    -24.645         0.00000
    -24.495         0.00000
    -24.345         0.00000
    -24.195         0.00000
    -24.045         0.00000
    -23.895         0.00000
    -23.745         0.00000
    -23.595         0.00000
    -23.445         0.00000
    -23.295         0.00000
    -23.145         0.00000
    -22.995         0.00000
    -22.845         0.00000
    -22.695         0.00000
    -22.545         0.00000
    -22.395         0.00000
    -22.245         0.00000
    -22.095         0.00000
    -21.945         0.00000
    -21.795         0.00000
    -21.645         0.00000
    -21.495         0.00000
    -21.345         0.00000
    -21.195         0.00000
    -21.045         0.00000
    -20.895         0.00000
    -20.745         0.00000
    -20.595         0.00000
    -20.445         0.00000
    -20.295         0.00000
    -20.145         0.00000
    -19.995         0.00000
    -19.845         0.00000
    -19.695         0.00000
    -19.545         0.00000
    -19.395         0.00000
    -19.245         0.00000
    -19.095         0.00000
    -18.945         0.00000
    -18.795         0.00000
    -18.645         0.00000
    -18.495         0.00000
    -18.345         0.00000
    -18.195         0.00000
    -18.045         0.00000
    -17.895         0.00000
    -17.745         0.00000
    -17.595         0.00000
    -17.445         0.00000
    -17.295         0.00000
    -17.145         0.00000
    -16.995         0.00000
    -16.845         0.00000
    -16.695         0.00000
    -16.545         0.00000
    -16.395         0.00000
    -16.245         0.00000
    -16.095         0.00000
    -15.945         0.00000
    -15.795         0.00000
    -15.645         0.00000
    -15.495         0.00000
    -15.345         0.00000
    -15.195         0.00000
    -15.045         0.00000
    -14.895         0.00000
    -14.745         0.00000
    -14.595         0.00000
    -14.445         0.00000
    -14.295         0.00000
    -14.145         0.00000
    -13.995         0.00000
    -13.845         0.00000
    -13.695         0.00000
    -13.545         0.00000
    -13.395         0.00000
    -13.245         0.00000
    -13.095         0.00000
    -12.945         0.00000
    -12.795         0.00000
    -12.645         0.00000
    -12.495         0.00000
    -12.345         0.00000
    -12.195         0.00000
    -12.045         0.00000
    -11.895         0.00000
    -11.745         0.00000
    -11.595         0.00000
    -11.445         0.00000
    -11.295         0.00000
    -11.145         0.00000
    -10.995         0.00000
    -10.845         0.00000
    -10.695         0.00000
    -10.545         0.00000
    -10.395         0.00000
    -10.245         0.00000
    -10.095         0.00000
    -9.9450         0.00000
    -9.7950         0.00000
    -9.6450         0.00000
    -9.4950         0.00000
    -9.3450         0.00000
    -9.1950         0.00000
    -9.0450         0.00000
    -8.8950         0.00000
    -8.7450         0.00000
    -8.5950         0.00000
    -8.4450         0.00000
    -8.2950         0.00000
    -8.1450         0.00000
    -7.9950         0.00000
    -7.8450         0.00000
    -7.6950         0.00000
    -7.5450         0.00000
    -7.3950         0.00000
    -7.2450         0.00000
    -7.0950         0.00000
    -6.9450         0.00000
    -6.7950         0.00000
    -6.6450         0.00000
    -6.4950         0.00000
    -6.3450         0.00000
    -6.1950         0.00000
    -6.0450         0.00000
    -5.8950         0.00000
    -5.7450         0.00000
    -5.5950         0.00000
    -5.4450         0.00000
    -5.2950         0.00000
    -5.1450         0.00000
    -4.9950         0.00000
    -4.8450         0.00000
    -4.6950         0.00000
    -4.5450         0.00000
    -4.3950         0.00000
    -4.2450         0.00000
    -4.0950         0.00000
    -3.9450         0.00000
    -3.7950         0.00000
    -3.6450         0.00000
    -3.4950         0.00000
    -3.3450         0.00000
    -3.1950         0.00000
    -3.0450         0.00000
    -2.8950         0.00000
    -2.7450         0.00000
    -2.5950         0.00000
    -2.4450         0.00000
    -2.2950         0.00000
    -2.1450         0.00000
    -1.9950         0.00000
    -1.8450         0.00000
    -1.6950         0.00004
    -1.5450        -0.00041
    -1.3950        -0.00313
    -1.2450        -0.01127
    -1.0950        -0.04097
   -0.94500        -0.14686
   -0.79500        -0.56705
   -0.64500        -1.96292
   -0.49500        -4.56352
   -0.34500        -7.63646
   -0.22700        -8.46514
   -0.21300        -8.55868
   -0.20700        -8.64995
   -0.20100        -8.74105
   -0.19500        -8.83264
   -0.18900        -8.92312
   -0.18300        -9.01284
   -0.17700        -9.10222
   -0.17100        -9.19215
   -0.16500        -9.28371
   -0.15900        -9.37491
   -0.15300        -9.46532
   -0.14700        -9.55764
   -0.14100        -9.64990
   -0.13500        -9.74337
   -0.12900        -9.83773
   -0.12300        -9.93398
   -0.11700       -10.03241
   -0.11100       -10.13212
   -0.10500       -10.23485
   -0.99000E-01   -10.34078
   -0.93000E-01   -10.45136
   -0.87000E-01   -10.56575
   -0.81000E-01   -10.68648
   -0.75000E-01   -10.81465
   -0.69000E-01   -10.95136
   -0.63000E-01   -11.09766
   -0.57000E-01   -11.25626
   -0.51000E-01   -11.42710
   -0.45000E-01   -11.61175
   -0.39000E-01   -11.80923
   -0.33000E-01   -12.02175
   -0.27000E-01   -12.25060
   -0.21300E-01   -12.41862
   -0.19500E-01   -12.44419
   -0.18900E-01   -12.47020
   -0.18300E-01   -12.49662
   -0.17700E-01   -12.52340
   -0.17100E-01   -12.55024
   -0.16500E-01   -12.57731
   -0.15900E-01   -12.60480
   -0.15300E-01   -12.63266
   -0.14700E-01   -12.66095
   -0.14100E-01   -12.68960
   -0.13500E-01   -12.71893
   -0.12900E-01   -12.74853
   -0.12300E-01   -12.77859
   -0.11700E-01   -12.80898
   -0.11100E-01   -12.83989
   -0.10500E-01   -12.87108
   -0.99000E-02   -12.90271
   -0.93000E-02   -12.93503
   -0.87000E-02   -12.96772
   -0.81000E-02   -13.00091
   -0.75000E-02   -13.03457
   -0.69000E-02   -13.06858
   -0.63000E-02   -13.10298
   -0.57000E-02   -13.13782
   -0.51000E-02   -13.17306
   -0.45000E-02   -13.20864
   -0.39000E-02   -13.24461
   -0.33000E-02   -13.28121
   -0.27000E-02   -13.31937
   -0.21000E-02   -13.36134
   -0.15000E-02   -13.41384
   -0.90000E-03   -13.50295
   -0.30000E-03   -14.93075
    0.30000E-03   -13.50409
    0.90000E-03   -13.42283
    0.15000E-02   -13.38799
    0.21000E-02   -13.37220
    0.27000E-02   -13.36505
    0.33000E-02   -13.36188
    0.39000E-02   -13.36046
    0.45000E-02   -13.35982
    0.51000E-02   -13.35955
    0.57000E-02   -13.35942
    0.63000E-02   -13.35936
    0.69000E-02   -13.35932
    0.75000E-02   -13.35930
    0.81000E-02   -13.35928
    0.87000E-02   -13.35926
    0.93000E-02   -13.35925
    0.99000E-02   -13.35923
    0.10500E-01   -13.35921
    0.11100E-01   -13.35919
    0.11700E-01   -13.35917
    0.12300E-01   -13.35915
    0.12900E-01   -13.35913
    0.13500E-01   -13.35911
    0.14100E-01   -13.35908
    0.14700E-01   -13.35906
    0.15300E-01   -13.35903
    0.15900E-01   -13.35900
    0.16500E-01   -13.35897
    0.17100E-01   -13.35894
    0.17700E-01   -13.35890
    0.18300E-01   -13.35888
    0.18900E-01   -13.35885
    0.19500E-01   -13.35881
    0.21300E-01   -13.35857
    0.27000E-01   -13.35811
    0.33000E-01   -13.35753
    0.39000E-01   -13.35690
    0.45000E-01   -13.35619
    0.51000E-01   -13.35541
    0.57000E-01   -13.35451
    0.63000E-01   -13.35362
    0.69000E-01   -13.35257
    0.75000E-01   -13.35146
    0.81000E-01   -13.35029
    0.87000E-01   -13.34905
    0.93000E-01   -13.34765
    0.99000E-01   -13.34631
    0.10500       -13.34483
    0.11100       -13.34337
    0.11700       -13.34176
    0.12300       -13.34016
    0.12900       -13.33862
    0.13500       -13.33685
    0.14100       -13.33501
    0.14700       -13.33325
    0.15300       -13.33139
    0.15900       -13.32947
    0.16500       -13.32764
    0.17100       -13.32560
    0.17700       -13.32360
    0.18300       -13.32155
    0.18900       -13.31937
    0.19500       -13.31714
    0.20100       -13.31484
    0.20700       -13.31271
    0.21300       -13.31058
    0.22700       -13.29032
    0.34500       -13.21857
    0.49500       -13.13719
    0.64500       -13.05124
    0.79500       -12.96161
    0.94500       -12.86986
     1.0950       -12.77691
     1.2450       -12.68419
     1.3950       -12.59207
     1.5450       -12.50106
     1.6950       -12.41252
     1.8450       -12.32563
     1.9950       -12.24104
     2.1450       -12.15983
     2.2950       -12.08156
     2.4450       -12.00519
     2.5950       -11.93156
     2.7450       -11.86107
     2.8950       -11.79286
     3.0450       -11.72740
     3.1950       -11.66401
     3.3450       -11.60274
     3.4950       -11.54357
     3.6450       -11.48636
     3.7950       -11.43109
     3.9450       -11.37730
     4.0950       -11.32521
     4.2450       -11.27488
     4.3950       -11.22596
     4.5450       -11.17852
     4.6950       -11.13237
     4.8450       -11.08733
     4.9950       -11.04356
     5.1450       -11.00067
     5.2950       -10.95911
     5.4450       -10.91858
     5.5950       -10.87910
     5.7450       -10.84048
     5.8950       -10.80280
     6.0450       -10.76603
     6.1950       -10.73003
     6.3450       -10.69483
     6.4950       -10.66040
     6.6450       -10.62666
     6.7950       -10.59357
     6.9450       -10.56122
     7.0950       -10.52947
     7.2450       -10.49831
     7.3950       -10.46779
     7.5450       -10.43779
     7.6950       -10.40841
     7.8450       -10.37953
     7.9950       -10.35119
     8.1450       -10.32332
     8.2950       -10.29591
     8.4450       -10.26894
     8.5950       -10.24242
     8.7450       -10.21635
     8.8950       -10.19071
     9.0450       -10.16553
     9.1950       -10.14069
     9.3450       -10.11626
     9.4950       -10.09220
     9.6450       -10.06851
     9.7950       -10.04512
     9.9450       -10.02210
     10.095        -9.99938
     10.245        -9.97704
     10.395        -9.95494
     10.545        -9.93322
     10.695        -9.91170
     10.845        -9.89055
     10.995        -9.86970
     11.145        -9.84910
     11.295        -9.82869
     11.445        -9.80861
     11.595        -9.78876
     11.745        -9.76915
     11.895        -9.74977
     12.045        -9.73062
     12.195        -9.71174
     12.345        -9.69308
     12.495        -9.67469
     12.645        -9.65650
     12.795        -9.63850
     12.945        -9.62068
     13.095        -9.60308
     13.245        -9.58567
     13.395        -9.56847
     13.545        -9.55147
     13.695        -9.53470
     13.845        -9.51805
     13.995        -9.50155
     14.145        -9.48522
     14.295        -9.46903
     14.445        -9.45303
     14.595        -9.43722
     14.745        -9.42159
     14.895        -9.40604
     15.045        -9.39076
     15.195        -9.37557
     15.345        -9.36053
     15.495        -9.34565
     15.645        -9.33090
     15.795        -9.31633
     15.945        -9.30189
     16.095        -9.28754
     16.245        -9.27335
     16.395        -9.25930
     16.545        -9.24533
     16.695        -9.23148
     16.845        -9.21779
     16.995        -9.20424
     17.145        -9.19080
     17.295        -9.17747
     17.445        -9.16427
     17.595        -9.15121
     17.745        -9.13821
     17.895        -9.12531
     18.045        -9.11253
     18.195        -9.09985
     18.345        -9.08730
     18.495        -9.07485
     18.645        -9.06252
     18.795        -9.05026
     18.945        -9.03813
     19.095        -9.02610
     19.245        -9.01413
     19.395        -9.00227
     19.545        -8.99050
     19.695        -8.97883
     19.845        -8.96723
     19.995        -8.95570
     20.145        -8.94429
     20.295        -8.93295
     20.445        -8.92171
     20.595        -8.91051
     20.745        -8.89943
     20.895        -8.88846
     21.045        -8.87751
     21.195        -8.86668
     21.345        -8.85594
     21.495        -8.84527
     21.645        -8.83468
     21.795        -8.82414
     21.945        -8.81368
     22.095        -8.80328
     22.245        -8.79296
     22.395        -8.78269
     22.545        -8.77252
     22.695        -8.76241
     22.845        -8.75239
     22.995        -8.74241
     23.145        -8.73253
     23.295        -8.72269
     23.445        -8.71291
     23.595        -8.70326
     23.745        -8.69362
     23.895        -8.68404
     24.045        -8.67452
     24.195        -8.66506
     24.345        -8.65567
     24.495        -8.64630
     24.645        -8.63703
     24.795        -8.62784
     24.945        -8.61867
     25.095        -8.60957
     25.245        -8.60052
     25.395        -8.59152
     25.545        -8.58258
     25.695        -8.57369
     25.845        -8.56487
     25.995        -8.55610
     26.145        -8.54738
     26.295        -8.53866
     26.445        -8.53004
     26.595        -8.52145
     26.745        -8.51291
     26.895        -8.50443
     27.045        -8.49598
     27.195        -8.48762
     27.345        -8.47931
     27.495        -8.47102
     27.645        -8.46275
     27.795        -8.45455
     27.945        -8.44640
     28.095        -8.43835
     28.245        -8.43028
     28.395        -8.42228
     28.545        -8.41434
     28.695        -8.40644
     28.845        -8.39856
     28.995        -8.39070
     29.145        -8.38290
     29.295        -8.37516
     29.445        -8.36747
     29.595        -8.35978
     29.745        -8.35214
     29.895        -8.34457
     30.045        -8.33701
     30.195        -8.32948
     30.345        -8.32199
     30.495        -8.31452
     30.645        -8.30712
     30.795        -8.29974
     30.945        -8.29238
     31.095        -8.28513
     31.245        -8.27788
     31.395        -8.27066
     31.545        -8.26348
     31.695        -8.25633
     31.845        -8.24922
     31.995        -8.24213
     32.145        -8.23508
     32.295        -8.22809
     32.445        -8.22111
     32.595        -8.21415
     32.745        -8.20726
     32.895        -8.20037
     33.045        -8.19355
     33.195        -8.18673
     33.345        -8.17995
     33.495        -8.17320
     33.645        -8.16648
     33.795        -8.15979
     33.945        -8.15316
     34.095        -8.14655
     34.245        -8.13997
     34.395        -8.13340
     34.545        -8.12687
     34.695        -8.12033
     34.845        -8.11384
     34.995        -8.10740
     35.145        -8.10098
     35.295        -8.09462
     35.445        -8.08828
     35.595        -8.08197
     35.745        -8.07567
     35.895        -8.06938
     36.045        -8.06314
     36.195        -8.05693
     36.345        -8.05072
     36.495        -8.04455
     36.645        -8.03842
     36.795        -8.03233
     36.945        -8.02624
     37.095        -8.02018
     37.245        -8.01415
     37.395        -8.00816
     37.545        -8.00217
     37.695        -7.99620
     37.845        -7.99027
     37.995        -7.98436
     38.145        -7.97845
     38.295        -7.97258
     38.445        -7.96675
     38.595        -7.96092
     38.745        -7.95513
     38.895        -7.94936
     39.045        -7.94362
     39.195        -7.93791
     39.345        -7.93219
     39.495        -7.92650
     39.645        -7.92085
     39.795        -7.91522
     39.945        -7.90960
     40.095        -7.90399
     40.245        -7.89845
     40.395        -7.89290
     40.545        -7.88738
     40.695        -7.88188
     40.845        -7.87642
     40.995        -7.87096
     41.145        -7.86553
     41.295        -7.86010
     41.445        -7.85472
     41.595        -7.84935
     41.745        -7.84401
     41.895        -7.83868
     42.045        -7.83337
     42.195        -7.82805
     42.345        -7.82277
     42.495        -7.81752
     42.645        -7.81226
     42.795        -7.80705
     42.945        -7.80186
     43.095        -7.79667
     43.245        -7.79152
     43.395        -7.78637
     43.545        -7.78125
     43.695        -7.77615
     43.845        -7.77107
     43.995        -7.76602
     44.145        -7.76098
     44.295        -7.75598
     44.445        -7.75098
     44.595        -7.74598
     44.745        -7.74102
     44.895        -7.73606
     45.045        -7.73112
     45.195        -7.72620
     45.345        -7.72129
     45.495        -7.71642
     45.645        -7.71155
     45.795        -7.70671
     45.945        -7.70187
     46.095        -7.69704
     46.245        -7.69221
     46.395        -7.68745
     46.545        -7.68268
     46.695        -7.67791
     46.845        -7.67316
     46.995        -7.66846
     47.145        -7.66376
     47.295        -7.65906
     47.445        -7.65439
     47.595        -7.64974
     47.745        -7.64510
     47.895        -7.64046
     48.045        -7.63585
     48.195        -7.63125
     48.345        -7.62666
     48.495        -7.62208
     48.645        -7.61752
     48.795        -7.61299
     48.945        -7.60849
     49.095        -7.60399
     49.245        -7.59949
     49.395        -7.59501
     49.545        -7.59055
     49.695        -7.58610
     49.845        -7.58167
     49.995        -7.57725
     50.145        -7.57284
     50.295        -7.56844
     50.445        -7.56406
     50.595        -7.55968
     50.745        -7.55534
     50.895        -7.55100
     51.045        -7.54668
     51.195        -7.54237
     51.345        -7.53807
     51.495        -7.53380
     51.645        -7.52953
     51.795        -7.52527
     51.945        -7.52102
     52.095        -7.51678
     52.245        -7.51255
     52.395        -7.50835
     52.545        -7.50416
     52.695        -7.50000
     52.845        -7.49583
     52.995        -7.49167
     53.145        -7.48752
     53.295        -7.48337
     53.445        -7.47927
     53.595        -7.47518
     53.745        -7.47108
     53.895        -7.46701
     54.045        -7.46293
     54.195        -7.45887
     54.345        -7.45482
     54.495        -7.45078
     54.645        -7.44674
     54.795        -7.44273
     54.945        -7.43872
     55.095        -7.43474
     59.433        -7.12221
     80.646        -6.66381
     111.21        -6.21715
     153.36        -5.78281
     211.49        -5.36132
     291.64        -4.95243
     402.18        -4.55649
     554.60        -4.17314
     764.80        -3.80203
     1054.7        -3.44253
     1454.4        -3.09444
     2005.6        -2.75739
     2765.8        -2.43076
     3814.0        -2.11417
     5259.5        -1.80690
     7252.9        -1.50864
     10002.        -1.21920
     13793.        -0.93826
     19020.        -0.66617
     26229.        -0.40347
     36170.        -0.15108
     49878.         0.09086
     68782.         0.32258
     94851.         0.54397
    0.13080E+06     0.75527
    0.18038E+06     0.95698
    0.24874E+06     1.14921
    0.34301E+06     1.33257
    0.47302E+06     1.50732
    0.65229E+06     1.67381
    0.89952E+06     1.83234
    0.12404E+07     1.98341
    0.17106E+07     2.12725
    0.23589E+07     2.26401
    0.32529E+07     2.39419
    0.44858E+07     2.51811
    0.61860E+07     2.63619
    0.85305E+07     2.74852
    0.11764E+08     2.85536
    0.16222E+08     2.95706
    0.22370E+08     3.05375
    0.30849E+08     3.14563
    0.42541E+08     3.23230
    0.58664E+08     3.31324
    0.80898E+08     3.38894
    0.11156E+09     3.45995
    0.15384E+09     3.52680
    0.21215E+09     3.58964
    0.29255E+09     3.64870
    0.40343E+09     3.70439
    0.55633E+09     3.75680
    0.76719E+09     3.80576
    0.10580E+10     3.84987
    0.14589E+10     3.89010
    0.20119E+10     3.92712
    0.27744E+10     3.96129
    0.38259E+10     3.99278
    0.52760E+10     4.02178
    0.72756E+10     4.04856
    0.10033E+11     4.07328
    0.13836E+11     4.09610
    0.19079E+11     4.11715
    0.26311E+11     4.13661
    0.36283E+11     4.15452
    0.50034E+11     4.17103
    0.68997E+11     4.18634
    0.10000E+12     4.36911
