    -99.945         0.00000     0.00000     0.00000     0.00000
    -99.795         0.00000     0.00000     0.00000     0.00000
    -99.645         0.00000     0.00000     0.00000     0.00000
    -99.495         0.00000     0.00000     0.00000     0.00000
    -99.345         0.00000     0.00000     0.00000     0.00000
    -99.195         0.00000     0.00000     0.00000     0.00000
    -99.045         0.00000     0.00000     0.00000     0.00000
    -98.895         0.00000     0.00000     0.00000     0.00000
    -98.745         0.00000     0.00000     0.00000     0.00000
    -98.595         0.00000     0.00000     0.00000     0.00000
    -98.445         0.00000     0.00000     0.00000     0.00000
    -98.295         0.00000     0.00000     0.00000     0.00000
    -98.145         0.00000     0.00000     0.00000     0.00000
    -97.995         0.00000     0.00000     0.00000     0.00000
    -97.845         0.00000     0.00000     0.00000     0.00000
    -97.695         0.00000     0.00000     0.00000     0.00000
    -97.545         0.00000     0.00000     0.00000     0.00000
    -97.395         0.00000     0.00000     0.00000     0.00000
    -97.245         0.00000     0.00000     0.00000     0.00000
    -97.095         0.00000     0.00000     0.00000     0.00000
    -96.945         0.00000     0.00000     0.00000     0.00000
    -96.795         0.00000     0.00000     0.00000     0.00000
    -96.645         0.00000     0.00000     0.00000     0.00000
    -96.495         0.00000     0.00000     0.00000     0.00000
    -96.345         0.00000     0.00000     0.00000     0.00000
    -96.195         0.00000     0.00000     0.00000     0.00000
    -96.045         0.00000     0.00000     0.00000     0.00000
    -95.895         0.00000     0.00000     0.00000     0.00000
    -95.745         0.00000     0.00000     0.00000     0.00000
    -95.595         0.00000     0.00000     0.00000     0.00000
    -95.445         0.00000     0.00000     0.00000     0.00000
    -95.295         0.00000     0.00000     0.00000     0.00000
    -95.145         0.00000     0.00000     0.00000     0.00000
    -94.995         0.00000     0.00000     0.00000     0.00000
    -94.845         0.00000     0.00000     0.00000     0.00000
    -94.695         0.00000     0.00000     0.00000     0.00000
    -94.545         0.00000     0.00000     0.00000     0.00000
    -94.395         0.00000     0.00000     0.00000     0.00000
    -94.245         0.00000     0.00000     0.00000     0.00000
    -94.095         0.00000     0.00000     0.00000     0.00000
    -93.945         0.00000     0.00000     0.00000     0.00000
    -93.795         0.00000     0.00000     0.00000     0.00000
    -93.645         0.00000     0.00000     0.00000     0.00000
    -93.495         0.00000     0.00000     0.00000     0.00000
    -93.345         0.00000     0.00000     0.00000     0.00000
    -93.195         0.00000     0.00000     0.00000     0.00000
    -93.045         0.00000     0.00000     0.00000     0.00000
    -92.895         0.00000     0.00000     0.00000     0.00000
    -92.745         0.00000     0.00000     0.00000     0.00000
    -92.595         0.00000     0.00000     0.00000     0.00000
    -92.445         0.00000     0.00000     0.00000     0.00000
    -92.295         0.00000     0.00000     0.00000     0.00000
    -92.145         0.00000     0.00000     0.00000     0.00000
    -91.995         0.00000     0.00000     0.00000     0.00000
    -91.845         0.00000     0.00000     0.00000     0.00000
    -91.695         0.00000     0.00000     0.00000     0.00000
    -91.545         0.00000     0.00000     0.00000     0.00000
    -91.395         0.00000     0.00000     0.00000     0.00000
    -91.245         0.00000     0.00000     0.00000     0.00000
    -91.095         0.00000     0.00000     0.00000     0.00000
    -90.945         0.00000     0.00000     0.00000     0.00000
    -90.795         0.00000     0.00000     0.00000     0.00000
    -90.645         0.00000     0.00000     0.00000     0.00000
    -90.495         0.00000     0.00000     0.00000     0.00000
    -90.345         0.00000     0.00000     0.00000     0.00000
    -90.195         0.00000     0.00000     0.00000     0.00000
    -90.045         0.00000     0.00000     0.00000     0.00000
    -89.895         0.00000     0.00000     0.00000     0.00000
    -89.745         0.00000     0.00000     0.00000     0.00000
    -89.595         0.00000     0.00000     0.00000     0.00000
    -89.445         0.00000     0.00000     0.00000     0.00000
    -89.295         0.00000     0.00000     0.00000     0.00000
    -89.145         0.00000     0.00000     0.00000     0.00000
    -88.995         0.00000     0.00000     0.00000     0.00000
    -88.845         0.00000     0.00000     0.00000     0.00000
    -88.695         0.00000     0.00000     0.00000     0.00000
    -88.545         0.00000     0.00000     0.00000     0.00000
    -88.395         0.00000     0.00000     0.00000     0.00000
    -88.245         0.00000     0.00000     0.00000     0.00000
    -88.095         0.00000     0.00000     0.00000     0.00000
    -87.945         0.00000     0.00000     0.00000     0.00000
    -87.795         0.00000     0.00000     0.00000     0.00000
    -87.645         0.00000     0.00000     0.00000     0.00000
    -87.495         0.00000     0.00000     0.00000     0.00000
    -87.345         0.00000     0.00000     0.00000     0.00000
    -87.195         0.00000     0.00000     0.00000     0.00000
    -87.045         0.00000     0.00000     0.00000     0.00000
    -86.895         0.00000     0.00000     0.00000     0.00000
    -86.745         0.00000     0.00000     0.00000     0.00000
    -86.595         0.00000     0.00000     0.00000     0.00000
    -86.445         0.00000     0.00000     0.00000     0.00000
    -86.295         0.00000     0.00000     0.00000     0.00000
    -86.145         0.00000     0.00000     0.00000     0.00000
    -85.995         0.00000     0.00000     0.00000     0.00000
    -85.845         0.00000     0.00000     0.00000     0.00000
    -85.695         0.00000     0.00000     0.00000     0.00000
    -85.545         0.00000     0.00000     0.00000     0.00000
    -85.395         0.00000     0.00000     0.00000     0.00000
    -85.245         0.00000     0.00000     0.00000     0.00000
    -85.095         0.00000     0.00000     0.00000     0.00000
    -84.945         0.00000     0.00000     0.00000     0.00000
    -84.795         0.00000     0.00000     0.00000     0.00000
    -84.645         0.00000     0.00000     0.00000     0.00000
    -84.495         0.00000     0.00000     0.00000     0.00000
    -84.345         0.00000     0.00000     0.00000     0.00000
    -84.195         0.00000     0.00000     0.00000     0.00000
    -84.045         0.00000     0.00000     0.00000     0.00000
    -83.895         0.00000     0.00000     0.00000     0.00000
    -83.745         0.00000     0.00000     0.00000     0.00000
    -83.595         0.00000     0.00000     0.00000     0.00000
    -83.445         0.00000     0.00000     0.00000     0.00000
    -83.295         0.00000     0.00000     0.00000     0.00000
    -83.145         0.00000     0.00000     0.00000     0.00000
    -82.995         0.00000     0.00000     0.00000     0.00000
    -82.845         0.00000     0.00000     0.00000     0.00000
    -82.695         0.00000     0.00000     0.00000     0.00000
    -82.545         0.00000     0.00000     0.00000     0.00000
    -82.395         0.00000     0.00000     0.00000     0.00000
    -82.245         0.00000     0.00000     0.00000     0.00000
    -82.095         0.00000     0.00000     0.00000     0.00000
    -81.945         0.00000     0.00000     0.00000     0.00000
    -81.795         0.00000     0.00000     0.00000     0.00000
    -81.645         0.00000     0.00000     0.00000     0.00000
    -81.495         0.00000     0.00000     0.00000     0.00000
    -81.345         0.00000     0.00000     0.00000     0.00000
    -81.195         0.00000     0.00000     0.00000     0.00000
    -81.045         0.00000     0.00000     0.00000     0.00000
    -80.895         0.00000     0.00000     0.00000     0.00000
    -80.745         0.00000     0.00000     0.00000     0.00000
    -80.595         0.00000     0.00000     0.00000     0.00000
    -80.445         0.00000     0.00000     0.00000     0.00000
    -80.295         0.00000     0.00000     0.00000     0.00000
    -80.145         0.00000     0.00000     0.00000     0.00000
    -79.995         0.00000     0.00000     0.00000     0.00000
    -79.845         0.00000     0.00000     0.00000     0.00000
    -79.695         0.00000     0.00000     0.00000     0.00000
    -79.545         0.00000     0.00000     0.00000     0.00000
    -79.395         0.00000     0.00000     0.00000     0.00000
    -79.245         0.00000     0.00000     0.00000     0.00000
    -79.095         0.00000     0.00000     0.00000     0.00000
    -78.945         0.00000     0.00000     0.00000     0.00000
    -78.795         0.00000     0.00000     0.00000     0.00000
    -78.645         0.00000     0.00000     0.00000     0.00000
    -78.495         0.00000     0.00000     0.00000     0.00000
    -78.345         0.00000     0.00000     0.00000     0.00000
    -78.195         0.00000     0.00000     0.00000     0.00000
    -78.045         0.00000     0.00000     0.00000     0.00000
    -77.895         0.00000     0.00000     0.00000     0.00000
    -77.745         0.00000     0.00000     0.00000     0.00000
    -77.595         0.00000     0.00000     0.00000     0.00000
    -77.445         0.00000     0.00000     0.00000     0.00000
    -77.295         0.00000     0.00000     0.00000     0.00000
    -77.145         0.00000     0.00000     0.00000     0.00000
    -76.995         0.00000     0.00000     0.00000     0.00000
    -76.845         0.00000     0.00000     0.00000     0.00000
    -76.695         0.00000     0.00000     0.00000     0.00000
    -76.545         0.00000     0.00000     0.00000     0.00000
    -76.395         0.00000     0.00000     0.00000     0.00000
    -76.245         0.00000     0.00000     0.00000     0.00000
    -76.095         0.00000     0.00000     0.00000     0.00000
    -75.945         0.00000     0.00000     0.00000     0.00000
    -75.795         0.00000     0.00000     0.00000     0.00000
    -75.645         0.00000     0.00000     0.00000     0.00000
    -75.495         0.00000     0.00000     0.00000     0.00000
    -75.345         0.00000     0.00000     0.00000     0.00000
    -75.195         0.00000     0.00000     0.00000     0.00000
    -75.045         0.00000     0.00000     0.00000     0.00000
    -74.895         0.00000     0.00000     0.00000     0.00000
    -74.745         0.00000     0.00000     0.00000     0.00000
    -74.595         0.00000     0.00000     0.00000     0.00000
    -74.445         0.00000     0.00000     0.00000     0.00000
    -74.295         0.00000     0.00000     0.00000     0.00000
    -74.145         0.00000     0.00000     0.00000     0.00000
    -73.995         0.00000     0.00000     0.00000     0.00000
    -73.845         0.00000     0.00000     0.00000     0.00000
    -73.695         0.00000     0.00000     0.00000     0.00000
    -73.545         0.00000     0.00000     0.00000     0.00000
    -73.395         0.00000     0.00000     0.00000     0.00000
    -73.245         0.00000     0.00000     0.00000     0.00000
    -73.095         0.00000     0.00000     0.00000     0.00000
    -72.945         0.00000     0.00000     0.00000     0.00000
    -72.795         0.00000     0.00000     0.00000     0.00000
    -72.645         0.00000     0.00000     0.00000     0.00000
    -72.495         0.00000     0.00000     0.00000     0.00000
    -72.345         0.00000     0.00000     0.00000     0.00000
    -72.195         0.00000     0.00000     0.00000     0.00000
    -72.045         0.00000     0.00000     0.00000     0.00000
    -71.895         0.00000     0.00000     0.00000     0.00000
    -71.745         0.00000     0.00000     0.00000     0.00000
    -71.595         0.00000     0.00000     0.00000     0.00000
    -71.445         0.00000     0.00000     0.00000     0.00000
    -71.295         0.00000     0.00000     0.00000     0.00000
    -71.145         0.00000     0.00000     0.00000     0.00000
    -70.995         0.00000     0.00000     0.00000     0.00000
    -70.845         0.00000     0.00000     0.00000     0.00000
    -70.695         0.00000     0.00000     0.00000     0.00000
    -70.545         0.00000     0.00000     0.00000     0.00000
    -70.395         0.00000     0.00000     0.00000     0.00000
    -70.245         0.00000     0.00000     0.00000     0.00000
    -70.095         0.00000     0.00000     0.00000     0.00000
    -69.945         0.00000     0.00000     0.00000     0.00000
    -69.795         0.00000     0.00000     0.00000     0.00000
    -69.645         0.00000     0.00000     0.00000     0.00000
    -69.495         0.00000     0.00000     0.00000     0.00000
    -69.345         0.00000     0.00000     0.00000     0.00000
    -69.195         0.00000     0.00000     0.00000     0.00000
    -69.045         0.00000     0.00000     0.00000     0.00000
    -68.895         0.00000     0.00000     0.00000     0.00000
    -68.745         0.00000     0.00000     0.00000     0.00000
    -68.595         0.00000     0.00000     0.00000     0.00000
    -68.445         0.00000     0.00000     0.00000     0.00000
    -68.295         0.00000     0.00000     0.00000     0.00000
    -68.145         0.00000     0.00000     0.00000     0.00000
    -67.995         0.00000     0.00000     0.00000     0.00000
    -67.845         0.00000     0.00000     0.00000     0.00000
    -67.695         0.00000     0.00000     0.00000     0.00000
    -67.545         0.00000     0.00000     0.00000     0.00000
    -67.395         0.00000     0.00000     0.00000     0.00000
    -67.245         0.00000     0.00000     0.00000     0.00000
    -67.095         0.00000     0.00000     0.00000     0.00000
    -66.945         0.00000     0.00000     0.00000     0.00000
    -66.795         0.00000     0.00000     0.00000     0.00000
    -66.645         0.00000     0.00000     0.00000     0.00000
    -66.495         0.00000     0.00000     0.00000     0.00000
    -66.345         0.00000     0.00000     0.00000     0.00000
    -66.195         0.00000     0.00000     0.00000     0.00000
    -66.045         0.00000     0.00000     0.00000     0.00000
    -65.895         0.00000     0.00000     0.00000     0.00000
    -65.745         0.00000     0.00000     0.00000     0.00000
    -65.595         0.00000     0.00000     0.00000     0.00000
    -65.445         0.00000     0.00000     0.00000     0.00000
    -65.295         0.00000     0.00000     0.00000     0.00000
    -65.145         0.00000     0.00000     0.00000     0.00000
    -64.995         0.00000     0.00000     0.00000     0.00000
    -64.845         0.00000     0.00000     0.00000     0.00000
    -64.695         0.00000     0.00000     0.00000     0.00000
    -64.545         0.00000     0.00000     0.00000     0.00000
    -64.395         0.00000     0.00000     0.00000     0.00000
    -64.245         0.00000     0.00000     0.00000     0.00000
    -64.095         0.00000     0.00000     0.00000     0.00000
    -63.945         0.00000     0.00000     0.00000     0.00000
    -63.795         0.00000     0.00000     0.00000     0.00000
    -63.645         0.00000     0.00000     0.00000     0.00000
    -63.495         0.00000     0.00000     0.00000     0.00000
    -63.345         0.00000     0.00000     0.00000     0.00000
    -63.195         0.00000     0.00000     0.00000     0.00000
    -63.045         0.00000     0.00000     0.00000     0.00000
    -62.895         0.00000     0.00000     0.00000     0.00000
    -62.745         0.00000     0.00000     0.00000     0.00000
    -62.595         0.00000     0.00000     0.00000     0.00000
    -62.445         0.00000     0.00000     0.00000     0.00000
    -62.295         0.00000     0.00000     0.00000     0.00000
    -62.145         0.00000     0.00000     0.00000     0.00000
    -61.995         0.00000     0.00000     0.00000     0.00000
    -61.845         0.00000     0.00000     0.00000     0.00000
    -61.695         0.00000     0.00000     0.00000     0.00000
    -61.545         0.00000     0.00000     0.00000     0.00000
    -61.395         0.00000     0.00000     0.00000     0.00000
    -61.245         0.00000     0.00000     0.00000     0.00000
    -61.095         0.00000     0.00000     0.00000     0.00000
    -60.945         0.00000     0.00000     0.00000     0.00000
    -60.795         0.00000     0.00000     0.00000     0.00000
    -60.645         0.00000     0.00000     0.00000     0.00000
    -60.495         0.00000     0.00000     0.00000     0.00000
    -60.345         0.00000     0.00000     0.00000     0.00000
    -60.195         0.00000     0.00000     0.00000     0.00000
    -60.045         0.00000     0.00000     0.00000     0.00000
    -59.895         0.00000     0.00000     0.00000     0.00000
    -59.745         0.00000     0.00000     0.00000     0.00000
    -59.595         0.00000     0.00000     0.00000     0.00000
    -59.445         0.00000     0.00000     0.00000     0.00000
    -59.295         0.00000     0.00000     0.00000     0.00000
    -59.145         0.00000     0.00000     0.00000     0.00000
    -58.995         0.00000     0.00000     0.00000     0.00000
    -58.845         0.00000     0.00000     0.00000     0.00000
    -58.695         0.00000     0.00000     0.00000     0.00000
    -58.545         0.00000     0.00000     0.00000     0.00000
    -58.395         0.00000     0.00000     0.00000     0.00000
    -58.245         0.00000     0.00000     0.00000     0.00000
    -58.095         0.00000     0.00000     0.00000     0.00000
    -57.945         0.00000     0.00000     0.00000     0.00000
    -57.795         0.00000     0.00000     0.00000     0.00000
    -57.645         0.00000     0.00000     0.00000     0.00000
    -57.495         0.00000     0.00000     0.00000     0.00000
    -57.345         0.00000     0.00000     0.00000     0.00000
    -57.195         0.00000     0.00000     0.00000     0.00000
    -57.045         0.00000     0.00000     0.00000     0.00000
    -56.895         0.00000     0.00000     0.00000     0.00000
    -56.745         0.00000     0.00000     0.00000     0.00000
    -56.595         0.00000     0.00000     0.00000     0.00000
    -56.445         0.00000     0.00000     0.00000     0.00000
    -56.295         0.00000     0.00000     0.00000     0.00000
    -56.145         0.00000     0.00000     0.00000     0.00000
    -55.995         0.00000     0.00000     0.00000     0.00000
    -55.845         0.00000     0.00000     0.00000     0.00000
    -55.695         0.00000     0.00000     0.00000     0.00000
    -55.545         0.00000     0.00000     0.00000     0.00000
    -55.395         0.00000     0.00000     0.00000     0.00000
    -55.245         0.00000     0.00000     0.00000     0.00000
    -55.095         0.00000     0.00000     0.00000     0.00000
    -54.945         0.00000     0.00000     0.00000     0.00000
    -54.795         0.00000     0.00000     0.00000     0.00000
    -54.645         0.00000     0.00000     0.00000     0.00000
    -54.495         0.00000     0.00000     0.00000     0.00000
    -54.345         0.00000     0.00000     0.00000     0.00000
    -54.195         0.00000     0.00000     0.00000     0.00000
    -54.045         0.00000     0.00000     0.00000     0.00000
    -53.895         0.00000     0.00000     0.00000     0.00000
    -53.745         0.00000     0.00000     0.00000     0.00000
    -53.595         0.00000     0.00000     0.00000     0.00000
    -53.445         0.00000     0.00000     0.00000     0.00000
    -53.295         0.00000     0.00000     0.00000     0.00000
    -53.145         0.00000     0.00000     0.00000     0.00000
    -52.995         0.00000     0.00000     0.00000     0.00000
    -52.845         0.00000     0.00000     0.00000     0.00000
    -52.695         0.00000     0.00000     0.00000     0.00000
    -52.545         0.00000     0.00000     0.00000     0.00000
    -52.395         0.00000     0.00000     0.00000     0.00000
    -52.245         0.00000     0.00000     0.00000     0.00000
    -52.095         0.00000     0.00000     0.00000     0.00000
    -51.945         0.00000     0.00000     0.00000     0.00000
    -51.795         0.00000     0.00000     0.00000     0.00000
    -51.645         0.00000     0.00000     0.00000     0.00000
    -51.495         0.00000     0.00000     0.00000     0.00000
    -51.345         0.00000     0.00000     0.00000     0.00000
    -51.195         0.00000     0.00000     0.00000     0.00000
    -51.045         0.00000     0.00000     0.00000     0.00000
    -50.895         0.00000     0.00000     0.00000     0.00000
    -50.745         0.00000     0.00000     0.00000     0.00000
    -50.595         0.00000     0.00000     0.00000     0.00000
    -50.445         0.00000     0.00000     0.00000     0.00000
    -50.295         0.00000     0.00000     0.00000     0.00000
    -50.145         0.00000     0.00000     0.00000     0.00000
    -49.995         0.00000     0.00000     0.00000     0.00000
    -49.845         0.00000     0.00000     0.00000     0.00000
    -49.695         0.00000     0.00000     0.00000     0.00000
    -49.545         0.00000     0.00000     0.00000     0.00000
    -49.395         0.00000     0.00000     0.00000     0.00000
    -49.245         0.00000     0.00000     0.00000     0.00000
    -49.095         0.00000     0.00000     0.00000     0.00000
    -48.945         0.00000     0.00000     0.00000     0.00000
    -48.795         0.00000     0.00000     0.00000     0.00000
    -48.645         0.00000     0.00000     0.00000     0.00000
    -48.495         0.00000     0.00000     0.00000     0.00000
    -48.345         0.00000     0.00000     0.00000     0.00000
    -48.195         0.00000     0.00000     0.00000     0.00000
    -48.045         0.00000     0.00000     0.00000     0.00000
    -47.895         0.00000     0.00000     0.00000     0.00000
    -47.745         0.00000     0.00000     0.00000     0.00000
    -47.595         0.00000     0.00000     0.00000     0.00000
    -47.445         0.00000     0.00000     0.00000     0.00000
    -47.295         0.00000     0.00000     0.00000     0.00000
    -47.145         0.00000     0.00000     0.00000     0.00000
    -46.995         0.00000     0.00000     0.00000     0.00000
    -46.845         0.00000     0.00000     0.00000     0.00000
    -46.695         0.00000     0.00000     0.00000     0.00000
    -46.545         0.00000     0.00000     0.00000     0.00000
    -46.395         0.00000     0.00000     0.00000     0.00000
    -46.245         0.00000     0.00000     0.00000     0.00000
    -46.095         0.00000     0.00000     0.00000     0.00000
    -45.945         0.00000     0.00000     0.00000     0.00000
    -45.795         0.00000     0.00000     0.00000     0.00000
    -45.645         0.00000     0.00000     0.00000     0.00000
    -45.495         0.00000     0.00000     0.00000     0.00000
    -45.345         0.00000     0.00000     0.00000     0.00000
    -45.195         0.00000     0.00000     0.00000     0.00000
    -45.045         0.00000     0.00000     0.00000     0.00000
    -44.895         0.00000     0.00000     0.00000     0.00000
    -44.745         0.00000     0.00000     0.00000     0.00000
    -44.595         0.00000     0.00000     0.00000     0.00000
    -44.445         0.00000     0.00000     0.00000     0.00000
    -44.295         0.00000     0.00000     0.00000     0.00000
    -44.145         0.00000     0.00000     0.00000     0.00000
    -43.995         0.00000     0.00000     0.00000     0.00000
    -43.845         0.00000     0.00000     0.00000     0.00000
    -43.695         0.00000     0.00000     0.00000     0.00000
    -43.545         0.00000     0.00000     0.00000     0.00000
    -43.395         0.00000     0.00000     0.00000     0.00000
    -43.245         0.00000     0.00000     0.00000     0.00000
    -43.095         0.00000     0.00000     0.00000     0.00000
    -42.945         0.00000     0.00000     0.00000     0.00000
    -42.795         0.00000     0.00000     0.00000     0.00000
    -42.645         0.00000     0.00000     0.00000     0.00000
    -42.495         0.00000     0.00000     0.00000     0.00000
    -42.345         0.00000     0.00000     0.00000     0.00000
    -42.195         0.00000     0.00000     0.00000     0.00000
    -42.045         0.00000     0.00000     0.00000     0.00000
    -41.895         0.00000     0.00000     0.00000     0.00000
    -41.745         0.00000     0.00000     0.00000     0.00000
    -41.595         0.00000     0.00000     0.00000     0.00000
    -41.445         0.00000     0.00000     0.00000     0.00000
    -41.295         0.00000     0.00000     0.00000     0.00000
    -41.145         0.00000     0.00000     0.00000     0.00000
    -40.995         0.00000     0.00000     0.00000     0.00000
    -40.845         0.00000     0.00000     0.00000     0.00000
    -40.695         0.00000     0.00000     0.00000     0.00000
    -40.545         0.00000     0.00000     0.00000     0.00000
    -40.395         0.00000     0.00000     0.00000     0.00000
    -40.245         0.00000     0.00000     0.00000     0.00000
    -40.095         0.00000     0.00000     0.00000     0.00000
    -39.945         0.00000     0.00000     0.00000     0.00000
    -39.795         0.00000     0.00000     0.00000     0.00000
    -39.645         0.00000     0.00000     0.00000     0.00000
    -39.495         0.00000     0.00000     0.00000     0.00000
    -39.345         0.00000     0.00000     0.00000     0.00000
    -39.195         0.00000     0.00000     0.00000     0.00000
    -39.045         0.00000     0.00000     0.00000     0.00000
    -38.895         0.00000     0.00000     0.00000     0.00000
    -38.745         0.00000     0.00000     0.00000     0.00000
    -38.595         0.00000     0.00000     0.00000     0.00000
    -38.445         0.00000     0.00000     0.00000     0.00000
    -38.295         0.00000     0.00000     0.00000     0.00000
    -38.145         0.00000     0.00000     0.00000     0.00000
    -37.995         0.00000     0.00000     0.00000     0.00000
    -37.845         0.00000     0.00000     0.00000     0.00000
    -37.695         0.00000     0.00000     0.00000     0.00000
    -37.545         0.00000     0.00000     0.00000     0.00000
    -37.395         0.00000     0.00000     0.00000     0.00000
    -37.245         0.00000     0.00000     0.00000     0.00000
    -37.095         0.00000     0.00000     0.00000     0.00000
    -36.945         0.00000     0.00000     0.00000     0.00000
    -36.795         0.00000     0.00000     0.00000     0.00000
    -36.645         0.00000     0.00000     0.00000     0.00000
    -36.495         0.00000     0.00000     0.00000     0.00000
    -36.345         0.00000     0.00000     0.00000     0.00000
    -36.195         0.00000     0.00000     0.00000     0.00000
    -36.045         0.00000     0.00000     0.00000     0.00000
    -35.895         0.00000     0.00000     0.00000     0.00000
    -35.745         0.00000     0.00000     0.00000     0.00000
    -35.595         0.00000     0.00000     0.00000     0.00000
    -35.445         0.00000     0.00000     0.00000     0.00000
    -35.295         0.00000     0.00000     0.00000     0.00000
    -35.145         0.00000     0.00000     0.00000     0.00000
    -34.995         0.00000     0.00000     0.00000     0.00000
    -34.845         0.00000     0.00000     0.00000     0.00000
    -34.695         0.00000     0.00000     0.00000     0.00000
    -34.545         0.00000     0.00000     0.00000     0.00000
    -34.395         0.00000     0.00000     0.00000     0.00000
    -34.245         0.00000     0.00000     0.00000     0.00000
    -34.095         0.00000     0.00000     0.00000     0.00000
    -33.945         0.00000     0.00000     0.00000     0.00000
    -33.795         0.00000     0.00000     0.00000     0.00000
    -33.645         0.00000     0.00000     0.00000     0.00000
    -33.495         0.00000     0.00000     0.00000     0.00000
    -33.345         0.00000     0.00000     0.00000     0.00000
    -33.195         0.00000     0.00000     0.00000     0.00000
    -33.045         0.00000     0.00000     0.00000     0.00000
    -32.895         0.00000     0.00000     0.00000     0.00000
    -32.745         0.00000     0.00000     0.00000     0.00000
    -32.595         0.00000     0.00000     0.00000     0.00000
    -32.445         0.00000     0.00000     0.00000     0.00000
    -32.295         0.00000     0.00000     0.00000     0.00000
    -32.145         0.00000     0.00000     0.00000     0.00000
    -31.995         0.00000     0.00000     0.00000     0.00000
    -31.845         0.00000     0.00000     0.00000     0.00000
    -31.695         0.00000     0.00000     0.00000     0.00000
    -31.545         0.00000     0.00000     0.00000     0.00000
    -31.395         0.00000     0.00000     0.00000     0.00000
    -31.245         0.00000     0.00000     0.00000     0.00000
    -31.095         0.00000     0.00000     0.00000     0.00000
    -30.945         0.00000     0.00000     0.00000     0.00000
    -30.795         0.00000     0.00000     0.00000     0.00000
    -30.645         0.00000     0.00000     0.00000     0.00000
    -30.495         0.00000     0.00000     0.00000     0.00000
    -30.345         0.00000     0.00000     0.00000     0.00000
    -30.195         0.00000     0.00000     0.00000     0.00000
    -30.045         0.00000     0.00000     0.00000     0.00000
    -29.895         0.00000     0.00000     0.00000     0.00000
    -29.745         0.00000     0.00000     0.00000     0.00000
    -29.595         0.00000     0.00000     0.00000     0.00000
    -29.445         0.00000     0.00000     0.00000     0.00000
    -29.295         0.00000     0.00000     0.00000     0.00000
    -29.145         0.00000     0.00000     0.00000     0.00000
    -28.995         0.00000     0.00000     0.00000     0.00000
    -28.845         0.00000     0.00000     0.00000     0.00000
    -28.695         0.00000     0.00000     0.00000     0.00000
    -28.545         0.00000     0.00000     0.00000     0.00000
    -28.395         0.00000     0.00000     0.00000     0.00000
    -28.245         0.00000     0.00000     0.00000     0.00000
    -28.095         0.00000     0.00000     0.00000     0.00000
    -27.945         0.00000     0.00000     0.00000     0.00000
    -27.795         0.00000     0.00000     0.00000     0.00000
    -27.645         0.00000     0.00000     0.00000     0.00000
    -27.495         0.00000     0.00000     0.00000     0.00000
    -27.345         0.00000     0.00000     0.00000     0.00000
    -27.195         0.00000     0.00000     0.00000     0.00000
    -27.045         0.00000     0.00000     0.00000     0.00000
    -26.895         0.00000     0.00000     0.00000     0.00000
    -26.745         0.00000     0.00000     0.00000     0.00000
    -26.595         0.00000     0.00000     0.00000     0.00000
    -26.445         0.00000     0.00000     0.00000     0.00000
    -26.295         0.00000     0.00000     0.00000     0.00000
    -26.145         0.00000     0.00000     0.00000     0.00000
    -25.995         0.00000     0.00000     0.00000     0.00000
    -25.845         0.00000     0.00000     0.00000     0.00000
    -25.695         0.00000     0.00000     0.00000     0.00000
    -25.545         0.00000     0.00000     0.00000     0.00000
    -25.395         0.00000     0.00000     0.00000     0.00000
    -25.245         0.00000     0.00000     0.00000     0.00000
    -25.095         0.00000     0.00000     0.00000     0.00000
    -24.945         0.00000     0.00000     0.00000     0.00000
    -24.795         0.00000     0.00000     0.00000     0.00000
    -24.645         0.00000     0.00000     0.00000     0.00000
    -24.495         0.00000     0.00000     0.00000     0.00000
    -24.345         0.00000     0.00000     0.00000     0.00000
    -24.195         0.00000     0.00000     0.00000     0.00000
    -24.045         0.00000     0.00000     0.00000     0.00000
    -23.895         0.00000     0.00000     0.00000     0.00000
    -23.745         0.00000     0.00000     0.00000     0.00000
    -23.595         0.00000     0.00000     0.00000     0.00000
    -23.445         0.00000     0.00000     0.00000     0.00000
    -23.295         0.00000     0.00000     0.00000     0.00000
    -23.145         0.00000     0.00000     0.00000     0.00000
    -22.995         0.00000     0.00000     0.00000     0.00000
    -22.845         0.00000     0.00000     0.00000     0.00000
    -22.695         0.00000     0.00000     0.00000     0.00000
    -22.545         0.00000     0.00000     0.00000     0.00000
    -22.395         0.00000     0.00000     0.00000     0.00000
    -22.245         0.00000     0.00000     0.00000     0.00000
    -22.095         0.00000     0.00000     0.00000     0.00000
    -21.945         0.00000     0.00000     0.00000     0.00000
    -21.795         0.00000     0.00000     0.00000     0.00000
    -21.645         0.00000     0.00000     0.00000     0.00000
    -21.495         0.00000     0.00000     0.00000     0.00000
    -21.345         0.00000     0.00000     0.00000     0.00000
    -21.195         0.00000     0.00000     0.00000     0.00000
    -21.045         0.00000     0.00000     0.00000     0.00000
    -20.895         0.00000     0.00000     0.00000     0.00000
    -20.745         0.00000     0.00000     0.00000     0.00000
    -20.595         0.00000     0.00000     0.00000     0.00000
    -20.445         0.00000     0.00000     0.00000     0.00000
    -20.295         0.00000     0.00000     0.00000     0.00000
    -20.145         0.00000     0.00000     0.00000     0.00000
    -19.995         0.00000     0.00000     0.00000     0.00000
    -19.845         0.00000     0.00000     0.00000     0.00000
    -19.695         0.00000     0.00000     0.00000     0.00000
    -19.545         0.00000     0.00000     0.00000     0.00000
    -19.395         0.00000     0.00000     0.00000     0.00000
    -19.245         0.00000     0.00000     0.00000     0.00000
    -19.095         0.00000     0.00000     0.00000     0.00000
    -18.945         0.00000     0.00000     0.00000     0.00000
    -18.795         0.00000     0.00000     0.00000     0.00000
    -18.645         0.00000     0.00000     0.00000     0.00000
    -18.495         0.00000     0.00000     0.00000     0.00000
    -18.345         0.00000     0.00000     0.00000     0.00000
    -18.195         0.00000     0.00000     0.00000     0.00000
    -18.045         0.00000     0.00000     0.00000     0.00000
    -17.895         0.00000     0.00000     0.00000     0.00000
    -17.745         0.00000     0.00000     0.00000     0.00000
    -17.595         0.00000     0.00000     0.00000     0.00000
    -17.445         0.00000     0.00000     0.00000     0.00000
    -17.295         0.00000     0.00000     0.00000     0.00000
    -17.145         0.00000     0.00000     0.00000     0.00000
    -16.995         0.00000     0.00000     0.00000     0.00000
    -16.845         0.00000     0.00000     0.00000     0.00000
    -16.695         0.00000     0.00000     0.00000     0.00000
    -16.545         0.00000     0.00000     0.00000     0.00000
    -16.395         0.00000     0.00000     0.00000     0.00000
    -16.245         0.00000     0.00000     0.00000     0.00000
    -16.095         0.00000     0.00000     0.00000     0.00000
    -15.945         0.00000     0.00000     0.00000     0.00000
    -15.795         0.00000     0.00000     0.00000     0.00000
    -15.645         0.00000     0.00000     0.00000     0.00000
    -15.495         0.00000     0.00000     0.00000     0.00000
    -15.345         0.00000     0.00000     0.00000     0.00000
    -15.195         0.00000     0.00000     0.00000     0.00000
    -15.045         0.00000     0.00000     0.00000     0.00000
    -14.895         0.00000     0.00000     0.00000     0.00000
    -14.745         0.00000     0.00000     0.00000     0.00000
    -14.595         0.00000     0.00000     0.00000     0.00000
    -14.445         0.00000     0.00000     0.00000     0.00000
    -14.295         0.00000     0.00000     0.00000     0.00000
    -14.145         0.00000     0.00000     0.00000     0.00000
    -13.995         0.00000     0.00000     0.00000     0.00000
    -13.845         0.00000     0.00000     0.00000     0.00000
    -13.695         0.00000     0.00000     0.00000     0.00000
    -13.545         0.00000     0.00000     0.00000     0.00000
    -13.395         0.00000     0.00000     0.00000     0.00000
    -13.245         0.00000     0.00000     0.00000     0.00000
    -13.095         0.00000     0.00000     0.00000     0.00000
    -12.945         0.00000     0.00000     0.00000     0.00000
    -12.795         0.00000     0.00000     0.00000     0.00000
    -12.645         0.00000     0.00000     0.00000     0.00000
    -12.495         0.00000     0.00000     0.00000     0.00000
    -12.345         0.00000     0.00000     0.00000     0.00000
    -12.195         0.00000     0.00000     0.00000     0.00000
    -12.045         0.00000     0.00000     0.00000     0.00000
    -11.895         0.00000     0.00000     0.00000     0.00000
    -11.745         0.00000     0.00000     0.00000     0.00000
    -11.595         0.00000     0.00000     0.00000     0.00000
    -11.445         0.00000     0.00000     0.00000     0.00000
    -11.295         0.00000     0.00000     0.00000     0.00000
    -11.145         0.00000     0.00000     0.00000     0.00000
    -10.995         0.00000     0.00000     0.00000     0.00000
    -10.845         0.00000     0.00000     0.00000     0.00000
    -10.695         0.00000     0.00000     0.00000     0.00000
    -10.545         0.00000     0.00000     0.00000     0.00000
    -10.395         0.00000     0.00000     0.00000     0.00000
    -10.245         0.00000     0.00000     0.00000     0.00000
    -10.095         0.00000     0.00000     0.00000     0.00000
    -9.9450         0.00000     0.00000     0.00000     0.00000
    -9.7950         0.00000     0.00000     0.00000     0.00000
    -9.6450         0.00000     0.00000     0.00000     0.00000
    -9.4950         0.00000     0.00000     0.00000     0.00000
    -9.3450         0.00000     0.00000     0.00000     0.00000
    -9.1950         0.00000     0.00000     0.00000     0.00000
    -9.0450         0.00000     0.00000     0.00000     0.00000
    -8.8950         0.00000     0.00000     0.00000     0.00000
    -8.7450         0.00000     0.00000     0.00000     0.00000
    -8.5950         0.00000     0.00000     0.00000     0.00000
    -8.4450         0.00000     0.00000     0.00000     0.00000
    -8.2950         0.00000     0.00000     0.00000     0.00000
    -8.1450         0.00000     0.00000     0.00000     0.00000
    -7.9950         0.00000     0.00000     0.00000     0.00000
    -7.8450         0.00000     0.00000     0.00000     0.00000
    -7.6950         0.00000     0.00000     0.00000     0.00000
    -7.5450         0.00000     0.00000     0.00000     0.00000
    -7.3950         0.00000     0.00000     0.00000     0.00000
    -7.2450         0.00000     0.00000     0.00000     0.00000
    -7.0950         0.00000     0.00000     0.00000     0.00000
    -6.9450         0.00000     0.00000     0.00000     0.00000
    -6.7950         0.00000     0.00000     0.00000     0.00000
    -6.6450         0.00000     0.00000     0.00000     0.00000
    -6.4950         0.00000     0.00000     0.00000     0.00000
    -6.3450         0.00000     0.00000     0.00000     0.00000
    -6.1950         0.00000     0.00000     0.00000     0.00000
    -6.0450         0.00000     0.00000     0.00000     0.00000
    -5.8950         0.00000     0.00000     0.00000     0.00000
    -5.7450         0.00000     0.00000     0.00000     0.00000
    -5.5950         0.00000     0.00000     0.00000     0.00000
    -5.4450         0.00000     0.00000     0.00000     0.00000
    -5.2950         0.00000     0.00000     0.00000     0.00000
    -5.1450         0.00000     0.00000     0.00000     0.00000
    -4.9950         0.00000     0.00000     0.00000     0.00000
    -4.8450         0.00000     0.00000     0.00000     0.00000
    -4.6950         0.00000     0.00000     0.00000     0.00000
    -4.5450         0.00000     0.00000     0.00000     0.00000
    -4.3950         0.00000     0.00000     0.00000     0.00000
    -4.2450         0.00000     0.00000     0.00000     0.00000
    -4.0950         0.00000     0.00000     0.00000     0.00000
    -3.9450         0.00000     0.00000     0.00000     0.00000
    -3.7950         0.00000     0.00000     0.00000     0.00000
    -3.6450         0.00000     0.00000     0.00000     0.00000
    -3.4950         0.00000     0.00000     0.00000     0.00000
    -3.3450        -0.00000    -0.00000     0.00000     0.00000
    -3.1950        -0.00000    -0.00000     0.00000     0.00000
    -3.0450        -0.00000    -0.00000     0.00000     0.00000
    -2.8950        -0.00000    -0.00000     0.00000     0.00000
    -2.7450        -0.00000    -0.00000     0.00000     0.00000
    -2.5950        -0.00000    -0.00000     0.00000     0.00000
    -2.4450        -0.00000    -0.00000     0.00000     0.00000
    -2.2950        -0.00000    -0.00000     0.00000     0.00000
    -2.1450         0.00000    -0.00001     0.00001     0.00000
    -1.9950        -0.00053    -0.00003    -0.00051     0.00000
    -1.8450        -0.00604    -0.00005    -0.00599     0.00000
    -1.6950        -0.02436    -0.00010    -0.02430     0.00004
    -1.5450        -0.06671    -0.00019    -0.06620    -0.00032
    -1.3950        -0.14409    -0.00033    -0.14029    -0.00347
    -1.2450        -0.24762    -0.00057    -0.23482    -0.01223
    -1.0950        -0.38882    -0.00086    -0.34356    -0.04439
   -0.94500        -0.62381    -0.00128    -0.47053    -0.15200
   -0.79500        -1.16340    -0.00233    -0.57984    -0.58122
   -0.64500        -2.59205    -0.00424    -0.65563    -1.93217
   -0.49500        -5.16147    -0.00732    -0.71888    -4.43528
   -0.34500        -8.15532    -0.01614    -0.78276    -7.35642
   -0.22700        -8.97327    -0.02015    -0.80951    -8.14361
   -0.21300        -9.06610    -0.02065    -0.81292    -8.23253
   -0.20700        -9.15731    -0.02142    -0.81649    -8.31940
   -0.20100        -9.24943    -0.02220    -0.82045    -8.40679
   -0.19500        -9.34088    -0.02307    -0.82417    -8.49364
   -0.18900        -9.43209    -0.02380    -0.82798    -8.58031
   -0.18300        -9.52295    -0.02469    -0.83188    -8.66638
   -0.17700        -9.61418    -0.02562    -0.83615    -8.75242
   -0.17100        -9.70461    -0.02655    -0.84055    -8.83751
   -0.16500        -9.79629    -0.02756    -0.84509    -8.92364
   -0.15900        -9.88900    -0.02860    -0.84954    -9.01086
   -0.15300        -9.98161    -0.02961    -0.85419    -9.09781
   -0.14700       -10.07505    -0.03076    -0.85891    -9.18538
   -0.14100       -10.16936    -0.03202    -0.86379    -9.27355
   -0.13500       -10.26530    -0.03335    -0.86866    -9.36329
   -0.12900       -10.36236    -0.03472    -0.87368    -9.45396
   -0.12300       -10.46200    -0.03625    -0.87876    -9.54699
   -0.11700       -10.56315    -0.03784    -0.88393    -9.64137
   -0.11100       -10.66732    -0.03955    -0.88949    -9.73828
   -0.10500       -10.77351    -0.04149    -0.89497    -9.83706
   -0.99000E-01   -10.88360    -0.04351    -0.90046    -9.93964
   -0.93000E-01   -10.99744    -0.04557    -0.90599   -10.04587
   -0.87000E-01   -11.11645    -0.04796    -0.91172   -10.15677
   -0.81000E-01   -11.24158    -0.05046    -0.91744   -10.27367
   -0.75000E-01   -11.37348    -0.05330    -0.92312   -10.39706
   -0.69000E-01   -11.51497    -0.05630    -0.92938   -10.52928
   -0.63000E-01   -11.66609    -0.05973    -0.93563   -10.67073
   -0.57000E-01   -11.82851    -0.06359    -0.94201   -10.82291
   -0.51000E-01   -12.00331    -0.06790    -0.94866   -10.98675
   -0.45000E-01   -12.19142    -0.07261    -0.95577   -11.16304
   -0.39000E-01   -12.39469    -0.07823    -0.96385   -11.35260
   -0.33000E-01   -12.61375    -0.08477    -0.97308   -11.55591
   -0.27000E-01   -12.85327    -0.09282    -0.98504   -11.77541
   -0.21300E-01   -13.03299    -0.09956    -0.99616   -11.93728
   -0.19500E-01   -13.06066    -0.10064    -0.99806   -11.96196
   -0.18900E-01   -13.08863    -0.10176    -1.00008   -11.98679
   -0.18300E-01   -13.11731    -0.10291    -1.00226   -12.01214
   -0.17700E-01   -13.14622    -0.10408    -1.00457   -12.03756
   -0.17100E-01   -13.17560    -0.10530    -1.00704   -12.06326
   -0.16500E-01   -13.20572    -0.10661    -1.00967   -12.08944
   -0.15900E-01   -13.23634    -0.10791    -1.01245   -12.11599
   -0.15300E-01   -13.26759    -0.10924    -1.01539   -12.14295
   -0.14700E-01   -13.29946    -0.11063    -1.01855   -12.17028
   -0.14100E-01   -13.33187    -0.11210    -1.02195   -12.19783
   -0.13500E-01   -13.36520    -0.11361    -1.02566   -12.22593
   -0.12900E-01   -13.39908    -0.11520    -1.02968   -12.25421
   -0.12300E-01   -13.43393    -0.11682    -1.03413   -12.28297
   -0.11700E-01   -13.46971    -0.11852    -1.03895   -12.31224
   -0.11100E-01   -13.50660    -0.12031    -1.04429   -12.34199
   -0.10500E-01   -13.54458    -0.12217    -1.05024   -12.37217
   -0.99000E-02   -13.58357    -0.12408    -1.05686   -12.40263
   -0.93000E-02   -13.62417    -0.12609    -1.06444   -12.43364
   -0.87000E-02   -13.66652    -0.12818    -1.07309   -12.46525
   -0.81000E-02   -13.71087    -0.13038    -1.08312   -12.49736
   -0.75000E-02   -13.75752    -0.13267    -1.09495   -12.52989
   -0.69000E-02   -13.80729    -0.13507    -1.10931   -12.56291
   -0.63000E-02   -13.86108    -0.13757    -1.12726   -12.59625
   -0.57000E-02   -13.92087    -0.14017    -1.15068   -12.63002
   -0.51000E-02   -13.98963    -0.14289    -1.18256   -12.66418
   -0.45000E-02   -14.07250    -0.14572    -1.22806   -12.69872
   -0.39000E-02   -14.17780    -0.14866    -1.29548   -12.73365
   -0.33000E-02   -14.31166    -0.15167    -1.39069   -12.76929
   -0.27000E-02   -14.43930    -0.15468    -1.47828   -12.80634
   -0.21000E-02   -14.52771    -0.15760    -1.52310   -12.84701
   -0.15000E-02   -14.59992    -0.16024    -1.54170   -12.89799
   -0.90000E-03   -14.69509    -0.16232    -1.54834   -12.98443
   -0.30000E-03   -16.12806    -0.16327    -1.54975   -14.41504
    0.30000E-03   -14.69687    -0.16186    -1.54879   -12.98621
    0.90000E-03   -14.60999    -0.15522    -1.54672   -12.90805
    0.15000E-02   -14.55534    -0.13665    -1.54411   -12.87458
    0.21000E-02   -14.49230    -0.09176    -1.54125   -12.85929
    0.27000E-02   -14.39433    -0.00362    -1.53831   -12.85239
    0.33000E-02   -14.29234     0.09237    -1.53540   -12.84931
    0.39000E-02   -14.22051     0.15993    -1.53252   -12.84791
    0.45000E-02   -14.17190     0.20516    -1.52976   -12.84730
    0.51000E-02   -14.13732     0.23679    -1.52710   -12.84702
    0.57000E-02   -14.11138     0.26004    -1.52454   -12.84688
    0.63000E-02   -14.09095     0.27799    -1.52212   -12.84681
    0.69000E-02   -14.07423     0.29238    -1.51984   -12.84678
    0.75000E-02   -14.06000     0.30441    -1.51766   -12.84675
    0.81000E-02   -14.04768     0.31464    -1.51558   -12.84674
    0.87000E-02   -14.03677     0.32352    -1.51357   -12.84672
    0.93000E-02   -14.02702     0.33134    -1.51166   -12.84670
    0.99000E-02   -14.01832     0.33821    -1.50985   -12.84668
    0.10500E-01   -14.01043     0.34437    -1.50814   -12.84666
    0.11100E-01   -14.00318     0.34995    -1.50649   -12.84664
    0.11700E-01   -13.99657     0.35499    -1.50494   -12.84662
    0.12300E-01   -13.99049     0.35959    -1.50348   -12.84660
    0.12900E-01   -13.98488     0.36378    -1.50208   -12.84657
    0.13500E-01   -13.97958     0.36772    -1.50074   -12.84655
    0.14100E-01   -13.97471     0.37133    -1.49951   -12.84653
    0.14700E-01   -13.97004     0.37471    -1.49826   -12.84650
    0.15300E-01   -13.96574     0.37783    -1.49710   -12.84647
    0.15900E-01   -13.96172     0.38073    -1.49601   -12.84644
    0.16500E-01   -13.95794     0.38348    -1.49500   -12.84641
    0.17100E-01   -13.95432     0.38610    -1.49403   -12.84638
    0.17700E-01   -13.95099     0.38847    -1.49311   -12.84635
    0.18300E-01   -13.94783     0.39068    -1.49219   -12.84632
    0.18900E-01   -13.94486     0.39281    -1.49137   -12.84629
    0.19500E-01   -13.94202     0.39480    -1.49056   -12.84626
    0.21300E-01   -13.92565     0.40626    -1.48589   -12.84602
    0.27000E-01   -13.90893     0.41806    -1.48141   -12.84558
    0.33000E-01   -13.89730     0.42648    -1.47873   -12.84504
    0.39000E-01   -13.88885     0.43273    -1.47713   -12.84446
    0.45000E-01   -13.88230     0.43768    -1.47629   -12.84370
    0.51000E-01   -13.87723     0.44144    -1.47580   -12.84287
    0.57000E-01   -13.87295     0.44461    -1.47553   -12.84202
    0.63000E-01   -13.86912     0.44735    -1.47541   -12.84106
    0.69000E-01   -13.86576     0.44956    -1.47534   -12.83998
    0.75000E-01   -13.86274     0.45143    -1.47530   -12.83887
    0.81000E-01   -13.85969     0.45298    -1.47498   -12.83768
    0.87000E-01   -13.85690     0.45451    -1.47496   -12.83645
    0.93000E-01   -13.85416     0.45573    -1.47475   -12.83514
    0.99000E-01   -13.85166     0.45687    -1.47474   -12.83379
    0.10500       -13.84930     0.45772    -1.47472   -12.83230
    0.11100       -13.84674     0.45857    -1.47454   -12.83077
    0.11700       -13.84463     0.45925    -1.47452   -12.82936
    0.12300       -13.84260     0.45980    -1.47450   -12.82789
    0.12900       -13.84031     0.46032    -1.47432   -12.82632
    0.13500       -13.83799     0.46079    -1.47413   -12.82465
    0.14100       -13.83558     0.46124    -1.47395   -12.82287
    0.14700       -13.83323     0.46172    -1.47393   -12.82102
    0.15300       -13.83090     0.46201    -1.47375   -12.81916
    0.15900       -13.82858     0.46231    -1.47357   -12.81732
    0.16500       -13.82615     0.46260    -1.47339   -12.81536
    0.17100       -13.82378     0.46280    -1.47321   -12.81337
    0.17700       -13.82131     0.46306    -1.47303   -12.81134
    0.18300       -13.81914     0.46320    -1.47301   -12.80932
    0.18900       -13.81670     0.46339    -1.47283   -12.80726
    0.19500       -13.81421     0.46357    -1.47266   -12.80512
    0.20100       -13.81182     0.46373    -1.47264   -12.80291
    0.20700       -13.80929     0.46389    -1.47246   -12.80072
    0.21300       -13.80654     0.46432    -1.47228   -12.79858
    0.22700       -13.78440     0.46487    -1.47139   -12.77788
    0.34500       -13.71074     0.46521    -1.46872   -12.70723
    0.49500       -13.62978     0.46573    -1.46682   -12.62869
    0.64500       -13.54238     0.46637    -1.46408   -12.54468
    0.79500       -13.45265     0.46683    -1.46210   -12.45737
    0.94500       -13.36019     0.46724    -1.45967   -12.36776
     1.0950       -13.26671     0.46759    -1.45739   -12.27691
     1.2450       -13.17266     0.46788    -1.45469   -12.18585
     1.3950       -13.07911     0.46812    -1.45215   -12.09508
     1.5450       -12.98760     0.46835    -1.44972   -12.00623
     1.6950       -12.89760     0.46854    -1.44741   -11.91873
     1.8450       -12.80930     0.46869    -1.44519   -11.83280
     1.9950       -12.72412     0.46886    -1.44307   -11.74991
     2.1450       -12.64127     0.46901    -1.44102   -11.66926
     2.2950       -12.56177     0.46913    -1.43905   -11.59185
     2.4450       -12.48526     0.46926    -1.43717   -11.51734
     2.5950       -12.41136     0.46938    -1.43535   -11.44539
     2.7450       -12.33932     0.46948    -1.43359   -11.37521
     2.8950       -12.27062     0.46957    -1.43189   -11.30830
     3.0450       -12.20405     0.46967    -1.43024   -11.24348
     3.1950       -12.14000     0.46976    -1.42864   -11.18112
     3.3450       -12.07814     0.46986    -1.42710   -11.12089
     3.4950       -12.01781     0.46994    -1.42561   -11.06214
     3.6450       -11.95987     0.47003    -1.42415   -11.00575
     3.7950       -11.90385     0.47010    -1.42273   -10.95123
     3.9450       -11.84964     0.47019    -1.42134   -10.89848
     4.0950       -11.79706     0.47024    -1.42000   -10.84730
     4.2450       -11.74583     0.47030    -1.41869   -10.79744
     4.3950       -11.69620     0.47037    -1.41740   -10.74917
     4.5450       -11.64801     0.47042    -1.41616   -10.70227
     4.6950       -11.60118     0.47046    -1.41494   -10.65670
     4.8450       -11.55558     0.47054    -1.41375   -10.61236
     4.9950       -11.51121     0.47059    -1.41259   -10.56921
     5.1450       -11.46810     0.47062    -1.41146   -10.52727
     5.2950       -11.42598     0.47067    -1.41035   -10.48630
     5.4450       -11.38485     0.47073    -1.40925   -10.44633
     5.5950       -11.34488     0.47078    -1.40820   -10.40746
     5.7450       -11.30518     0.47081    -1.40716   -10.36882
     5.8950       -11.26698     0.47086    -1.40614   -10.33171
     6.0450       -11.22962     0.47091    -1.40515   -10.29538
     6.1950       -11.19311     0.47094    -1.40417   -10.25988
     6.3450       -11.15740     0.47098    -1.40321   -10.22517
     6.4950       -11.12242     0.47102    -1.40227   -10.19116
     6.6450       -11.08811     0.47106    -1.40133   -10.15784
     6.7950       -11.05451     0.47108    -1.40041   -10.12518
     6.9450       -11.02161     0.47112    -1.39952   -10.09321
     7.0950       -10.98933     0.47115    -1.39864   -10.06184
     7.2450       -10.95774     0.47117    -1.39779   -10.03112
     7.3950       -10.92673     0.47120    -1.39695   -10.00099
     7.5450       -10.89637     0.47123    -1.39611    -9.97149
     7.6950       -10.86653     0.47126    -1.39529    -9.94251
     7.8450       -10.83724     0.47130    -1.39448    -9.91406
     7.9950       -10.80845     0.47133    -1.39369    -9.88609
     8.1450       -10.78014     0.47136    -1.39291    -9.85859
     8.2950       -10.75230     0.47139    -1.39214    -9.83156
     8.4450       -10.72497     0.47142    -1.39138    -9.80502
     8.5950       -10.69806     0.47144    -1.39062    -9.77888
     8.7450       -10.67160     0.47147    -1.38988    -9.75319
     8.8950       -10.64552     0.47150    -1.38915    -9.72787
     9.0450       -10.61994     0.47153    -1.38844    -9.70304
     9.1950       -10.59471     0.47157    -1.38774    -9.67854
     9.3450       -10.56991     0.47160    -1.38705    -9.65446
     9.4950       -10.54546     0.47161    -1.38636    -9.63072
     9.6450       -10.52138     0.47162    -1.38569    -9.60731
     9.7950       -10.49757     0.47166    -1.38501    -9.58423
     9.9450       -10.47422     0.47168    -1.38435    -9.56155
     10.095       -10.45115     0.47171    -1.38370    -9.53916
     10.245       -10.42845     0.47173    -1.38305    -9.51712
     10.395       -10.40604     0.47175    -1.38242    -9.49537
     10.545       -10.38390     0.47177    -1.38179    -9.47388
     10.695       -10.36213     0.47180    -1.38117    -9.45276
     10.845       -10.34060     0.47182    -1.38056    -9.43187
     10.995       -10.31934     0.47184    -1.37994    -9.41124
     11.145       -10.29839     0.47186    -1.37934    -9.39091
     11.295       -10.27776     0.47188    -1.37875    -9.37090
     11.445       -10.25733     0.47189    -1.37817    -9.35106
     11.595       -10.23719     0.47191    -1.37759    -9.33152
     11.745       -10.21732     0.47193    -1.37701    -9.31223
     11.895       -10.19766     0.47196    -1.37645    -9.29317
     12.045       -10.17828     0.47198    -1.37590    -9.27436
     12.195       -10.15912     0.47199    -1.37534    -9.25577
     12.345       -10.14024     0.47200    -1.37480    -9.23743
     12.495       -10.12153     0.47202    -1.37427    -9.21927
     12.645       -10.10301     0.47203    -1.37374    -9.20130
     12.795       -10.08470     0.47205    -1.37321    -9.18355
     12.945       -10.06661     0.47207    -1.37268    -9.16599
     13.095       -10.04867     0.47209    -1.37217    -9.14858
     13.245       -10.03098     0.47211    -1.37166    -9.13143
     13.395       -10.01351     0.47213    -1.37116    -9.11448
     13.545        -9.99618     0.47214    -1.37065    -9.09767
     13.695        -9.97911     0.47217    -1.37016    -9.08112
     13.845        -9.96217     0.47219    -1.36967    -9.06469
     13.995        -9.94542     0.47220    -1.36918    -9.04844
     14.145        -9.92884     0.47221    -1.36870    -9.03235
     14.295        -9.91246     0.47223    -1.36822    -9.01647
     14.445        -9.89623     0.47224    -1.36775    -9.00071
     14.595        -9.88019     0.47225    -1.36728    -8.98515
     14.745        -9.86427     0.47226    -1.36682    -8.96971
     14.895        -9.84854     0.47228    -1.36636    -8.95445
     15.045        -9.83301     0.47229    -1.36591    -8.93939
     15.195        -9.81757     0.47231    -1.36546    -8.92442
     15.345        -9.80230     0.47232    -1.36502    -8.90961
     15.495        -9.78717     0.47234    -1.36458    -8.89494
     15.645        -9.77222     0.47236    -1.36414    -8.88044
     15.795        -9.75737     0.47236    -1.36371    -8.86603
     15.945        -9.74268     0.47237    -1.36328    -8.85178
     16.095        -9.72808     0.47239    -1.36285    -8.83762
     16.245        -9.71366     0.47240    -1.36243    -8.82362
     16.395        -9.69937     0.47241    -1.36200    -8.80977
     16.545        -9.68525     0.47242    -1.36158    -8.79609
     16.695        -9.67121     0.47243    -1.36116    -8.78247
     16.845        -9.65726     0.47244    -1.36075    -8.76894
     16.995        -9.64346     0.47245    -1.36035    -8.75557
     17.145        -9.62980     0.47246    -1.35995    -8.74232
     17.295        -9.61628     0.47248    -1.35955    -8.72920
     17.445        -9.60289     0.47249    -1.35915    -8.71622
     17.595        -9.58959     0.47249    -1.35876    -8.70332
     17.745        -9.57634     0.47250    -1.35838    -8.69047
     17.895        -9.56327     0.47251    -1.35799    -8.67779
     18.045        -9.55028     0.47253    -1.35760    -8.66520
     18.195        -9.53741     0.47254    -1.35722    -8.65274
     18.345        -9.52465     0.47256    -1.35684    -8.64037
     18.495        -9.51195     0.47257    -1.35646    -8.62805
     18.645        -9.49939     0.47258    -1.35609    -8.61588
     18.795        -9.48690     0.47259    -1.35572    -8.60377
     18.945        -9.47451     0.47260    -1.35535    -8.59177
     19.095        -9.46225     0.47261    -1.35498    -8.57988
     19.245        -9.45006     0.47262    -1.35462    -8.56806
     19.395        -9.43797     0.47264    -1.35427    -8.55634
     19.545        -9.42602     0.47264    -1.35392    -8.54475
     19.695        -9.41413     0.47265    -1.35357    -8.53321
     19.845        -9.40234     0.47265    -1.35322    -8.52177
     19.995        -9.39066     0.47265    -1.35288    -8.51043
     20.145        -9.37907     0.47267    -1.35254    -8.49920
     20.295        -9.36751     0.47268    -1.35220    -8.48799
     20.445        -9.35609     0.47268    -1.35186    -8.47691
     20.595        -9.34474     0.47269    -1.35152    -8.46590
     20.745        -9.33348     0.47270    -1.35119    -8.45500
     20.895        -9.32233     0.47271    -1.35085    -8.44419
     21.045        -9.31123     0.47271    -1.35052    -8.43342
     21.195        -9.30018     0.47272    -1.35019    -8.42270
     21.345        -9.28925     0.47272    -1.34986    -8.41211
     21.495        -9.27841     0.47273    -1.34954    -8.40160
     21.645        -9.26766     0.47273    -1.34923    -8.39117
     21.795        -9.25693     0.47274    -1.34890    -8.38076
     21.945        -9.24633     0.47274    -1.34858    -8.37049
     22.095        -9.23575     0.47276    -1.34826    -8.36025
     22.245        -9.22528     0.47277    -1.34795    -8.35011
     22.395        -9.21483     0.47278    -1.34764    -8.33997
     22.545        -9.20445     0.47280    -1.34732    -8.32992
     22.695        -9.19418     0.47281    -1.34702    -8.31997
     22.845        -9.18399     0.47281    -1.34671    -8.31009
     22.995        -9.17385     0.47282    -1.34641    -8.30027
     23.145        -9.16379     0.47283    -1.34611    -8.29051
     23.295        -9.15376     0.47284    -1.34581    -8.28079
     23.445        -9.14383     0.47284    -1.34551    -8.27117
     23.595        -9.13393     0.47285    -1.34521    -8.26157
     23.745        -9.12415     0.47286    -1.34491    -8.25210
     23.895        -9.11440     0.47287    -1.34462    -8.24265
     24.045        -9.10472     0.47287    -1.34433    -8.23326
     24.195        -9.09509     0.47288    -1.34404    -8.22394
     24.345        -9.08552     0.47289    -1.34376    -8.21465
     24.495        -9.07601     0.47289    -1.34347    -8.20543
     24.645        -9.06655     0.47290    -1.34319    -8.19626
     24.795        -9.05713     0.47291    -1.34291    -8.18713
     24.945        -9.04781     0.47292    -1.34263    -8.17810
     25.095        -9.03853     0.47292    -1.34234    -8.16911
     25.245        -9.02934     0.47292    -1.34207    -8.16019
     25.395        -9.02019     0.47293    -1.34179    -8.15133
     25.545        -9.01109     0.47294    -1.34152    -8.14251
     25.695        -9.00207     0.47294    -1.34125    -8.13376
     25.845        -8.99308     0.47294    -1.34097    -8.12504
     25.995        -8.98414     0.47294    -1.34071    -8.11637
     26.145        -8.97526     0.47295    -1.34044    -8.10777
     26.295        -8.96645     0.47296    -1.34017    -8.09924
     26.445        -8.95770     0.47297    -1.33990    -8.09076
     26.595        -8.94896     0.47297    -1.33964    -8.08229
     26.745        -8.94026     0.47297    -1.33939    -8.07385
     26.895        -8.93163     0.47298    -1.33913    -8.06548
     27.045        -8.92306     0.47299    -1.33887    -8.05719
     27.195        -8.91455     0.47300    -1.33861    -8.04894
     27.345        -8.90604     0.47301    -1.33836    -8.04070
     27.495        -8.89760     0.47301    -1.33810    -8.03251
     27.645        -8.88922     0.47301    -1.33785    -8.02439
     27.795        -8.88088     0.47303    -1.33760    -8.01631
     27.945        -8.87259     0.47303    -1.33735    -8.00828
     28.095        -8.86435     0.47304    -1.33710    -8.00030
     28.245        -8.85619     0.47304    -1.33685    -7.99238
     28.395        -8.84804     0.47304    -1.33661    -7.98448
     28.545        -8.83993     0.47305    -1.33636    -7.97662
     28.695        -8.83186     0.47305    -1.33612    -7.96879
     28.845        -8.82385     0.47306    -1.33588    -7.96103
     28.995        -8.81588     0.47307    -1.33564    -7.95330
     29.145        -8.80794     0.47307    -1.33540    -7.94562
     29.295        -8.80002     0.47308    -1.33515    -7.93795
     29.445        -8.79220     0.47308    -1.33492    -7.93037
     29.595        -8.78438     0.47308    -1.33467    -7.92279
     29.745        -8.77660     0.47310    -1.33444    -7.91526
     29.895        -8.76884     0.47310    -1.33420    -7.90774
     30.045        -8.76115     0.47311    -1.33397    -7.90029
     30.195        -8.75348     0.47311    -1.33374    -7.89286
     30.345        -8.74586     0.47312    -1.33351    -7.88547
     30.495        -8.73830     0.47312    -1.33328    -7.87815
     30.645        -8.73076     0.47312    -1.33304    -7.87084
     30.795        -8.72322     0.47313    -1.33281    -7.86353
     30.945        -8.71577     0.47313    -1.33258    -7.85632
     31.095        -8.70836     0.47313    -1.33236    -7.84913
     31.245        -8.70097     0.47313    -1.33213    -7.84197
     31.395        -8.69361     0.47314    -1.33190    -7.83484
     31.545        -8.68629     0.47314    -1.33168    -7.82776
     31.695        -8.67901     0.47315    -1.33146    -7.82070
     31.845        -8.67176     0.47316    -1.33124    -7.81368
     31.995        -8.66455     0.47316    -1.33102    -7.80669
     32.145        -8.65740     0.47317    -1.33080    -7.79977
     32.295        -8.65026     0.47317    -1.33058    -7.79285
     32.445        -8.64315     0.47318    -1.33036    -7.78597
     32.595        -8.63607     0.47318    -1.33015    -7.77910
     32.745        -8.62907     0.47318    -1.32993    -7.77231
     32.895        -8.62207     0.47318    -1.32972    -7.76554
     33.045        -8.61514     0.47319    -1.32950    -7.75882
     33.195        -8.60817     0.47319    -1.32929    -7.75208
     33.345        -8.60132     0.47320    -1.32908    -7.74544
     33.495        -8.59445     0.47321    -1.32887    -7.73879
     33.645        -8.58761     0.47321    -1.32866    -7.73216
     33.795        -8.58080     0.47321    -1.32846    -7.72556
     33.945        -8.57403     0.47322    -1.32825    -7.71900
     34.095        -8.56728     0.47322    -1.32805    -7.71246
     34.245        -8.56057     0.47323    -1.32784    -7.70595
     34.395        -8.55387     0.47323    -1.32764    -7.69946
     34.545        -8.54721     0.47324    -1.32743    -7.69301
     34.695        -8.54062     0.47323    -1.32723    -7.68662
     34.845        -8.53403     0.47324    -1.32703    -7.68023
     34.995        -8.52746     0.47325    -1.32683    -7.67387
     35.145        -8.52094     0.47325    -1.32664    -7.66755
     35.295        -8.51443     0.47326    -1.32644    -7.66125
     35.445        -8.50798     0.47326    -1.32625    -7.65499
     35.595        -8.50154     0.47327    -1.32605    -7.64876
     35.745        -8.49511     0.47328    -1.32585    -7.64254
     35.895        -8.48873     0.47328    -1.32565    -7.63635
     36.045        -8.48235     0.47328    -1.32545    -7.63018
     36.195        -8.47600     0.47328    -1.32526    -7.62403
     36.345        -8.46971     0.47329    -1.32507    -7.61793
     36.495        -8.46341     0.47329    -1.32487    -7.61183
     36.645        -8.45714     0.47329    -1.32468    -7.60576
     36.795        -8.45093     0.47329    -1.32449    -7.59974
     36.945        -8.44471     0.47330    -1.32430    -7.59371
     37.095        -8.43857     0.47330    -1.32412    -7.58775
     37.245        -8.43243     0.47330    -1.32393    -7.58181
     37.395        -8.42633     0.47330    -1.32374    -7.57590
     37.545        -8.42026     0.47331    -1.32355    -7.57001
     37.695        -8.41420     0.47331    -1.32337    -7.56415
     37.845        -8.40816     0.47332    -1.32318    -7.55830
     37.995        -8.40215     0.47332    -1.32300    -7.55247
     38.145        -8.39620     0.47332    -1.32282    -7.54670
     38.295        -8.39024     0.47332    -1.32264    -7.54092
     38.445        -8.38429     0.47333    -1.32245    -7.53516
     38.595        -8.37837     0.47333    -1.32227    -7.52942
     38.745        -8.37247     0.47333    -1.32209    -7.52371
     38.895        -8.36660     0.47334    -1.32191    -7.51802
     39.045        -8.36075     0.47334    -1.32173    -7.51236
     39.195        -8.35494     0.47334    -1.32155    -7.50672
     39.345        -8.34913     0.47335    -1.32138    -7.50111
     39.495        -8.34334     0.47336    -1.32120    -7.49551
     39.645        -8.33756     0.47336    -1.32102    -7.48990
     39.795        -8.33181     0.47337    -1.32084    -7.48434
     39.945        -8.32609     0.47337    -1.32066    -7.47880
     40.095        -8.32039     0.47337    -1.32049    -7.47327
     40.245        -8.31476     0.47337    -1.32032    -7.46781
     40.395        -8.30912     0.47337    -1.32014    -7.46234
     40.545        -8.30350     0.47338    -1.31997    -7.45690
     40.695        -8.29790     0.47338    -1.31980    -7.45148
     40.845        -8.29232     0.47338    -1.31963    -7.44608
     40.995        -8.28677     0.47339    -1.31945    -7.44071
     41.145        -8.28124     0.47339    -1.31928    -7.43535
     41.295        -8.27577     0.47339    -1.31911    -7.43005
     41.445        -8.27027     0.47340    -1.31894    -7.42472
     41.595        -8.26481     0.47340    -1.31878    -7.41944
     41.745        -8.25936     0.47341    -1.31861    -7.41416
     41.895        -8.25391     0.47341    -1.31844    -7.40888
     42.045        -8.24849     0.47342    -1.31828    -7.40363
     42.195        -8.24311     0.47343    -1.31812    -7.39842
     42.345        -8.23776     0.47343    -1.31795    -7.39324
     42.495        -8.23242     0.47343    -1.31778    -7.38807
     42.645        -8.22709     0.47344    -1.31762    -7.38291
     42.795        -8.22177     0.47344    -1.31745    -7.37776
     42.945        -8.21650     0.47344    -1.31729    -7.37265
     43.095        -8.21123     0.47345    -1.31713    -7.36755
     43.245        -8.20602     0.47344    -1.31696    -7.36250
     43.395        -8.20080     0.47345    -1.31680    -7.35744
     43.545        -8.19557     0.47345    -1.31664    -7.35238
     43.695        -8.19035     0.47345    -1.31648    -7.34732
     43.845        -8.18520     0.47345    -1.31632    -7.34233
     43.995        -8.18005     0.47346    -1.31616    -7.33734
     44.145        -8.17491     0.47346    -1.31601    -7.33236
     44.295        -8.16981     0.47347    -1.31585    -7.32742
     44.445        -8.16470     0.47347    -1.31569    -7.32248
     44.595        -8.15960     0.47347    -1.31554    -7.31753
     44.745        -8.15453     0.47348    -1.31538    -7.31262
     44.895        -8.14950     0.47348    -1.31523    -7.30775
     45.045        -8.14448     0.47348    -1.31507    -7.30289
     45.195        -8.13945     0.47349    -1.31492    -7.29802
     45.345        -8.13446     0.47349    -1.31476    -7.29319
     45.495        -8.12951     0.47349    -1.31461    -7.28839
     45.645        -8.12457     0.47349    -1.31445    -7.28361
     45.795        -8.11963     0.47350    -1.31430    -7.27883
     45.945        -8.11471     0.47350    -1.31414    -7.27406
     46.095        -8.10981     0.47350    -1.31399    -7.26933
     46.245        -8.10494     0.47351    -1.31384    -7.26461
     46.395        -8.10007     0.47351    -1.31369    -7.25990
     46.545        -8.09522     0.47352    -1.31354    -7.25521
     46.695        -8.09039     0.47353    -1.31338    -7.25053
     46.845        -8.08556     0.47353    -1.31323    -7.24586
     46.995        -8.08076     0.47353    -1.31308    -7.24121
     47.145        -8.07596     0.47353    -1.31294    -7.23656
     47.295        -8.07118     0.47354    -1.31278    -7.23193
     47.445        -8.06642     0.47354    -1.31264    -7.22732
     47.595        -8.06169     0.47354    -1.31249    -7.22274
     47.745        -8.05695     0.47354    -1.31234    -7.21815
     47.895        -8.05224     0.47355    -1.31220    -7.21359
     48.045        -8.04756     0.47355    -1.31205    -7.20905
     48.195        -8.04287     0.47355    -1.31190    -7.20451
     48.345        -8.03820     0.47355    -1.31176    -7.19999
     48.495        -8.03356     0.47355    -1.31162    -7.19549
     48.645        -8.02893     0.47356    -1.31147    -7.19102
     48.795        -8.02431     0.47356    -1.31133    -7.18654
     48.945        -8.01969     0.47356    -1.31119    -7.18206
     49.095        -8.01511     0.47357    -1.31105    -7.17763
     49.245        -8.01051     0.47357    -1.31092    -7.17317
     49.395        -8.00596     0.47358    -1.31078    -7.16876
     49.545        -8.00144     0.47357    -1.31063    -7.16439
     49.695        -7.99692     0.47358    -1.31049    -7.16000
     49.845        -7.99241     0.47358    -1.31036    -7.15563
     49.995        -7.98792     0.47358    -1.31022    -7.15128
     50.145        -7.98344     0.47358    -1.31008    -7.14694
     50.295        -7.97896     0.47358    -1.30994    -7.14259
     50.445        -7.97450     0.47357    -1.30980    -7.13827
     50.595        -7.97004     0.47358    -1.30966    -7.13395
     50.745        -7.96561     0.47357    -1.30952    -7.12966
     50.895        -7.96119     0.47358    -1.30939    -7.12538
     51.045        -7.95680     0.47358    -1.30925    -7.12113
     51.195        -7.95241     0.47358    -1.30911    -7.11687
     51.345        -7.94803     0.47358    -1.30897    -7.11264
     51.495        -7.94367     0.47358    -1.30884    -7.10842
     51.645        -7.93935     0.47358    -1.30870    -7.10422
     51.795        -7.93502     0.47358    -1.30857    -7.10003
     51.945        -7.93069     0.47359    -1.30843    -7.09585
     52.095        -7.92637     0.47359    -1.30830    -7.09166
     52.245        -7.92209     0.47360    -1.30817    -7.08751
     52.395        -7.91781     0.47360    -1.30804    -7.08337
     52.545        -7.91354     0.47360    -1.30790    -7.07924
     52.695        -7.90928     0.47360    -1.30778    -7.07510
     52.845        -7.90503     0.47360    -1.30765    -7.07099
     52.995        -7.90079     0.47361    -1.30751    -7.06689
     53.145        -7.89657     0.47361    -1.30738    -7.06280
     53.295        -7.89236     0.47361    -1.30725    -7.05872
     53.445        -7.88817     0.47361    -1.30713    -7.05465
     53.595        -7.88399     0.47361    -1.30700    -7.05061
     53.745        -7.87981     0.47362    -1.30687    -7.04656
     53.895        -7.87565     0.47362    -1.30674    -7.04253
     54.045        -7.87150     0.47362    -1.30661    -7.03851
     54.195        -7.86737     0.47363    -1.30648    -7.03452
     54.345        -7.86325     0.47363    -1.30634    -7.03053
     54.495        -7.85912     0.47363    -1.30622    -7.02653
     54.645        -7.85503     0.47363    -1.30609    -7.02257
     54.795        -7.85097     0.47363    -1.30596    -7.01864
     54.945        -7.84687     0.47364    -1.30584    -7.01467
     55.095        -7.84279     0.47364    -1.30571    -7.01073
     59.433        -7.52400     0.47384    -1.29579    -6.70205
     80.646        -7.05761     0.47403    -1.28119    -6.25045
     111.21        -6.60305     0.47416    -1.26685    -5.81036
     153.36        -6.16105     0.47430    -1.25290    -5.38245
     211.49        -5.73190     0.47434    -1.23935    -4.96689
     291.64        -5.31603     0.47429    -1.22620    -4.56412
     402.18        -4.91328     0.47423    -1.21349    -4.17402
     554.60        -4.52323     0.47410    -1.20118    -3.79615
     764.80        -4.14623     0.47387    -1.18936    -3.43074
     1054.7        -3.78120     0.47360    -1.17792    -3.07688
     1454.4        -3.42788     0.47325    -1.16691    -2.73422
     2005.6        -3.08608     0.47283    -1.15634    -2.40257
     2765.8        -2.75499     0.47235    -1.14615    -2.08119
     3814.0        -2.43408     0.47183    -1.13636    -1.76955
     5259.5        -2.12287     0.47132    -1.12696    -1.46722
     7252.9        -1.82093     0.47078    -1.11791    -1.17380
     10002.        -1.52799     0.47025    -1.10918    -0.88905
     13793.        -1.24382     0.46969    -1.10075    -0.61275
     19020.        -0.96847     0.46912    -1.09267    -0.34492
     26229.        -0.70290     0.46856    -1.08485    -0.08661
     36170.        -0.44772     0.46798    -1.07731     0.16161
     49878.        -0.20291     0.46740    -1.07000     0.39970
     68782.         0.03122     0.46682    -1.06292     0.62732
     94851.         0.25482     0.46626    -1.05608     0.84464
    0.13080E+06     0.46857     0.46571    -1.04946     1.05232
    0.18038E+06     0.67252     0.46515    -1.04304     1.25041
    0.24874E+06     0.86723     0.46459    -1.03679     1.43944
    0.34301E+06     1.05295     0.46403    -1.03075     1.61967
    0.47302E+06     1.22997     0.46353    -1.02489     1.79132
    0.65229E+06     1.39861     0.46300    -1.01929     1.95489
    0.89952E+06     1.55929     0.46248    -1.01394     2.11075
    0.12404E+07     1.71229     0.46199    -1.00879     2.25909
    0.17106E+07     1.85796     0.46152    -1.00386     2.40031
    0.23589E+07     1.99656     0.46105    -0.99915     2.53467
    0.32529E+07     2.12859     0.46058    -0.99467     2.66268
    0.44858E+07     2.25424     0.46015    -0.99038     2.78447
    0.61860E+07     2.37381     0.45972    -0.98628     2.90038
    0.85305E+07     2.48771     0.45928    -0.98236     3.01079
    0.11764E+08     2.59599     0.45890    -0.97866     3.11576
    0.16222E+08     2.69896     0.45852    -0.97513     3.21558
    0.22370E+08     2.79695     0.45816    -0.97177     3.31055
    0.30849E+08     2.89004     0.45783    -0.96858     3.40080
    0.42541E+08     2.97764     0.45749    -0.96553     3.48568
    0.58664E+08     3.05964     0.45718    -0.96264     3.56510
    0.80898E+08     3.13642     0.45690    -0.95988     3.63940
    0.11156E+09     3.20854     0.45663    -0.95724     3.70915
    0.15384E+09     3.27642     0.45640    -0.95475     3.77477
    0.21215E+09     3.34025     0.45618    -0.95236     3.83643
    0.29255E+09     3.40042     0.45597    -0.95010     3.89455
    0.40343E+09     3.45705     0.45577    -0.94794     3.94922
    0.55633E+09     3.51041     0.45558    -0.94589     4.00072
    0.76719E+09     3.56028     0.45540    -0.94395     4.04883
    0.10580E+10     3.60526     0.45525    -0.94214     4.09214
    0.14589E+10     3.64633     0.45511    -0.94045     4.13167
    0.20119E+10     3.68422     0.45499    -0.93887     4.16810
    0.27744E+10     3.71912     0.45488    -0.93738     4.20163
    0.38259E+10     3.75129     0.45477    -0.93598     4.23250
    0.52760E+10     3.78102     0.45467    -0.93466     4.26101
    0.72756E+10     3.80846     0.45457    -0.93341     4.28730
    0.10033E+11     3.83376     0.45447    -0.93225     4.31153
    0.13836E+11     3.85713     0.45439    -0.93115     4.33389
    0.19079E+11     3.87874     0.45431    -0.93015     4.35458
    0.26311E+11     3.89864     0.45424    -0.92925     4.37364
    0.36283E+11     3.91700     0.45418    -0.92842     4.39124
    0.50034E+11     3.93400     0.45412    -0.92764     4.40752
    0.68997E+11     3.94967     0.45406    -0.92692     4.42253
    0.10000E+12     4.13675     0.45334    -0.91854     4.60196
