    -99.945         0.00000
    -99.795         0.00000
    -99.645         0.00000
    -99.495         0.00000
    -99.345         0.00000
    -99.195         0.00000
    -99.045         0.00000
    -98.895         0.00000
    -98.745         0.00000
    -98.595         0.00000
    -98.445         0.00000
    -98.295         0.00000
    -98.145         0.00000
    -97.995         0.00000
    -97.845         0.00000
    -97.695         0.00000
    -97.545         0.00000
    -97.395         0.00000
    -97.245         0.00000
    -97.095         0.00000
    -96.945         0.00000
    -96.795         0.00000
    -96.645         0.00000
    -96.495         0.00000
    -96.345         0.00000
    -96.195         0.00000
    -96.045         0.00000
    -95.895         0.00000
    -95.745         0.00000
    -95.595         0.00000
    -95.445         0.00000
    -95.295         0.00000
    -95.145         0.00000
    -94.995         0.00000
    -94.845         0.00000
    -94.695         0.00000
    -94.545         0.00000
    -94.395         0.00000
    -94.245         0.00000
    -94.095         0.00000
    -93.945         0.00000
    -93.795         0.00000
    -93.645         0.00000
    -93.495         0.00000
    -93.345         0.00000
    -93.195         0.00000
    -93.045         0.00000
    -92.895         0.00000
    -92.745         0.00000
    -92.595         0.00000
    -92.445         0.00000
    -92.295         0.00000
    -92.145         0.00000
    -91.995         0.00000
    -91.845         0.00000
    -91.695         0.00000
    -91.545         0.00000
    -91.395         0.00000
    -91.245         0.00000
    -91.095         0.00000
    -90.945         0.00000
    -90.795         0.00000
    -90.645         0.00000
    -90.495         0.00000
    -90.345         0.00000
    -90.195         0.00000
    -90.045         0.00000
    -89.895         0.00000
    -89.745         0.00000
    -89.595         0.00000
    -89.445         0.00000
    -89.295         0.00000
    -89.145         0.00000
    -88.995         0.00000
    -88.845         0.00000
    -88.695         0.00000
    -88.545         0.00000
    -88.395         0.00000
    -88.245         0.00000
    -88.095         0.00000
    -87.945         0.00000
    -87.795         0.00000
    -87.645         0.00000
    -87.495         0.00000
    -87.345         0.00000
    -87.195         0.00000
    -87.045         0.00000
    -86.895         0.00000
    -86.745         0.00000
    -86.595         0.00000
    -86.445         0.00000
    -86.295         0.00000
    -86.145         0.00000
    -85.995         0.00000
    -85.845         0.00000
    -85.695         0.00000
    -85.545         0.00000
    -85.395         0.00000
    -85.245         0.00000
    -85.095         0.00000
    -84.945         0.00000
    -84.795         0.00000
    -84.645         0.00000
    -84.495         0.00000
    -84.345         0.00000
    -84.195         0.00000
    -84.045         0.00000
    -83.895         0.00000
    -83.745         0.00000
    -83.595         0.00000
    -83.445         0.00000
    -83.295         0.00000
    -83.145         0.00000
    -82.995         0.00000
    -82.845         0.00000
    -82.695         0.00000
    -82.545         0.00000
    -82.395         0.00000
    -82.245         0.00000
    -82.095         0.00000
    -81.945         0.00000
    -81.795         0.00000
    -81.645         0.00000
    -81.495         0.00000
    -81.345         0.00000
    -81.195         0.00000
    -81.045         0.00000
    -80.895         0.00000
    -80.745         0.00000
    -80.595         0.00000
    -80.445         0.00000
    -80.295         0.00000
    -80.145         0.00000
    -79.995         0.00000
    -79.845         0.00000
    -79.695         0.00000
    -79.545         0.00000
    -79.395         0.00000
    -79.245         0.00000
    -79.095         0.00000
    -78.945         0.00000
    -78.795         0.00000
    -78.645         0.00000
    -78.495         0.00000
    -78.345         0.00000
    -78.195         0.00000
    -78.045         0.00000
    -77.895         0.00000
    -77.745         0.00000
    -77.595         0.00000
    -77.445         0.00000
    -77.295         0.00000
    -77.145         0.00000
    -76.995         0.00000
    -76.845         0.00000
    -76.695         0.00000
    -76.545         0.00000
    -76.395         0.00000
    -76.245         0.00000
    -76.095         0.00000
    -75.945         0.00000
    -75.795         0.00000
    -75.645         0.00000
    -75.495         0.00000
    -75.345         0.00000
    -75.195         0.00000
    -75.045         0.00000
    -74.895         0.00000
    -74.745         0.00000
    -74.595         0.00000
    -74.445         0.00000
    -74.295         0.00000
    -74.145         0.00000
    -73.995         0.00000
    -73.845         0.00000
    -73.695         0.00000
    -73.545         0.00000
    -73.395         0.00000
    -73.245         0.00000
    -73.095         0.00000
    -72.945         0.00000
    -72.795         0.00000
    -72.645         0.00000
    -72.495         0.00000
    -72.345         0.00000
    -72.195         0.00000
    -72.045         0.00000
    -71.895         0.00000
    -71.745         0.00000
    -71.595         0.00000
    -71.445         0.00000
    -71.295         0.00000
    -71.145         0.00000
    -70.995         0.00000
    -70.845         0.00000
    -70.695         0.00000
    -70.545         0.00000
    -70.395         0.00000
    -70.245         0.00000
    -70.095         0.00000
    -69.945         0.00000
    -69.795         0.00000
    -69.645         0.00000
    -69.495         0.00000
    -69.345         0.00000
    -69.195         0.00000
    -69.045         0.00000
    -68.895         0.00000
    -68.745         0.00000
    -68.595         0.00000
    -68.445         0.00000
    -68.295         0.00000
    -68.145         0.00000
    -67.995         0.00000
    -67.845         0.00000
    -67.695         0.00000
    -67.545         0.00000
    -67.395         0.00000
    -67.245         0.00000
    -67.095         0.00000
    -66.945         0.00000
    -66.795         0.00000
    -66.645         0.00000
    -66.495         0.00000
    -66.345         0.00000
    -66.195         0.00000
    -66.045         0.00000
    -65.895         0.00000
    -65.745         0.00000
    -65.595         0.00000
    -65.445         0.00000
    -65.295         0.00000
    -65.145         0.00000
    -64.995         0.00000
    -64.845         0.00000
    -64.695         0.00000
    -64.545         0.00000
    -64.395         0.00000
    -64.245         0.00000
    -64.095         0.00000
    -63.945         0.00000
    -63.795         0.00000
    -63.645         0.00000
    -63.495         0.00000
    -63.345         0.00000
    -63.195         0.00000
    -63.045         0.00000
    -62.895         0.00000
    -62.745         0.00000
    -62.595         0.00000
    -62.445         0.00000
    -62.295         0.00000
    -62.145         0.00000
    -61.995         0.00000
    -61.845         0.00000
    -61.695         0.00000
    -61.545         0.00000
    -61.395         0.00000
    -61.245         0.00000
    -61.095         0.00000
    -60.945         0.00000
    -60.795         0.00000
    -60.645         0.00000
    -60.495         0.00000
    -60.345         0.00000
    -60.195         0.00000
    -60.045         0.00000
    -59.895         0.00000
    -59.745         0.00000
    -59.595         0.00000
    -59.445         0.00000
    -59.295         0.00000
    -59.145         0.00000
    -58.995         0.00000
    -58.845         0.00000
    -58.695         0.00000
    -58.545         0.00000
    -58.395         0.00000
    -58.245         0.00000
    -58.095         0.00000
    -57.945         0.00000
    -57.795         0.00000
    -57.645         0.00000
    -57.495         0.00000
    -57.345         0.00000
    -57.195         0.00000
    -57.045         0.00000
    -56.895         0.00000
    -56.745         0.00000
    -56.595         0.00000
    -56.445         0.00000
    -56.295         0.00000
    -56.145         0.00000
    -55.995         0.00000
    -55.845         0.00000
    -55.695         0.00000
    -55.545         0.00000
    -55.395         0.00000
    -55.245         0.00000
    -55.095         0.00000
    -54.945         0.00000
    -54.795         0.00000
    -54.645         0.00000
    -54.495         0.00000
    -54.345         0.00000
    -54.195         0.00000
    -54.045         0.00000
    -53.895         0.00000
    -53.745         0.00000
    -53.595         0.00000
    -53.445         0.00000
    -53.295         0.00000
    -53.145         0.00000
    -52.995         0.00000
    -52.845         0.00000
    -52.695         0.00000
    -52.545         0.00000
    -52.395         0.00000
    -52.245         0.00000
    -52.095         0.00000
    -51.945         0.00000
    -51.795         0.00000
    -51.645         0.00000
    -51.495         0.00000
    -51.345         0.00000
    -51.195         0.00000
    -51.045         0.00000
    -50.895         0.00000
    -50.745         0.00000
    -50.595         0.00000
    -50.445         0.00000
    -50.295         0.00000
    -50.145         0.00000
    -49.995         0.00000
    -49.845         0.00000
    -49.695         0.00000
    -49.545         0.00000
    -49.395         0.00000
    -49.245         0.00000
    -49.095         0.00000
    -48.945         0.00000
    -48.795         0.00000
    -48.645         0.00000
    -48.495         0.00000
    -48.345         0.00000
    -48.195         0.00000
    -48.045         0.00000
    -47.895         0.00000
    -47.745         0.00000
    -47.595         0.00000
    -47.445         0.00000
    -47.295         0.00000
    -47.145         0.00000
    -46.995         0.00000
    -46.845         0.00000
    -46.695         0.00000
    -46.545         0.00000
    -46.395         0.00000
    -46.245         0.00000
    -46.095         0.00000
    -45.945         0.00000
    -45.795         0.00000
    -45.645         0.00000
    -45.495         0.00000
    -45.345         0.00000
    -45.195         0.00000
    -45.045         0.00000
    -44.895         0.00000
    -44.745         0.00000
    -44.595         0.00000
    -44.445         0.00000
    -44.295         0.00000
    -44.145         0.00000
    -43.995         0.00000
    -43.845         0.00000
    -43.695         0.00000
    -43.545         0.00000
    -43.395         0.00000
    -43.245         0.00000
    -43.095         0.00000
    -42.945         0.00000
    -42.795         0.00000
    -42.645         0.00000
    -42.495         0.00000
    -42.345         0.00000
    -42.195         0.00000
    -42.045         0.00000
    -41.895         0.00000
    -41.745         0.00000
    -41.595         0.00000
    -41.445         0.00000
    -41.295         0.00000
    -41.145         0.00000
    -40.995         0.00000
    -40.845         0.00000
    -40.695         0.00000
    -40.545         0.00000
    -40.395         0.00000
    -40.245         0.00000
    -40.095         0.00000
    -39.945         0.00000
    -39.795         0.00000
    -39.645         0.00000
    -39.495         0.00000
    -39.345         0.00000
    -39.195         0.00000
    -39.045         0.00000
    -38.895         0.00000
    -38.745         0.00000
    -38.595         0.00000
    -38.445         0.00000
    -38.295         0.00000
    -38.145         0.00000
    -37.995         0.00000
    -37.845         0.00000
    -37.695         0.00000
    -37.545         0.00000
    -37.395         0.00000
    -37.245         0.00000
    -37.095         0.00000
    -36.945         0.00000
    -36.795         0.00000
    -36.645         0.00000
    -36.495         0.00000
    -36.345         0.00000
    -36.195         0.00000
    -36.045         0.00000
    -35.895         0.00000
    -35.745         0.00000
    -35.595         0.00000
    -35.445         0.00000
    -35.295         0.00000
    -35.145         0.00000
    -34.995         0.00000
    -34.845         0.00000
    -34.695         0.00000
    -34.545         0.00000
    -34.395         0.00000
    -34.245         0.00000
    -34.095         0.00000
    -33.945         0.00000
    -33.795         0.00000
    -33.645         0.00000
    -33.495         0.00000
    -33.345         0.00000
    -33.195         0.00000
    -33.045         0.00000
    -32.895         0.00000
    -32.745         0.00000
    -32.595         0.00000
    -32.445         0.00000
    -32.295         0.00000
    -32.145         0.00000
    -31.995         0.00000
    -31.845         0.00000
    -31.695         0.00000
    -31.545         0.00000
    -31.395         0.00000
    -31.245         0.00000
    -31.095         0.00000
    -30.945         0.00000
    -30.795         0.00000
    -30.645         0.00000
    -30.495         0.00000
    -30.345         0.00000
    -30.195         0.00000
    -30.045         0.00000
    -29.895         0.00000
    -29.745         0.00000
    -29.595         0.00000
    -29.445         0.00000
    -29.295         0.00000
    -29.145         0.00000
    -28.995         0.00000
    -28.845         0.00000
    -28.695         0.00000
    -28.545         0.00000
    -28.395         0.00000
    -28.245         0.00000
    -28.095         0.00000
    -27.945         0.00000
    -27.795         0.00000
    -27.645         0.00000
    -27.495         0.00000
    -27.345         0.00000
    -27.195         0.00000
    -27.045         0.00000
    -26.895         0.00000
    -26.745         0.00000
    -26.595         0.00000
    -26.445         0.00000
    -26.295         0.00000
    -26.145         0.00000
    -25.995         0.00000
    -25.845         0.00000
    -25.695         0.00000
    -25.545         0.00000
    -25.395         0.00000
    -25.245         0.00000
    -25.095         0.00000
    -24.945         0.00000
    -24.795         0.00000
    -24.645         0.00000
    -24.495         0.00000
    -24.345         0.00000
    -24.195         0.00000
    -24.045         0.00000
    -23.895         0.00000
    -23.745         0.00000
    -23.595         0.00000
    -23.445         0.00000
    -23.295         0.00000
    -23.145         0.00000
    -22.995         0.00000
    -22.845         0.00000
    -22.695         0.00000
    -22.545         0.00000
    -22.395         0.00000
    -22.245         0.00000
    -22.095         0.00000
    -21.945         0.00000
    -21.795         0.00000
    -21.645         0.00000
    -21.495         0.00000
    -21.345         0.00000
    -21.195         0.00000
    -21.045         0.00000
    -20.895         0.00000
    -20.745         0.00000
    -20.595         0.00000
    -20.445         0.00000
    -20.295         0.00000
    -20.145         0.00000
    -19.995         0.00000
    -19.845         0.00000
    -19.695         0.00000
    -19.545         0.00000
    -19.395         0.00000
    -19.245         0.00000
    -19.095         0.00000
    -18.945         0.00000
    -18.795         0.00000
    -18.645         0.00000
    -18.495         0.00000
    -18.345         0.00000
    -18.195         0.00000
    -18.045         0.00000
    -17.895         0.00000
    -17.745         0.00000
    -17.595         0.00000
    -17.445         0.00000
    -17.295         0.00000
    -17.145         0.00000
    -16.995         0.00000
    -16.845         0.00000
    -16.695         0.00000
    -16.545         0.00000
    -16.395         0.00000
    -16.245         0.00000
    -16.095         0.00000
    -15.945         0.00000
    -15.795         0.00000
    -15.645         0.00000
    -15.495         0.00000
    -15.345         0.00000
    -15.195         0.00000
    -15.045         0.00000
    -14.895         0.00000
    -14.745         0.00000
    -14.595         0.00000
    -14.445         0.00000
    -14.295         0.00000
    -14.145         0.00000
    -13.995         0.00000
    -13.845         0.00000
    -13.695         0.00000
    -13.545         0.00000
    -13.395         0.00000
    -13.245         0.00000
    -13.095         0.00000
    -12.945         0.00000
    -12.795         0.00000
    -12.645         0.00000
    -12.495         0.00000
    -12.345         0.00000
    -12.195         0.00000
    -12.045         0.00000
    -11.895         0.00000
    -11.745         0.00000
    -11.595         0.00000
    -11.445         0.00000
    -11.295         0.00000
    -11.145         0.00000
    -10.995         0.00000
    -10.845         0.00000
    -10.695         0.00000
    -10.545         0.00000
    -10.395         0.00000
    -10.245         0.00000
    -10.095         0.00000
    -9.9450         0.00000
    -9.7950         0.00000
    -9.6450         0.00000
    -9.4950         0.00000
    -9.3450         0.00000
    -9.1950         0.00000
    -9.0450         0.00000
    -8.8950         0.00000
    -8.7450         0.00000
    -8.5950         0.00000
    -8.4450         0.00000
    -8.2950         0.00000
    -8.1450         0.00000
    -7.9950         0.00000
    -7.8450         0.00000
    -7.6950         0.00000
    -7.5450         0.00000
    -7.3950         0.00000
    -7.2450         0.00000
    -7.0950         0.00000
    -6.9450         0.00000
    -6.7950         0.00000
    -6.6450         0.00000
    -6.4950         0.00000
    -6.3450         0.00000
    -6.1950         0.00000
    -6.0450         0.00000
    -5.8950         0.00000
    -5.7450         0.00000
    -5.5950         0.00000
    -5.4450         0.00000
    -5.2950         0.00000
    -5.1450         0.00000
    -4.9950         0.00000
    -4.8450         0.00000
    -4.6950         0.00000
    -4.5450         0.00000
    -4.3950         0.00000
    -4.2450         0.00000
    -4.0950         0.00000
    -3.9450         0.00000
    -3.7950         0.00000
    -3.6450         0.00000
    -3.4950         0.00000
    -3.3450         0.00000
    -3.1950         0.00000
    -3.0450         0.00000
    -2.8950         0.00000
    -2.7450         0.00000
    -2.5950         0.00000
    -2.4450         0.00000
    -2.2950         0.00000
    -2.1450         0.00000
    -1.9950         0.00000
    -1.8450         0.00000
    -1.6950         0.00000
    -1.5450         0.00000
    -1.3950         0.00000
    -1.2450         0.00000
    -1.0950         0.00000
   -0.94500         0.00001
   -0.79500        -0.00068
   -0.64500        -0.02779
   -0.49500        -0.38407
   -0.34500        -2.23804
   -0.22700        -2.91689
   -0.21300        -2.98818
   -0.20700        -3.05885
   -0.20100        -3.12822
   -0.19500        -3.19653
   -0.18900        -3.26294
   -0.18300        -3.32753
   -0.17700        -3.39087
   -0.17100        -3.45290
   -0.16500        -3.51459
   -0.15900        -3.57521
   -0.15300        -3.63580
   -0.14700        -3.69574
   -0.14100        -3.75512
   -0.13500        -3.81471
   -0.12900        -3.87433
   -0.12300        -3.93417
   -0.11700        -3.99411
   -0.11100        -4.05439
   -0.10500        -4.11465
   -0.99000E-01    -4.17606
   -0.93000E-01    -4.23897
   -0.87000E-01    -4.30312
   -0.81000E-01    -4.36897
   -0.75000E-01    -4.43733
   -0.69000E-01    -4.50801
   -0.63000E-01    -4.58244
   -0.57000E-01    -4.66103
   -0.51000E-01    -4.74568
   -0.45000E-01    -4.83898
   -0.39000E-01    -4.94387
   -0.33000E-01    -5.06330
   -0.27000E-01    -5.19916
   -0.21300E-01    -5.30160
   -0.19500E-01    -5.31735
   -0.18900E-01    -5.33333
   -0.18300E-01    -5.34945
   -0.17700E-01    -5.36571
   -0.17100E-01    -5.38231
   -0.16500E-01    -5.39932
   -0.15900E-01    -5.41657
   -0.15300E-01    -5.43397
   -0.14700E-01    -5.45167
   -0.14100E-01    -5.46977
   -0.13500E-01    -5.48823
   -0.12900E-01    -5.50684
   -0.12300E-01    -5.52615
   -0.11700E-01    -5.54576
   -0.11100E-01    -5.56581
   -0.10500E-01    -5.58640
   -0.99000E-02    -5.60763
   -0.93000E-02    -5.62940
   -0.87000E-02    -5.65186
   -0.81000E-02    -5.67508
   -0.75000E-02    -5.69903
   -0.69000E-02    -5.72397
   -0.63000E-02    -5.74997
   -0.57000E-02    -5.77706
   -0.51000E-02    -5.80553
   -0.45000E-02    -5.83512
   -0.39000E-02    -5.86595
   -0.33000E-02    -5.89783
   -0.27000E-02    -5.93011
   -0.21000E-02    -5.96205
   -0.15000E-02    -5.99402
   -0.90000E-03    -6.03562
   -0.30000E-03    -7.49972
    0.30000E-03    -6.03855
    0.90000E-03    -6.01455
    0.15000E-02    -6.00972
    0.21000E-02    -6.00877
    0.27000E-02    -6.00858
    0.33000E-02    -6.00853
    0.39000E-02    -6.00852
    0.45000E-02    -6.00851
    0.51000E-02    -6.00850
    0.57000E-02    -6.00849
    0.63000E-02    -6.00848
    0.69000E-02    -6.00847
    0.75000E-02    -6.00846
    0.81000E-02    -6.00844
    0.87000E-02    -6.00843
    0.93000E-02    -6.00842
    0.99000E-02    -6.00840
    0.10500E-01    -6.00839
    0.11100E-01    -6.00837
    0.11700E-01    -6.00835
    0.12300E-01    -6.00833
    0.12900E-01    -6.00831
    0.13500E-01    -6.00829
    0.14100E-01    -6.00826
    0.14700E-01    -6.00824
    0.15300E-01    -6.00822
    0.15900E-01    -6.00819
    0.16500E-01    -6.00817
    0.17100E-01    -6.00814
    0.17700E-01    -6.00811
    0.18300E-01    -6.00809
    0.18900E-01    -6.00806
    0.19500E-01    -6.00804
    0.21300E-01    -6.00782
    0.27000E-01    -6.00739
    0.33000E-01    -6.00691
    0.39000E-01    -6.00632
    0.45000E-01    -6.00566
    0.51000E-01    -6.00492
    0.57000E-01    -6.00415
    0.63000E-01    -6.00329
    0.69000E-01    -6.00235
    0.75000E-01    -6.00131
    0.81000E-01    -6.00028
    0.87000E-01    -5.99921
    0.93000E-01    -5.99802
    0.99000E-01    -5.99676
    0.10500        -5.99544
    0.11100        -5.99410
    0.11700        -5.99281
    0.12300        -5.99143
    0.12900        -5.98999
    0.13500        -5.98848
    0.14100        -5.98690
    0.14700        -5.98530
    0.15300        -5.98381
    0.15900        -5.98217
    0.16500        -5.98055
    0.17100        -5.97875
    0.17700        -5.97704
    0.18300        -5.97534
    0.18900        -5.97360
    0.19500        -5.97177
    0.20100        -5.96983
    0.20700        -5.96785
    0.21300        -5.96605
    0.22700        -5.94895
    0.34500        -5.88971
    0.49500        -5.82732
    0.64500        -5.76462
    0.79500        -5.70128
    0.94500        -5.63732
     1.0950        -5.57506
     1.2450        -5.51378
     1.3950        -5.45383
     1.5450        -5.39544
     1.6950        -5.33858
     1.8450        -5.28378
     1.9950        -5.23090
     2.1450        -5.17992
     2.2950        -5.13091
     2.4450        -5.08370
     2.5950        -5.03850
     2.7450        -4.99482
     2.8950        -4.95289
     3.0450        -4.91260
     3.1950        -4.87392
     3.3450        -4.83632
     3.4950        -4.80046
     3.6450        -4.76566
     3.7950        -4.73231
     3.9450        -4.69990
     4.0950        -4.66866
     4.2450        -4.63840
     4.3950        -4.60913
     4.5450        -4.58071
     4.6950        -4.55317
     4.8450        -4.52552
     4.9950        -4.49960
     5.1450        -4.47394
     5.2950        -4.44940
     5.4450        -4.42551
     5.5950        -4.40222
     5.7450        -4.37952
     5.8950        -4.35737
     6.0450        -4.33576
     6.1950        -4.31463
     6.3450        -4.29407
     6.4950        -4.27393
     6.6450        -4.25418
     6.7950        -4.23491
     6.9450        -4.21604
     7.0950        -4.19756
     7.2450        -4.17949
     7.3950        -4.16182
     7.5450        -4.14445
     7.6950        -4.12737
     7.8450        -4.11067
     7.9950        -4.09426
     8.1450        -4.07809
     8.2950        -4.06231
     8.4450        -4.04675
     8.5950        -4.03151
     8.7450        -4.01646
     8.8950        -4.00171
     9.0450        -3.98722
     9.1950        -3.97294
     9.3450        -3.95894
     9.4950        -3.94513
     9.6450        -3.93154
     9.7950        -3.91815
     9.9450        -3.90500
     10.095        -3.89200
     10.245        -3.87923
     10.395        -3.86666
     10.545        -3.85422
     10.695        -3.84199
     10.845        -3.82993
     10.995        -3.81802
     11.145        -3.80626
     11.295        -3.79469
     11.445        -3.78330
     11.595        -3.77204
     11.745        -3.76093
     11.895        -3.74998
     12.045        -3.73913
     12.195        -3.72845
     12.345        -3.71782
     12.495        -3.70740
     12.645        -3.69710
     12.795        -3.68690
     12.945        -3.67687
     13.095        -3.66687
     13.245        -3.65705
     13.395        -3.64736
     13.545        -3.63777
     13.695        -3.62827
     13.845        -3.61888
     13.995        -3.60958
     14.145        -3.60042
     14.295        -3.59134
     14.445        -3.58237
     14.595        -3.57348
     14.745        -3.56470
     14.895        -3.55601
     15.045        -3.54742
     15.195        -3.53892
     15.345        -3.53049
     15.495        -3.52215
     15.645        -3.51390
     15.795        -3.50568
     15.945        -3.49760
     16.095        -3.48957
     16.245        -3.48162
     16.395        -3.47373
     16.545        -3.46595
     16.695        -3.45821
     16.845        -3.45060
     16.995        -3.44303
     17.145        -3.43552
     17.295        -3.42806
     17.445        -3.42070
     17.595        -3.41338
     17.745        -3.40617
     17.895        -3.39901
     18.045        -3.39191
     18.195        -3.38485
     18.345        -3.37787
     18.495        -3.37093
     18.645        -3.36405
     18.795        -3.35723
     18.945        -3.35050
     19.095        -3.34379
     19.245        -3.33714
     19.395        -3.33056
     19.545        -3.32404
     19.695        -3.31757
     19.845        -3.31114
     19.995        -3.30475
     20.145        -3.29846
     20.295        -3.29218
     20.445        -3.28596
     20.595        -3.27977
     20.745        -3.27364
     20.895        -3.26757
     21.045        -3.26156
     21.195        -3.25557
     21.345        -3.24963
     21.495        -3.24374
     21.645        -3.23787
     21.795        -3.23206
     21.945        -3.22629
     22.095        -3.22057
     22.245        -3.21488
     22.395        -3.20924
     22.545        -3.20363
     22.695        -3.19807
     22.845        -3.19252
     22.995        -3.18704
     23.145        -3.18160
     23.295        -3.17617
     23.445        -3.17079
     23.595        -3.16545
     23.745        -3.16014
     23.895        -3.15486
     24.045        -3.14964
     24.195        -3.14444
     24.345        -3.13927
     24.495        -3.13410
     24.645        -3.12900
     24.795        -3.12393
     24.945        -3.11888
     25.095        -3.11389
     25.245        -3.10891
     25.395        -3.10397
     25.545        -3.09906
     25.695        -3.09418
     25.845        -3.08934
     25.995        -3.08453
     26.145        -3.07974
     26.295        -3.07498
     26.445        -3.07023
     26.595        -3.06552
     26.745        -3.06084
     26.895        -3.05619
     27.045        -3.05157
     27.195        -3.04699
     27.345        -3.04244
     27.495        -3.03792
     27.645        -3.03340
     27.795        -3.02891
     27.945        -3.02446
     28.095        -3.02005
     28.245        -3.01565
     28.395        -3.01127
     28.545        -3.00691
     28.695        -3.00260
     28.845        -2.99827
     28.995        -2.99400
     29.145        -2.98976
     29.295        -2.98555
     29.445        -2.98133
     29.595        -2.97715
     29.745        -2.97297
     29.895        -2.96881
     30.045        -2.96471
     30.195        -2.96062
     30.345        -2.95654
     30.495        -2.95249
     30.645        -2.94846
     30.795        -2.94444
     30.945        -2.94045
     31.095        -2.93647
     31.245        -2.93251
     31.395        -2.92857
     31.545        -2.92464
     31.695        -2.92075
     31.845        -2.91688
     31.995        -2.91301
     32.145        -2.90919
     32.295        -2.90538
     32.445        -2.90160
     32.595        -2.89784
     32.745        -2.89408
     32.895        -2.89035
     33.045        -2.88664
     33.195        -2.88293
     33.345        -2.87927
     33.495        -2.87560
     33.645        -2.87197
     33.795        -2.86835
     33.945        -2.86474
     34.095        -2.86113
     34.245        -2.85757
     34.395        -2.85401
     34.545        -2.85047
     34.695        -2.84694
     34.845        -2.84343
     34.995        -2.83993
     35.145        -2.83644
     35.295        -2.83298
     35.445        -2.82950
     35.595        -2.82609
     35.745        -2.82264
     35.895        -2.81925
     36.045        -2.81585
     36.195        -2.81248
     36.345        -2.80912
     36.495        -2.80578
     36.645        -2.80246
     36.795        -2.79913
     36.945        -2.79585
     37.095        -2.79257
     37.245        -2.78931
     37.395        -2.78605
     37.545        -2.78281
     37.695        -2.77959
     37.845        -2.77640
     37.995        -2.77319
     38.145        -2.76998
     38.295        -2.76683
     38.445        -2.76367
     38.595        -2.76053
     38.745        -2.75740
     38.895        -2.75429
     39.045        -2.75119
     39.195        -2.74810
     39.345        -2.74503
     39.495        -2.74198
     39.645        -2.73893
     39.795        -2.73590
     39.945        -2.73287
     40.095        -2.72987
     40.245        -2.72687
     40.395        -2.72388
     40.545        -2.72090
     40.695        -2.71794
     40.845        -2.71497
     40.995        -2.71205
     41.145        -2.70911
     41.295        -2.70620
     41.445        -2.70329
     41.595        -2.70040
     41.745        -2.69751
     41.895        -2.69464
     42.045        -2.69179
     42.195        -2.68894
     42.345        -2.68610
     42.495        -2.68327
     42.645        -2.68045
     42.795        -2.67766
     42.945        -2.67487
     43.095        -2.67208
     43.245        -2.66931
     43.395        -2.66655
     43.545        -2.66379
     43.695        -2.66104
     43.845        -2.65830
     43.995        -2.65558
     44.145        -2.65286
     44.295        -2.65015
     44.445        -2.64744
     44.595        -2.64475
     44.745        -2.64209
     44.895        -2.63942
     45.045        -2.63676
     45.195        -2.63411
     45.345        -2.63148
     45.495        -2.62883
     45.645        -2.62621
     45.795        -2.62360
     45.945        -2.62100
     46.095        -2.61842
     46.245        -2.61585
     46.395        -2.61328
     46.545        -2.61071
     46.695        -2.60816
     46.845        -2.60561
     46.995        -2.60308
     47.145        -2.60056
     47.295        -2.59805
     47.445        -2.59555
     47.595        -2.59306
     47.745        -2.59057
     47.895        -2.58809
     48.045        -2.58562
     48.195        -2.58317
     48.345        -2.58072
     48.495        -2.57827
     48.645        -2.57583
     48.795        -2.57341
     48.945        -2.57100
     49.095        -2.56857
     49.245        -2.56616
     49.395        -2.56375
     49.545        -2.56135
     49.695        -2.55896
     49.845        -2.55658
     49.995        -2.55421
     50.145        -2.55185
     50.295        -2.54953
     50.445        -2.54717
     50.595        -2.54483
     50.745        -2.54251
     50.895        -2.54020
     51.045        -2.53790
     51.195        -2.53560
     51.345        -2.53331
     51.495        -2.53101
     51.645        -2.52874
     51.795        -2.52646
     51.945        -2.52419
     52.095        -2.52192
     52.245        -2.51967
     52.395        -2.51742
     52.545        -2.51517
     52.695        -2.51294
     52.845        -2.51072
     52.995        -2.50852
     53.145        -2.50631
     53.295        -2.50410
     53.445        -2.50191
     53.595        -2.49971
     53.745        -2.49753
     53.895        -2.49534
     54.045        -2.49319
     54.195        -2.49102
     54.345        -2.48888
     54.495        -2.48672
     54.645        -2.48457
     54.795        -2.48243
     54.945        -2.48029
     55.095        -2.47816
     59.433        -2.31210
     80.646        -2.07106
     111.21        -1.83906
     153.36        -1.61597
     211.49        -1.40195
     291.64        -1.19683
     402.18        -1.00048
     554.60        -0.81258
     764.80        -0.63315
     1054.7        -0.46167
     1454.4        -0.29782
     2005.6        -0.14145
     2765.8         0.00764
     3814.0         0.15001
     5259.5         0.28589
     7252.9         0.41547
     10002.         0.53906
     13793.         0.65687
     19020.         0.76935
     26229.         0.87658
     36170.         0.97884
     49878.         1.07630
     68782.         1.16905
     94851.         1.25726
    0.13080E+06     1.34131
    0.18038E+06     1.42121
    0.24874E+06     1.49716
    0.34301E+06     1.56934
    0.47302E+06     1.63788
    0.65229E+06     1.70306
    0.89952E+06     1.76493
    0.12404E+07     1.82368
    0.17106E+07     1.87947
    0.23589E+07     1.93244
    0.32529E+07     1.98271
    0.44858E+07     2.03037
    0.61860E+07     2.07570
    0.85305E+07     2.11871
    0.11764E+08     2.15956
    0.16222E+08     2.19825
    0.22370E+08     2.23498
    0.30849E+08     2.26987
    0.42541E+08     2.30279
    0.58664E+08     2.33384
    0.80898E+08     2.36303
    0.11156E+09     2.39051
    0.15384E+09     2.41640
    0.21215E+09     2.44080
    0.29255E+09     2.46385
    0.40343E+09     2.48560
    0.55633E+09     2.50614
    0.76719E+09     2.52539
    0.10580E+10     2.54265
    0.14589E+10     2.55842
    0.20119E+10     2.57293
    0.27744E+10     2.58623
    0.38259E+10     2.59853
    0.52760E+10     2.60989
    0.72756E+10     2.62036
    0.10033E+11     2.63005
    0.13836E+11     2.63897
    0.19079E+11     2.64718
    0.26311E+11     2.65480
    0.36283E+11     2.66183
    0.50034E+11     2.66828
    0.68997E+11     2.67427
    0.10000E+12     2.74583
