    -99.945         0.00000     0.00000     0.00000     0.00000
    -99.795         0.00000     0.00000     0.00000     0.00000
    -99.645         0.00000     0.00000     0.00000     0.00000
    -99.495         0.00000     0.00000     0.00000     0.00000
    -99.345         0.00000     0.00000     0.00000     0.00000
    -99.195         0.00000     0.00000     0.00000     0.00000
    -99.045         0.00000     0.00000     0.00000     0.00000
    -98.895         0.00000     0.00000     0.00000     0.00000
    -98.745         0.00000     0.00000     0.00000     0.00000
    -98.595         0.00000     0.00000     0.00000     0.00000
    -98.445         0.00000     0.00000     0.00000     0.00000
    -98.295         0.00000     0.00000     0.00000     0.00000
    -98.145         0.00000     0.00000     0.00000     0.00000
    -97.995         0.00000     0.00000     0.00000     0.00000
    -97.845         0.00000     0.00000     0.00000     0.00000
    -97.695         0.00000     0.00000     0.00000     0.00000
    -97.545         0.00000     0.00000     0.00000     0.00000
    -97.395         0.00000     0.00000     0.00000     0.00000
    -97.245         0.00000     0.00000     0.00000     0.00000
    -97.095         0.00000     0.00000     0.00000     0.00000
    -96.945         0.00000     0.00000     0.00000     0.00000
    -96.795         0.00000     0.00000     0.00000     0.00000
    -96.645         0.00000     0.00000     0.00000     0.00000
    -96.495         0.00000     0.00000     0.00000     0.00000
    -96.345         0.00000     0.00000     0.00000     0.00000
    -96.195         0.00000     0.00000     0.00000     0.00000
    -96.045         0.00000     0.00000     0.00000     0.00000
    -95.895         0.00000     0.00000     0.00000     0.00000
    -95.745         0.00000     0.00000     0.00000     0.00000
    -95.595         0.00000     0.00000     0.00000     0.00000
    -95.445         0.00000     0.00000     0.00000     0.00000
    -95.295         0.00000     0.00000     0.00000     0.00000
    -95.145         0.00000     0.00000     0.00000     0.00000
    -94.995         0.00000     0.00000     0.00000     0.00000
    -94.845         0.00000     0.00000     0.00000     0.00000
    -94.695         0.00000     0.00000     0.00000     0.00000
    -94.545         0.00000     0.00000     0.00000     0.00000
    -94.395         0.00000     0.00000     0.00000     0.00000
    -94.245         0.00000     0.00000     0.00000     0.00000
    -94.095         0.00000     0.00000     0.00000     0.00000
    -93.945         0.00000     0.00000     0.00000     0.00000
    -93.795         0.00000     0.00000     0.00000     0.00000
    -93.645         0.00000     0.00000     0.00000     0.00000
    -93.495         0.00000     0.00000     0.00000     0.00000
    -93.345         0.00000     0.00000     0.00000     0.00000
    -93.195         0.00000     0.00000     0.00000     0.00000
    -93.045         0.00000     0.00000     0.00000     0.00000
    -92.895         0.00000     0.00000     0.00000     0.00000
    -92.745         0.00000     0.00000     0.00000     0.00000
    -92.595         0.00000     0.00000     0.00000     0.00000
    -92.445         0.00000     0.00000     0.00000     0.00000
    -92.295         0.00000     0.00000     0.00000     0.00000
    -92.145         0.00000     0.00000     0.00000     0.00000
    -91.995         0.00000     0.00000     0.00000     0.00000
    -91.845         0.00000     0.00000     0.00000     0.00000
    -91.695         0.00000     0.00000     0.00000     0.00000
    -91.545         0.00000     0.00000     0.00000     0.00000
    -91.395         0.00000     0.00000     0.00000     0.00000
    -91.245         0.00000     0.00000     0.00000     0.00000
    -91.095         0.00000     0.00000     0.00000     0.00000
    -90.945         0.00000     0.00000     0.00000     0.00000
    -90.795         0.00000     0.00000     0.00000     0.00000
    -90.645         0.00000     0.00000     0.00000     0.00000
    -90.495         0.00000     0.00000     0.00000     0.00000
    -90.345         0.00000     0.00000     0.00000     0.00000
    -90.195         0.00000     0.00000     0.00000     0.00000
    -90.045         0.00000     0.00000     0.00000     0.00000
    -89.895         0.00000     0.00000     0.00000     0.00000
    -89.745         0.00000     0.00000     0.00000     0.00000
    -89.595         0.00000     0.00000     0.00000     0.00000
    -89.445         0.00000     0.00000     0.00000     0.00000
    -89.295         0.00000     0.00000     0.00000     0.00000
    -89.145         0.00000     0.00000     0.00000     0.00000
    -88.995         0.00000     0.00000     0.00000     0.00000
    -88.845         0.00000     0.00000     0.00000     0.00000
    -88.695         0.00000     0.00000     0.00000     0.00000
    -88.545         0.00000     0.00000     0.00000     0.00000
    -88.395         0.00000     0.00000     0.00000     0.00000
    -88.245         0.00000     0.00000     0.00000     0.00000
    -88.095         0.00000     0.00000     0.00000     0.00000
    -87.945         0.00000     0.00000     0.00000     0.00000
    -87.795         0.00000     0.00000     0.00000     0.00000
    -87.645         0.00000     0.00000     0.00000     0.00000
    -87.495         0.00000     0.00000     0.00000     0.00000
    -87.345         0.00000     0.00000     0.00000     0.00000
    -87.195         0.00000     0.00000     0.00000     0.00000
    -87.045         0.00000     0.00000     0.00000     0.00000
    -86.895         0.00000     0.00000     0.00000     0.00000
    -86.745         0.00000     0.00000     0.00000     0.00000
    -86.595         0.00000     0.00000     0.00000     0.00000
    -86.445         0.00000     0.00000     0.00000     0.00000
    -86.295         0.00000     0.00000     0.00000     0.00000
    -86.145         0.00000     0.00000     0.00000     0.00000
    -85.995         0.00000     0.00000     0.00000     0.00000
    -85.845         0.00000     0.00000     0.00000     0.00000
    -85.695         0.00000     0.00000     0.00000     0.00000
    -85.545         0.00000     0.00000     0.00000     0.00000
    -85.395         0.00000     0.00000     0.00000     0.00000
    -85.245         0.00000     0.00000     0.00000     0.00000
    -85.095         0.00000     0.00000     0.00000     0.00000
    -84.945         0.00000     0.00000     0.00000     0.00000
    -84.795         0.00000     0.00000     0.00000     0.00000
    -84.645         0.00000     0.00000     0.00000     0.00000
    -84.495         0.00000     0.00000     0.00000     0.00000
    -84.345         0.00000     0.00000     0.00000     0.00000
    -84.195         0.00000     0.00000     0.00000     0.00000
    -84.045         0.00000     0.00000     0.00000     0.00000
    -83.895         0.00000     0.00000     0.00000     0.00000
    -83.745         0.00000     0.00000     0.00000     0.00000
    -83.595         0.00000     0.00000     0.00000     0.00000
    -83.445         0.00000     0.00000     0.00000     0.00000
    -83.295         0.00000     0.00000     0.00000     0.00000
    -83.145         0.00000     0.00000     0.00000     0.00000
    -82.995         0.00000     0.00000     0.00000     0.00000
    -82.845         0.00000     0.00000     0.00000     0.00000
    -82.695         0.00000     0.00000     0.00000     0.00000
    -82.545         0.00000     0.00000     0.00000     0.00000
    -82.395         0.00000     0.00000     0.00000     0.00000
    -82.245         0.00000     0.00000     0.00000     0.00000
    -82.095         0.00000     0.00000     0.00000     0.00000
    -81.945         0.00000     0.00000     0.00000     0.00000
    -81.795         0.00000     0.00000     0.00000     0.00000
    -81.645         0.00000     0.00000     0.00000     0.00000
    -81.495         0.00000     0.00000     0.00000     0.00000
    -81.345         0.00000     0.00000     0.00000     0.00000
    -81.195         0.00000     0.00000     0.00000     0.00000
    -81.045         0.00000     0.00000     0.00000     0.00000
    -80.895         0.00000     0.00000     0.00000     0.00000
    -80.745         0.00000     0.00000     0.00000     0.00000
    -80.595         0.00000     0.00000     0.00000     0.00000
    -80.445         0.00000     0.00000     0.00000     0.00000
    -80.295         0.00000     0.00000     0.00000     0.00000
    -80.145         0.00000     0.00000     0.00000     0.00000
    -79.995         0.00000     0.00000     0.00000     0.00000
    -79.845         0.00000     0.00000     0.00000     0.00000
    -79.695         0.00000     0.00000     0.00000     0.00000
    -79.545         0.00000     0.00000     0.00000     0.00000
    -79.395         0.00000     0.00000     0.00000     0.00000
    -79.245         0.00000     0.00000     0.00000     0.00000
    -79.095         0.00000     0.00000     0.00000     0.00000
    -78.945         0.00000     0.00000     0.00000     0.00000
    -78.795         0.00000     0.00000     0.00000     0.00000
    -78.645         0.00000     0.00000     0.00000     0.00000
    -78.495         0.00000     0.00000     0.00000     0.00000
    -78.345         0.00000     0.00000     0.00000     0.00000
    -78.195         0.00000     0.00000     0.00000     0.00000
    -78.045         0.00000     0.00000     0.00000     0.00000
    -77.895         0.00000     0.00000     0.00000     0.00000
    -77.745         0.00000     0.00000     0.00000     0.00000
    -77.595         0.00000     0.00000     0.00000     0.00000
    -77.445         0.00000     0.00000     0.00000     0.00000
    -77.295         0.00000     0.00000     0.00000     0.00000
    -77.145         0.00000     0.00000     0.00000     0.00000
    -76.995         0.00000     0.00000     0.00000     0.00000
    -76.845         0.00000     0.00000     0.00000     0.00000
    -76.695         0.00000     0.00000     0.00000     0.00000
    -76.545         0.00000     0.00000     0.00000     0.00000
    -76.395         0.00000     0.00000     0.00000     0.00000
    -76.245         0.00000     0.00000     0.00000     0.00000
    -76.095         0.00000     0.00000     0.00000     0.00000
    -75.945         0.00000     0.00000     0.00000     0.00000
    -75.795         0.00000     0.00000     0.00000     0.00000
    -75.645         0.00000     0.00000     0.00000     0.00000
    -75.495         0.00000     0.00000     0.00000     0.00000
    -75.345         0.00000     0.00000     0.00000     0.00000
    -75.195         0.00000     0.00000     0.00000     0.00000
    -75.045         0.00000     0.00000     0.00000     0.00000
    -74.895         0.00000     0.00000     0.00000     0.00000
    -74.745         0.00000     0.00000     0.00000     0.00000
    -74.595         0.00000     0.00000     0.00000     0.00000
    -74.445         0.00000     0.00000     0.00000     0.00000
    -74.295         0.00000     0.00000     0.00000     0.00000
    -74.145         0.00000     0.00000     0.00000     0.00000
    -73.995         0.00000     0.00000     0.00000     0.00000
    -73.845         0.00000     0.00000     0.00000     0.00000
    -73.695         0.00000     0.00000     0.00000     0.00000
    -73.545         0.00000     0.00000     0.00000     0.00000
    -73.395         0.00000     0.00000     0.00000     0.00000
    -73.245         0.00000     0.00000     0.00000     0.00000
    -73.095         0.00000     0.00000     0.00000     0.00000
    -72.945         0.00000     0.00000     0.00000     0.00000
    -72.795         0.00000     0.00000     0.00000     0.00000
    -72.645         0.00000     0.00000     0.00000     0.00000
    -72.495         0.00000     0.00000     0.00000     0.00000
    -72.345         0.00000     0.00000     0.00000     0.00000
    -72.195         0.00000     0.00000     0.00000     0.00000
    -72.045         0.00000     0.00000     0.00000     0.00000
    -71.895         0.00000     0.00000     0.00000     0.00000
    -71.745         0.00000     0.00000     0.00000     0.00000
    -71.595         0.00000     0.00000     0.00000     0.00000
    -71.445         0.00000     0.00000     0.00000     0.00000
    -71.295         0.00000     0.00000     0.00000     0.00000
    -71.145         0.00000     0.00000     0.00000     0.00000
    -70.995         0.00000     0.00000     0.00000     0.00000
    -70.845         0.00000     0.00000     0.00000     0.00000
    -70.695         0.00000     0.00000     0.00000     0.00000
    -70.545         0.00000     0.00000     0.00000     0.00000
    -70.395         0.00000     0.00000     0.00000     0.00000
    -70.245         0.00000     0.00000     0.00000     0.00000
    -70.095         0.00000     0.00000     0.00000     0.00000
    -69.945         0.00000     0.00000     0.00000     0.00000
    -69.795         0.00000     0.00000     0.00000     0.00000
    -69.645         0.00000     0.00000     0.00000     0.00000
    -69.495         0.00000     0.00000     0.00000     0.00000
    -69.345         0.00000     0.00000     0.00000     0.00000
    -69.195         0.00000     0.00000     0.00000     0.00000
    -69.045         0.00000     0.00000     0.00000     0.00000
    -68.895         0.00000     0.00000     0.00000     0.00000
    -68.745         0.00000     0.00000     0.00000     0.00000
    -68.595         0.00000     0.00000     0.00000     0.00000
    -68.445         0.00000     0.00000     0.00000     0.00000
    -68.295         0.00000     0.00000     0.00000     0.00000
    -68.145         0.00000     0.00000     0.00000     0.00000
    -67.995         0.00000     0.00000     0.00000     0.00000
    -67.845         0.00000     0.00000     0.00000     0.00000
    -67.695         0.00000     0.00000     0.00000     0.00000
    -67.545         0.00000     0.00000     0.00000     0.00000
    -67.395         0.00000     0.00000     0.00000     0.00000
    -67.245         0.00000     0.00000     0.00000     0.00000
    -67.095         0.00000     0.00000     0.00000     0.00000
    -66.945         0.00000     0.00000     0.00000     0.00000
    -66.795         0.00000     0.00000     0.00000     0.00000
    -66.645         0.00000     0.00000     0.00000     0.00000
    -66.495         0.00000     0.00000     0.00000     0.00000
    -66.345         0.00000     0.00000     0.00000     0.00000
    -66.195         0.00000     0.00000     0.00000     0.00000
    -66.045         0.00000     0.00000     0.00000     0.00000
    -65.895         0.00000     0.00000     0.00000     0.00000
    -65.745         0.00000     0.00000     0.00000     0.00000
    -65.595         0.00000     0.00000     0.00000     0.00000
    -65.445         0.00000     0.00000     0.00000     0.00000
    -65.295         0.00000     0.00000     0.00000     0.00000
    -65.145         0.00000     0.00000     0.00000     0.00000
    -64.995         0.00000     0.00000     0.00000     0.00000
    -64.845         0.00000     0.00000     0.00000     0.00000
    -64.695         0.00000     0.00000     0.00000     0.00000
    -64.545         0.00000     0.00000     0.00000     0.00000
    -64.395         0.00000     0.00000     0.00000     0.00000
    -64.245         0.00000     0.00000     0.00000     0.00000
    -64.095         0.00000     0.00000     0.00000     0.00000
    -63.945         0.00000     0.00000     0.00000     0.00000
    -63.795         0.00000     0.00000     0.00000     0.00000
    -63.645         0.00000     0.00000     0.00000     0.00000
    -63.495         0.00000     0.00000     0.00000     0.00000
    -63.345         0.00000     0.00000     0.00000     0.00000
    -63.195         0.00000     0.00000     0.00000     0.00000
    -63.045         0.00000     0.00000     0.00000     0.00000
    -62.895         0.00000     0.00000     0.00000     0.00000
    -62.745         0.00000     0.00000     0.00000     0.00000
    -62.595         0.00000     0.00000     0.00000     0.00000
    -62.445         0.00000     0.00000     0.00000     0.00000
    -62.295         0.00000     0.00000     0.00000     0.00000
    -62.145         0.00000     0.00000     0.00000     0.00000
    -61.995         0.00000     0.00000     0.00000     0.00000
    -61.845         0.00000     0.00000     0.00000     0.00000
    -61.695         0.00000     0.00000     0.00000     0.00000
    -61.545         0.00000     0.00000     0.00000     0.00000
    -61.395         0.00000     0.00000     0.00000     0.00000
    -61.245         0.00000     0.00000     0.00000     0.00000
    -61.095         0.00000     0.00000     0.00000     0.00000
    -60.945         0.00000     0.00000     0.00000     0.00000
    -60.795         0.00000     0.00000     0.00000     0.00000
    -60.645         0.00000     0.00000     0.00000     0.00000
    -60.495         0.00000     0.00000     0.00000     0.00000
    -60.345         0.00000     0.00000     0.00000     0.00000
    -60.195         0.00000     0.00000     0.00000     0.00000
    -60.045         0.00000     0.00000     0.00000     0.00000
    -59.895         0.00000     0.00000     0.00000     0.00000
    -59.745         0.00000     0.00000     0.00000     0.00000
    -59.595         0.00000     0.00000     0.00000     0.00000
    -59.445         0.00000     0.00000     0.00000     0.00000
    -59.295         0.00000     0.00000     0.00000     0.00000
    -59.145         0.00000     0.00000     0.00000     0.00000
    -58.995         0.00000     0.00000     0.00000     0.00000
    -58.845         0.00000     0.00000     0.00000     0.00000
    -58.695         0.00000     0.00000     0.00000     0.00000
    -58.545         0.00000     0.00000     0.00000     0.00000
    -58.395         0.00000     0.00000     0.00000     0.00000
    -58.245         0.00000     0.00000     0.00000     0.00000
    -58.095         0.00000     0.00000     0.00000     0.00000
    -57.945         0.00000     0.00000     0.00000     0.00000
    -57.795         0.00000     0.00000     0.00000     0.00000
    -57.645         0.00000     0.00000     0.00000     0.00000
    -57.495         0.00000     0.00000     0.00000     0.00000
    -57.345         0.00000     0.00000     0.00000     0.00000
    -57.195         0.00000     0.00000     0.00000     0.00000
    -57.045         0.00000     0.00000     0.00000     0.00000
    -56.895         0.00000     0.00000     0.00000     0.00000
    -56.745         0.00000     0.00000     0.00000     0.00000
    -56.595         0.00000     0.00000     0.00000     0.00000
    -56.445         0.00000     0.00000     0.00000     0.00000
    -56.295         0.00000     0.00000     0.00000     0.00000
    -56.145         0.00000     0.00000     0.00000     0.00000
    -55.995         0.00000     0.00000     0.00000     0.00000
    -55.845         0.00000     0.00000     0.00000     0.00000
    -55.695         0.00000     0.00000     0.00000     0.00000
    -55.545         0.00000     0.00000     0.00000     0.00000
    -55.395         0.00000     0.00000     0.00000     0.00000
    -55.245         0.00000     0.00000     0.00000     0.00000
    -55.095         0.00000     0.00000     0.00000     0.00000
    -54.945         0.00000     0.00000     0.00000     0.00000
    -54.795         0.00000     0.00000     0.00000     0.00000
    -54.645         0.00000     0.00000     0.00000     0.00000
    -54.495         0.00000     0.00000     0.00000     0.00000
    -54.345         0.00000     0.00000     0.00000     0.00000
    -54.195         0.00000     0.00000     0.00000     0.00000
    -54.045         0.00000     0.00000     0.00000     0.00000
    -53.895         0.00000     0.00000     0.00000     0.00000
    -53.745         0.00000     0.00000     0.00000     0.00000
    -53.595         0.00000     0.00000     0.00000     0.00000
    -53.445         0.00000     0.00000     0.00000     0.00000
    -53.295         0.00000     0.00000     0.00000     0.00000
    -53.145         0.00000     0.00000     0.00000     0.00000
    -52.995         0.00000     0.00000     0.00000     0.00000
    -52.845         0.00000     0.00000     0.00000     0.00000
    -52.695         0.00000     0.00000     0.00000     0.00000
    -52.545         0.00000     0.00000     0.00000     0.00000
    -52.395         0.00000     0.00000     0.00000     0.00000
    -52.245         0.00000     0.00000     0.00000     0.00000
    -52.095         0.00000     0.00000     0.00000     0.00000
    -51.945         0.00000     0.00000     0.00000     0.00000
    -51.795         0.00000     0.00000     0.00000     0.00000
    -51.645         0.00000     0.00000     0.00000     0.00000
    -51.495         0.00000     0.00000     0.00000     0.00000
    -51.345         0.00000     0.00000     0.00000     0.00000
    -51.195         0.00000     0.00000     0.00000     0.00000
    -51.045         0.00000     0.00000     0.00000     0.00000
    -50.895         0.00000     0.00000     0.00000     0.00000
    -50.745         0.00000     0.00000     0.00000     0.00000
    -50.595         0.00000     0.00000     0.00000     0.00000
    -50.445         0.00000     0.00000     0.00000     0.00000
    -50.295         0.00000     0.00000     0.00000     0.00000
    -50.145         0.00000     0.00000     0.00000     0.00000
    -49.995         0.00000     0.00000     0.00000     0.00000
    -49.845         0.00000     0.00000     0.00000     0.00000
    -49.695         0.00000     0.00000     0.00000     0.00000
    -49.545         0.00000     0.00000     0.00000     0.00000
    -49.395         0.00000     0.00000     0.00000     0.00000
    -49.245         0.00000     0.00000     0.00000     0.00000
    -49.095         0.00000     0.00000     0.00000     0.00000
    -48.945         0.00000     0.00000     0.00000     0.00000
    -48.795         0.00000     0.00000     0.00000     0.00000
    -48.645         0.00000     0.00000     0.00000     0.00000
    -48.495         0.00000     0.00000     0.00000     0.00000
    -48.345         0.00000     0.00000     0.00000     0.00000
    -48.195         0.00000     0.00000     0.00000     0.00000
    -48.045         0.00000     0.00000     0.00000     0.00000
    -47.895         0.00000     0.00000     0.00000     0.00000
    -47.745         0.00000     0.00000     0.00000     0.00000
    -47.595         0.00000     0.00000     0.00000     0.00000
    -47.445         0.00000     0.00000     0.00000     0.00000
    -47.295         0.00000     0.00000     0.00000     0.00000
    -47.145         0.00000     0.00000     0.00000     0.00000
    -46.995         0.00000     0.00000     0.00000     0.00000
    -46.845         0.00000     0.00000     0.00000     0.00000
    -46.695         0.00000     0.00000     0.00000     0.00000
    -46.545         0.00000     0.00000     0.00000     0.00000
    -46.395         0.00000     0.00000     0.00000     0.00000
    -46.245         0.00000     0.00000     0.00000     0.00000
    -46.095         0.00000     0.00000     0.00000     0.00000
    -45.945         0.00000     0.00000     0.00000     0.00000
    -45.795         0.00000     0.00000     0.00000     0.00000
    -45.645         0.00000     0.00000     0.00000     0.00000
    -45.495         0.00000     0.00000     0.00000     0.00000
    -45.345         0.00000     0.00000     0.00000     0.00000
    -45.195         0.00000     0.00000     0.00000     0.00000
    -45.045         0.00000     0.00000     0.00000     0.00000
    -44.895         0.00000     0.00000     0.00000     0.00000
    -44.745         0.00000     0.00000     0.00000     0.00000
    -44.595         0.00000     0.00000     0.00000     0.00000
    -44.445         0.00000     0.00000     0.00000     0.00000
    -44.295         0.00000     0.00000     0.00000     0.00000
    -44.145         0.00000     0.00000     0.00000     0.00000
    -43.995         0.00000     0.00000     0.00000     0.00000
    -43.845         0.00000     0.00000     0.00000     0.00000
    -43.695         0.00000     0.00000     0.00000     0.00000
    -43.545         0.00000     0.00000     0.00000     0.00000
    -43.395         0.00000     0.00000     0.00000     0.00000
    -43.245         0.00000     0.00000     0.00000     0.00000
    -43.095         0.00000     0.00000     0.00000     0.00000
    -42.945         0.00000     0.00000     0.00000     0.00000
    -42.795         0.00000     0.00000     0.00000     0.00000
    -42.645         0.00000     0.00000     0.00000     0.00000
    -42.495         0.00000     0.00000     0.00000     0.00000
    -42.345         0.00000     0.00000     0.00000     0.00000
    -42.195         0.00000     0.00000     0.00000     0.00000
    -42.045         0.00000     0.00000     0.00000     0.00000
    -41.895         0.00000     0.00000     0.00000     0.00000
    -41.745         0.00000     0.00000     0.00000     0.00000
    -41.595         0.00000     0.00000     0.00000     0.00000
    -41.445         0.00000     0.00000     0.00000     0.00000
    -41.295         0.00000     0.00000     0.00000     0.00000
    -41.145         0.00000     0.00000     0.00000     0.00000
    -40.995         0.00000     0.00000     0.00000     0.00000
    -40.845         0.00000     0.00000     0.00000     0.00000
    -40.695         0.00000     0.00000     0.00000     0.00000
    -40.545         0.00000     0.00000     0.00000     0.00000
    -40.395         0.00000     0.00000     0.00000     0.00000
    -40.245         0.00000     0.00000     0.00000     0.00000
    -40.095         0.00000     0.00000     0.00000     0.00000
    -39.945         0.00000     0.00000     0.00000     0.00000
    -39.795         0.00000     0.00000     0.00000     0.00000
    -39.645         0.00000     0.00000     0.00000     0.00000
    -39.495         0.00000     0.00000     0.00000     0.00000
    -39.345         0.00000     0.00000     0.00000     0.00000
    -39.195         0.00000     0.00000     0.00000     0.00000
    -39.045         0.00000     0.00000     0.00000     0.00000
    -38.895         0.00000     0.00000     0.00000     0.00000
    -38.745         0.00000     0.00000     0.00000     0.00000
    -38.595         0.00000     0.00000     0.00000     0.00000
    -38.445         0.00000     0.00000     0.00000     0.00000
    -38.295         0.00000     0.00000     0.00000     0.00000
    -38.145         0.00000     0.00000     0.00000     0.00000
    -37.995         0.00000     0.00000     0.00000     0.00000
    -37.845         0.00000     0.00000     0.00000     0.00000
    -37.695         0.00000     0.00000     0.00000     0.00000
    -37.545         0.00000     0.00000     0.00000     0.00000
    -37.395         0.00000     0.00000     0.00000     0.00000
    -37.245         0.00000     0.00000     0.00000     0.00000
    -37.095         0.00000     0.00000     0.00000     0.00000
    -36.945         0.00000     0.00000     0.00000     0.00000
    -36.795         0.00000     0.00000     0.00000     0.00000
    -36.645         0.00000     0.00000     0.00000     0.00000
    -36.495         0.00000     0.00000     0.00000     0.00000
    -36.345         0.00000     0.00000     0.00000     0.00000
    -36.195         0.00000     0.00000     0.00000     0.00000
    -36.045         0.00000     0.00000     0.00000     0.00000
    -35.895         0.00000     0.00000     0.00000     0.00000
    -35.745         0.00000     0.00000     0.00000     0.00000
    -35.595         0.00000     0.00000     0.00000     0.00000
    -35.445         0.00000     0.00000     0.00000     0.00000
    -35.295         0.00000     0.00000     0.00000     0.00000
    -35.145         0.00000     0.00000     0.00000     0.00000
    -34.995         0.00000     0.00000     0.00000     0.00000
    -34.845         0.00000     0.00000     0.00000     0.00000
    -34.695         0.00000     0.00000     0.00000     0.00000
    -34.545         0.00000     0.00000     0.00000     0.00000
    -34.395         0.00000     0.00000     0.00000     0.00000
    -34.245         0.00000     0.00000     0.00000     0.00000
    -34.095         0.00000     0.00000     0.00000     0.00000
    -33.945         0.00000     0.00000     0.00000     0.00000
    -33.795         0.00000     0.00000     0.00000     0.00000
    -33.645         0.00000     0.00000     0.00000     0.00000
    -33.495         0.00000     0.00000     0.00000     0.00000
    -33.345         0.00000     0.00000     0.00000     0.00000
    -33.195         0.00000     0.00000     0.00000     0.00000
    -33.045         0.00000     0.00000     0.00000     0.00000
    -32.895         0.00000     0.00000     0.00000     0.00000
    -32.745         0.00000     0.00000     0.00000     0.00000
    -32.595         0.00000     0.00000     0.00000     0.00000
    -32.445         0.00000     0.00000     0.00000     0.00000
    -32.295         0.00000     0.00000     0.00000     0.00000
    -32.145         0.00000     0.00000     0.00000     0.00000
    -31.995         0.00000     0.00000     0.00000     0.00000
    -31.845         0.00000     0.00000     0.00000     0.00000
    -31.695         0.00000     0.00000     0.00000     0.00000
    -31.545         0.00000     0.00000     0.00000     0.00000
    -31.395         0.00000     0.00000     0.00000     0.00000
    -31.245         0.00000     0.00000     0.00000     0.00000
    -31.095         0.00000     0.00000     0.00000     0.00000
    -30.945         0.00000     0.00000     0.00000     0.00000
    -30.795         0.00000     0.00000     0.00000     0.00000
    -30.645         0.00000     0.00000     0.00000     0.00000
    -30.495         0.00000     0.00000     0.00000     0.00000
    -30.345         0.00000     0.00000     0.00000     0.00000
    -30.195         0.00000     0.00000     0.00000     0.00000
    -30.045         0.00000     0.00000     0.00000     0.00000
    -29.895         0.00000     0.00000     0.00000     0.00000
    -29.745         0.00000     0.00000     0.00000     0.00000
    -29.595         0.00000     0.00000     0.00000     0.00000
    -29.445         0.00000     0.00000     0.00000     0.00000
    -29.295         0.00000     0.00000     0.00000     0.00000
    -29.145         0.00000     0.00000     0.00000     0.00000
    -28.995         0.00000     0.00000     0.00000     0.00000
    -28.845         0.00000     0.00000     0.00000     0.00000
    -28.695         0.00000     0.00000     0.00000     0.00000
    -28.545         0.00000     0.00000     0.00000     0.00000
    -28.395         0.00000     0.00000     0.00000     0.00000
    -28.245         0.00000     0.00000     0.00000     0.00000
    -28.095         0.00000     0.00000     0.00000     0.00000
    -27.945         0.00000     0.00000     0.00000     0.00000
    -27.795         0.00000     0.00000     0.00000     0.00000
    -27.645         0.00000     0.00000     0.00000     0.00000
    -27.495         0.00000     0.00000     0.00000     0.00000
    -27.345         0.00000     0.00000     0.00000     0.00000
    -27.195         0.00000     0.00000     0.00000     0.00000
    -27.045         0.00000     0.00000     0.00000     0.00000
    -26.895         0.00000     0.00000     0.00000     0.00000
    -26.745         0.00000     0.00000     0.00000     0.00000
    -26.595         0.00000     0.00000     0.00000     0.00000
    -26.445         0.00000     0.00000     0.00000     0.00000
    -26.295         0.00000     0.00000     0.00000     0.00000
    -26.145         0.00000     0.00000     0.00000     0.00000
    -25.995         0.00000     0.00000     0.00000     0.00000
    -25.845         0.00000     0.00000     0.00000     0.00000
    -25.695         0.00000     0.00000     0.00000     0.00000
    -25.545         0.00000     0.00000     0.00000     0.00000
    -25.395         0.00000     0.00000     0.00000     0.00000
    -25.245         0.00000     0.00000     0.00000     0.00000
    -25.095         0.00000     0.00000     0.00000     0.00000
    -24.945         0.00000     0.00000     0.00000     0.00000
    -24.795         0.00000     0.00000     0.00000     0.00000
    -24.645         0.00000     0.00000     0.00000     0.00000
    -24.495         0.00000     0.00000     0.00000     0.00000
    -24.345         0.00000     0.00000     0.00000     0.00000
    -24.195         0.00000     0.00000     0.00000     0.00000
    -24.045         0.00000     0.00000     0.00000     0.00000
    -23.895         0.00000     0.00000     0.00000     0.00000
    -23.745         0.00000     0.00000     0.00000     0.00000
    -23.595         0.00000     0.00000     0.00000     0.00000
    -23.445         0.00000     0.00000     0.00000     0.00000
    -23.295         0.00000     0.00000     0.00000     0.00000
    -23.145         0.00000     0.00000     0.00000     0.00000
    -22.995         0.00000     0.00000     0.00000     0.00000
    -22.845         0.00000     0.00000     0.00000     0.00000
    -22.695         0.00000     0.00000     0.00000     0.00000
    -22.545         0.00000     0.00000     0.00000     0.00000
    -22.395         0.00000     0.00000     0.00000     0.00000
    -22.245         0.00000     0.00000     0.00000     0.00000
    -22.095         0.00000     0.00000     0.00000     0.00000
    -21.945         0.00000     0.00000     0.00000     0.00000
    -21.795         0.00000     0.00000     0.00000     0.00000
    -21.645         0.00000     0.00000     0.00000     0.00000
    -21.495         0.00000     0.00000     0.00000     0.00000
    -21.345         0.00000     0.00000     0.00000     0.00000
    -21.195         0.00000     0.00000     0.00000     0.00000
    -21.045         0.00000     0.00000     0.00000     0.00000
    -20.895         0.00000     0.00000     0.00000     0.00000
    -20.745         0.00000     0.00000     0.00000     0.00000
    -20.595         0.00000     0.00000     0.00000     0.00000
    -20.445         0.00000     0.00000     0.00000     0.00000
    -20.295         0.00000     0.00000     0.00000     0.00000
    -20.145         0.00000     0.00000     0.00000     0.00000
    -19.995         0.00000     0.00000     0.00000     0.00000
    -19.845         0.00000     0.00000     0.00000     0.00000
    -19.695         0.00000     0.00000     0.00000     0.00000
    -19.545         0.00000     0.00000     0.00000     0.00000
    -19.395         0.00000     0.00000     0.00000     0.00000
    -19.245         0.00000     0.00000     0.00000     0.00000
    -19.095         0.00000     0.00000     0.00000     0.00000
    -18.945         0.00000     0.00000     0.00000     0.00000
    -18.795         0.00000     0.00000     0.00000     0.00000
    -18.645         0.00000     0.00000     0.00000     0.00000
    -18.495         0.00000     0.00000     0.00000     0.00000
    -18.345         0.00000     0.00000     0.00000     0.00000
    -18.195         0.00000     0.00000     0.00000     0.00000
    -18.045         0.00000     0.00000     0.00000     0.00000
    -17.895         0.00000     0.00000     0.00000     0.00000
    -17.745         0.00000     0.00000     0.00000     0.00000
    -17.595         0.00000     0.00000     0.00000     0.00000
    -17.445         0.00000     0.00000     0.00000     0.00000
    -17.295         0.00000     0.00000     0.00000     0.00000
    -17.145        -0.00000    -0.00000     0.00000     0.00000
    -16.995        -0.00000    -0.00000     0.00000     0.00000
    -16.845        -0.00000    -0.00000     0.00000     0.00000
    -16.695        -0.00072    -0.00072     0.00000     0.00000
    -16.545        -0.00286    -0.00286     0.00000     0.00000
    -16.395        -0.00360    -0.00360     0.00000     0.00000
    -16.245        -0.00437    -0.00437     0.00000     0.00000
    -16.095        -0.00589    -0.00589     0.00000     0.00000
    -15.945        -0.00955    -0.00955     0.00000     0.00000
    -15.795        -0.01677    -0.01677     0.00000     0.00000
    -15.645        -0.02616    -0.02616     0.00000     0.00000
    -15.495        -0.03497    -0.03497     0.00000     0.00000
    -15.345        -0.04454    -0.04454     0.00000     0.00000
    -15.195        -0.06102    -0.06102     0.00000     0.00000
    -15.045        -0.07829    -0.07829     0.00000     0.00000
    -14.895        -0.09889    -0.09889     0.00000     0.00000
    -14.745        -0.11620    -0.11620     0.00000     0.00000
    -14.595        -0.13553    -0.13553     0.00000     0.00000
    -14.445        -0.16580    -0.16580     0.00000     0.00000
    -14.295        -0.19279    -0.19279     0.00000     0.00000
    -14.145        -0.21060    -0.21060     0.00000     0.00000
    -13.995        -0.23409    -0.23409     0.00000     0.00000
    -13.845        -0.25050    -0.25050     0.00000     0.00000
    -13.695        -0.27683    -0.27683     0.00000     0.00000
    -13.545        -0.30361    -0.30361     0.00000     0.00000
    -13.395        -0.32469    -0.32469     0.00000     0.00000
    -13.245        -0.34746    -0.34746     0.00000     0.00000
    -13.095        -0.36400    -0.36400     0.00000     0.00000
    -12.945        -0.38406    -0.38406     0.00000     0.00000
    -12.795        -0.40457    -0.40457     0.00000     0.00000
    -12.645        -0.41545    -0.41545     0.00000     0.00000
    -12.495        -0.43156    -0.43156     0.00000     0.00000
    -12.345        -0.44704    -0.44704     0.00000     0.00000
    -12.195        -0.46296    -0.46296     0.00000     0.00000
    -12.045        -0.47189    -0.47189     0.00000     0.00000
    -11.895        -0.48480    -0.48480     0.00000     0.00000
    -11.745        -0.49651    -0.49651     0.00000     0.00000
    -11.595        -0.51034    -0.51034     0.00000     0.00000
    -11.445        -0.52244    -0.52244     0.00000     0.00000
    -11.295        -0.53173    -0.53173     0.00000     0.00000
    -11.145        -0.54247    -0.54102    -0.00145     0.00000
    -10.995        -0.55487    -0.55238    -0.00249     0.00000
    -10.845        -0.57035    -0.56266    -0.00770     0.00000
    -10.695        -0.58467    -0.57346    -0.01121     0.00000
    -10.545        -0.59668    -0.58051    -0.01617     0.00000
    -10.395        -0.61518    -0.59267    -0.02252     0.00000
    -10.245        -0.63549    -0.60172    -0.03377     0.00000
    -10.095        -0.65354    -0.60981    -0.04373     0.00000
    -9.9450        -0.66842    -0.61689    -0.05152     0.00000
    -9.7950        -0.68893    -0.62446    -0.06448     0.00000
    -9.6450        -0.70790    -0.63345    -0.07444     0.00000
    -9.4950        -0.72759    -0.64195    -0.08564     0.00000
    -9.3450        -0.74438    -0.65134    -0.09304     0.00000
    -9.1950        -0.76393    -0.65939    -0.10454     0.00000
    -9.0450        -0.78438    -0.66919    -0.11519     0.00000
    -8.8950        -0.80665    -0.67810    -0.12854     0.00000
    -8.7450        -0.82070    -0.68483    -0.13588     0.00000
    -8.5950        -0.83799    -0.69157    -0.14641     0.00000
    -8.4450        -0.85681    -0.69920    -0.15760     0.00000
    -8.2950        -0.87332    -0.70726    -0.16607     0.00000
    -8.1450        -0.89095    -0.71493    -0.17602     0.00000
    -7.9950        -0.90823    -0.72267    -0.18556     0.00000
    -7.8450        -0.92474    -0.73080    -0.19395     0.00000
    -7.6950        -0.93967    -0.73588    -0.20378     0.00000
    -7.5450        -0.95182    -0.74295    -0.20887     0.00000
    -7.3950        -0.96597    -0.75085    -0.21512     0.00000
    -7.2450        -0.98007    -0.75808    -0.22176    -0.00023
    -7.0950        -0.99698    -0.76646    -0.22911    -0.00141
    -6.9450        -1.01827    -0.77289    -0.23719    -0.00818
    -6.7950        -1.04924    -0.77982    -0.24658    -0.02284
    -6.6450        -1.10403    -0.78912    -0.25211    -0.06280
    -6.4950        -1.18629    -0.79783    -0.26063    -0.12783
    -6.3450        -1.31295    -0.80826    -0.26954    -0.23514
    -6.1950        -1.46755    -0.81677    -0.27857    -0.37221
    -6.0450        -1.66467    -0.82861    -0.29094    -0.54511
    -5.8950        -1.87622    -0.83801    -0.29962    -0.73859
    -5.7450        -2.11525    -0.84820    -0.30761    -0.95944
    -5.5950        -2.36987    -0.86169    -0.32137    -1.18680
    -5.4450        -2.62924    -0.87474    -0.33450    -1.42000
    -5.2950        -2.89282    -0.88819    -0.34758    -1.65705
    -5.1450        -3.16309    -0.90093    -0.36644    -1.89573
    -4.9950        -3.41497    -0.91412    -0.38255    -2.11830
    -4.8450        -3.66911    -0.93120    -0.39985    -2.33806
    -4.6950        -3.92642    -0.94650    -0.41764    -2.56229
    -4.5450        -4.16601    -0.96245    -0.43801    -2.76555
    -4.3950        -4.40892    -0.98001    -0.46150    -2.96741
    -4.2450        -4.63951    -1.00036    -0.48589    -3.15325
    -4.0950        -4.86244    -1.02028    -0.51018    -3.33199
    -3.9450        -5.07392    -1.03756    -0.53731    -3.49906
    -3.7950        -5.29119    -1.05896    -0.56760    -3.66464
    -3.6450        -5.50152    -1.07951    -0.59793    -3.82408
    -3.4950        -5.71748    -1.10419    -0.63178    -3.98150
    -3.3450        -5.93240    -1.12781    -0.66356    -4.14104
    -3.1950        -6.13888    -1.15344    -0.69943    -4.28602
    -3.0450        -6.35222    -1.18160    -0.73639    -4.43423
    -2.8950        -6.57205    -1.21455    -0.77613    -4.58136
    -2.7450        -6.80086    -1.24769    -0.81894    -4.73423
    -2.5950        -7.04213    -1.28406    -0.86569    -4.89238
    -2.4450        -7.30737    -1.32874    -0.91417    -5.06446
    -2.2950        -7.59658    -1.37972    -0.96861    -5.24825
    -2.1450        -7.90953    -1.43003    -1.02658    -5.45293
    -1.9950        -8.25814    -1.48881    -1.08594    -5.68338
    -1.8450        -8.65430    -1.55146    -1.15974    -5.94309
    -1.6950        -9.10567    -1.62024    -1.23651    -6.24891
    -1.5450        -9.63023    -1.69429    -1.32120    -6.61474
    -1.3950       -10.28284    -1.78688    -1.41940    -7.07656
    -1.2450       -11.08916    -1.89345    -1.53153    -7.66418
    -1.0950       -12.06014    -2.02318    -1.66157    -8.37540
   -0.94500       -13.22815    -2.18480    -1.82081    -9.22253
   -0.79500       -14.67438    -2.39188    -2.03265   -10.24985
   -0.64500       -16.46278    -2.67214    -2.31939   -11.47124
   -0.49500       -18.69376    -3.07443    -2.73349   -12.88584
   -0.34500       -21.92496    -3.74006    -3.42324   -14.76166
   -0.22700       -23.43480    -4.07794    -3.77548   -15.58139
   -0.21300       -23.63885    -4.12360    -3.82442   -15.69083
   -0.20700       -23.84897    -4.17175    -3.87492   -15.80230
   -0.20100       -24.06748    -4.22201    -3.92749   -15.91798
   -0.19500       -24.28986    -4.27340    -3.98243   -16.03403
   -0.18900       -24.51870    -4.32557    -4.03968   -16.15345
   -0.18300       -24.75575    -4.37982    -4.09895   -16.27699
   -0.17700       -25.00157    -4.43658    -4.16041   -16.40458
   -0.17100       -25.25521    -4.49539    -4.22407   -16.53575
   -0.16500       -25.51716    -4.55616    -4.29014   -16.67086
   -0.15900       -25.79105    -4.62068    -4.35851   -16.81185
   -0.15300       -26.07422    -4.68492    -4.43188   -16.95742
   -0.14700       -26.36964    -4.75384    -4.50738   -17.10842
   -0.14100       -26.67290    -4.82425    -4.58478   -17.26387
   -0.13500       -26.99126    -4.89841    -4.66683   -17.42602
   -0.12900       -27.32104    -4.97475    -4.75187   -17.59442
   -0.12300       -27.66740    -5.05528    -4.84137   -17.77076
   -0.11700       -28.02787    -5.13827    -4.93415   -17.95545
   -0.11100       -28.40416    -5.22485    -5.02936   -18.14995
   -0.10500       -28.79811    -5.31489    -5.13057   -18.35265
   -0.99000E-01   -29.21426    -5.41018    -5.23705   -18.56703
   -0.93000E-01   -29.65008    -5.50888    -5.34748   -18.79373
   -0.87000E-01   -30.11216    -5.61202    -5.46516   -19.03499
   -0.81000E-01   -30.60154    -5.72129    -5.58869   -19.29156
   -0.75000E-01   -31.12423    -5.83667    -5.72003   -19.56753
   -0.69000E-01   -31.68205    -5.95824    -5.86010   -19.86371
   -0.63000E-01   -32.28466    -6.08604    -6.01156   -20.18706
   -0.57000E-01   -32.94359    -6.22388    -6.17710   -20.54261
   -0.51000E-01   -33.67463    -6.37342    -6.36366   -20.93756
   -0.45000E-01   -34.49070    -6.53881    -6.56901   -21.38289
   -0.39000E-01   -35.39683    -6.71728    -6.78420   -21.89535
   -0.33000E-01   -36.40303    -6.90018    -7.00041   -22.50245
   -0.27000E-01   -37.52931    -7.07625    -7.20599   -23.24707
   -0.21300E-01   -38.39060    -7.18723    -7.33366   -23.86971
   -0.19500E-01   -38.52558    -7.20264    -7.35090   -23.97204
   -0.18900E-01   -38.66273    -7.21773    -7.36796   -24.07704
   -0.18300E-01   -38.80269    -7.23260    -7.38442   -24.18567
   -0.17700E-01   -38.94571    -7.24725    -7.40055   -24.29792
   -0.17100E-01   -39.09165    -7.26160    -7.41619   -24.41385
   -0.16500E-01   -39.24119    -7.27549    -7.43138   -24.53432
   -0.15900E-01   -39.39465    -7.28915    -7.44614   -24.65935
   -0.15300E-01   -39.55224    -7.30233    -7.46030   -24.78961
   -0.14700E-01   -39.71414    -7.31515    -7.47398   -24.92501
   -0.14100E-01   -39.88086    -7.32751    -7.48729   -25.06607
   -0.13500E-01   -40.05304    -7.33954    -7.49994   -25.21357
   -0.12900E-01   -40.23153    -7.35118    -7.51207   -25.36828
   -0.12300E-01   -40.41650    -7.36228    -7.52381   -25.53042
   -0.11700E-01   -40.60936    -7.37293    -7.53500   -25.70142
   -0.11100E-01   -40.81053    -7.38311    -7.54565   -25.88177
   -0.10500E-01   -41.02087    -7.39275    -7.55580   -26.07231
   -0.99000E-02   -41.24229    -7.40189    -7.56541   -26.27499
   -0.93000E-02   -41.47622    -7.41059    -7.57448   -26.49115
   -0.87000E-02   -41.72466    -7.41873    -7.58288   -26.72305
   -0.81000E-02   -41.99084    -7.42631    -7.59088   -26.97365
   -0.75000E-02   -42.27774    -7.43338    -7.59828   -27.24608
   -0.69000E-02   -42.59146    -7.43996    -7.60502   -27.54648
   -0.63000E-02   -42.93763    -7.44600    -7.61120   -27.88044
   -0.57000E-02   -43.32267    -7.45138    -7.61681   -28.25448
   -0.51000E-02   -43.75403    -7.45621    -7.62183   -28.67599
   -0.45000E-02   -44.24112    -7.46053    -7.62627   -29.15433
   -0.39000E-02   -44.79237    -7.46432    -7.63012   -29.69793
   -0.33000E-02   -45.41930    -7.46754    -7.63334   -30.31841
   -0.27000E-02   -46.13646    -7.47019    -7.63599   -31.03029
   -0.21000E-02   -46.96431    -7.47225    -7.63804   -31.85402
   -0.15000E-02   -47.94425    -7.47372    -7.63950   -32.83103
   -0.90000E-03   -48.94417    -7.47460    -7.64038   -33.82919
   -0.30000E-03   -49.37792    -7.47489    -7.64067   -34.26236
    0.30000E-03   -48.94555    -7.47460    -7.64038   -33.83057
    0.90000E-03   -47.94638    -7.47371    -7.63950   -32.83317
    0.15000E-02   -46.96575    -7.47223    -7.63803   -31.85549
    0.21000E-02   -46.13642    -7.47016    -7.63599   -31.03027
    0.27000E-02   -45.41804    -7.46754    -7.63336   -30.31714
    0.33000E-02   -44.78888    -7.46427    -7.63019   -29.69441
    0.39000E-02   -44.23538    -7.46046    -7.62642   -29.14851
    0.45000E-02   -43.74702    -7.45607    -7.62213   -28.66882
    0.51000E-02   -43.31421    -7.45108    -7.61718   -28.24596
    0.57000E-02   -42.92853    -7.44549    -7.61170   -27.87135
    0.63000E-02   -42.58284    -7.43933    -7.60571   -27.53780
    0.69000E-02   -42.26970    -7.43256    -7.59916   -27.23797
    0.75000E-02   -41.98331    -7.42531    -7.59211   -26.96589
    0.81000E-02   -41.71823    -7.41746    -7.58448   -26.71629
    0.87000E-02   -41.47079    -7.40901    -7.57632   -26.48546
    0.93000E-02   -41.23781    -7.40008    -7.56764   -26.27009
    0.99000E-02   -41.01769    -7.39067    -7.55836   -26.06866
    0.10500E-01   -40.80793    -7.38055    -7.54869   -25.87869
    0.11100E-01   -40.60827    -7.36993    -7.53859   -25.69974
    0.11700E-01   -40.41661    -7.35869    -7.52792   -25.53001
    0.12300E-01   -40.23214    -7.34682    -7.51684   -25.36848
    0.12900E-01   -40.05477    -7.33446    -7.50525   -25.21506
    0.13500E-01   -39.88367    -7.32171    -7.49327   -25.06869
    0.14100E-01   -39.71803    -7.30830    -7.48098   -24.92875
    0.14700E-01   -39.55687    -7.29452    -7.46817   -24.79418
    0.15300E-01   -39.39992    -7.28023    -7.45499   -24.66470
    0.15900E-01   -39.24691    -7.26541    -7.44144   -24.54006
    0.16500E-01   -39.09784    -7.25014    -7.42745   -24.42024
    0.17100E-01   -38.95261    -7.23444    -7.41326   -24.30491
    0.17700E-01   -38.81081    -7.21824    -7.39868   -24.19390
    0.18300E-01   -38.67187    -7.20179    -7.38377   -24.08631
    0.18900E-01   -38.53577    -7.18484    -7.36881   -23.98212
    0.19500E-01   -38.40216    -7.16749    -7.35357   -23.88110
    0.21300E-01   -37.54553    -7.03978    -7.24337   -23.26238
    0.27000E-01   -36.42548    -6.83427    -7.06780   -22.52342
    0.33000E-01   -35.42500    -6.61864    -6.88572   -21.92064
    0.39000E-01   -34.52228    -6.40239    -6.70713   -21.41276
    0.45000E-01   -33.71280    -6.19484    -6.54315   -20.97480
    0.51000E-01   -32.99390    -6.00756    -6.39526   -20.59108
    0.57000E-01   -32.34889    -5.84051    -6.25910   -20.24928
    0.63000E-01   -31.76228    -5.68931    -6.13107   -19.94190
    0.69000E-01   -31.22378    -5.54854    -6.01144   -19.66379
    0.75000E-01   -30.72402    -5.41619    -5.89770   -19.41014
    0.81000E-01   -30.25751    -5.29293    -5.78909   -19.17549
    0.87000E-01   -29.82066    -5.17547    -5.68612   -18.95907
    0.93000E-01   -29.40961    -5.06483    -5.58691   -18.75787
    0.99000E-01   -29.02217    -4.95875    -5.49212   -18.57130
    0.10500       -28.65734    -4.85829    -5.40227   -18.39677
    0.11100       -28.31245    -4.76340    -5.31512   -18.23393
    0.11700       -27.98361    -4.67247    -5.23225   -18.07889
    0.12300       -27.67142    -4.58600    -5.15266   -17.93275
    0.12900       -27.37330    -4.50203    -5.07591   -17.79536
    0.13500       -27.08689    -4.42199    -5.00133   -17.66356
    0.14100       -26.81647    -4.34575    -4.93038   -17.54034
    0.14700       -26.55559    -4.27223    -4.86130   -17.42206
    0.15300       -26.30674    -4.20219    -4.79567   -17.30889
    0.15900       -26.07078    -4.13485    -4.73298   -17.20295
    0.16500       -25.84252    -4.07001    -4.67082   -17.10168
    0.17100       -25.62327    -4.00778    -4.61110   -17.00439
    0.17700       -25.41177    -3.94733    -4.55328   -16.91117
    0.18300       -25.20825    -3.88913    -4.49775   -16.82137
    0.18900       -25.01267    -3.83323    -4.44341   -16.73602
    0.19500       -24.82456    -3.77966    -4.39142   -16.65349
    0.20100       -24.64370    -3.72794    -4.34187   -16.57389
    0.20700       -24.46922    -3.67739    -4.29387   -16.49797
    0.21300       -24.29870    -3.62855    -4.24658   -16.42357
    0.22700       -23.07643    -3.28111    -3.90190   -15.89342
    0.34500       -20.66196    -2.59396    -3.21120   -14.85681
    0.49500       -19.18012    -2.17244    -2.78806   -14.21961
    0.64500       -18.12649    -1.87723    -2.49788   -13.75139
    0.79500       -17.31304    -1.65313    -2.28713   -13.37278
    0.94500       -16.67445    -1.48584    -2.12845   -13.06016
     1.0950       -16.14484    -1.35501    -1.99805   -12.79178
     1.2450       -15.70281    -1.24774    -1.89331   -12.56176
     1.3950       -15.31473    -1.15393    -1.80600   -12.35481
     1.5450       -14.97782    -1.07489    -1.73138   -12.17155
     1.6950       -14.67521    -1.00552    -1.66512   -12.00457
     1.8450       -14.41043    -0.94698    -1.60751   -11.85593
     1.9950       -14.16599    -0.89357    -1.55601   -11.71641
     2.1450       -13.94868    -0.84654    -1.50709   -11.59506
     2.2950       -13.75325    -0.80390    -1.46474   -11.48461
     2.4450       -13.57073    -0.76639    -1.42532   -11.37902
     2.5950       -13.41192    -0.73201    -1.38964   -11.29027
     2.7450       -13.26304    -0.69934    -1.35753   -11.20617
     2.8950       -13.13102    -0.66986    -1.32918   -11.13198
     3.0450       -13.00152    -0.64457    -1.30147   -11.05548
     3.1950       -12.88927    -0.62200    -1.27502   -10.99226
     3.3450       -12.79027    -0.60475    -1.25156   -10.93396
     3.4950       -12.69688    -0.58508    -1.23062   -10.88118
     3.6450       -12.61798    -0.57415    -1.21099   -10.83284
     3.7950       -12.54045    -0.56173    -1.19275   -10.78598
     3.9450       -12.46972    -0.55203    -1.17479   -10.74290
     4.0950       -12.40483    -0.54519    -1.15929   -10.70034
     4.2450       -12.34931    -0.53918    -1.14578   -10.66435
     4.3950       -12.29399    -0.53234    -1.13266   -10.62899
     4.5450       -12.24311    -0.52729    -1.11914   -10.59669
     4.6950       -12.19676    -0.52439    -1.10643   -10.56594
     4.8450       -12.15148    -0.52041    -1.09509   -10.53598
     4.9950       -12.11036    -0.51644    -1.08534   -10.50858
     5.1450       -12.07231    -0.51372    -1.07698   -10.48161
     5.2950       -12.03026    -0.51104    -1.06798   -10.45125
     5.4450       -11.99445    -0.50837    -1.06038   -10.42571
     5.5950       -11.95834    -0.50443    -1.05244   -10.40146
     5.7450       -11.92271    -0.50048    -1.04433   -10.37790
     5.8950       -11.89135    -0.49934    -1.03905   -10.35296
     6.0450       -11.86187    -0.49827    -1.03378   -10.32981
     6.1950       -11.83494    -0.49728    -1.02956   -10.30810
     6.3450       -11.80988    -0.49469    -1.02826   -10.28693
     6.4950       -11.78320    -0.49378    -1.02310   -10.26632
     6.6450       -11.75807    -0.49293    -1.01892   -10.24621
     6.7950       -11.73474    -0.49214    -1.01608   -10.22652
     6.9450       -11.71059    -0.49136    -1.01192   -10.20731
     7.0950       -11.69002    -0.49063    -1.01090   -10.18848
     7.2450       -11.66486    -0.48801    -1.00678   -10.17007
     7.3950       -11.64343    -0.48734    -1.00395   -10.15215
     7.5450       -11.62425    -0.48670    -1.00306   -10.13449
     7.6950       -11.60556    -0.48611    -1.00219   -10.11726
     7.8450       -11.58729    -0.48554    -1.00135   -10.10040
     7.9950       -11.56939    -0.48498    -1.00056   -10.08385
     8.1450       -11.55181    -0.48444    -0.99978   -10.06760
     8.2950       -11.53458    -0.48393    -0.99903   -10.05162
     8.4450       -11.51772    -0.48343    -0.99831   -10.03599
     8.5950       -11.50123    -0.48297    -0.99761   -10.02066
     8.7450       -11.48500    -0.48250    -0.99692   -10.00558
     8.8950       -11.46907    -0.48205    -0.99625    -9.99076
     9.0450       -11.45339    -0.48162    -0.99561    -9.97616
     9.1950       -11.43809    -0.48121    -0.99499    -9.96190
     9.3450       -11.42302    -0.48080    -0.99438    -9.94784
     9.4950       -11.40821    -0.48041    -0.99379    -9.93401
     9.6450       -11.39133    -0.48003    -0.99084    -9.92046
     9.7950       -11.37705    -0.47966    -0.99028    -9.90711
     9.9450       -11.36299    -0.47931    -0.98973    -9.89394
     10.095       -11.34917    -0.47896    -0.98920    -9.88101
     10.245       -11.33558    -0.47862    -0.98867    -9.86828
     10.395       -11.32221    -0.47829    -0.98816    -9.85576
     10.545       -11.30903    -0.47797    -0.98765    -9.84341
     10.695       -11.29602    -0.47766    -0.98716    -9.83120
     10.845       -11.28324    -0.47735    -0.98666    -9.81923
     10.995       -11.27066    -0.47705    -0.98618    -9.80743
     11.145       -11.25822    -0.47676    -0.98572    -9.79574
     11.295       -11.24598    -0.47648    -0.98526    -9.78424
     11.445       -11.23390    -0.47620    -0.98482    -9.77288
     11.595       -11.22200    -0.47593    -0.98437    -9.76170
     11.745       -11.21027    -0.47566    -0.98394    -9.75068
     11.895       -11.19869    -0.47540    -0.98352    -9.73977
     12.045       -11.18730    -0.47514    -0.98310    -9.72906
     12.195       -11.17607    -0.47490    -0.98269    -9.71848
     12.345       -11.16495    -0.47465    -0.98228    -9.70802
     12.495       -11.15396    -0.47441    -0.98188    -9.69767
     12.645       -11.14314    -0.47417    -0.98148    -9.68748
     12.795       -11.13250    -0.47395    -0.98110    -9.67745
     12.945       -11.12195    -0.47372    -0.98072    -9.66751
     13.095       -11.11152    -0.47350    -0.98035    -9.65767
     13.245       -11.10122    -0.47328    -0.97997    -9.64796
     13.395       -11.09104    -0.47307    -0.97961    -9.63836
     13.545       -11.08096    -0.47287    -0.97924    -9.62885
     13.695       -11.07103    -0.47267    -0.97889    -9.61947
     13.845       -11.06121    -0.47246    -0.97854    -9.61021
     13.995       -11.05153    -0.47227    -0.97819    -9.60107
     14.145       -11.04194    -0.47207    -0.97785    -9.59201
     14.295       -11.03246    -0.47188    -0.97751    -9.58307
     14.445       -11.02313    -0.47170    -0.97718    -9.57425
     14.595       -11.01388    -0.47152    -0.97685    -9.56551
     14.745       -11.00471    -0.47133    -0.97653    -9.55685
     14.895       -10.99561    -0.47115    -0.97621    -9.54825
     15.045       -10.98667    -0.47097    -0.97590    -9.53980
     15.195       -10.97778    -0.47079    -0.97559    -9.53139
     15.345       -10.96898    -0.47062    -0.97528    -9.52307
     15.495       -10.96028    -0.47045    -0.97498    -9.51485
     15.645       -10.95166    -0.47028    -0.97467    -9.50670
     15.795       -10.94313    -0.47012    -0.97438    -9.49863
     15.945       -10.93470    -0.46995    -0.97409    -9.49066
     16.095       -10.92635    -0.46979    -0.97379    -9.48276
     16.245       -10.91810    -0.46964    -0.97350    -9.47496
     16.395       -10.90993    -0.46948    -0.97322    -9.46724
     16.545       -10.90182    -0.46933    -0.97294    -9.45956
     16.695       -10.89381    -0.46918    -0.97266    -9.45198
     16.845       -10.88590    -0.46903    -0.97238    -9.44449
     16.995       -10.87802    -0.46888    -0.97210    -9.43704
     17.145       -10.87017    -0.46873    -0.97183    -9.42961
     17.295       -10.86243    -0.46859    -0.97156    -9.42228
     17.445       -10.85479    -0.46845    -0.97130    -9.41504
     17.595       -10.84722    -0.46831    -0.97103    -9.40788
     17.745       -10.83970    -0.46817    -0.97077    -9.40076
     17.895       -10.83225    -0.46803    -0.97051    -9.39371
     18.045       -10.82490    -0.46790    -0.97025    -9.38675
     18.195       -10.81760    -0.46776    -0.97000    -9.37984
     18.345       -10.81033    -0.46763    -0.96975    -9.37296
     18.495       -10.80314    -0.46750    -0.96950    -9.36614
     18.645       -10.79601    -0.46737    -0.96926    -9.35938
     18.795       -10.78893    -0.46724    -0.96901    -9.35268
     18.945       -10.78191    -0.46712    -0.96877    -9.34602
     19.095       -10.77493    -0.46700    -0.96854    -9.33940
     19.245       -10.76806    -0.46687    -0.96830    -9.33288
     19.395       -10.76122    -0.46675    -0.96806    -9.32641
     19.545       -10.75442    -0.46662    -0.96783    -9.31996
     19.695       -10.74770    -0.46651    -0.96761    -9.31358
     19.845       -10.74105    -0.46638    -0.96738    -9.30728
     19.995       -10.73443    -0.46627    -0.96715    -9.30101
     20.145       -10.72786    -0.46615    -0.96694    -9.29477
     20.295       -10.72136    -0.46604    -0.96671    -9.28861
     20.445       -10.71494    -0.46592    -0.96650    -9.28252
     20.595       -10.70851    -0.46581    -0.96627    -9.27643
     20.745       -10.70217    -0.46569    -0.96606    -9.27042
     20.895       -10.69588    -0.46558    -0.96584    -9.26446
     21.045       -10.68960    -0.46547    -0.96563    -9.25850
     21.195       -10.68338    -0.46536    -0.96542    -9.25260
     21.345       -10.67722    -0.46525    -0.96521    -9.24676
     21.495       -10.67111    -0.46515    -0.96500    -9.24097
     21.645       -10.66505    -0.46504    -0.96479    -9.23522
     21.795       -10.65903    -0.46494    -0.96458    -9.22951
     21.945       -10.65302    -0.46483    -0.96437    -9.22381
     22.095       -10.64711    -0.46473    -0.96417    -9.21821
     22.245       -10.64124    -0.46463    -0.96398    -9.21264
     22.395       -10.63538    -0.46452    -0.96378    -9.20707
     22.545       -10.62956    -0.46442    -0.96358    -9.20155
     22.695       -10.62379    -0.46432    -0.96338    -9.19608
     22.845       -10.61806    -0.46422    -0.96319    -9.19065
     22.995       -10.61236    -0.46413    -0.96299    -9.18524
     23.145       -10.60668    -0.46403    -0.96280    -9.17986
     23.295       -10.60108    -0.46393    -0.96261    -9.17454
     23.445       -10.59551    -0.46383    -0.96242    -9.16926
     23.595       -10.58999    -0.46374    -0.96223    -9.16402
     23.745       -10.58449    -0.46364    -0.96204    -9.15880
     23.895       -10.57904    -0.46355    -0.96186    -9.15363
     24.045       -10.57361    -0.46346    -0.96168    -9.14847
     24.195       -10.56823    -0.46337    -0.96150    -9.14337
     24.345       -10.56287    -0.46327    -0.96131    -9.13829
     24.495       -10.55755    -0.46318    -0.96113    -9.13324
     24.645       -10.55227    -0.46309    -0.96095    -9.12823
     24.795       -10.54701    -0.46300    -0.96078    -9.12323
     24.945       -10.54180    -0.46291    -0.96060    -9.11829
     25.095       -10.53664    -0.46283    -0.96042    -9.11339
     25.245       -10.53149    -0.46274    -0.96025    -9.10851
     25.395       -10.52637    -0.46265    -0.96007    -9.10364
     25.545       -10.52127    -0.46257    -0.95990    -9.09880
     25.695       -10.51626    -0.46248    -0.95974    -9.09404
     25.845       -10.51124    -0.46240    -0.95957    -9.08928
     25.995       -10.50625    -0.46231    -0.95939    -9.08455
     26.145       -10.50131    -0.46223    -0.95923    -9.07985
     26.295       -10.49639    -0.46215    -0.95906    -9.07518
     26.445       -10.49152    -0.46207    -0.95890    -9.07055
     26.595       -10.48668    -0.46199    -0.95873    -9.06596
     26.745       -10.48186    -0.46191    -0.95857    -9.06138
     26.895       -10.47705    -0.46183    -0.95841    -9.05682
     27.045       -10.47228    -0.46175    -0.95825    -9.05228
     27.195       -10.46755    -0.46167    -0.95809    -9.04779
     27.345       -10.46283    -0.46159    -0.95793    -9.04331
     27.495       -10.45813    -0.46151    -0.95778    -9.03885
     27.645       -10.45347    -0.46143    -0.95762    -9.03442
     27.795       -10.44884    -0.46136    -0.95746    -9.03002
     27.945       -10.44424    -0.46128    -0.95731    -9.02566
     28.095       -10.43965    -0.46120    -0.95715    -9.02130
     28.245       -10.43509    -0.46112    -0.95700    -9.01697
     28.395       -10.43057    -0.46104    -0.95684    -9.01268
     28.545       -10.42606    -0.46097    -0.95669    -9.00840
     28.695       -10.42158    -0.46090    -0.95654    -9.00414
     28.845       -10.41715    -0.46083    -0.95639    -8.99994
     28.995       -10.41271    -0.46075    -0.95624    -8.99572
     29.145       -10.40833    -0.46068    -0.95609    -8.99156
     29.295       -10.40394    -0.46061    -0.95594    -8.98740
     29.445       -10.39959    -0.46054    -0.95579    -8.98326
     29.595       -10.39526    -0.46047    -0.95565    -8.97915
     29.745       -10.39095    -0.46040    -0.95551    -8.97505
     29.895       -10.38666    -0.46032    -0.95536    -8.97098
     30.045       -10.38240    -0.46025    -0.95521    -8.96693
     30.195       -10.37816    -0.46019    -0.95507    -8.96290
     30.345       -10.37394    -0.46012    -0.95492    -8.95890
     30.495       -10.36973    -0.46005    -0.95478    -8.95490
     30.645       -10.36555    -0.45998    -0.95464    -8.95092
     30.795       -10.36140    -0.45991    -0.95450    -8.94699
     30.945       -10.35726    -0.45984    -0.95436    -8.94306
     31.095       -10.35317    -0.45977    -0.95422    -8.93917
     31.245       -10.34906    -0.45971    -0.95408    -8.93527
     31.395       -10.34501    -0.45964    -0.95395    -8.93142
     31.545       -10.34098    -0.45958    -0.95381    -8.92759
     31.695       -10.33698    -0.45951    -0.95367    -8.92379
     31.845       -10.33298    -0.45945    -0.95353    -8.91999
     31.995       -10.32901    -0.45939    -0.95340    -8.91622
     32.145       -10.32505    -0.45932    -0.95327    -8.91246
     32.295       -10.32108    -0.45925    -0.95314    -8.90869
     32.445       -10.31716    -0.45919    -0.95301    -8.90496
     32.595       -10.31324    -0.45913    -0.95288    -8.90123
     32.745       -10.30935    -0.45906    -0.95274    -8.89754
     32.895       -10.30550    -0.45900    -0.95262    -8.89389
     33.045       -10.30164    -0.45894    -0.95248    -8.89022
     33.195       -10.29782    -0.45888    -0.95236    -8.88658
     33.345       -10.29400    -0.45882    -0.95223    -8.88295
     33.495       -10.29022    -0.45876    -0.95210    -8.87936
     33.645       -10.28647    -0.45870    -0.95197    -8.87580
     33.795       -10.28273    -0.45864    -0.95185    -8.87224
     33.945       -10.27898    -0.45858    -0.95172    -8.86869
     34.095       -10.27527    -0.45852    -0.95160    -8.86516
     34.245       -10.27156    -0.45846    -0.95147    -8.86163
     34.395       -10.26789    -0.45840    -0.95135    -8.85814
     34.545       -10.26423    -0.45834    -0.95122    -8.85467
     34.695       -10.26057    -0.45828    -0.95110    -8.85118
     34.845       -10.25696    -0.45823    -0.95098    -8.84776
     34.995       -10.25333    -0.45817    -0.95085    -8.84431
     35.145       -10.24972    -0.45811    -0.95073    -8.84089
     35.295       -10.24613    -0.45805    -0.95061    -8.83748
     35.445       -10.24258    -0.45799    -0.95049    -8.83410
     35.595       -10.23905    -0.45794    -0.95037    -8.83074
     35.745       -10.23551    -0.45788    -0.95025    -8.82739
     35.895       -10.23200    -0.45782    -0.95013    -8.82405
     36.045       -10.22848    -0.45776    -0.95001    -8.82071
     36.195       -10.22499    -0.45770    -0.94989    -8.81740
     36.345       -10.22151    -0.45765    -0.94977    -8.81409
     36.495       -10.21807    -0.45759    -0.94966    -8.81081
     36.645       -10.21464    -0.45754    -0.94954    -8.80757
     36.795       -10.21123    -0.45748    -0.94943    -8.80433
     36.945       -10.20782    -0.45743    -0.94931    -8.80108
     37.095       -10.20444    -0.45737    -0.94920    -8.79787
     37.245       -10.20107    -0.45732    -0.94908    -8.79467
     37.395       -10.19772    -0.45727    -0.94897    -8.79148
     37.545       -10.19437    -0.45721    -0.94886    -8.78830
     37.695       -10.19104    -0.45716    -0.94875    -8.78513
     37.845       -10.18774    -0.45711    -0.94863    -8.78200
     37.995       -10.18444    -0.45706    -0.94852    -8.77886
     38.145       -10.18117    -0.45700    -0.94841    -8.77575
     38.295       -10.17791    -0.45695    -0.94831    -8.77265
     38.445       -10.17464    -0.45690    -0.94820    -8.76955
     38.595       -10.17139    -0.45685    -0.94809    -8.76646
     38.745       -10.16817    -0.45680    -0.94798    -8.76340
     38.895       -10.16496    -0.45674    -0.94787    -8.76034
     39.045       -10.16175    -0.45669    -0.94777    -8.75729
     39.195       -10.15857    -0.45664    -0.94766    -8.75427
     39.345       -10.15540    -0.45659    -0.94755    -8.75125
     39.495       -10.15223    -0.45654    -0.94744    -8.74825
     39.645       -10.14909    -0.45649    -0.94733    -8.74526
     39.795       -10.14595    -0.45644    -0.94723    -8.74228
     39.945       -10.14284    -0.45639    -0.94712    -8.73933
     40.095       -10.13972    -0.45634    -0.94702    -8.73637
     40.245       -10.13660    -0.45628    -0.94691    -8.73340
     40.395       -10.13349    -0.45624    -0.94681    -8.73045
     40.545       -10.13042    -0.45619    -0.94670    -8.72753
     40.695       -10.12735    -0.45613    -0.94660    -8.72462
     40.845       -10.12430    -0.45608    -0.94649    -8.72172
     40.995       -10.12125    -0.45604    -0.94639    -8.71883
     41.145       -10.11825    -0.45599    -0.94628    -8.71598
     41.295       -10.11524    -0.45594    -0.94618    -8.71312
     41.445       -10.11223    -0.45589    -0.94608    -8.71026
     41.595       -10.10923    -0.45585    -0.94598    -8.70741
     41.745       -10.10625    -0.45580    -0.94588    -8.70457
     41.895       -10.10329    -0.45575    -0.94578    -8.70176
     42.045       -10.10035    -0.45570    -0.94568    -8.69897
     42.195       -10.09740    -0.45565    -0.94558    -8.69617
     42.345       -10.09447    -0.45561    -0.94548    -8.69338
     42.495       -10.09156    -0.45556    -0.94538    -8.69062
     42.645       -10.08865    -0.45551    -0.94528    -8.68786
     42.795       -10.08577    -0.45547    -0.94519    -8.68511
     42.945       -10.08288    -0.45542    -0.94509    -8.68237
     43.095       -10.07999    -0.45538    -0.94499    -8.67962
     43.245       -10.07713    -0.45533    -0.94490    -8.67690
     43.395       -10.07426    -0.45529    -0.94480    -8.67417
     43.545       -10.07140    -0.45524    -0.94471    -8.67145
     43.695       -10.06859    -0.45520    -0.94461    -8.66877
     43.845       -10.06575    -0.45516    -0.94452    -8.66608
     43.995       -10.06293    -0.45511    -0.94442    -8.66340
     44.145       -10.06011    -0.45506    -0.94432    -8.66072
     44.295       -10.05732    -0.45502    -0.94423    -8.65807
     44.445       -10.05452    -0.45498    -0.94414    -8.65541
     44.595       -10.05176    -0.45493    -0.94405    -8.65278
     44.745       -10.04900    -0.45489    -0.94395    -8.65016
     44.895       -10.04624    -0.45485    -0.94386    -8.64754
     45.045       -10.04349    -0.45480    -0.94377    -8.64492
     45.195       -10.04075    -0.45476    -0.94368    -8.64232
     45.345       -10.03803    -0.45471    -0.94358    -8.63973
     45.495       -10.03533    -0.45467    -0.94350    -8.63716
     45.645       -10.03262    -0.45463    -0.94341    -8.63459
     45.795       -10.02993    -0.45459    -0.94332    -8.63202
     45.945       -10.02724    -0.45455    -0.94323    -8.62947
     46.095       -10.02456    -0.45450    -0.94313    -8.62692
     46.245       -10.02190    -0.45446    -0.94304    -8.62440
     46.395       -10.01924    -0.45442    -0.94295    -8.62187
     46.545       -10.01658    -0.45438    -0.94286    -8.61934
     46.695       -10.01394    -0.45434    -0.94277    -8.61683
     46.845       -10.01131    -0.45430    -0.94268    -8.61433
     46.995       -10.00870    -0.45425    -0.94259    -8.61185
     47.145       -10.00608    -0.45421    -0.94250    -8.60936
     47.295       -10.00348    -0.45417    -0.94242    -8.60689
     47.445       -10.00088    -0.45413    -0.94233    -8.60442
     47.595        -9.99831    -0.45409    -0.94224    -8.60198
     47.745        -9.99571    -0.45405    -0.94215    -8.59951
     47.895        -9.99314    -0.45401    -0.94206    -8.59707
     48.045        -9.99059    -0.45397    -0.94198    -8.59464
     48.195        -9.98805    -0.45393    -0.94189    -8.59223
     48.345        -9.98550    -0.45389    -0.94181    -8.58980
     48.495        -9.98297    -0.45385    -0.94172    -8.58740
     48.645        -9.98047    -0.45381    -0.94164    -8.58502
     48.795        -9.97796    -0.45377    -0.94155    -8.58264
     48.945        -9.97548    -0.45373    -0.94147    -8.58028
     49.095        -9.97300    -0.45369    -0.94139    -8.57792
     49.245        -9.97051    -0.45365    -0.94130    -8.57556
     49.395        -9.96804    -0.45361    -0.94122    -8.57322
     49.545        -9.96557    -0.45357    -0.94113    -8.57087
     49.695        -9.96310    -0.45353    -0.94105    -8.56852
     49.845        -9.96066    -0.45349    -0.94097    -8.56620
     49.995        -9.95823    -0.45345    -0.94088    -8.56389
     50.145        -9.95579    -0.45342    -0.94080    -8.56157
     50.295        -9.95336    -0.45338    -0.94072    -8.55926
     50.445        -9.95093    -0.45334    -0.94064    -8.55695
     50.595        -9.94851    -0.45330    -0.94055    -8.55466
     50.745        -9.94612    -0.45327    -0.94047    -8.55238
     50.895        -9.94371    -0.45323    -0.94039    -8.55009
     51.045        -9.94132    -0.45319    -0.94031    -8.54781
     51.195        -9.93894    -0.45316    -0.94023    -8.54555
     51.345        -9.93656    -0.45312    -0.94015    -8.54329
     51.495        -9.93420    -0.45308    -0.94007    -8.54105
     51.645        -9.93185    -0.45305    -0.94000    -8.53881
     51.795        -9.92951    -0.45301    -0.93992    -8.53658
     51.945        -9.92717    -0.45297    -0.93983    -8.53436
     52.095        -9.92483    -0.45294    -0.93975    -8.53214
     52.245        -9.92250    -0.45290    -0.93967    -8.52992
     52.395        -9.92019    -0.45286    -0.93960    -8.52773
     52.545        -9.91786    -0.45283    -0.93952    -8.52552
     52.695        -9.91556    -0.45279    -0.93944    -8.52333
     52.845        -9.91326    -0.45275    -0.93936    -8.52115
     52.995        -9.91097    -0.45272    -0.93928    -8.51897
     53.145        -9.90869    -0.45268    -0.93921    -8.51681
     53.295        -9.90641    -0.45264    -0.93913    -8.51464
     53.445        -9.90417    -0.45261    -0.93905    -8.51251
     53.595        -9.90189    -0.45257    -0.93898    -8.51034
     53.745        -9.89962    -0.45254    -0.93890    -8.50818
     53.895        -9.89736    -0.45250    -0.93883    -8.50603
     54.045        -9.89511    -0.45247    -0.93875    -8.50390
     54.195        -9.89286    -0.45243    -0.93868    -8.50175
     54.345        -9.89062    -0.45240    -0.93860    -8.49963
     54.495        -9.88839    -0.45236    -0.93853    -8.49750
     54.645        -9.88615    -0.45233    -0.93845    -8.49537
     54.795        -9.88394    -0.45229    -0.93838    -8.49327
     54.945        -9.88175    -0.45226    -0.93830    -8.49119
     55.095        -9.87955    -0.45222    -0.93823    -8.48909
     59.433        -9.70758    -0.44958    -0.93243    -8.32557
     80.646        -9.45775    -0.44575    -0.92400    -8.08800
     111.21        -9.21669    -0.44205    -0.91583    -7.85881
     153.36        -8.98433    -0.43853    -0.90794    -7.63787
     211.49        -8.76086    -0.43513    -0.90035    -7.42538
     291.64        -8.54618    -0.43185    -0.89303    -7.22131
     402.18        -8.34030    -0.42872    -0.88603    -7.02554
     554.60        -8.14303    -0.42569    -0.87930    -6.83804
     764.80        -7.95407    -0.42278    -0.87289    -6.65841
     1054.7        -7.77318    -0.42000    -0.86677    -6.48641
     1454.4        -7.59989    -0.41732    -0.86089    -6.32168
     2005.6        -7.43432    -0.41477    -0.85530    -6.16424
     2765.8        -7.27601    -0.41233    -0.84998    -6.01369
     3814.0        -7.12457    -0.40998    -0.84490    -5.86968
     5259.5        -6.97987    -0.40775    -0.84007    -5.73205
     7252.9        -6.84155    -0.40559    -0.83548    -5.60048
     10002.        -6.70951    -0.40354    -0.83111    -5.47487
     13793.        -6.58315    -0.40158    -0.82691    -5.35466
     19020.        -6.46266    -0.39970    -0.82294    -5.24001
     26229.        -6.34751    -0.39790    -0.81914    -5.13047
     36170.        -6.23766    -0.39617    -0.81552    -5.02597
     49878.        -6.13290    -0.39454    -0.81207    -4.92628
     68782.        -6.03306    -0.39299    -0.80878    -4.83129
     94851.        -5.93803    -0.39150    -0.80565    -4.74088
    0.13080E+06    -5.84746    -0.39008    -0.80268    -4.65470
    0.18038E+06    -5.76130    -0.38874    -0.79983    -4.57272
    0.24874E+06    -5.67936    -0.38747    -0.79711    -4.49478
    0.34301E+06    -5.60137    -0.38625    -0.79453    -4.42060
    0.47302E+06    -5.52739    -0.38508    -0.79205    -4.35026
    0.65229E+06    -5.45704    -0.38398    -0.78971    -4.28336
    0.89952E+06    -5.39032    -0.38294    -0.78745    -4.21994
    0.12404E+07    -5.32694    -0.38195    -0.78532    -4.15967
    0.17106E+07    -5.26669    -0.38101    -0.78329    -4.10240
    0.23589E+07    -5.20946    -0.38012    -0.78136    -4.04797
    0.32529E+07    -5.15512    -0.37928    -0.77954    -3.99630
    0.44858E+07    -5.10352    -0.37848    -0.77781    -3.94724
    0.61860E+07    -5.05453    -0.37772    -0.77617    -3.90064
    0.85305E+07    -5.00790    -0.37699    -0.77460    -3.85631
    0.11764E+08    -4.96364    -0.37629    -0.77308    -3.81426
    0.16222E+08    -4.92162    -0.37563    -0.77166    -3.77433
    0.22370E+08    -4.88171    -0.37502    -0.77032    -3.73637
    0.30849E+08    -4.84385    -0.37443    -0.76904    -3.70039
    0.42541E+08    -4.80808    -0.37386    -0.76782    -3.66640
    0.58664E+08    -4.77442    -0.37334    -0.76667    -3.63441
    0.80898E+08    -4.74296    -0.37285    -0.76558    -3.60453
    0.11156E+09    -4.71345    -0.37239    -0.76454    -3.57651
    0.15384E+09    -4.68583    -0.37197    -0.76357    -3.55030
    0.21215E+09    -4.65991    -0.37156    -0.76264    -3.52571
    0.29255E+09    -4.63555    -0.37118    -0.76175    -3.50263
    0.40343E+09    -4.61272    -0.37083    -0.76091    -3.48099
    0.55633E+09    -4.59121    -0.37049    -0.76010    -3.46062
    0.76719E+09    -4.57111    -0.37018    -0.75935    -3.44159
    0.10580E+10    -4.55297    -0.36989    -0.75864    -3.42444
    0.14589E+10    -4.53629    -0.36963    -0.75798    -3.40868
    0.20119E+10    -4.52096    -0.36940    -0.75736    -3.39421
    0.27744E+10    -4.50678    -0.36918    -0.75677    -3.38083
    0.38259E+10    -4.49372    -0.36898    -0.75623    -3.36851
    0.52760E+10    -4.48168    -0.36879    -0.75572    -3.35717
    0.72756E+10    -4.47057    -0.36862    -0.75525    -3.34670
    0.10033E+11    -4.46027    -0.36847    -0.75480    -3.33701
    0.13836E+11    -4.45077    -0.36832    -0.75437    -3.32808
    0.19079E+11    -4.44201    -0.36819    -0.75399    -3.31984
    0.26311E+11    -4.43391    -0.36806    -0.75364    -3.31221
    0.36283E+11    -4.42643    -0.36795    -0.75332    -3.30516
    0.50034E+11    -4.41952    -0.36784    -0.75303    -3.29865
    0.68997E+11    -4.41314    -0.36774    -0.75277    -3.29263
    0.10000E+12    -4.33659    -0.36656    -0.74952    -3.22051
