    -99.945         0.00000     0.00000     0.00000     0.00000
    -99.795         0.00000     0.00000     0.00000     0.00000
    -99.645         0.00000     0.00000     0.00000     0.00000
    -99.495         0.00000     0.00000     0.00000     0.00000
    -99.345         0.00000     0.00000     0.00000     0.00000
    -99.195         0.00000     0.00000     0.00000     0.00000
    -99.045         0.00000     0.00000     0.00000     0.00000
    -98.895         0.00000     0.00000     0.00000     0.00000
    -98.745         0.00000     0.00000     0.00000     0.00000
    -98.595         0.00000     0.00000     0.00000     0.00000
    -98.445         0.00000     0.00000     0.00000     0.00000
    -98.295         0.00000     0.00000     0.00000     0.00000
    -98.145         0.00000     0.00000     0.00000     0.00000
    -97.995         0.00000     0.00000     0.00000     0.00000
    -97.845         0.00000     0.00000     0.00000     0.00000
    -97.695         0.00000     0.00000     0.00000     0.00000
    -97.545         0.00000     0.00000     0.00000     0.00000
    -97.395         0.00000     0.00000     0.00000     0.00000
    -97.245         0.00000     0.00000     0.00000     0.00000
    -97.095         0.00000     0.00000     0.00000     0.00000
    -96.945         0.00000     0.00000     0.00000     0.00000
    -96.795         0.00000     0.00000     0.00000     0.00000
    -96.645         0.00000     0.00000     0.00000     0.00000
    -96.495         0.00000     0.00000     0.00000     0.00000
    -96.345         0.00000     0.00000     0.00000     0.00000
    -96.195         0.00000     0.00000     0.00000     0.00000
    -96.045         0.00000     0.00000     0.00000     0.00000
    -95.895         0.00000     0.00000     0.00000     0.00000
    -95.745         0.00000     0.00000     0.00000     0.00000
    -95.595         0.00000     0.00000     0.00000     0.00000
    -95.445         0.00000     0.00000     0.00000     0.00000
    -95.295         0.00000     0.00000     0.00000     0.00000
    -95.145         0.00000     0.00000     0.00000     0.00000
    -94.995         0.00000     0.00000     0.00000     0.00000
    -94.845         0.00000     0.00000     0.00000     0.00000
    -94.695         0.00000     0.00000     0.00000     0.00000
    -94.545         0.00000     0.00000     0.00000     0.00000
    -94.395         0.00000     0.00000     0.00000     0.00000
    -94.245         0.00000     0.00000     0.00000     0.00000
    -94.095         0.00000     0.00000     0.00000     0.00000
    -93.945         0.00000     0.00000     0.00000     0.00000
    -93.795         0.00000     0.00000     0.00000     0.00000
    -93.645         0.00000     0.00000     0.00000     0.00000
    -93.495         0.00000     0.00000     0.00000     0.00000
    -93.345         0.00000     0.00000     0.00000     0.00000
    -93.195         0.00000     0.00000     0.00000     0.00000
    -93.045         0.00000     0.00000     0.00000     0.00000
    -92.895         0.00000     0.00000     0.00000     0.00000
    -92.745         0.00000     0.00000     0.00000     0.00000
    -92.595         0.00000     0.00000     0.00000     0.00000
    -92.445         0.00000     0.00000     0.00000     0.00000
    -92.295         0.00000     0.00000     0.00000     0.00000
    -92.145         0.00000     0.00000     0.00000     0.00000
    -91.995         0.00000     0.00000     0.00000     0.00000
    -91.845         0.00000     0.00000     0.00000     0.00000
    -91.695         0.00000     0.00000     0.00000     0.00000
    -91.545         0.00000     0.00000     0.00000     0.00000
    -91.395         0.00000     0.00000     0.00000     0.00000
    -91.245         0.00000     0.00000     0.00000     0.00000
    -91.095         0.00000     0.00000     0.00000     0.00000
    -90.945         0.00000     0.00000     0.00000     0.00000
    -90.795         0.00000     0.00000     0.00000     0.00000
    -90.645         0.00000     0.00000     0.00000     0.00000
    -90.495         0.00000     0.00000     0.00000     0.00000
    -90.345         0.00000     0.00000     0.00000     0.00000
    -90.195         0.00000     0.00000     0.00000     0.00000
    -90.045         0.00000     0.00000     0.00000     0.00000
    -89.895         0.00000     0.00000     0.00000     0.00000
    -89.745         0.00000     0.00000     0.00000     0.00000
    -89.595         0.00000     0.00000     0.00000     0.00000
    -89.445         0.00000     0.00000     0.00000     0.00000
    -89.295         0.00000     0.00000     0.00000     0.00000
    -89.145         0.00000     0.00000     0.00000     0.00000
    -88.995         0.00000     0.00000     0.00000     0.00000
    -88.845         0.00000     0.00000     0.00000     0.00000
    -88.695         0.00000     0.00000     0.00000     0.00000
    -88.545         0.00000     0.00000     0.00000     0.00000
    -88.395         0.00000     0.00000     0.00000     0.00000
    -88.245         0.00000     0.00000     0.00000     0.00000
    -88.095         0.00000     0.00000     0.00000     0.00000
    -87.945         0.00000     0.00000     0.00000     0.00000
    -87.795         0.00000     0.00000     0.00000     0.00000
    -87.645         0.00000     0.00000     0.00000     0.00000
    -87.495         0.00000     0.00000     0.00000     0.00000
    -87.345         0.00000     0.00000     0.00000     0.00000
    -87.195         0.00000     0.00000     0.00000     0.00000
    -87.045         0.00000     0.00000     0.00000     0.00000
    -86.895         0.00000     0.00000     0.00000     0.00000
    -86.745         0.00000     0.00000     0.00000     0.00000
    -86.595         0.00000     0.00000     0.00000     0.00000
    -86.445         0.00000     0.00000     0.00000     0.00000
    -86.295         0.00000     0.00000     0.00000     0.00000
    -86.145         0.00000     0.00000     0.00000     0.00000
    -85.995         0.00000     0.00000     0.00000     0.00000
    -85.845         0.00000     0.00000     0.00000     0.00000
    -85.695         0.00000     0.00000     0.00000     0.00000
    -85.545         0.00000     0.00000     0.00000     0.00000
    -85.395         0.00000     0.00000     0.00000     0.00000
    -85.245         0.00000     0.00000     0.00000     0.00000
    -85.095         0.00000     0.00000     0.00000     0.00000
    -84.945         0.00000     0.00000     0.00000     0.00000
    -84.795         0.00000     0.00000     0.00000     0.00000
    -84.645         0.00000     0.00000     0.00000     0.00000
    -84.495         0.00000     0.00000     0.00000     0.00000
    -84.345         0.00000     0.00000     0.00000     0.00000
    -84.195         0.00000     0.00000     0.00000     0.00000
    -84.045         0.00000     0.00000     0.00000     0.00000
    -83.895         0.00000     0.00000     0.00000     0.00000
    -83.745         0.00000     0.00000     0.00000     0.00000
    -83.595         0.00000     0.00000     0.00000     0.00000
    -83.445         0.00000     0.00000     0.00000     0.00000
    -83.295         0.00000     0.00000     0.00000     0.00000
    -83.145         0.00000     0.00000     0.00000     0.00000
    -82.995         0.00000     0.00000     0.00000     0.00000
    -82.845         0.00000     0.00000     0.00000     0.00000
    -82.695         0.00000     0.00000     0.00000     0.00000
    -82.545         0.00000     0.00000     0.00000     0.00000
    -82.395         0.00000     0.00000     0.00000     0.00000
    -82.245         0.00000     0.00000     0.00000     0.00000
    -82.095         0.00000     0.00000     0.00000     0.00000
    -81.945         0.00000     0.00000     0.00000     0.00000
    -81.795         0.00000     0.00000     0.00000     0.00000
    -81.645         0.00000     0.00000     0.00000     0.00000
    -81.495         0.00000     0.00000     0.00000     0.00000
    -81.345         0.00000     0.00000     0.00000     0.00000
    -81.195         0.00000     0.00000     0.00000     0.00000
    -81.045         0.00000     0.00000     0.00000     0.00000
    -80.895         0.00000     0.00000     0.00000     0.00000
    -80.745         0.00000     0.00000     0.00000     0.00000
    -80.595         0.00000     0.00000     0.00000     0.00000
    -80.445         0.00000     0.00000     0.00000     0.00000
    -80.295         0.00000     0.00000     0.00000     0.00000
    -80.145         0.00000     0.00000     0.00000     0.00000
    -79.995         0.00000     0.00000     0.00000     0.00000
    -79.845         0.00000     0.00000     0.00000     0.00000
    -79.695         0.00000     0.00000     0.00000     0.00000
    -79.545         0.00000     0.00000     0.00000     0.00000
    -79.395         0.00000     0.00000     0.00000     0.00000
    -79.245         0.00000     0.00000     0.00000     0.00000
    -79.095         0.00000     0.00000     0.00000     0.00000
    -78.945         0.00000     0.00000     0.00000     0.00000
    -78.795         0.00000     0.00000     0.00000     0.00000
    -78.645         0.00000     0.00000     0.00000     0.00000
    -78.495         0.00000     0.00000     0.00000     0.00000
    -78.345         0.00000     0.00000     0.00000     0.00000
    -78.195         0.00000     0.00000     0.00000     0.00000
    -78.045         0.00000     0.00000     0.00000     0.00000
    -77.895         0.00000     0.00000     0.00000     0.00000
    -77.745         0.00000     0.00000     0.00000     0.00000
    -77.595         0.00000     0.00000     0.00000     0.00000
    -77.445         0.00000     0.00000     0.00000     0.00000
    -77.295         0.00000     0.00000     0.00000     0.00000
    -77.145         0.00000     0.00000     0.00000     0.00000
    -76.995         0.00000     0.00000     0.00000     0.00000
    -76.845         0.00000     0.00000     0.00000     0.00000
    -76.695         0.00000     0.00000     0.00000     0.00000
    -76.545         0.00000     0.00000     0.00000     0.00000
    -76.395         0.00000     0.00000     0.00000     0.00000
    -76.245         0.00000     0.00000     0.00000     0.00000
    -76.095         0.00000     0.00000     0.00000     0.00000
    -75.945         0.00000     0.00000     0.00000     0.00000
    -75.795         0.00000     0.00000     0.00000     0.00000
    -75.645         0.00000     0.00000     0.00000     0.00000
    -75.495         0.00000     0.00000     0.00000     0.00000
    -75.345         0.00000     0.00000     0.00000     0.00000
    -75.195         0.00000     0.00000     0.00000     0.00000
    -75.045         0.00000     0.00000     0.00000     0.00000
    -74.895         0.00000     0.00000     0.00000     0.00000
    -74.745         0.00000     0.00000     0.00000     0.00000
    -74.595         0.00000     0.00000     0.00000     0.00000
    -74.445         0.00000     0.00000     0.00000     0.00000
    -74.295         0.00000     0.00000     0.00000     0.00000
    -74.145         0.00000     0.00000     0.00000     0.00000
    -73.995         0.00000     0.00000     0.00000     0.00000
    -73.845         0.00000     0.00000     0.00000     0.00000
    -73.695         0.00000     0.00000     0.00000     0.00000
    -73.545         0.00000     0.00000     0.00000     0.00000
    -73.395         0.00000     0.00000     0.00000     0.00000
    -73.245         0.00000     0.00000     0.00000     0.00000
    -73.095         0.00000     0.00000     0.00000     0.00000
    -72.945         0.00000     0.00000     0.00000     0.00000
    -72.795         0.00000     0.00000     0.00000     0.00000
    -72.645         0.00000     0.00000     0.00000     0.00000
    -72.495         0.00000     0.00000     0.00000     0.00000
    -72.345         0.00000     0.00000     0.00000     0.00000
    -72.195         0.00000     0.00000     0.00000     0.00000
    -72.045         0.00000     0.00000     0.00000     0.00000
    -71.895         0.00000     0.00000     0.00000     0.00000
    -71.745         0.00000     0.00000     0.00000     0.00000
    -71.595         0.00000     0.00000     0.00000     0.00000
    -71.445         0.00000     0.00000     0.00000     0.00000
    -71.295         0.00000     0.00000     0.00000     0.00000
    -71.145         0.00000     0.00000     0.00000     0.00000
    -70.995         0.00000     0.00000     0.00000     0.00000
    -70.845         0.00000     0.00000     0.00000     0.00000
    -70.695         0.00000     0.00000     0.00000     0.00000
    -70.545         0.00000     0.00000     0.00000     0.00000
    -70.395         0.00000     0.00000     0.00000     0.00000
    -70.245         0.00000     0.00000     0.00000     0.00000
    -70.095         0.00000     0.00000     0.00000     0.00000
    -69.945         0.00000     0.00000     0.00000     0.00000
    -69.795         0.00000     0.00000     0.00000     0.00000
    -69.645         0.00000     0.00000     0.00000     0.00000
    -69.495         0.00000     0.00000     0.00000     0.00000
    -69.345         0.00000     0.00000     0.00000     0.00000
    -69.195         0.00000     0.00000     0.00000     0.00000
    -69.045         0.00000     0.00000     0.00000     0.00000
    -68.895         0.00000     0.00000     0.00000     0.00000
    -68.745         0.00000     0.00000     0.00000     0.00000
    -68.595         0.00000     0.00000     0.00000     0.00000
    -68.445         0.00000     0.00000     0.00000     0.00000
    -68.295         0.00000     0.00000     0.00000     0.00000
    -68.145         0.00000     0.00000     0.00000     0.00000
    -67.995         0.00000     0.00000     0.00000     0.00000
    -67.845         0.00000     0.00000     0.00000     0.00000
    -67.695         0.00000     0.00000     0.00000     0.00000
    -67.545         0.00000     0.00000     0.00000     0.00000
    -67.395         0.00000     0.00000     0.00000     0.00000
    -67.245         0.00000     0.00000     0.00000     0.00000
    -67.095         0.00000     0.00000     0.00000     0.00000
    -66.945         0.00000     0.00000     0.00000     0.00000
    -66.795         0.00000     0.00000     0.00000     0.00000
    -66.645         0.00000     0.00000     0.00000     0.00000
    -66.495         0.00000     0.00000     0.00000     0.00000
    -66.345         0.00000     0.00000     0.00000     0.00000
    -66.195         0.00000     0.00000     0.00000     0.00000
    -66.045         0.00000     0.00000     0.00000     0.00000
    -65.895         0.00000     0.00000     0.00000     0.00000
    -65.745         0.00000     0.00000     0.00000     0.00000
    -65.595         0.00000     0.00000     0.00000     0.00000
    -65.445         0.00000     0.00000     0.00000     0.00000
    -65.295         0.00000     0.00000     0.00000     0.00000
    -65.145         0.00000     0.00000     0.00000     0.00000
    -64.995         0.00000     0.00000     0.00000     0.00000
    -64.845         0.00000     0.00000     0.00000     0.00000
    -64.695         0.00000     0.00000     0.00000     0.00000
    -64.545         0.00000     0.00000     0.00000     0.00000
    -64.395         0.00000     0.00000     0.00000     0.00000
    -64.245         0.00000     0.00000     0.00000     0.00000
    -64.095         0.00000     0.00000     0.00000     0.00000
    -63.945         0.00000     0.00000     0.00000     0.00000
    -63.795         0.00000     0.00000     0.00000     0.00000
    -63.645         0.00000     0.00000     0.00000     0.00000
    -63.495         0.00000     0.00000     0.00000     0.00000
    -63.345         0.00000     0.00000     0.00000     0.00000
    -63.195         0.00000     0.00000     0.00000     0.00000
    -63.045         0.00000     0.00000     0.00000     0.00000
    -62.895         0.00000     0.00000     0.00000     0.00000
    -62.745         0.00000     0.00000     0.00000     0.00000
    -62.595         0.00000     0.00000     0.00000     0.00000
    -62.445         0.00000     0.00000     0.00000     0.00000
    -62.295         0.00000     0.00000     0.00000     0.00000
    -62.145         0.00000     0.00000     0.00000     0.00000
    -61.995         0.00000     0.00000     0.00000     0.00000
    -61.845         0.00000     0.00000     0.00000     0.00000
    -61.695         0.00000     0.00000     0.00000     0.00000
    -61.545         0.00000     0.00000     0.00000     0.00000
    -61.395         0.00000     0.00000     0.00000     0.00000
    -61.245         0.00000     0.00000     0.00000     0.00000
    -61.095         0.00000     0.00000     0.00000     0.00000
    -60.945         0.00000     0.00000     0.00000     0.00000
    -60.795         0.00000     0.00000     0.00000     0.00000
    -60.645         0.00000     0.00000     0.00000     0.00000
    -60.495         0.00000     0.00000     0.00000     0.00000
    -60.345         0.00000     0.00000     0.00000     0.00000
    -60.195         0.00000     0.00000     0.00000     0.00000
    -60.045         0.00000     0.00000     0.00000     0.00000
    -59.895         0.00000     0.00000     0.00000     0.00000
    -59.745         0.00000     0.00000     0.00000     0.00000
    -59.595         0.00000     0.00000     0.00000     0.00000
    -59.445         0.00000     0.00000     0.00000     0.00000
    -59.295         0.00000     0.00000     0.00000     0.00000
    -59.145         0.00000     0.00000     0.00000     0.00000
    -58.995         0.00000     0.00000     0.00000     0.00000
    -58.845         0.00000     0.00000     0.00000     0.00000
    -58.695         0.00000     0.00000     0.00000     0.00000
    -58.545         0.00000     0.00000     0.00000     0.00000
    -58.395         0.00000     0.00000     0.00000     0.00000
    -58.245         0.00000     0.00000     0.00000     0.00000
    -58.095         0.00000     0.00000     0.00000     0.00000
    -57.945         0.00000     0.00000     0.00000     0.00000
    -57.795         0.00000     0.00000     0.00000     0.00000
    -57.645         0.00000     0.00000     0.00000     0.00000
    -57.495         0.00000     0.00000     0.00000     0.00000
    -57.345         0.00000     0.00000     0.00000     0.00000
    -57.195         0.00000     0.00000     0.00000     0.00000
    -57.045         0.00000     0.00000     0.00000     0.00000
    -56.895         0.00000     0.00000     0.00000     0.00000
    -56.745         0.00000     0.00000     0.00000     0.00000
    -56.595         0.00000     0.00000     0.00000     0.00000
    -56.445         0.00000     0.00000     0.00000     0.00000
    -56.295         0.00000     0.00000     0.00000     0.00000
    -56.145         0.00000     0.00000     0.00000     0.00000
    -55.995         0.00000     0.00000     0.00000     0.00000
    -55.845         0.00000     0.00000     0.00000     0.00000
    -55.695         0.00000     0.00000     0.00000     0.00000
    -55.545         0.00000     0.00000     0.00000     0.00000
    -55.395         0.00000     0.00000     0.00000     0.00000
    -55.245         0.00000     0.00000     0.00000     0.00000
    -55.095         0.00000     0.00000     0.00000     0.00000
    -54.945         0.00000     0.00000     0.00000     0.00000
    -54.795         0.00000     0.00000     0.00000     0.00000
    -54.645         0.00000     0.00000     0.00000     0.00000
    -54.495         0.00000     0.00000     0.00000     0.00000
    -54.345         0.00000     0.00000     0.00000     0.00000
    -54.195         0.00000     0.00000     0.00000     0.00000
    -54.045         0.00000     0.00000     0.00000     0.00000
    -53.895         0.00000     0.00000     0.00000     0.00000
    -53.745         0.00000     0.00000     0.00000     0.00000
    -53.595         0.00000     0.00000     0.00000     0.00000
    -53.445         0.00000     0.00000     0.00000     0.00000
    -53.295         0.00000     0.00000     0.00000     0.00000
    -53.145         0.00000     0.00000     0.00000     0.00000
    -52.995         0.00000     0.00000     0.00000     0.00000
    -52.845         0.00000     0.00000     0.00000     0.00000
    -52.695         0.00000     0.00000     0.00000     0.00000
    -52.545         0.00000     0.00000     0.00000     0.00000
    -52.395         0.00000     0.00000     0.00000     0.00000
    -52.245         0.00000     0.00000     0.00000     0.00000
    -52.095         0.00000     0.00000     0.00000     0.00000
    -51.945         0.00000     0.00000     0.00000     0.00000
    -51.795         0.00000     0.00000     0.00000     0.00000
    -51.645         0.00000     0.00000     0.00000     0.00000
    -51.495         0.00000     0.00000     0.00000     0.00000
    -51.345         0.00000     0.00000     0.00000     0.00000
    -51.195         0.00000     0.00000     0.00000     0.00000
    -51.045         0.00000     0.00000     0.00000     0.00000
    -50.895         0.00000     0.00000     0.00000     0.00000
    -50.745         0.00000     0.00000     0.00000     0.00000
    -50.595         0.00000     0.00000     0.00000     0.00000
    -50.445         0.00000     0.00000     0.00000     0.00000
    -50.295         0.00000     0.00000     0.00000     0.00000
    -50.145         0.00000     0.00000     0.00000     0.00000
    -49.995         0.00000     0.00000     0.00000     0.00000
    -49.845         0.00000     0.00000     0.00000     0.00000
    -49.695         0.00000     0.00000     0.00000     0.00000
    -49.545         0.00000     0.00000     0.00000     0.00000
    -49.395         0.00000     0.00000     0.00000     0.00000
    -49.245         0.00000     0.00000     0.00000     0.00000
    -49.095         0.00000     0.00000     0.00000     0.00000
    -48.945         0.00000     0.00000     0.00000     0.00000
    -48.795         0.00000     0.00000     0.00000     0.00000
    -48.645         0.00000     0.00000     0.00000     0.00000
    -48.495         0.00000     0.00000     0.00000     0.00000
    -48.345         0.00000     0.00000     0.00000     0.00000
    -48.195         0.00000     0.00000     0.00000     0.00000
    -48.045         0.00000     0.00000     0.00000     0.00000
    -47.895         0.00000     0.00000     0.00000     0.00000
    -47.745         0.00000     0.00000     0.00000     0.00000
    -47.595         0.00000     0.00000     0.00000     0.00000
    -47.445         0.00000     0.00000     0.00000     0.00000
    -47.295         0.00000     0.00000     0.00000     0.00000
    -47.145         0.00000     0.00000     0.00000     0.00000
    -46.995         0.00000     0.00000     0.00000     0.00000
    -46.845         0.00000     0.00000     0.00000     0.00000
    -46.695         0.00000     0.00000     0.00000     0.00000
    -46.545         0.00000     0.00000     0.00000     0.00000
    -46.395         0.00000     0.00000     0.00000     0.00000
    -46.245         0.00000     0.00000     0.00000     0.00000
    -46.095         0.00000     0.00000     0.00000     0.00000
    -45.945         0.00000     0.00000     0.00000     0.00000
    -45.795         0.00000     0.00000     0.00000     0.00000
    -45.645         0.00000     0.00000     0.00000     0.00000
    -45.495         0.00000     0.00000     0.00000     0.00000
    -45.345         0.00000     0.00000     0.00000     0.00000
    -45.195         0.00000     0.00000     0.00000     0.00000
    -45.045         0.00000     0.00000     0.00000     0.00000
    -44.895         0.00000     0.00000     0.00000     0.00000
    -44.745         0.00000     0.00000     0.00000     0.00000
    -44.595         0.00000     0.00000     0.00000     0.00000
    -44.445         0.00000     0.00000     0.00000     0.00000
    -44.295         0.00000     0.00000     0.00000     0.00000
    -44.145         0.00000     0.00000     0.00000     0.00000
    -43.995         0.00000     0.00000     0.00000     0.00000
    -43.845         0.00000     0.00000     0.00000     0.00000
    -43.695         0.00000     0.00000     0.00000     0.00000
    -43.545         0.00000     0.00000     0.00000     0.00000
    -43.395         0.00000     0.00000     0.00000     0.00000
    -43.245         0.00000     0.00000     0.00000     0.00000
    -43.095         0.00000     0.00000     0.00000     0.00000
    -42.945         0.00000     0.00000     0.00000     0.00000
    -42.795         0.00000     0.00000     0.00000     0.00000
    -42.645         0.00000     0.00000     0.00000     0.00000
    -42.495         0.00000     0.00000     0.00000     0.00000
    -42.345         0.00000     0.00000     0.00000     0.00000
    -42.195         0.00000     0.00000     0.00000     0.00000
    -42.045         0.00000     0.00000     0.00000     0.00000
    -41.895         0.00000     0.00000     0.00000     0.00000
    -41.745         0.00000     0.00000     0.00000     0.00000
    -41.595         0.00000     0.00000     0.00000     0.00000
    -41.445         0.00000     0.00000     0.00000     0.00000
    -41.295         0.00000     0.00000     0.00000     0.00000
    -41.145         0.00000     0.00000     0.00000     0.00000
    -40.995         0.00000     0.00000     0.00000     0.00000
    -40.845         0.00000     0.00000     0.00000     0.00000
    -40.695         0.00000     0.00000     0.00000     0.00000
    -40.545         0.00000     0.00000     0.00000     0.00000
    -40.395         0.00000     0.00000     0.00000     0.00000
    -40.245         0.00000     0.00000     0.00000     0.00000
    -40.095         0.00000     0.00000     0.00000     0.00000
    -39.945         0.00000     0.00000     0.00000     0.00000
    -39.795         0.00000     0.00000     0.00000     0.00000
    -39.645         0.00000     0.00000     0.00000     0.00000
    -39.495         0.00000     0.00000     0.00000     0.00000
    -39.345         0.00000     0.00000     0.00000     0.00000
    -39.195         0.00000     0.00000     0.00000     0.00000
    -39.045         0.00000     0.00000     0.00000     0.00000
    -38.895         0.00000     0.00000     0.00000     0.00000
    -38.745         0.00000     0.00000     0.00000     0.00000
    -38.595         0.00000     0.00000     0.00000     0.00000
    -38.445         0.00000     0.00000     0.00000     0.00000
    -38.295         0.00000     0.00000     0.00000     0.00000
    -38.145         0.00000     0.00000     0.00000     0.00000
    -37.995         0.00000     0.00000     0.00000     0.00000
    -37.845         0.00000     0.00000     0.00000     0.00000
    -37.695         0.00000     0.00000     0.00000     0.00000
    -37.545         0.00000     0.00000     0.00000     0.00000
    -37.395         0.00000     0.00000     0.00000     0.00000
    -37.245         0.00000     0.00000     0.00000     0.00000
    -37.095         0.00000     0.00000     0.00000     0.00000
    -36.945         0.00000     0.00000     0.00000     0.00000
    -36.795         0.00000     0.00000     0.00000     0.00000
    -36.645         0.00000     0.00000     0.00000     0.00000
    -36.495         0.00000     0.00000     0.00000     0.00000
    -36.345         0.00000     0.00000     0.00000     0.00000
    -36.195         0.00000     0.00000     0.00000     0.00000
    -36.045         0.00000     0.00000     0.00000     0.00000
    -35.895         0.00000     0.00000     0.00000     0.00000
    -35.745         0.00000     0.00000     0.00000     0.00000
    -35.595         0.00000     0.00000     0.00000     0.00000
    -35.445         0.00000     0.00000     0.00000     0.00000
    -35.295         0.00000     0.00000     0.00000     0.00000
    -35.145         0.00000     0.00000     0.00000     0.00000
    -34.995         0.00000     0.00000     0.00000     0.00000
    -34.845         0.00000     0.00000     0.00000     0.00000
    -34.695         0.00000     0.00000     0.00000     0.00000
    -34.545         0.00000     0.00000     0.00000     0.00000
    -34.395         0.00000     0.00000     0.00000     0.00000
    -34.245         0.00000     0.00000     0.00000     0.00000
    -34.095         0.00000     0.00000     0.00000     0.00000
    -33.945         0.00000     0.00000     0.00000     0.00000
    -33.795         0.00000     0.00000     0.00000     0.00000
    -33.645         0.00000     0.00000     0.00000     0.00000
    -33.495         0.00000     0.00000     0.00000     0.00000
    -33.345         0.00000     0.00000     0.00000     0.00000
    -33.195         0.00000     0.00000     0.00000     0.00000
    -33.045         0.00000     0.00000     0.00000     0.00000
    -32.895         0.00000     0.00000     0.00000     0.00000
    -32.745         0.00000     0.00000     0.00000     0.00000
    -32.595         0.00000     0.00000     0.00000     0.00000
    -32.445         0.00000     0.00000     0.00000     0.00000
    -32.295         0.00000     0.00000     0.00000     0.00000
    -32.145         0.00000     0.00000     0.00000     0.00000
    -31.995         0.00000     0.00000     0.00000     0.00000
    -31.845         0.00000     0.00000     0.00000     0.00000
    -31.695         0.00000     0.00000     0.00000     0.00000
    -31.545         0.00000     0.00000     0.00000     0.00000
    -31.395         0.00000     0.00000     0.00000     0.00000
    -31.245         0.00000     0.00000     0.00000     0.00000
    -31.095         0.00000     0.00000     0.00000     0.00000
    -30.945         0.00000     0.00000     0.00000     0.00000
    -30.795         0.00000     0.00000     0.00000     0.00000
    -30.645         0.00000     0.00000     0.00000     0.00000
    -30.495         0.00000     0.00000     0.00000     0.00000
    -30.345         0.00000     0.00000     0.00000     0.00000
    -30.195         0.00000     0.00000     0.00000     0.00000
    -30.045         0.00000     0.00000     0.00000     0.00000
    -29.895         0.00000     0.00000     0.00000     0.00000
    -29.745         0.00000     0.00000     0.00000     0.00000
    -29.595         0.00000     0.00000     0.00000     0.00000
    -29.445         0.00000     0.00000     0.00000     0.00000
    -29.295         0.00000     0.00000     0.00000     0.00000
    -29.145         0.00000     0.00000     0.00000     0.00000
    -28.995         0.00000     0.00000     0.00000     0.00000
    -28.845         0.00000     0.00000     0.00000     0.00000
    -28.695         0.00000     0.00000     0.00000     0.00000
    -28.545         0.00000     0.00000     0.00000     0.00000
    -28.395         0.00000     0.00000     0.00000     0.00000
    -28.245         0.00000     0.00000     0.00000     0.00000
    -28.095         0.00000     0.00000     0.00000     0.00000
    -27.945         0.00000     0.00000     0.00000     0.00000
    -27.795         0.00000     0.00000     0.00000     0.00000
    -27.645         0.00000     0.00000     0.00000     0.00000
    -27.495         0.00000     0.00000     0.00000     0.00000
    -27.345         0.00000     0.00000     0.00000     0.00000
    -27.195         0.00000     0.00000     0.00000     0.00000
    -27.045         0.00000     0.00000     0.00000     0.00000
    -26.895         0.00000     0.00000     0.00000     0.00000
    -26.745         0.00000     0.00000     0.00000     0.00000
    -26.595         0.00000     0.00000     0.00000     0.00000
    -26.445         0.00000     0.00000     0.00000     0.00000
    -26.295         0.00000     0.00000     0.00000     0.00000
    -26.145         0.00000     0.00000     0.00000     0.00000
    -25.995         0.00000     0.00000     0.00000     0.00000
    -25.845         0.00000     0.00000     0.00000     0.00000
    -25.695         0.00000     0.00000     0.00000     0.00000
    -25.545         0.00000     0.00000     0.00000     0.00000
    -25.395         0.00000     0.00000     0.00000     0.00000
    -25.245         0.00000     0.00000     0.00000     0.00000
    -25.095         0.00000     0.00000     0.00000     0.00000
    -24.945         0.00000     0.00000     0.00000     0.00000
    -24.795         0.00000     0.00000     0.00000     0.00000
    -24.645         0.00000     0.00000     0.00000     0.00000
    -24.495         0.00000     0.00000     0.00000     0.00000
    -24.345         0.00000     0.00000     0.00000     0.00000
    -24.195         0.00000     0.00000     0.00000     0.00000
    -24.045         0.00000     0.00000     0.00000     0.00000
    -23.895         0.00000     0.00000     0.00000     0.00000
    -23.745         0.00000     0.00000     0.00000     0.00000
    -23.595         0.00000     0.00000     0.00000     0.00000
    -23.445         0.00000     0.00000     0.00000     0.00000
    -23.295         0.00000     0.00000     0.00000     0.00000
    -23.145         0.00000     0.00000     0.00000     0.00000
    -22.995         0.00000     0.00000     0.00000     0.00000
    -22.845         0.00000     0.00000     0.00000     0.00000
    -22.695         0.00000     0.00000     0.00000     0.00000
    -22.545         0.00000     0.00000     0.00000     0.00000
    -22.395         0.00000     0.00000     0.00000     0.00000
    -22.245         0.00000     0.00000     0.00000     0.00000
    -22.095         0.00000     0.00000     0.00000     0.00000
    -21.945         0.00000     0.00000     0.00000     0.00000
    -21.795         0.00000     0.00000     0.00000     0.00000
    -21.645         0.00000     0.00000     0.00000     0.00000
    -21.495         0.00000     0.00000     0.00000     0.00000
    -21.345         0.00000     0.00000     0.00000     0.00000
    -21.195         0.00000     0.00000     0.00000     0.00000
    -21.045         0.00000     0.00000     0.00000     0.00000
    -20.895         0.00000     0.00000     0.00000     0.00000
    -20.745         0.00000     0.00000     0.00000     0.00000
    -20.595         0.00000     0.00000     0.00000     0.00000
    -20.445         0.00000     0.00000     0.00000     0.00000
    -20.295         0.00000     0.00000     0.00000     0.00000
    -20.145         0.00000     0.00000     0.00000     0.00000
    -19.995         0.00000     0.00000     0.00000     0.00000
    -19.845         0.00000     0.00000     0.00000     0.00000
    -19.695         0.00000     0.00000     0.00000     0.00000
    -19.545         0.00000     0.00000     0.00000     0.00000
    -19.395         0.00000     0.00000     0.00000     0.00000
    -19.245         0.00000     0.00000     0.00000     0.00000
    -19.095         0.00000     0.00000     0.00000     0.00000
    -18.945         0.00000     0.00000     0.00000     0.00000
    -18.795         0.00000     0.00000     0.00000     0.00000
    -18.645         0.00000     0.00000     0.00000     0.00000
    -18.495         0.00000     0.00000     0.00000     0.00000
    -18.345         0.00000     0.00000     0.00000     0.00000
    -18.195         0.00000     0.00000     0.00000     0.00000
    -18.045         0.00000     0.00000     0.00000     0.00000
    -17.895         0.00000     0.00000     0.00000     0.00000
    -17.745         0.00000     0.00000     0.00000     0.00000
    -17.595         0.00000     0.00000     0.00000     0.00000
    -17.445         0.00000     0.00000     0.00000     0.00000
    -17.295         0.00000     0.00000     0.00000     0.00000
    -17.145        -0.00000    -0.00000     0.00000     0.00000
    -16.995        -0.00000    -0.00000     0.00000     0.00000
    -16.845        -0.00000    -0.00000     0.00000     0.00000
    -16.695        -0.00000    -0.00000     0.00000     0.00000
    -16.545        -0.00000    -0.00000     0.00000     0.00000
    -16.395        -0.00074    -0.00074     0.00000     0.00000
    -16.245        -0.00074    -0.00074     0.00000     0.00000
    -16.095        -0.00153    -0.00153     0.00000     0.00000
    -15.945        -0.00153    -0.00153     0.00000     0.00000
    -15.795        -0.00153    -0.00153     0.00000     0.00000
    -15.645        -0.00244    -0.00244     0.00000     0.00000
    -15.495        -0.00706    -0.00706     0.00000     0.00000
    -15.345        -0.01031    -0.01031     0.00000     0.00000
    -15.195        -0.01928    -0.01928     0.00000     0.00000
    -15.045        -0.02487    -0.02487     0.00000     0.00000
    -14.895        -0.03261    -0.03261     0.00000     0.00000
    -14.745        -0.04657    -0.04657     0.00000     0.00000
    -14.595        -0.05924    -0.05924     0.00000     0.00000
    -14.445        -0.06982    -0.06982     0.00000     0.00000
    -14.295        -0.08180    -0.08180     0.00000     0.00000
    -14.145        -0.09107    -0.09107     0.00000     0.00000
    -13.995        -0.10362    -0.10362     0.00000     0.00000
    -13.845        -0.11618    -0.11618     0.00000     0.00000
    -13.695        -0.12735    -0.12735     0.00000     0.00000
    -13.545        -0.13592    -0.13592     0.00000     0.00000
    -13.395        -0.15205    -0.15205     0.00000     0.00000
    -13.245        -0.16313    -0.16313     0.00000     0.00000
    -13.095        -0.17351    -0.17351     0.00000     0.00000
    -12.945        -0.18138    -0.18138     0.00000     0.00000
    -12.795        -0.18861    -0.18861     0.00000     0.00000
    -12.645        -0.20132    -0.20132     0.00000     0.00000
    -12.495        -0.20970    -0.20970     0.00000     0.00000
    -12.345        -0.22287    -0.22287     0.00000     0.00000
    -12.195        -0.23124    -0.23124     0.00000     0.00000
    -12.045        -0.23843    -0.23843     0.00000     0.00000
    -11.895        -0.24562    -0.24562     0.00000     0.00000
    -11.745        -0.25450    -0.25450     0.00000     0.00000
    -11.595        -0.26276    -0.26276    -0.00000     0.00000
    -11.445        -0.27035    -0.26988    -0.00047     0.00000
    -11.295        -0.27905    -0.27809    -0.00097     0.00000
    -11.145        -0.28506    -0.28410    -0.00096     0.00000
    -10.995        -0.29799    -0.29599    -0.00200     0.00000
    -10.845        -0.30735    -0.30148    -0.00587     0.00000
    -10.695        -0.31740    -0.30756    -0.00984     0.00000
    -10.545        -0.32815    -0.31565    -0.01249     0.00000
    -10.395        -0.34152    -0.32223    -0.01929     0.00000
    -10.245        -0.35639    -0.32978    -0.02661     0.00000
    -10.095        -0.36893    -0.33587    -0.03307     0.00000
    -9.9450        -0.38006    -0.34097    -0.03909     0.00000
    -9.7950        -0.39346    -0.34610    -0.04736     0.00000
    -9.6450        -0.40894    -0.35462    -0.05432     0.00000
    -9.4950        -0.42108    -0.35981    -0.06127     0.00000
    -9.3450        -0.43663    -0.36502    -0.07161     0.00000
    -9.1950        -0.45111    -0.37170    -0.07941     0.00000
    -9.0450        -0.46227    -0.37509    -0.08718     0.00000
    -8.8950        -0.47546    -0.37931    -0.09615     0.00000
    -8.7450        -0.48940    -0.38271    -0.10669     0.00000
    -8.5950        -0.50137    -0.38812    -0.11325     0.00000
    -8.4450        -0.51741    -0.39491    -0.12251     0.00000
    -8.2950        -0.52702    -0.39920    -0.12782     0.00000
    -8.1450        -0.53891    -0.40418    -0.13473     0.00000
    -7.9950        -0.55349    -0.40923    -0.14427     0.00000
    -7.8450        -0.56536    -0.41533    -0.15003     0.00000
    -7.6950        -0.58085    -0.42391    -0.15694     0.00000
    -7.5450        -0.59485    -0.43097    -0.16388     0.00000
    -7.3950        -0.61010    -0.43962    -0.17049     0.00000
    -7.2450        -0.62243    -0.44542    -0.17678    -0.00023
    -7.0950        -0.64071    -0.45124    -0.18785    -0.00161
    -6.9450        -0.66511    -0.45973    -0.19761    -0.00777
    -6.7950        -0.69745    -0.46490    -0.20635    -0.02619
    -6.6450        -0.75798    -0.47191    -0.21643    -0.06964
    -6.4950        -0.84890    -0.47783    -0.22559    -0.14548
    -6.3450        -0.97042    -0.48303    -0.23543    -0.25196
    -6.1950        -1.13247    -0.48822    -0.24748    -0.39677
    -6.0450        -1.32911    -0.49680    -0.26045    -0.57186
    -5.8950        -1.56595    -0.50584    -0.27629    -0.78382
    -5.7450        -1.82040    -0.51534    -0.29271    -1.01235
    -5.5950        -2.08193    -0.52122    -0.30972    -1.25100
    -5.4450        -2.35271    -0.53089    -0.32890    -1.49292
    -5.2950        -2.64209    -0.54174    -0.35121    -1.74914
    -5.1450        -2.92422    -0.55267    -0.37572    -1.99583
    -4.9950        -3.20620    -0.56742    -0.40195    -2.23683
    -4.8450        -3.47035    -0.58206    -0.42632    -2.46198
    -4.6950        -3.74014    -0.59784    -0.45393    -2.68837
    -4.5450        -4.00963    -0.61564    -0.48634    -2.90765
    -4.3950        -4.26617    -0.63229    -0.51938    -3.11450
    -4.2450        -4.50692    -0.64893    -0.54853    -3.30946
    -4.0950        -4.73998    -0.66904    -0.58398    -3.48696
    -3.9450        -4.97533    -0.68790    -0.61826    -3.66916
    -3.7950        -5.20323    -0.71121    -0.65302    -3.83900
    -3.6450        -5.42646    -0.73447    -0.69051    -4.00148
    -3.4950        -5.64626    -0.75769    -0.72834    -4.16023
    -3.3450        -5.86769    -0.78276    -0.77216    -4.31277
    -3.1950        -6.09747    -0.81331    -0.81545    -4.46870
    -3.0450        -6.32062    -0.84583    -0.85743    -4.61736
    -2.8950        -6.55440    -0.88314    -0.90650    -4.76476
    -2.7450        -6.80612    -0.92652    -0.95762    -4.92198
    -2.5950        -7.06493    -0.97075    -1.01184    -5.08233
    -2.4450        -7.34720    -1.02056    -1.06980    -5.25684
    -2.2950        -7.64851    -1.07337    -1.13473    -5.44040
    -2.1450        -7.98125    -1.13464    -1.20464    -5.64196
    -1.9950        -8.34961    -1.19661    -1.28395    -5.86905
    -1.8450        -8.76996    -1.26843    -1.36728    -6.13425
    -1.6950        -9.25681    -1.34648    -1.46359    -6.44673
    -1.5450        -9.81951    -1.43620    -1.56870    -6.81460
    -1.3950       -10.49957    -1.54070    -1.68567    -7.27320
    -1.2450       -11.33574    -1.65869    -1.82343    -7.85361
    -1.0950       -12.34729    -1.80411    -1.98375    -8.55943
   -0.94500       -13.55308    -1.97675    -2.18275    -9.39358
   -0.79500       -15.04650    -2.19617    -2.43775   -10.41258
   -0.64500       -16.88312    -2.49643    -2.76988   -11.61681
   -0.49500       -19.22113    -2.95426    -3.24092   -13.02596
   -0.34500       -22.62049    -3.70320    -4.01816   -14.89913
   -0.22700       -24.18240    -4.06514    -4.40507   -15.71220
   -0.21300       -24.39202    -4.11407    -4.45870   -15.81925
   -0.20700       -24.60884    -4.16559    -4.51351   -15.92974
   -0.20100       -24.83252    -4.21914    -4.56984   -16.04354
   -0.19500       -25.06061    -4.27381    -4.62712   -16.15968
   -0.18900       -25.29626    -4.33008    -4.68724   -16.27894
   -0.18300       -25.53919    -4.38833    -4.74833   -16.40254
   -0.17700       -25.78768    -4.44824    -4.81064   -16.52879
   -0.17100       -26.04648    -4.51022    -4.87577   -16.66049
   -0.16500       -26.31482    -4.57463    -4.94449   -16.79570
   -0.15900       -26.59093    -4.64087    -5.01518   -16.93488
   -0.15300       -26.87809    -4.71045    -5.08903   -17.07861
   -0.14700       -27.17602    -4.78318    -5.16537   -17.22748
   -0.14100       -27.48703    -4.85787    -5.24516   -17.38399
   -0.13500       -27.80768    -4.93525    -5.32801   -17.54442
   -0.12900       -28.14266    -5.01579    -5.41388   -17.71299
   -0.12300       -28.49195    -5.09974    -5.50353   -17.88868
   -0.11700       -28.85704    -5.18675    -5.59861   -18.07168
   -0.11100       -29.24015    -5.27834    -5.69815   -18.26367
   -0.10500       -29.64182    -5.37319    -5.80161   -18.46702
   -0.99000E-01   -30.06339    -5.47261    -5.91162   -18.67916
   -0.93000E-01   -30.50575    -5.57514    -6.02542   -18.90519
   -0.87000E-01   -30.97476    -5.68353    -6.14600   -19.14523
   -0.81000E-01   -31.47329    -5.79720    -6.27359   -19.40251
   -0.75000E-01   -32.00357    -5.91770    -6.40839   -19.67748
   -0.69000E-01   -32.56876    -6.04223    -6.55078   -19.97574
   -0.63000E-01   -33.17637    -6.17425    -6.70288   -20.29924
   -0.57000E-01   -33.83560    -6.31294    -6.86868   -20.65398
   -0.51000E-01   -34.56444    -6.46352    -7.05406   -21.04686
   -0.45000E-01   -35.37930    -6.62928    -7.25740   -21.49261
   -0.39000E-01   -36.28266    -6.80777    -7.47051   -22.00438
   -0.33000E-01   -37.28039    -6.98889    -7.68213   -22.60937
   -0.27000E-01   -38.39579    -7.16286    -7.88321   -23.34972
   -0.21300E-01   -39.24744    -7.27170    -8.00724   -23.96850
   -0.19500E-01   -39.38061    -7.28679    -8.02422   -24.06960
   -0.18900E-01   -39.51606    -7.30147    -8.04062   -24.17397
   -0.18300E-01   -39.65501    -7.31609    -8.05663   -24.28228
   -0.17700E-01   -39.79661    -7.33026    -8.07237   -24.39398
   -0.17100E-01   -39.94150    -7.34429    -8.08757   -24.50965
   -0.16500E-01   -40.08971    -7.35798    -8.10230   -24.62943
   -0.15900E-01   -40.24164    -7.37129    -8.11667   -24.75368
   -0.15300E-01   -40.39764    -7.38426    -8.13041   -24.88297
   -0.14700E-01   -40.55880    -7.39676    -8.14383   -25.01821
   -0.14100E-01   -40.72484    -7.40882    -8.15671   -25.15932
   -0.13500E-01   -40.89558    -7.42053    -8.16909   -25.30595
   -0.12900E-01   -41.07290    -7.43183    -8.18104   -25.46002
   -0.12300E-01   -41.25619    -7.44264    -8.19244   -25.62111
   -0.11700E-01   -41.44743    -7.45294    -8.20332   -25.79117
   -0.11100E-01   -41.64751    -7.46281    -8.21365   -25.97104
   -0.10500E-01   -41.85674    -7.47216    -8.22340   -26.16118
   -0.99000E-02   -42.07719    -7.48105    -8.23266   -26.36348
   -0.93000E-02   -42.31055    -7.48941    -8.24136   -26.57978
   -0.87000E-02   -42.55892    -7.49731    -8.24954   -26.81206
   -0.81000E-02   -42.82472    -7.50467    -8.25720   -27.06285
   -0.75000E-02   -43.11169    -7.51157    -8.26431   -27.33581
   -0.69000E-02   -43.42592    -7.51791    -8.27084   -27.63716
   -0.63000E-02   -43.77252    -7.52371    -8.27681   -27.97201
   -0.57000E-02   -44.15799    -7.52896    -8.28225   -28.34678
   -0.51000E-02   -44.59062    -7.53366    -8.28711   -28.76985
   -0.45000E-02   -45.07892    -7.53783    -8.29134   -29.24975
   -0.39000E-02   -45.63203    -7.54144    -8.29506   -29.79553
   -0.33000E-02   -46.26084    -7.54453    -8.29818   -30.41813
   -0.27000E-02   -46.97901    -7.54705    -8.30074   -31.13122
   -0.21000E-02   -47.80778    -7.54904    -8.30274   -31.95601
   -0.15000E-02   -48.78783    -7.55045    -8.30416   -32.93322
   -0.90000E-03   -49.78681    -7.55131    -8.30501   -33.93049
   -0.30000E-03   -50.22023    -7.55159    -8.30530   -34.36334
    0.30000E-03   -49.78748    -7.55131    -8.30502   -33.93115
    0.90000E-03   -48.78667    -7.55050    -8.30418   -32.93199
    0.15000E-02   -47.80494    -7.54908    -8.30276   -31.95311
    0.21000E-02   -46.97643    -7.54711    -8.30081   -31.12851
    0.27000E-02   -46.25936    -7.54455    -8.29829   -30.41651
    0.33000E-02   -45.63162    -7.54140    -8.29521   -29.79501
    0.39000E-02   -45.08004    -7.53776    -8.29159   -29.25070
    0.45000E-02   -44.59317    -7.53352    -8.28742   -28.77223
    0.51000E-02   -44.16170    -7.52877    -8.28266   -28.35027
    0.57000E-02   -43.77724    -7.52346    -8.27737   -27.97640
    0.63000E-02   -43.43277    -7.51752    -8.27158   -27.64367
    0.69000E-02   -43.12083    -7.51113    -8.26522   -27.34448
    0.75000E-02   -42.83572    -7.50416    -8.25831   -27.07326
    0.81000E-02   -42.57165    -7.49656    -8.25091   -26.82418
    0.87000E-02   -42.32460    -7.48842    -8.24304   -26.59314
    0.93000E-02   -42.09246    -7.47975    -8.23463   -26.37807
    0.99000E-02   -41.87305    -7.47056    -8.22571   -26.17677
    0.10500E-01   -41.66422    -7.46080    -8.21632   -25.98710
    0.11100E-01   -41.46459    -7.45056    -8.20651   -25.80751
    0.11700E-01   -41.27329    -7.43979    -8.19604   -25.63745
    0.12300E-01   -41.09021    -7.42846    -8.18527   -25.47648
    0.12900E-01   -40.91347    -7.41656    -8.17392   -25.32299
    0.13500E-01   -40.74283    -7.40443    -8.16225   -25.17616
    0.14100E-01   -40.57783    -7.39173    -8.15023   -25.03588
    0.14700E-01   -40.41754    -7.37862    -8.13786   -24.90107
    0.15300E-01   -40.26169    -7.36491    -8.12498   -24.77180
    0.15900E-01   -40.10979    -7.35066    -8.11186   -24.64727
    0.16500E-01   -39.96146    -7.33605    -8.09836   -24.52706
    0.17100E-01   -39.81656    -7.32095    -8.08444   -24.41118
    0.17700E-01   -39.67465    -7.30531    -8.07013   -24.29921
    0.18300E-01   -39.53632    -7.28930    -8.05580   -24.19121
    0.18900E-01   -39.40052    -7.27292    -8.04098   -24.08662
    0.19500E-01   -39.26720    -7.25617    -8.02605   -23.98498
    0.21300E-01   -38.41454    -7.13247    -7.91696   -23.36510
    0.27000E-01   -37.30129    -6.93197    -7.74343   -22.62589
    0.33000E-01   -36.30815    -6.71987    -7.56312   -22.02516
    0.39000E-01   -35.41047    -6.50557    -7.38515   -21.51976
    0.45000E-01   -34.60507    -6.29986    -7.22049   -21.08472
    0.51000E-01   -33.88835    -6.11401    -7.07215   -20.70218
    0.57000E-01   -33.24549    -5.94750    -6.93534   -20.36265
    0.63000E-01   -32.66022    -5.79532    -6.80684   -20.05806
    0.69000E-01   -32.12127    -5.65330    -6.68515   -19.78282
    0.75000E-01   -31.61776    -5.51743    -6.56805   -19.53229
    0.81000E-01   -31.14736    -5.38964    -6.45610   -19.30162
    0.87000E-01   -30.70372    -5.26863    -6.34818   -19.08692
    0.93000E-01   -30.28965    -5.15467    -6.24550   -18.88948
    0.99000E-01   -29.89788    -5.04601    -6.14631   -18.70556
    0.10500       -29.52757    -4.94198    -6.05160   -18.53399
    0.11100       -29.17551    -4.84203    -5.96045   -18.37304
    0.11700       -28.83998    -4.74769    -5.87220   -18.22009
    0.12300       -28.52017    -4.65625    -5.78749   -18.07643
    0.12900       -28.21636    -4.57002    -5.70667   -17.93967
    0.13500       -27.92642    -4.48652    -5.62780   -17.81210
    0.14100       -27.64951    -4.40608    -5.55379   -17.68964
    0.14700       -27.38372    -4.32959    -5.48078   -17.57335
    0.15300       -27.12829    -4.25489    -5.41148   -17.46192
    0.15900       -26.88168    -4.18308    -5.34327   -17.35533
    0.16500       -26.64737    -4.11356    -5.27862   -17.25519
    0.17100       -26.42286    -4.04746    -5.21673   -17.15866
    0.17700       -26.20614    -3.98396    -5.15633   -17.06585
    0.18300       -25.99832    -3.92281    -5.09777   -16.97774
    0.18900       -25.79733    -3.86314    -5.04142   -16.89277
    0.19500       -25.60162    -3.80497    -4.98667   -16.80997
    0.20100       -25.41492    -3.74959    -4.93330   -16.73202
    0.20700       -25.23377    -3.69537    -4.88114   -16.65726
    0.21300       -25.05779    -3.64201    -4.83153   -16.58425
    0.22700       -23.77725    -3.25421    -4.46228   -16.06076
    0.34500       -21.22607    -2.45498    -3.73133   -15.03976
    0.49500       -19.68474    -1.98421    -3.28233   -14.41820
    0.64500       -18.58976    -1.66808    -2.96411   -13.95757
    0.79500       -17.73286    -1.43190    -2.72167   -13.57930
    0.94500       -17.04598    -1.24744    -2.53235   -13.26619
     1.0950       -16.47769    -1.09744    -2.38125   -12.99900
     1.2450       -16.00029    -0.97214    -2.25989   -12.76827
     1.3950       -15.59590    -0.87037    -2.15929   -12.56624
     1.5450       -15.23780    -0.78017    -2.07291   -12.38472
     1.6950       -14.93745    -0.70269    -2.00145   -12.23331
     1.8450       -14.66411    -0.63532    -1.93772   -12.09107
     1.9950       -14.41872    -0.57456    -1.88244   -11.96173
     2.1450       -14.19960    -0.52328    -1.83400   -11.84232
     2.2950       -14.00276    -0.47827    -1.79066   -11.73382
     2.4450       -13.82378    -0.43597    -1.75184   -11.63597
     2.5950       -13.66176    -0.39927    -1.71679   -11.54570
     2.7450       -13.51346    -0.36652    -1.68500   -11.46194
     2.8950       -13.38641    -0.33687    -1.65655   -11.39299
     3.0450       -13.26413    -0.30988    -1.62812   -11.32612
     3.1950       -13.15269    -0.28647    -1.60431   -11.26191
     3.3450       -13.05566    -0.26569    -1.58157   -11.20840
     3.4950       -12.96372    -0.24629    -1.55954   -11.15790
     3.6450       -12.87615    -0.22939    -1.53847   -11.10828
     3.7950       -12.79528    -0.21307    -1.51949   -11.06272
     3.9450       -12.72436    -0.19856    -1.50217   -11.02363
     4.0950       -12.65631    -0.18401    -1.48683   -10.98547
     4.2450       -12.59773    -0.17497    -1.47132   -10.95144
     4.3950       -12.53658    -0.16545    -1.45668   -10.91445
     4.5450       -12.48162    -0.15608    -1.44271   -10.88284
     4.6950       -12.42980    -0.14730    -1.42970   -10.85279
     4.8450       -12.38513    -0.14223    -1.41836   -10.82454
     4.9950       -12.33802    -0.13372    -1.40718   -10.79713
     5.1450       -12.29471    -0.12865    -1.39671   -10.76935
     5.2950       -12.25256    -0.12139    -1.38807   -10.74309
     5.4450       -12.21503    -0.11869    -1.37820   -10.71814
     5.5950       -12.18022    -0.11738    -1.36963   -10.69321
     5.7450       -12.14455    -0.11341    -1.36225   -10.66890
     5.8950       -12.10894    -0.10943    -1.35436   -10.64515
     6.0450       -12.07604    -0.10547    -1.34769   -10.62289
     6.1950       -12.04473    -0.10285    -1.34170   -10.60018
     6.3450       -12.01540    -0.09889    -1.33751   -10.57900
     6.4950       -11.98797    -0.09626    -1.33332   -10.55839
     6.6450       -11.96104    -0.09230    -1.33048   -10.53827
     6.7950       -11.93942    -0.09148    -1.32937   -10.51857
     6.9450       -11.91657    -0.09068    -1.32653   -10.49935
     7.0950       -11.89596    -0.08993    -1.32551   -10.48051
     7.2450       -11.87586    -0.08922    -1.32455   -10.46209
     7.3950       -11.85631    -0.08853    -1.32362   -10.44416
     7.5450       -11.83389    -0.08788    -1.31951   -10.42649
     7.6950       -11.81518    -0.08727    -1.31864   -10.40926
     7.8450       -11.79689    -0.08668    -1.31781   -10.39240
     7.9950       -11.77898    -0.08611    -1.31702   -10.37585
     8.1450       -11.76137    -0.08556    -1.31624   -10.35958
     8.2950       -11.74412    -0.08504    -1.31549   -10.34359
     8.4450       -11.72725    -0.08453    -1.31477   -10.32795
     8.5950       -11.71073    -0.08405    -1.31407   -10.31261
     8.7450       -11.69449    -0.08357    -1.31339   -10.29753
     8.8950       -11.67854    -0.08311    -1.31272   -10.28270
     9.0450       -11.66285    -0.08267    -1.31208   -10.26810
     9.1950       -11.64753    -0.08224    -1.31146   -10.25383
     9.3450       -11.63244    -0.08183    -1.31086   -10.23976
     9.4950       -11.61762    -0.08143    -1.31027   -10.22593
     9.6450       -11.60310    -0.08104    -1.30969   -10.21237
     9.7950       -11.58880    -0.08067    -1.30913   -10.19900
     9.9450       -11.57473    -0.08031    -1.30858   -10.18584
     10.095       -11.56090    -0.07995    -1.30806   -10.17290
     10.245       -11.54730    -0.07960    -1.30753   -10.16017
     10.395       -11.53392    -0.07926    -1.30702   -10.14765
     10.545       -11.52073    -0.07893    -1.30651   -10.13529
     10.695       -11.50771    -0.07862    -1.30602   -10.12307
     10.845       -11.49492    -0.07830    -1.30552   -10.11109
     10.995       -11.48233    -0.07800    -1.30505   -10.09928
     11.145       -11.46988    -0.07770    -1.30458   -10.08759
     11.295       -11.45763    -0.07741    -1.30413   -10.07609
     11.445       -11.44555    -0.07714    -1.30369   -10.06472
     11.595       -11.43363    -0.07686    -1.30325   -10.05353
     11.745       -11.42190    -0.07658    -1.30281   -10.04251
     11.895       -11.41030    -0.07632    -1.30239   -10.03160
     12.045       -11.39890    -0.07605    -1.30198   -10.02088
     12.195       -11.38767    -0.07581    -1.30157   -10.01029
     12.345       -11.37653    -0.07556    -1.30116    -9.99982
     12.495       -11.36553    -0.07531    -1.30076    -9.98947
     12.645       -11.35471    -0.07507    -1.30036    -9.97928
     12.795       -11.34406    -0.07484    -1.29998    -9.96924
     12.945       -11.33351    -0.07460    -1.29960    -9.95930
     13.095       -11.32308    -0.07438    -1.29923    -9.94946
     13.245       -11.31277    -0.07416    -1.29886    -9.93974
     13.395       -11.30258    -0.07394    -1.29850    -9.93014
     13.545       -11.29250    -0.07373    -1.29813    -9.92063
     13.695       -11.28256    -0.07353    -1.29778    -9.91125
     13.845       -11.27274    -0.07332    -1.29743    -9.90198
     13.995       -11.26305    -0.07313    -1.29708    -9.89284
     14.145       -11.25345    -0.07293    -1.29674    -9.88378
     14.295       -11.24397    -0.07273    -1.29640    -9.87483
     14.445       -11.23462    -0.07254    -1.29608    -9.86600
     14.595       -11.22537    -0.07236    -1.29575    -9.85726
     14.745       -11.21620    -0.07217    -1.29543    -9.84860
     14.895       -11.20710    -0.07199    -1.29511    -9.84000
     15.045       -11.19814    -0.07180    -1.29480    -9.83154
     15.195       -11.18925    -0.07162    -1.29449    -9.82313
     15.345       -11.18045    -0.07145    -1.29419    -9.81481
     15.495       -11.17175    -0.07128    -1.29388    -9.80659
     15.645       -11.16312    -0.07111    -1.29358    -9.79843
     15.795       -11.15458    -0.07094    -1.29329    -9.79036
     15.945       -11.14616    -0.07077    -1.29300    -9.78239
     16.095       -11.13780    -0.07061    -1.29270    -9.77449
     16.245       -11.12954    -0.07045    -1.29241    -9.76668
     16.395       -11.12137    -0.07029    -1.29213    -9.75895
     16.545       -11.11326    -0.07014    -1.29185    -9.75127
     16.695       -11.10524    -0.06999    -1.29157    -9.74368
     16.845       -11.09732    -0.06983    -1.29129    -9.73619
     16.995       -11.08944    -0.06968    -1.29102    -9.72874
     17.145       -11.08158    -0.06953    -1.29074    -9.72130
     17.295       -11.07384    -0.06939    -1.29048    -9.71397
     17.445       -11.06620    -0.06925    -1.29022    -9.70673
     17.595       -11.05862    -0.06910    -1.28996    -9.69956
     17.745       -11.05110    -0.06896    -1.28969    -9.69245
     17.895       -11.04365    -0.06882    -1.28943    -9.68539
     18.045       -11.03629    -0.06868    -1.28918    -9.67843
     18.195       -11.02899    -0.06855    -1.28892    -9.67152
     18.345       -11.02172    -0.06841    -1.28868    -9.66463
     18.495       -11.01452    -0.06828    -1.28843    -9.65781
     18.645       -11.00738    -0.06815    -1.28818    -9.65105
     18.795       -11.00030    -0.06802    -1.28794    -9.64434
     18.945       -10.99327    -0.06789    -1.28770    -9.63768
     19.095       -10.98629    -0.06777    -1.28747    -9.63106
     19.245       -10.97941    -0.06764    -1.28723    -9.62454
     19.395       -10.97258    -0.06751    -1.28700    -9.61806
     19.545       -10.96577    -0.06739    -1.28677    -9.61161
     19.695       -10.95904    -0.06727    -1.28654    -9.60523
     19.845       -10.95239    -0.06715    -1.28632    -9.59892
     19.995       -10.94576    -0.06703    -1.28609    -9.59264
     20.145       -10.93919    -0.06691    -1.28587    -9.58640
     20.295       -10.93269    -0.06679    -1.28565    -9.58025
     20.445       -10.92626    -0.06668    -1.28544    -9.57415
     20.595       -10.91984    -0.06656    -1.28521    -9.56806
     20.745       -10.91350    -0.06644    -1.28500    -9.56206
     20.895       -10.90720    -0.06633    -1.28478    -9.55609
     21.045       -10.90092    -0.06622    -1.28457    -9.55013
     21.195       -10.89469    -0.06611    -1.28436    -9.54422
     21.345       -10.88854    -0.06600    -1.28415    -9.53839
     21.495       -10.88242    -0.06589    -1.28394    -9.53258
     21.645       -10.87635    -0.06578    -1.28374    -9.52683
     21.795       -10.87033    -0.06568    -1.28353    -9.52112
     21.945       -10.86431    -0.06557    -1.28332    -9.51542
     22.095       -10.85841    -0.06546    -1.28312    -9.50982
     22.245       -10.85253    -0.06536    -1.28293    -9.50424
     22.395       -10.84666    -0.06526    -1.28273    -9.49867
     22.545       -10.84084    -0.06516    -1.28253    -9.49315
     22.695       -10.83507    -0.06505    -1.28234    -9.48768
     22.845       -10.82934    -0.06495    -1.28214    -9.48225
     22.995       -10.82363    -0.06485    -1.28194    -9.47684
     23.145       -10.81796    -0.06475    -1.28175    -9.47145
     23.295       -10.81235    -0.06466    -1.28156    -9.46613
     23.445       -10.80677    -0.06456    -1.28138    -9.46084
     23.595       -10.80125    -0.06446    -1.28119    -9.45560
     23.745       -10.79574    -0.06437    -1.28100    -9.45038
     23.895       -10.79029    -0.06427    -1.28082    -9.44520
     24.045       -10.78486    -0.06418    -1.28063    -9.44005
     24.195       -10.77948    -0.06408    -1.28045    -9.43494
     24.345       -10.77412    -0.06399    -1.28027    -9.42986
     24.495       -10.76880    -0.06390    -1.28009    -9.42480
     24.645       -10.76351    -0.06381    -1.27992    -9.41979
     24.795       -10.75825    -0.06372    -1.27974    -9.41479
     24.945       -10.75303    -0.06363    -1.27956    -9.40985
     25.095       -10.74787    -0.06354    -1.27938    -9.40495
     25.245       -10.74272    -0.06345    -1.27921    -9.40006
     25.395       -10.73759    -0.06336    -1.27904    -9.39519
     25.545       -10.73249    -0.06327    -1.27887    -9.39035
     25.695       -10.72748    -0.06319    -1.27870    -9.38559
     25.845       -10.72246    -0.06310    -1.27853    -9.38082
     25.995       -10.71746    -0.06302    -1.27836    -9.37609
     26.145       -10.71252    -0.06293    -1.27820    -9.37139
     26.295       -10.70760    -0.06285    -1.27803    -9.36672
     26.445       -10.70272    -0.06277    -1.27787    -9.36209
     26.595       -10.69789    -0.06269    -1.27770    -9.35750
     26.745       -10.69306    -0.06261    -1.27754    -9.35292
     26.895       -10.68825    -0.06252    -1.27738    -9.34835
     27.045       -10.68348    -0.06244    -1.27722    -9.34381
     27.195       -10.67874    -0.06236    -1.27707    -9.33931
     27.345       -10.67402    -0.06228    -1.27691    -9.33483
     27.495       -10.66932    -0.06220    -1.27675    -9.33036
     27.645       -10.66465    -0.06212    -1.27660    -9.32593
     27.795       -10.66001    -0.06204    -1.27644    -9.32153
     27.945       -10.65541    -0.06196    -1.27628    -9.31717
     28.095       -10.65082    -0.06189    -1.27613    -9.31281
     28.245       -10.64626    -0.06181    -1.27597    -9.30848
     28.395       -10.64174    -0.06173    -1.27582    -9.30419
     28.545       -10.63723    -0.06165    -1.27567    -9.29991
     28.695       -10.63274    -0.06158    -1.27552    -9.29564
     28.845       -10.62831    -0.06151    -1.27537    -9.29144
     28.995       -10.62387    -0.06144    -1.27522    -9.28722
     29.145       -10.61949    -0.06136    -1.27507    -9.28305
     29.295       -10.61510    -0.06129    -1.27492    -9.27889
     29.445       -10.61075    -0.06122    -1.27477    -9.27476
     29.595       -10.60642    -0.06114    -1.27463    -9.27064
     29.745       -10.60211    -0.06107    -1.27449    -9.26654
     29.895       -10.59781    -0.06100    -1.27434    -9.26247
     30.045       -10.59355    -0.06093    -1.27420    -9.25842
     30.195       -10.58931    -0.06086    -1.27405    -9.25440
     30.345       -10.58509    -0.06079    -1.27391    -9.25039
     30.495       -10.58087    -0.06072    -1.27377    -9.24638
     30.645       -10.57669    -0.06065    -1.27363    -9.24241
     30.795       -10.57254    -0.06058    -1.27349    -9.23847
     30.945       -10.56840    -0.06051    -1.27335    -9.23454
     31.095       -10.56431    -0.06044    -1.27321    -9.23065
     31.245       -10.56020    -0.06038    -1.27307    -9.22675
     31.395       -10.55615    -0.06031    -1.27294    -9.22290
     31.545       -10.55211    -0.06024    -1.27280    -9.21907
     31.695       -10.54811    -0.06018    -1.27267    -9.21527
     31.845       -10.54411    -0.06011    -1.27253    -9.21147
     31.995       -10.54013    -0.06005    -1.27240    -9.20769
     32.145       -10.53617    -0.05998    -1.27227    -9.20393
     32.295       -10.53220    -0.05991    -1.27213    -9.20016
     32.445       -10.52827    -0.05985    -1.27200    -9.19642
     32.595       -10.52435    -0.05978    -1.27187    -9.19269
     32.745       -10.52046    -0.05972    -1.27174    -9.18900
     32.895       -10.51661    -0.05966    -1.27161    -9.18534
     33.045       -10.51275    -0.05960    -1.27148    -9.18168
     33.195       -10.50892    -0.05953    -1.27136    -9.17804
     33.345       -10.50511    -0.05947    -1.27123    -9.17441
     33.495       -10.50133    -0.05941    -1.27110    -9.17081
     33.645       -10.49758    -0.05935    -1.27097    -9.16725
     33.795       -10.49383    -0.05929    -1.27085    -9.16369
     33.945       -10.49009    -0.05923    -1.27072    -9.16014
     34.095       -10.48638    -0.05917    -1.27060    -9.15661
     34.245       -10.48267    -0.05911    -1.27047    -9.15308
     34.395       -10.47899    -0.05905    -1.27035    -9.14959
     34.545       -10.47533    -0.05899    -1.27022    -9.14612
     34.695       -10.47166    -0.05893    -1.27010    -9.14263
     34.845       -10.46805    -0.05887    -1.26998    -9.13920
     34.995       -10.46442    -0.05881    -1.26986    -9.13575
     35.145       -10.46081    -0.05875    -1.26974    -9.13233
     35.295       -10.45722    -0.05869    -1.26962    -9.12892
     35.445       -10.45367    -0.05863    -1.26950    -9.12554
     35.595       -10.45013    -0.05858    -1.26938    -9.12218
     35.745       -10.44660    -0.05852    -1.26926    -9.11882
     35.895       -10.44308    -0.05846    -1.26914    -9.11549
     36.045       -10.43956    -0.05840    -1.26902    -9.11214
     36.195       -10.43607    -0.05834    -1.26890    -9.10883
     36.345       -10.43258    -0.05828    -1.26878    -9.10552
     36.495       -10.42914    -0.05823    -1.26867    -9.10224
     36.645       -10.42572    -0.05817    -1.26855    -9.09899
     36.795       -10.42230    -0.05811    -1.26844    -9.09575
     36.945       -10.41889    -0.05806    -1.26832    -9.09250
     37.095       -10.41551    -0.05801    -1.26821    -9.08929
     37.245       -10.41214    -0.05795    -1.26810    -9.08609
     37.395       -10.40879    -0.05790    -1.26799    -9.08290
     37.545       -10.40544    -0.05785    -1.26787    -9.07972
     37.695       -10.40210    -0.05779    -1.26776    -9.07655
     37.845       -10.39880    -0.05774    -1.26765    -9.07341
     37.995       -10.39550    -0.05769    -1.26754    -9.07028
     38.145       -10.39223    -0.05763    -1.26743    -9.06717
     38.295       -10.38897    -0.05758    -1.26732    -9.06407
     38.445       -10.38570    -0.05753    -1.26721    -9.06096
     38.595       -10.38245    -0.05747    -1.26710    -9.05787
     38.745       -10.37922    -0.05742    -1.26700    -9.05481
     38.895       -10.37601    -0.05737    -1.26689    -9.05175
     39.045       -10.37280    -0.05732    -1.26678    -9.04870
     39.195       -10.36962    -0.05726    -1.26668    -9.04568
     39.345       -10.36644    -0.05721    -1.26657    -9.04266
     39.495       -10.36327    -0.05716    -1.26646    -9.03965
     39.645       -10.36013    -0.05711    -1.26635    -9.03667
     39.795       -10.35699    -0.05706    -1.26625    -9.03369
     39.945       -10.35389    -0.05701    -1.26614    -9.03074
     40.095       -10.35077    -0.05695    -1.26604    -9.02778
     40.245       -10.34764    -0.05690    -1.26593    -9.02480
     40.395       -10.34453    -0.05685    -1.26583    -9.02185
     40.545       -10.34146    -0.05680    -1.26572    -9.01893
     40.695       -10.33839    -0.05675    -1.26562    -9.01602
     40.845       -10.33533    -0.05670    -1.26552    -9.01312
     40.995       -10.33229    -0.05665    -1.26541    -9.01022
     41.145       -10.32928    -0.05660    -1.26531    -9.00737
     41.295       -10.32627    -0.05655    -1.26521    -9.00451
     41.445       -10.32326    -0.05651    -1.26510    -9.00165
     41.595       -10.32026    -0.05646    -1.26500    -8.99880
     41.745       -10.31727    -0.05641    -1.26490    -8.99596
     41.895       -10.31432    -0.05636    -1.26481    -8.99315
     42.045       -10.31137    -0.05631    -1.26471    -8.99035
     42.195       -10.30842    -0.05626    -1.26461    -8.98755
     42.345       -10.30549    -0.05622    -1.26450    -8.98477
     42.495       -10.30258    -0.05617    -1.26441    -8.98200
     42.645       -10.29967    -0.05612    -1.26431    -8.97924
     42.795       -10.29678    -0.05607    -1.26422    -8.97650
     42.945       -10.29389    -0.05603    -1.26412    -8.97375
     43.095       -10.29101    -0.05598    -1.26402    -8.97101
     43.245       -10.28815    -0.05594    -1.26393    -8.96828
     43.395       -10.28527    -0.05589    -1.26383    -8.96555
     43.545       -10.28242    -0.05585    -1.26374    -8.96283
     43.695       -10.27960    -0.05581    -1.26364    -8.96015
     43.845       -10.27676    -0.05576    -1.26355    -8.95745
     43.995       -10.27394    -0.05571    -1.26345    -8.95477
     44.145       -10.27111    -0.05566    -1.26336    -8.95209
     44.295       -10.26832    -0.05562    -1.26326    -8.94944
     44.445       -10.26553    -0.05558    -1.26317    -8.94678
     44.595       -10.26276    -0.05553    -1.26308    -8.94415
     44.745       -10.26000    -0.05549    -1.26298    -8.94153
     44.895       -10.25724    -0.05544    -1.26289    -8.93891
     45.045       -10.25449    -0.05540    -1.26280    -8.93629
     45.195       -10.25175    -0.05536    -1.26271    -8.93368
     45.345       -10.24902    -0.05531    -1.26262    -8.93109
     45.495       -10.24632    -0.05527    -1.26253    -8.92852
     45.645       -10.24362    -0.05523    -1.26244    -8.92595
     45.795       -10.24093    -0.05518    -1.26235    -8.92339
     45.945       -10.23823    -0.05514    -1.26226    -8.92083
     46.095       -10.23555    -0.05510    -1.26217    -8.91828
     46.245       -10.23289    -0.05506    -1.26208    -8.91576
     46.395       -10.23023    -0.05501    -1.26199    -8.91323
     46.545       -10.22756    -0.05497    -1.26190    -8.91070
     46.695       -10.22492    -0.05493    -1.26181    -8.90818
     46.845       -10.22229    -0.05489    -1.26172    -8.90568
     46.995       -10.21968    -0.05485    -1.26163    -8.90320
     47.145       -10.21706    -0.05481    -1.26154    -8.90071
     47.295       -10.21446    -0.05476    -1.26145    -8.89824
     47.445       -10.21186    -0.05472    -1.26137    -8.89577
     47.595       -10.20928    -0.05468    -1.26128    -8.89332
     47.745       -10.20669    -0.05464    -1.26119    -8.89086
     47.895       -10.20412    -0.05460    -1.26110    -8.88842
     48.045       -10.20156    -0.05456    -1.26102    -8.88599
     48.195       -10.19902    -0.05452    -1.26093    -8.88357
     48.345       -10.19647    -0.05447    -1.26085    -8.88115
     48.495       -10.19393    -0.05443    -1.26076    -8.87874
     48.645       -10.19143    -0.05439    -1.26068    -8.87636
     48.795       -10.18893    -0.05435    -1.26059    -8.87398
     48.945       -10.18644    -0.05432    -1.26051    -8.87162
     49.095       -10.18396    -0.05428    -1.26043    -8.86926
     49.245       -10.18147    -0.05424    -1.26034    -8.86690
     49.395       -10.17901    -0.05420    -1.26026    -8.86455
     49.545       -10.17653    -0.05415    -1.26018    -8.86220
     49.695       -10.17407    -0.05412    -1.26009    -8.85986
     49.845       -10.17162    -0.05407    -1.26001    -8.85754
     49.995       -10.16919    -0.05404    -1.25993    -8.85522
     50.145       -10.16675    -0.05400    -1.25985    -8.85291
     50.295       -10.16432    -0.05396    -1.25977    -8.85060
     50.445       -10.16188    -0.05392    -1.25968    -8.84828
     50.595       -10.15947    -0.05388    -1.25960    -8.84599
     50.745       -10.15707    -0.05385    -1.25952    -8.84371
     50.895       -10.15466    -0.05381    -1.25944    -8.84141
     51.045       -10.15227    -0.05377    -1.25936    -8.83914
     51.195       -10.14989    -0.05373    -1.25928    -8.83687
     51.345       -10.14751    -0.05370    -1.25920    -8.83461
     51.495       -10.14515    -0.05366    -1.25912    -8.83237
     51.645       -10.14280    -0.05362    -1.25904    -8.83013
     51.795       -10.14046    -0.05359    -1.25897    -8.82790
     51.945       -10.13811    -0.05355    -1.25888    -8.82568
     52.095       -10.13577    -0.05351    -1.25880    -8.82346
     52.245       -10.13344    -0.05348    -1.25872    -8.82124
     52.395       -10.13113    -0.05344    -1.25865    -8.81905
     52.545       -10.12880    -0.05340    -1.25857    -8.81683
     52.695       -10.12649    -0.05336    -1.25849    -8.81464
     52.845       -10.12420    -0.05332    -1.25841    -8.81246
     52.995       -10.12191    -0.05329    -1.25833    -8.81029
     53.145       -10.11963    -0.05325    -1.25826    -8.80812
     53.295       -10.11734    -0.05321    -1.25818    -8.80595
     53.445       -10.11510    -0.05318    -1.25810    -8.80381
     53.595       -10.11282    -0.05314    -1.25803    -8.80165
     53.745       -10.11054    -0.05310    -1.25795    -8.79948
     53.895       -10.10829    -0.05307    -1.25788    -8.79734
     54.045       -10.10604    -0.05303    -1.25780    -8.79520
     54.195       -10.10378    -0.05300    -1.25773    -8.79306
     54.345       -10.10155    -0.05296    -1.25765    -8.79093
     54.495       -10.09931    -0.05293    -1.25758    -8.78880
     54.645       -10.09708    -0.05289    -1.25751    -8.78668
     54.795       -10.09487    -0.05286    -1.25743    -8.78458
     54.945       -10.09267    -0.05282    -1.25736    -8.78249
     55.095       -10.09047    -0.05279    -1.25728    -8.78040
     59.433        -9.91844    -0.05011    -1.25151    -8.61682
     80.646        -9.66850    -0.04623    -1.24311    -8.37917
     111.21        -9.42737    -0.04249    -1.23497    -8.14991
     153.36        -9.19495    -0.03892    -1.22711    -7.92891
     211.49        -8.97141    -0.03549    -1.21955    -7.71637
     291.64        -8.75666    -0.03218    -1.21225    -7.51223
     402.18        -8.55072    -0.02902    -1.20528    -7.31642
     554.60        -8.35340    -0.02596    -1.19857    -7.12887
     764.80        -8.16439    -0.02303    -1.19217    -6.94919
     1054.7        -7.98345    -0.02022    -1.18607    -6.77716
     1454.4        -7.81013    -0.01752    -1.18021    -6.61239
     2005.6        -7.64450    -0.01495    -1.17464    -6.45491
     2765.8        -7.48614    -0.01250    -1.16933    -6.30431
     3814.0        -7.33465    -0.01013    -1.16426    -6.16026
     5259.5        -7.18990    -0.00788    -1.15944    -6.02259
     7252.9        -7.05154    -0.00570    -1.15487    -5.89097
     10002.        -6.91946    -0.00363    -1.15050    -5.76533
     13793.        -6.79306    -0.00166    -1.14632    -5.64508
     19020.        -6.67251     0.00023    -1.14235    -5.53039
     26229.        -6.55732     0.00204    -1.13855    -5.42080
     36170.        -6.44742     0.00378    -1.13494    -5.31626
     49878.        -6.34262     0.00542    -1.13151    -5.21653
     68782.        -6.24274     0.00698    -1.12823    -5.12150
     94851.        -6.14766     0.00848    -1.12509    -5.03104
    0.13080E+06    -6.05705     0.00991    -1.12213    -4.94483
    0.18038E+06    -5.97084     0.01125    -1.11929    -4.86281
    0.24874E+06    -5.88886     0.01253    -1.11657    -4.78482
    0.34301E+06    -5.81083     0.01376    -1.11399    -4.71060
    0.47302E+06    -5.73681     0.01494    -1.11152    -4.64022
    0.65229E+06    -5.66642     0.01604    -1.10918    -4.57328
    0.89952E+06    -5.59966     0.01709    -1.10692    -4.50982
    0.12404E+07    -5.53623     0.01808    -1.10480    -4.44951
    0.17106E+07    -5.47594     0.01904    -1.10277    -4.39221
    0.23589E+07    -5.41868     0.01992    -1.10085    -4.33775
    0.32529E+07    -5.36430     0.02077    -1.09903    -4.28604
    0.44858E+07    -5.31268     0.02158    -1.09730    -4.23695
    0.61860E+07    -5.26365     0.02234    -1.09567    -4.19033
    0.85305E+07    -5.21699     0.02308    -1.09410    -4.14597
    0.11764E+08    -5.17270     0.02377    -1.09258    -4.10389
    0.16222E+08    -5.13065     0.02444    -1.09116    -4.06392
    0.22370E+08    -5.09071     0.02506    -1.08982    -4.02594
    0.30849E+08    -5.05282     0.02565    -1.08854    -3.98993
    0.42541E+08    -5.01702     0.02622    -1.08732    -3.95592
    0.58664E+08    -4.98334     0.02674    -1.08618    -3.92390
    0.80898E+08    -4.95185     0.02724    -1.08509    -3.89400
    0.11156E+09    -4.92231     0.02770    -1.08405    -3.86596
    0.15384E+09    -4.89468     0.02813    -1.08307    -3.83973
    0.21215E+09    -4.86873     0.02853    -1.08215    -3.81511
    0.29255E+09    -4.84436     0.02892    -1.08126    -3.79202
    0.40343E+09    -4.82151     0.02927    -1.08042    -3.77037
    0.55633E+09    -4.79998     0.02961    -1.07961    -3.74998
    0.76719E+09    -4.77986     0.02993    -1.07886    -3.73093
    0.10580E+10    -4.76171     0.03021    -1.07815    -3.71376
    0.14589E+10    -4.74502     0.03047    -1.07749    -3.69799
    0.20119E+10    -4.72968     0.03070    -1.07687    -3.68351
    0.27744E+10    -4.71548     0.03093    -1.07629    -3.67012
    0.38259E+10    -4.70241     0.03113    -1.07575    -3.65779
    0.52760E+10    -4.69036     0.03131    -1.07524    -3.64643
    0.72756E+10    -4.67923     0.03148    -1.07477    -3.63595
    0.10033E+11    -4.66892     0.03164    -1.07431    -3.62625
    0.13836E+11    -4.65942     0.03179    -1.07389    -3.61731
    0.19079E+11    -4.65064     0.03192    -1.07351    -3.60906
    0.26311E+11    -4.64254     0.03205    -1.07316    -3.60143
    0.36283E+11    -4.63505     0.03217    -1.07284    -3.59437
    0.50034E+11    -4.62813     0.03227    -1.07255    -3.58785
    0.68997E+11    -4.62174     0.03237    -1.07229    -3.58183
    0.10000E+12    -4.54509     0.03356    -1.06905    -3.50960
