    -99.945         0.00000     0.00000     0.00000     0.00000
    -99.795         0.00000     0.00000     0.00000     0.00000
    -99.645         0.00000     0.00000     0.00000     0.00000
    -99.495         0.00000     0.00000     0.00000     0.00000
    -99.345         0.00000     0.00000     0.00000     0.00000
    -99.195         0.00000     0.00000     0.00000     0.00000
    -99.045         0.00000     0.00000     0.00000     0.00000
    -98.895         0.00000     0.00000     0.00000     0.00000
    -98.745         0.00000     0.00000     0.00000     0.00000
    -98.595         0.00000     0.00000     0.00000     0.00000
    -98.445         0.00000     0.00000     0.00000     0.00000
    -98.295         0.00000     0.00000     0.00000     0.00000
    -98.145         0.00000     0.00000     0.00000     0.00000
    -97.995         0.00000     0.00000     0.00000     0.00000
    -97.845         0.00000     0.00000     0.00000     0.00000
    -97.695         0.00000     0.00000     0.00000     0.00000
    -97.545         0.00000     0.00000     0.00000     0.00000
    -97.395         0.00000     0.00000     0.00000     0.00000
    -97.245         0.00000     0.00000     0.00000     0.00000
    -97.095         0.00000     0.00000     0.00000     0.00000
    -96.945         0.00000     0.00000     0.00000     0.00000
    -96.795         0.00000     0.00000     0.00000     0.00000
    -96.645         0.00000     0.00000     0.00000     0.00000
    -96.495         0.00000     0.00000     0.00000     0.00000
    -96.345         0.00000     0.00000     0.00000     0.00000
    -96.195         0.00000     0.00000     0.00000     0.00000
    -96.045         0.00000     0.00000     0.00000     0.00000
    -95.895         0.00000     0.00000     0.00000     0.00000
    -95.745         0.00000     0.00000     0.00000     0.00000
    -95.595         0.00000     0.00000     0.00000     0.00000
    -95.445         0.00000     0.00000     0.00000     0.00000
    -95.295         0.00000     0.00000     0.00000     0.00000
    -95.145         0.00000     0.00000     0.00000     0.00000
    -94.995         0.00000     0.00000     0.00000     0.00000
    -94.845         0.00000     0.00000     0.00000     0.00000
    -94.695         0.00000     0.00000     0.00000     0.00000
    -94.545         0.00000     0.00000     0.00000     0.00000
    -94.395         0.00000     0.00000     0.00000     0.00000
    -94.245         0.00000     0.00000     0.00000     0.00000
    -94.095         0.00000     0.00000     0.00000     0.00000
    -93.945         0.00000     0.00000     0.00000     0.00000
    -93.795         0.00000     0.00000     0.00000     0.00000
    -93.645         0.00000     0.00000     0.00000     0.00000
    -93.495         0.00000     0.00000     0.00000     0.00000
    -93.345         0.00000     0.00000     0.00000     0.00000
    -93.195         0.00000     0.00000     0.00000     0.00000
    -93.045         0.00000     0.00000     0.00000     0.00000
    -92.895         0.00000     0.00000     0.00000     0.00000
    -92.745         0.00000     0.00000     0.00000     0.00000
    -92.595         0.00000     0.00000     0.00000     0.00000
    -92.445         0.00000     0.00000     0.00000     0.00000
    -92.295         0.00000     0.00000     0.00000     0.00000
    -92.145         0.00000     0.00000     0.00000     0.00000
    -91.995         0.00000     0.00000     0.00000     0.00000
    -91.845         0.00000     0.00000     0.00000     0.00000
    -91.695         0.00000     0.00000     0.00000     0.00000
    -91.545         0.00000     0.00000     0.00000     0.00000
    -91.395         0.00000     0.00000     0.00000     0.00000
    -91.245         0.00000     0.00000     0.00000     0.00000
    -91.095         0.00000     0.00000     0.00000     0.00000
    -90.945         0.00000     0.00000     0.00000     0.00000
    -90.795         0.00000     0.00000     0.00000     0.00000
    -90.645         0.00000     0.00000     0.00000     0.00000
    -90.495         0.00000     0.00000     0.00000     0.00000
    -90.345         0.00000     0.00000     0.00000     0.00000
    -90.195         0.00000     0.00000     0.00000     0.00000
    -90.045         0.00000     0.00000     0.00000     0.00000
    -89.895         0.00000     0.00000     0.00000     0.00000
    -89.745         0.00000     0.00000     0.00000     0.00000
    -89.595         0.00000     0.00000     0.00000     0.00000
    -89.445         0.00000     0.00000     0.00000     0.00000
    -89.295         0.00000     0.00000     0.00000     0.00000
    -89.145         0.00000     0.00000     0.00000     0.00000
    -88.995         0.00000     0.00000     0.00000     0.00000
    -88.845         0.00000     0.00000     0.00000     0.00000
    -88.695         0.00000     0.00000     0.00000     0.00000
    -88.545         0.00000     0.00000     0.00000     0.00000
    -88.395         0.00000     0.00000     0.00000     0.00000
    -88.245         0.00000     0.00000     0.00000     0.00000
    -88.095         0.00000     0.00000     0.00000     0.00000
    -87.945         0.00000     0.00000     0.00000     0.00000
    -87.795         0.00000     0.00000     0.00000     0.00000
    -87.645         0.00000     0.00000     0.00000     0.00000
    -87.495         0.00000     0.00000     0.00000     0.00000
    -87.345         0.00000     0.00000     0.00000     0.00000
    -87.195         0.00000     0.00000     0.00000     0.00000
    -87.045         0.00000     0.00000     0.00000     0.00000
    -86.895         0.00000     0.00000     0.00000     0.00000
    -86.745         0.00000     0.00000     0.00000     0.00000
    -86.595         0.00000     0.00000     0.00000     0.00000
    -86.445         0.00000     0.00000     0.00000     0.00000
    -86.295         0.00000     0.00000     0.00000     0.00000
    -86.145         0.00000     0.00000     0.00000     0.00000
    -85.995         0.00000     0.00000     0.00000     0.00000
    -85.845         0.00000     0.00000     0.00000     0.00000
    -85.695         0.00000     0.00000     0.00000     0.00000
    -85.545         0.00000     0.00000     0.00000     0.00000
    -85.395         0.00000     0.00000     0.00000     0.00000
    -85.245         0.00000     0.00000     0.00000     0.00000
    -85.095         0.00000     0.00000     0.00000     0.00000
    -84.945         0.00000     0.00000     0.00000     0.00000
    -84.795         0.00000     0.00000     0.00000     0.00000
    -84.645         0.00000     0.00000     0.00000     0.00000
    -84.495         0.00000     0.00000     0.00000     0.00000
    -84.345         0.00000     0.00000     0.00000     0.00000
    -84.195         0.00000     0.00000     0.00000     0.00000
    -84.045         0.00000     0.00000     0.00000     0.00000
    -83.895         0.00000     0.00000     0.00000     0.00000
    -83.745         0.00000     0.00000     0.00000     0.00000
    -83.595         0.00000     0.00000     0.00000     0.00000
    -83.445         0.00000     0.00000     0.00000     0.00000
    -83.295         0.00000     0.00000     0.00000     0.00000
    -83.145         0.00000     0.00000     0.00000     0.00000
    -82.995         0.00000     0.00000     0.00000     0.00000
    -82.845         0.00000     0.00000     0.00000     0.00000
    -82.695         0.00000     0.00000     0.00000     0.00000
    -82.545         0.00000     0.00000     0.00000     0.00000
    -82.395         0.00000     0.00000     0.00000     0.00000
    -82.245         0.00000     0.00000     0.00000     0.00000
    -82.095         0.00000     0.00000     0.00000     0.00000
    -81.945         0.00000     0.00000     0.00000     0.00000
    -81.795         0.00000     0.00000     0.00000     0.00000
    -81.645         0.00000     0.00000     0.00000     0.00000
    -81.495         0.00000     0.00000     0.00000     0.00000
    -81.345         0.00000     0.00000     0.00000     0.00000
    -81.195         0.00000     0.00000     0.00000     0.00000
    -81.045         0.00000     0.00000     0.00000     0.00000
    -80.895         0.00000     0.00000     0.00000     0.00000
    -80.745         0.00000     0.00000     0.00000     0.00000
    -80.595         0.00000     0.00000     0.00000     0.00000
    -80.445         0.00000     0.00000     0.00000     0.00000
    -80.295         0.00000     0.00000     0.00000     0.00000
    -80.145         0.00000     0.00000     0.00000     0.00000
    -79.995         0.00000     0.00000     0.00000     0.00000
    -79.845         0.00000     0.00000     0.00000     0.00000
    -79.695         0.00000     0.00000     0.00000     0.00000
    -79.545         0.00000     0.00000     0.00000     0.00000
    -79.395         0.00000     0.00000     0.00000     0.00000
    -79.245         0.00000     0.00000     0.00000     0.00000
    -79.095         0.00000     0.00000     0.00000     0.00000
    -78.945         0.00000     0.00000     0.00000     0.00000
    -78.795         0.00000     0.00000     0.00000     0.00000
    -78.645         0.00000     0.00000     0.00000     0.00000
    -78.495         0.00000     0.00000     0.00000     0.00000
    -78.345         0.00000     0.00000     0.00000     0.00000
    -78.195         0.00000     0.00000     0.00000     0.00000
    -78.045         0.00000     0.00000     0.00000     0.00000
    -77.895         0.00000     0.00000     0.00000     0.00000
    -77.745         0.00000     0.00000     0.00000     0.00000
    -77.595         0.00000     0.00000     0.00000     0.00000
    -77.445         0.00000     0.00000     0.00000     0.00000
    -77.295         0.00000     0.00000     0.00000     0.00000
    -77.145         0.00000     0.00000     0.00000     0.00000
    -76.995         0.00000     0.00000     0.00000     0.00000
    -76.845         0.00000     0.00000     0.00000     0.00000
    -76.695         0.00000     0.00000     0.00000     0.00000
    -76.545         0.00000     0.00000     0.00000     0.00000
    -76.395         0.00000     0.00000     0.00000     0.00000
    -76.245         0.00000     0.00000     0.00000     0.00000
    -76.095         0.00000     0.00000     0.00000     0.00000
    -75.945         0.00000     0.00000     0.00000     0.00000
    -75.795         0.00000     0.00000     0.00000     0.00000
    -75.645         0.00000     0.00000     0.00000     0.00000
    -75.495         0.00000     0.00000     0.00000     0.00000
    -75.345         0.00000     0.00000     0.00000     0.00000
    -75.195         0.00000     0.00000     0.00000     0.00000
    -75.045         0.00000     0.00000     0.00000     0.00000
    -74.895         0.00000     0.00000     0.00000     0.00000
    -74.745         0.00000     0.00000     0.00000     0.00000
    -74.595         0.00000     0.00000     0.00000     0.00000
    -74.445         0.00000     0.00000     0.00000     0.00000
    -74.295         0.00000     0.00000     0.00000     0.00000
    -74.145         0.00000     0.00000     0.00000     0.00000
    -73.995         0.00000     0.00000     0.00000     0.00000
    -73.845         0.00000     0.00000     0.00000     0.00000
    -73.695         0.00000     0.00000     0.00000     0.00000
    -73.545         0.00000     0.00000     0.00000     0.00000
    -73.395         0.00000     0.00000     0.00000     0.00000
    -73.245         0.00000     0.00000     0.00000     0.00000
    -73.095         0.00000     0.00000     0.00000     0.00000
    -72.945         0.00000     0.00000     0.00000     0.00000
    -72.795         0.00000     0.00000     0.00000     0.00000
    -72.645         0.00000     0.00000     0.00000     0.00000
    -72.495         0.00000     0.00000     0.00000     0.00000
    -72.345         0.00000     0.00000     0.00000     0.00000
    -72.195         0.00000     0.00000     0.00000     0.00000
    -72.045         0.00000     0.00000     0.00000     0.00000
    -71.895         0.00000     0.00000     0.00000     0.00000
    -71.745         0.00000     0.00000     0.00000     0.00000
    -71.595         0.00000     0.00000     0.00000     0.00000
    -71.445         0.00000     0.00000     0.00000     0.00000
    -71.295         0.00000     0.00000     0.00000     0.00000
    -71.145         0.00000     0.00000     0.00000     0.00000
    -70.995         0.00000     0.00000     0.00000     0.00000
    -70.845         0.00000     0.00000     0.00000     0.00000
    -70.695         0.00000     0.00000     0.00000     0.00000
    -70.545         0.00000     0.00000     0.00000     0.00000
    -70.395         0.00000     0.00000     0.00000     0.00000
    -70.245         0.00000     0.00000     0.00000     0.00000
    -70.095         0.00000     0.00000     0.00000     0.00000
    -69.945         0.00000     0.00000     0.00000     0.00000
    -69.795         0.00000     0.00000     0.00000     0.00000
    -69.645         0.00000     0.00000     0.00000     0.00000
    -69.495         0.00000     0.00000     0.00000     0.00000
    -69.345         0.00000     0.00000     0.00000     0.00000
    -69.195         0.00000     0.00000     0.00000     0.00000
    -69.045         0.00000     0.00000     0.00000     0.00000
    -68.895         0.00000     0.00000     0.00000     0.00000
    -68.745         0.00000     0.00000     0.00000     0.00000
    -68.595         0.00000     0.00000     0.00000     0.00000
    -68.445         0.00000     0.00000     0.00000     0.00000
    -68.295         0.00000     0.00000     0.00000     0.00000
    -68.145         0.00000     0.00000     0.00000     0.00000
    -67.995         0.00000     0.00000     0.00000     0.00000
    -67.845         0.00000     0.00000     0.00000     0.00000
    -67.695         0.00000     0.00000     0.00000     0.00000
    -67.545         0.00000     0.00000     0.00000     0.00000
    -67.395         0.00000     0.00000     0.00000     0.00000
    -67.245         0.00000     0.00000     0.00000     0.00000
    -67.095         0.00000     0.00000     0.00000     0.00000
    -66.945         0.00000     0.00000     0.00000     0.00000
    -66.795         0.00000     0.00000     0.00000     0.00000
    -66.645         0.00000     0.00000     0.00000     0.00000
    -66.495         0.00000     0.00000     0.00000     0.00000
    -66.345         0.00000     0.00000     0.00000     0.00000
    -66.195         0.00000     0.00000     0.00000     0.00000
    -66.045         0.00000     0.00000     0.00000     0.00000
    -65.895         0.00000     0.00000     0.00000     0.00000
    -65.745         0.00000     0.00000     0.00000     0.00000
    -65.595         0.00000     0.00000     0.00000     0.00000
    -65.445         0.00000     0.00000     0.00000     0.00000
    -65.295         0.00000     0.00000     0.00000     0.00000
    -65.145         0.00000     0.00000     0.00000     0.00000
    -64.995         0.00000     0.00000     0.00000     0.00000
    -64.845         0.00000     0.00000     0.00000     0.00000
    -64.695         0.00000     0.00000     0.00000     0.00000
    -64.545         0.00000     0.00000     0.00000     0.00000
    -64.395         0.00000     0.00000     0.00000     0.00000
    -64.245         0.00000     0.00000     0.00000     0.00000
    -64.095         0.00000     0.00000     0.00000     0.00000
    -63.945         0.00000     0.00000     0.00000     0.00000
    -63.795         0.00000     0.00000     0.00000     0.00000
    -63.645         0.00000     0.00000     0.00000     0.00000
    -63.495         0.00000     0.00000     0.00000     0.00000
    -63.345         0.00000     0.00000     0.00000     0.00000
    -63.195         0.00000     0.00000     0.00000     0.00000
    -63.045         0.00000     0.00000     0.00000     0.00000
    -62.895         0.00000     0.00000     0.00000     0.00000
    -62.745         0.00000     0.00000     0.00000     0.00000
    -62.595         0.00000     0.00000     0.00000     0.00000
    -62.445         0.00000     0.00000     0.00000     0.00000
    -62.295         0.00000     0.00000     0.00000     0.00000
    -62.145         0.00000     0.00000     0.00000     0.00000
    -61.995         0.00000     0.00000     0.00000     0.00000
    -61.845         0.00000     0.00000     0.00000     0.00000
    -61.695         0.00000     0.00000     0.00000     0.00000
    -61.545         0.00000     0.00000     0.00000     0.00000
    -61.395         0.00000     0.00000     0.00000     0.00000
    -61.245         0.00000     0.00000     0.00000     0.00000
    -61.095         0.00000     0.00000     0.00000     0.00000
    -60.945         0.00000     0.00000     0.00000     0.00000
    -60.795         0.00000     0.00000     0.00000     0.00000
    -60.645         0.00000     0.00000     0.00000     0.00000
    -60.495         0.00000     0.00000     0.00000     0.00000
    -60.345         0.00000     0.00000     0.00000     0.00000
    -60.195         0.00000     0.00000     0.00000     0.00000
    -60.045         0.00000     0.00000     0.00000     0.00000
    -59.895         0.00000     0.00000     0.00000     0.00000
    -59.745         0.00000     0.00000     0.00000     0.00000
    -59.595         0.00000     0.00000     0.00000     0.00000
    -59.445         0.00000     0.00000     0.00000     0.00000
    -59.295         0.00000     0.00000     0.00000     0.00000
    -59.145         0.00000     0.00000     0.00000     0.00000
    -58.995         0.00000     0.00000     0.00000     0.00000
    -58.845         0.00000     0.00000     0.00000     0.00000
    -58.695         0.00000     0.00000     0.00000     0.00000
    -58.545         0.00000     0.00000     0.00000     0.00000
    -58.395         0.00000     0.00000     0.00000     0.00000
    -58.245         0.00000     0.00000     0.00000     0.00000
    -58.095         0.00000     0.00000     0.00000     0.00000
    -57.945         0.00000     0.00000     0.00000     0.00000
    -57.795         0.00000     0.00000     0.00000     0.00000
    -57.645         0.00000     0.00000     0.00000     0.00000
    -57.495         0.00000     0.00000     0.00000     0.00000
    -57.345         0.00000     0.00000     0.00000     0.00000
    -57.195         0.00000     0.00000     0.00000     0.00000
    -57.045         0.00000     0.00000     0.00000     0.00000
    -56.895         0.00000     0.00000     0.00000     0.00000
    -56.745         0.00000     0.00000     0.00000     0.00000
    -56.595         0.00000     0.00000     0.00000     0.00000
    -56.445         0.00000     0.00000     0.00000     0.00000
    -56.295         0.00000     0.00000     0.00000     0.00000
    -56.145         0.00000     0.00000     0.00000     0.00000
    -55.995         0.00000     0.00000     0.00000     0.00000
    -55.845         0.00000     0.00000     0.00000     0.00000
    -55.695         0.00000     0.00000     0.00000     0.00000
    -55.545         0.00000     0.00000     0.00000     0.00000
    -55.395         0.00000     0.00000     0.00000     0.00000
    -55.245         0.00000     0.00000     0.00000     0.00000
    -55.095         0.00000     0.00000     0.00000     0.00000
    -54.945         0.00000     0.00000     0.00000     0.00000
    -54.795         0.00000     0.00000     0.00000     0.00000
    -54.645         0.00000     0.00000     0.00000     0.00000
    -54.495         0.00000     0.00000     0.00000     0.00000
    -54.345         0.00000     0.00000     0.00000     0.00000
    -54.195         0.00000     0.00000     0.00000     0.00000
    -54.045         0.00000     0.00000     0.00000     0.00000
    -53.895         0.00000     0.00000     0.00000     0.00000
    -53.745         0.00000     0.00000     0.00000     0.00000
    -53.595         0.00000     0.00000     0.00000     0.00000
    -53.445         0.00000     0.00000     0.00000     0.00000
    -53.295         0.00000     0.00000     0.00000     0.00000
    -53.145         0.00000     0.00000     0.00000     0.00000
    -52.995         0.00000     0.00000     0.00000     0.00000
    -52.845         0.00000     0.00000     0.00000     0.00000
    -52.695         0.00000     0.00000     0.00000     0.00000
    -52.545         0.00000     0.00000     0.00000     0.00000
    -52.395         0.00000     0.00000     0.00000     0.00000
    -52.245         0.00000     0.00000     0.00000     0.00000
    -52.095         0.00000     0.00000     0.00000     0.00000
    -51.945         0.00000     0.00000     0.00000     0.00000
    -51.795         0.00000     0.00000     0.00000     0.00000
    -51.645         0.00000     0.00000     0.00000     0.00000
    -51.495         0.00000     0.00000     0.00000     0.00000
    -51.345         0.00000     0.00000     0.00000     0.00000
    -51.195         0.00000     0.00000     0.00000     0.00000
    -51.045         0.00000     0.00000     0.00000     0.00000
    -50.895         0.00000     0.00000     0.00000     0.00000
    -50.745         0.00000     0.00000     0.00000     0.00000
    -50.595         0.00000     0.00000     0.00000     0.00000
    -50.445         0.00000     0.00000     0.00000     0.00000
    -50.295         0.00000     0.00000     0.00000     0.00000
    -50.145         0.00000     0.00000     0.00000     0.00000
    -49.995         0.00000     0.00000     0.00000     0.00000
    -49.845         0.00000     0.00000     0.00000     0.00000
    -49.695         0.00000     0.00000     0.00000     0.00000
    -49.545         0.00000     0.00000     0.00000     0.00000
    -49.395         0.00000     0.00000     0.00000     0.00000
    -49.245         0.00000     0.00000     0.00000     0.00000
    -49.095         0.00000     0.00000     0.00000     0.00000
    -48.945         0.00000     0.00000     0.00000     0.00000
    -48.795         0.00000     0.00000     0.00000     0.00000
    -48.645         0.00000     0.00000     0.00000     0.00000
    -48.495         0.00000     0.00000     0.00000     0.00000
    -48.345         0.00000     0.00000     0.00000     0.00000
    -48.195         0.00000     0.00000     0.00000     0.00000
    -48.045         0.00000     0.00000     0.00000     0.00000
    -47.895         0.00000     0.00000     0.00000     0.00000
    -47.745         0.00000     0.00000     0.00000     0.00000
    -47.595         0.00000     0.00000     0.00000     0.00000
    -47.445         0.00000     0.00000     0.00000     0.00000
    -47.295         0.00000     0.00000     0.00000     0.00000
    -47.145         0.00000     0.00000     0.00000     0.00000
    -46.995         0.00000     0.00000     0.00000     0.00000
    -46.845         0.00000     0.00000     0.00000     0.00000
    -46.695         0.00000     0.00000     0.00000     0.00000
    -46.545         0.00000     0.00000     0.00000     0.00000
    -46.395         0.00000     0.00000     0.00000     0.00000
    -46.245         0.00000     0.00000     0.00000     0.00000
    -46.095         0.00000     0.00000     0.00000     0.00000
    -45.945         0.00000     0.00000     0.00000     0.00000
    -45.795         0.00000     0.00000     0.00000     0.00000
    -45.645         0.00000     0.00000     0.00000     0.00000
    -45.495         0.00000     0.00000     0.00000     0.00000
    -45.345         0.00000     0.00000     0.00000     0.00000
    -45.195         0.00000     0.00000     0.00000     0.00000
    -45.045         0.00000     0.00000     0.00000     0.00000
    -44.895         0.00000     0.00000     0.00000     0.00000
    -44.745         0.00000     0.00000     0.00000     0.00000
    -44.595         0.00000     0.00000     0.00000     0.00000
    -44.445         0.00000     0.00000     0.00000     0.00000
    -44.295         0.00000     0.00000     0.00000     0.00000
    -44.145         0.00000     0.00000     0.00000     0.00000
    -43.995         0.00000     0.00000     0.00000     0.00000
    -43.845         0.00000     0.00000     0.00000     0.00000
    -43.695         0.00000     0.00000     0.00000     0.00000
    -43.545         0.00000     0.00000     0.00000     0.00000
    -43.395         0.00000     0.00000     0.00000     0.00000
    -43.245         0.00000     0.00000     0.00000     0.00000
    -43.095         0.00000     0.00000     0.00000     0.00000
    -42.945         0.00000     0.00000     0.00000     0.00000
    -42.795         0.00000     0.00000     0.00000     0.00000
    -42.645         0.00000     0.00000     0.00000     0.00000
    -42.495         0.00000     0.00000     0.00000     0.00000
    -42.345         0.00000     0.00000     0.00000     0.00000
    -42.195         0.00000     0.00000     0.00000     0.00000
    -42.045         0.00000     0.00000     0.00000     0.00000
    -41.895         0.00000     0.00000     0.00000     0.00000
    -41.745         0.00000     0.00000     0.00000     0.00000
    -41.595         0.00000     0.00000     0.00000     0.00000
    -41.445         0.00000     0.00000     0.00000     0.00000
    -41.295         0.00000     0.00000     0.00000     0.00000
    -41.145         0.00000     0.00000     0.00000     0.00000
    -40.995         0.00000     0.00000     0.00000     0.00000
    -40.845         0.00000     0.00000     0.00000     0.00000
    -40.695         0.00000     0.00000     0.00000     0.00000
    -40.545         0.00000     0.00000     0.00000     0.00000
    -40.395         0.00000     0.00000     0.00000     0.00000
    -40.245         0.00000     0.00000     0.00000     0.00000
    -40.095         0.00000     0.00000     0.00000     0.00000
    -39.945         0.00000     0.00000     0.00000     0.00000
    -39.795         0.00000     0.00000     0.00000     0.00000
    -39.645         0.00000     0.00000     0.00000     0.00000
    -39.495         0.00000     0.00000     0.00000     0.00000
    -39.345         0.00000     0.00000     0.00000     0.00000
    -39.195         0.00000     0.00000     0.00000     0.00000
    -39.045         0.00000     0.00000     0.00000     0.00000
    -38.895         0.00000     0.00000     0.00000     0.00000
    -38.745         0.00000     0.00000     0.00000     0.00000
    -38.595         0.00000     0.00000     0.00000     0.00000
    -38.445         0.00000     0.00000     0.00000     0.00000
    -38.295         0.00000     0.00000     0.00000     0.00000
    -38.145         0.00000     0.00000     0.00000     0.00000
    -37.995         0.00000     0.00000     0.00000     0.00000
    -37.845         0.00000     0.00000     0.00000     0.00000
    -37.695         0.00000     0.00000     0.00000     0.00000
    -37.545         0.00000     0.00000     0.00000     0.00000
    -37.395         0.00000     0.00000     0.00000     0.00000
    -37.245         0.00000     0.00000     0.00000     0.00000
    -37.095         0.00000     0.00000     0.00000     0.00000
    -36.945         0.00000     0.00000     0.00000     0.00000
    -36.795         0.00000     0.00000     0.00000     0.00000
    -36.645         0.00000     0.00000     0.00000     0.00000
    -36.495         0.00000     0.00000     0.00000     0.00000
    -36.345         0.00000     0.00000     0.00000     0.00000
    -36.195         0.00000     0.00000     0.00000     0.00000
    -36.045         0.00000     0.00000     0.00000     0.00000
    -35.895         0.00000     0.00000     0.00000     0.00000
    -35.745         0.00000     0.00000     0.00000     0.00000
    -35.595         0.00000     0.00000     0.00000     0.00000
    -35.445         0.00000     0.00000     0.00000     0.00000
    -35.295         0.00000     0.00000     0.00000     0.00000
    -35.145         0.00000     0.00000     0.00000     0.00000
    -34.995         0.00000     0.00000     0.00000     0.00000
    -34.845         0.00000     0.00000     0.00000     0.00000
    -34.695         0.00000     0.00000     0.00000     0.00000
    -34.545         0.00000     0.00000     0.00000     0.00000
    -34.395         0.00000     0.00000     0.00000     0.00000
    -34.245         0.00000     0.00000     0.00000     0.00000
    -34.095         0.00000     0.00000     0.00000     0.00000
    -33.945         0.00000     0.00000     0.00000     0.00000
    -33.795         0.00000     0.00000     0.00000     0.00000
    -33.645         0.00000     0.00000     0.00000     0.00000
    -33.495         0.00000     0.00000     0.00000     0.00000
    -33.345         0.00000     0.00000     0.00000     0.00000
    -33.195         0.00000     0.00000     0.00000     0.00000
    -33.045         0.00000     0.00000     0.00000     0.00000
    -32.895         0.00000     0.00000     0.00000     0.00000
    -32.745         0.00000     0.00000     0.00000     0.00000
    -32.595         0.00000     0.00000     0.00000     0.00000
    -32.445         0.00000     0.00000     0.00000     0.00000
    -32.295         0.00000     0.00000     0.00000     0.00000
    -32.145         0.00000     0.00000     0.00000     0.00000
    -31.995         0.00000     0.00000     0.00000     0.00000
    -31.845         0.00000     0.00000     0.00000     0.00000
    -31.695         0.00000     0.00000     0.00000     0.00000
    -31.545         0.00000     0.00000     0.00000     0.00000
    -31.395         0.00000     0.00000     0.00000     0.00000
    -31.245         0.00000     0.00000     0.00000     0.00000
    -31.095         0.00000     0.00000     0.00000     0.00000
    -30.945         0.00000     0.00000     0.00000     0.00000
    -30.795         0.00000     0.00000     0.00000     0.00000
    -30.645         0.00000     0.00000     0.00000     0.00000
    -30.495         0.00000     0.00000     0.00000     0.00000
    -30.345         0.00000     0.00000     0.00000     0.00000
    -30.195         0.00000     0.00000     0.00000     0.00000
    -30.045         0.00000     0.00000     0.00000     0.00000
    -29.895         0.00000     0.00000     0.00000     0.00000
    -29.745         0.00000     0.00000     0.00000     0.00000
    -29.595         0.00000     0.00000     0.00000     0.00000
    -29.445         0.00000     0.00000     0.00000     0.00000
    -29.295         0.00000     0.00000     0.00000     0.00000
    -29.145         0.00000     0.00000     0.00000     0.00000
    -28.995         0.00000     0.00000     0.00000     0.00000
    -28.845         0.00000     0.00000     0.00000     0.00000
    -28.695         0.00000     0.00000     0.00000     0.00000
    -28.545         0.00000     0.00000     0.00000     0.00000
    -28.395         0.00000     0.00000     0.00000     0.00000
    -28.245         0.00000     0.00000     0.00000     0.00000
    -28.095         0.00000     0.00000     0.00000     0.00000
    -27.945         0.00000     0.00000     0.00000     0.00000
    -27.795         0.00000     0.00000     0.00000     0.00000
    -27.645         0.00000     0.00000     0.00000     0.00000
    -27.495         0.00000     0.00000     0.00000     0.00000
    -27.345         0.00000     0.00000     0.00000     0.00000
    -27.195         0.00000     0.00000     0.00000     0.00000
    -27.045         0.00000     0.00000     0.00000     0.00000
    -26.895         0.00000     0.00000     0.00000     0.00000
    -26.745         0.00000     0.00000     0.00000     0.00000
    -26.595         0.00000     0.00000     0.00000     0.00000
    -26.445         0.00000     0.00000     0.00000     0.00000
    -26.295         0.00000     0.00000     0.00000     0.00000
    -26.145         0.00000     0.00000     0.00000     0.00000
    -25.995         0.00000     0.00000     0.00000     0.00000
    -25.845         0.00000     0.00000     0.00000     0.00000
    -25.695         0.00000     0.00000     0.00000     0.00000
    -25.545         0.00000     0.00000     0.00000     0.00000
    -25.395         0.00000     0.00000     0.00000     0.00000
    -25.245         0.00000     0.00000     0.00000     0.00000
    -25.095         0.00000     0.00000     0.00000     0.00000
    -24.945         0.00000     0.00000     0.00000     0.00000
    -24.795         0.00000     0.00000     0.00000     0.00000
    -24.645         0.00000     0.00000     0.00000     0.00000
    -24.495         0.00000     0.00000     0.00000     0.00000
    -24.345         0.00000     0.00000     0.00000     0.00000
    -24.195         0.00000     0.00000     0.00000     0.00000
    -24.045         0.00000     0.00000     0.00000     0.00000
    -23.895         0.00000     0.00000     0.00000     0.00000
    -23.745         0.00000     0.00000     0.00000     0.00000
    -23.595         0.00000     0.00000     0.00000     0.00000
    -23.445         0.00000     0.00000     0.00000     0.00000
    -23.295         0.00000     0.00000     0.00000     0.00000
    -23.145         0.00000     0.00000     0.00000     0.00000
    -22.995         0.00000     0.00000     0.00000     0.00000
    -22.845         0.00000     0.00000     0.00000     0.00000
    -22.695         0.00000     0.00000     0.00000     0.00000
    -22.545         0.00000     0.00000     0.00000     0.00000
    -22.395         0.00000     0.00000     0.00000     0.00000
    -22.245         0.00000     0.00000     0.00000     0.00000
    -22.095         0.00000     0.00000     0.00000     0.00000
    -21.945         0.00000     0.00000     0.00000     0.00000
    -21.795         0.00000     0.00000     0.00000     0.00000
    -21.645         0.00000     0.00000     0.00000     0.00000
    -21.495         0.00000     0.00000     0.00000     0.00000
    -21.345         0.00000     0.00000     0.00000     0.00000
    -21.195         0.00000     0.00000     0.00000     0.00000
    -21.045         0.00000     0.00000     0.00000     0.00000
    -20.895         0.00000     0.00000     0.00000     0.00000
    -20.745         0.00000     0.00000     0.00000     0.00000
    -20.595         0.00000     0.00000     0.00000     0.00000
    -20.445         0.00000     0.00000     0.00000     0.00000
    -20.295         0.00000     0.00000     0.00000     0.00000
    -20.145         0.00000     0.00000     0.00000     0.00000
    -19.995         0.00000     0.00000     0.00000     0.00000
    -19.845         0.00000     0.00000     0.00000     0.00000
    -19.695         0.00000     0.00000     0.00000     0.00000
    -19.545         0.00000     0.00000     0.00000     0.00000
    -19.395         0.00000     0.00000     0.00000     0.00000
    -19.245         0.00000     0.00000     0.00000     0.00000
    -19.095         0.00000     0.00000     0.00000     0.00000
    -18.945         0.00000     0.00000     0.00000     0.00000
    -18.795         0.00000     0.00000     0.00000     0.00000
    -18.645         0.00000     0.00000     0.00000     0.00000
    -18.495         0.00000     0.00000     0.00000     0.00000
    -18.345         0.00000     0.00000     0.00000     0.00000
    -18.195         0.00000     0.00000     0.00000     0.00000
    -18.045         0.00000     0.00000     0.00000     0.00000
    -17.895         0.00000     0.00000     0.00000     0.00000
    -17.745         0.00000     0.00000     0.00000     0.00000
    -17.595         0.00000     0.00000     0.00000     0.00000
    -17.445         0.00000     0.00000     0.00000     0.00000
    -17.295         0.00000     0.00000     0.00000     0.00000
    -17.145         0.00000     0.00000     0.00000     0.00000
    -16.995         0.00000     0.00000     0.00000     0.00000
    -16.845         0.00000     0.00000     0.00000     0.00000
    -16.695         0.00000     0.00000     0.00000     0.00000
    -16.545         0.00000     0.00000     0.00000     0.00000
    -16.395         0.00000     0.00000     0.00000     0.00000
    -16.245         0.00000     0.00000     0.00000     0.00000
    -16.095         0.00000     0.00000     0.00000     0.00000
    -15.945         0.00000     0.00000     0.00000     0.00000
    -15.795         0.00000     0.00000     0.00000     0.00000
    -15.645         0.00000     0.00000     0.00000     0.00000
    -15.495         0.00000     0.00000     0.00000     0.00000
    -15.345         0.00000     0.00000     0.00000     0.00000
    -15.195         0.00000     0.00000     0.00000     0.00000
    -15.045         0.00000     0.00000     0.00000     0.00000
    -14.895         0.00000     0.00000     0.00000     0.00000
    -14.745         0.00000     0.00000     0.00000     0.00000
    -14.595         0.00000     0.00000     0.00000     0.00000
    -14.445         0.00000     0.00000     0.00000     0.00000
    -14.295         0.00000     0.00000     0.00000     0.00000
    -14.145         0.00000     0.00000     0.00000     0.00000
    -13.995         0.00000     0.00000     0.00000     0.00000
    -13.845         0.00000     0.00000     0.00000     0.00000
    -13.695         0.00000     0.00000     0.00000     0.00000
    -13.545         0.00000     0.00000     0.00000     0.00000
    -13.395         0.00000     0.00000     0.00000     0.00000
    -13.245         0.00000     0.00000     0.00000     0.00000
    -13.095         0.00000     0.00000     0.00000     0.00000
    -12.945         0.00000     0.00000     0.00000     0.00000
    -12.795         0.00000     0.00000     0.00000     0.00000
    -12.645         0.00000     0.00000     0.00000     0.00000
    -12.495         0.00000     0.00000     0.00000     0.00000
    -12.345         0.00000     0.00000     0.00000     0.00000
    -12.195         0.00000     0.00000     0.00000     0.00000
    -12.045         0.00000     0.00000     0.00000     0.00000
    -11.895         0.00000     0.00000     0.00000     0.00000
    -11.745         0.00000     0.00000     0.00000     0.00000
    -11.595         0.00000     0.00000     0.00000     0.00000
    -11.445         0.00000     0.00000     0.00000     0.00000
    -11.295         0.00000     0.00000     0.00000     0.00000
    -11.145         0.00000     0.00000     0.00000     0.00000
    -10.995         0.00000     0.00000     0.00000     0.00000
    -10.845         0.00000     0.00000     0.00000     0.00000
    -10.695         0.00000     0.00000     0.00000     0.00000
    -10.545         0.00000     0.00000     0.00000     0.00000
    -10.395         0.00000     0.00000     0.00000     0.00000
    -10.245         0.00000     0.00000     0.00000     0.00000
    -10.095         0.00000     0.00000     0.00000     0.00000
    -9.9450         0.00000     0.00000     0.00000     0.00000
    -9.7950         0.00000     0.00000     0.00000     0.00000
    -9.6450         0.00000     0.00000     0.00000     0.00000
    -9.4950         0.00000     0.00000     0.00000     0.00000
    -9.3450         0.00000     0.00000     0.00000     0.00000
    -9.1950         0.00000     0.00000     0.00000     0.00000
    -9.0450         0.00000     0.00000     0.00000     0.00000
    -8.8950         0.00000     0.00000     0.00000     0.00000
    -8.7450         0.00000     0.00000     0.00000     0.00000
    -8.5950         0.00000     0.00000     0.00000     0.00000
    -8.4450         0.00000     0.00000     0.00000     0.00000
    -8.2950         0.00000     0.00000     0.00000     0.00000
    -8.1450         0.00000     0.00000     0.00000     0.00000
    -7.9950         0.00000     0.00000     0.00000     0.00000
    -7.8450         0.00000     0.00000     0.00000     0.00000
    -7.6950         0.00000     0.00000     0.00000     0.00000
    -7.5450         0.00000     0.00000     0.00000     0.00000
    -7.3950         0.00000     0.00000     0.00000     0.00000
    -7.2450         0.00000     0.00000     0.00000     0.00000
    -7.0950         0.00000     0.00000     0.00000     0.00000
    -6.9450         0.00000     0.00000     0.00000     0.00000
    -6.7950         0.00000     0.00000     0.00000     0.00000
    -6.6450         0.00000     0.00000     0.00000     0.00000
    -6.4950         0.00000     0.00000     0.00000     0.00000
    -6.3450         0.00000     0.00000     0.00000     0.00000
    -6.1950         0.00000     0.00000     0.00000     0.00000
    -6.0450         0.00000     0.00000     0.00000     0.00000
    -5.8950         0.00000     0.00000     0.00000     0.00000
    -5.7450         0.00000     0.00000     0.00000     0.00000
    -5.5950         0.00000     0.00000     0.00000     0.00000
    -5.4450         0.00000     0.00000     0.00000     0.00000
    -5.2950         0.00000     0.00000     0.00000     0.00000
    -5.1450         0.00000     0.00000     0.00000     0.00000
    -4.9950         0.00000     0.00000     0.00000     0.00000
    -4.8450         0.00000     0.00000     0.00000     0.00000
    -4.6950         0.00000     0.00000     0.00000     0.00000
    -4.5450         0.00000     0.00000     0.00000     0.00000
    -4.3950         0.00000     0.00000     0.00000     0.00000
    -4.2450         0.00000     0.00000     0.00000     0.00000
    -4.0950         0.00000     0.00000     0.00000     0.00000
    -3.9450         0.00000     0.00000     0.00000     0.00000
    -3.7950         0.00000     0.00000     0.00000     0.00000
    -3.6450         0.00000     0.00000     0.00000     0.00000
    -3.4950         0.00000     0.00000     0.00000     0.00000
    -3.3450         0.00000     0.00000     0.00000     0.00000
    -3.1950         0.00000     0.00000     0.00000     0.00000
    -3.0450         0.00000     0.00000     0.00000     0.00000
    -2.8950         0.00000     0.00000     0.00000     0.00000
    -2.7450         0.00000     0.00000     0.00000     0.00000
    -2.5950         0.00000     0.00000     0.00000     0.00000
    -2.4450         0.00000     0.00000     0.00000     0.00000
    -2.2950         0.00000     0.00000     0.00000     0.00000
    -2.1450         0.00000     0.00000     0.00000     0.00000
    -1.9950         0.00000     0.00000     0.00000     0.00000
    -1.8450         0.00000     0.00000     0.00000     0.00000
    -1.6950         0.00000     0.00000     0.00000     0.00000
    -1.5450         0.00000     0.00000     0.00000     0.00000
    -1.3950        -0.00000    -0.00000     0.00000     0.00000
    -1.2450        -0.00000     0.00000    -0.00000     0.00000
    -1.0950        -0.00008     0.00001    -0.00009     0.00000
   -0.94500        -0.00384    -0.00014    -0.00370     0.00001
   -0.79500        -0.02957    -0.00063    -0.02794    -0.00101
   -0.64500        -0.08770    -0.00151    -0.05635    -0.02984
   -0.49500        -0.45703    -0.00226    -0.07570    -0.37907
   -0.34500        -2.29574    -0.00383    -0.09175    -2.20015
   -0.22700        -2.96765    -0.00385    -0.09745    -2.86635
   -0.21300        -3.03926    -0.00394    -0.09812    -2.93720
   -0.20700        -3.10957    -0.00401    -0.09891    -3.00666
   -0.20100        -3.17629    -0.00367    -0.09964    -3.07298
   -0.19500        -3.24280    -0.00389    -0.10032    -3.13860
   -0.18900        -3.30794    -0.00386    -0.10115    -3.20293
   -0.18300        -3.37307    -0.00421    -0.10189    -3.26697
   -0.17700        -3.43571    -0.00411    -0.10271    -3.32889
   -0.17100        -3.49735    -0.00317    -0.10332    -3.39086
   -0.16500        -3.55823    -0.00295    -0.10424    -3.45104
   -0.15900        -3.61933    -0.00285    -0.10525    -3.51123
   -0.15300        -3.67997    -0.00299    -0.10619    -3.57078
   -0.14700        -3.74036    -0.00328    -0.10703    -3.63005
   -0.14100        -3.79932    -0.00296    -0.10803    -3.68833
   -0.13500        -3.85773    -0.00330    -0.10916    -3.74527
   -0.12900        -3.91726    -0.00360    -0.11034    -3.80332
   -0.12300        -3.97606    -0.00305    -0.11152    -3.86149
   -0.11700        -4.03573    -0.00293    -0.11271    -3.92009
   -0.11100        -4.09659    -0.00307    -0.11402    -3.97951
   -0.10500        -4.15818    -0.00328    -0.11538    -4.03952
   -0.99000E-01    -4.21952    -0.00287    -0.11685    -4.09979
   -0.93000E-01    -4.28253    -0.00268    -0.11841    -4.16144
   -0.87000E-01    -4.34752    -0.00297    -0.11998    -4.22456
   -0.81000E-01    -4.41405    -0.00335    -0.12167    -4.28903
   -0.75000E-01    -4.48359    -0.00403    -0.12347    -4.35609
   -0.69000E-01    -4.55547    -0.00459    -0.12542    -4.42546
   -0.63000E-01    -4.63121    -0.00534    -0.12741    -4.49846
   -0.57000E-01    -4.71148    -0.00619    -0.12955    -4.57574
   -0.51000E-01    -4.79821    -0.00713    -0.13182    -4.65926
   -0.45000E-01    -4.89348    -0.00826    -0.13425    -4.75096
   -0.39000E-01    -5.00082    -0.00955    -0.13678    -4.85449
   -0.33000E-01    -5.12217    -0.01119    -0.13965    -4.97134
   -0.27000E-01    -5.26032    -0.01322    -0.14281    -5.10429
   -0.21300E-01    -5.36479    -0.01497    -0.14518    -5.20464
   -0.19500E-01    -5.38077    -0.01526    -0.14557    -5.21994
   -0.18900E-01    -5.39708    -0.01555    -0.14596    -5.23557
   -0.18300E-01    -5.41375    -0.01587    -0.14639    -5.25149
   -0.17700E-01    -5.43055    -0.01621    -0.14682    -5.26752
   -0.17100E-01    -5.44753    -0.01654    -0.14725    -5.28375
   -0.16500E-01    -5.46469    -0.01689    -0.14770    -5.30010
   -0.15900E-01    -5.48227    -0.01725    -0.14816    -5.31686
   -0.15300E-01    -5.50019    -0.01763    -0.14865    -5.33391
   -0.14700E-01    -5.51848    -0.01806    -0.14917    -5.35126
   -0.14100E-01    -5.53717    -0.01848    -0.14971    -5.36898
   -0.13500E-01    -5.55620    -0.01891    -0.15031    -5.38698
   -0.12900E-01    -5.57556    -0.01939    -0.15095    -5.40522
   -0.12300E-01    -5.59543    -0.01989    -0.15159    -5.42394
   -0.11700E-01    -5.61583    -0.02043    -0.15232    -5.44308
   -0.11100E-01    -5.63666    -0.02097    -0.15309    -5.46259
   -0.10500E-01    -5.65814    -0.02156    -0.15391    -5.48267
   -0.99000E-02    -5.68037    -0.02221    -0.15483    -5.50333
   -0.93000E-02    -5.70329    -0.02292    -0.15584    -5.52453
   -0.87000E-02    -5.72701    -0.02365    -0.15694    -5.54642
   -0.81000E-02    -5.75171    -0.02447    -0.15817    -5.56907
   -0.75000E-02    -5.77741    -0.02534    -0.15958    -5.59249
   -0.69000E-02    -5.80434    -0.02631    -0.16113    -5.61690
   -0.63000E-02    -5.83263    -0.02738    -0.16292    -5.64233
   -0.57000E-02    -5.86229    -0.02855    -0.16498    -5.66876
   -0.51000E-02    -5.89374    -0.02987    -0.16739    -5.69648
   -0.45000E-02    -5.92716    -0.03131    -0.17027    -5.72558
   -0.39000E-02    -5.96261    -0.03294    -0.17385    -5.75582
   -0.33000E-02    -6.00004    -0.03475    -0.17840    -5.78689
   -0.27000E-02    -6.03966    -0.03682    -0.18452    -5.81832
   -0.21000E-02    -6.08251    -0.03914    -0.19389    -5.84948
   -0.15000E-02    -6.13352    -0.04171    -0.21112    -5.88070
   -0.90000E-03    -6.20390    -0.04443    -0.23798    -5.92149
   -0.30000E-03    -7.67680    -0.04646    -0.24385    -7.38649
    0.30000E-03    -6.20714    -0.04061    -0.24181    -5.92471
    0.90000E-03    -6.15400    -0.01392    -0.23908    -5.90100
    0.15000E-02    -6.12937     0.00331    -0.23650    -5.89618
    0.21000E-02    -6.11681     0.01261    -0.23421    -5.89521
    0.27000E-02    -6.10846     0.01871    -0.23216    -5.89501
    0.33000E-02    -6.10211     0.02324    -0.23038    -5.89497
    0.39000E-02    -6.09693     0.02681    -0.22878    -5.89496
    0.45000E-02    -6.09262     0.02972    -0.22739    -5.89495
    0.51000E-02    -6.08889     0.03219    -0.22614    -5.89494
    0.57000E-02    -6.08566     0.03429    -0.22502    -5.89493
    0.63000E-02    -6.08284     0.03610    -0.22402    -5.89492
    0.69000E-02    -6.08038     0.03766    -0.22313    -5.89491
    0.75000E-02    -6.07821     0.03903    -0.22234    -5.89490
    0.81000E-02    -6.07624     0.04025    -0.22161    -5.89489
    0.87000E-02    -6.07452     0.04133    -0.22097    -5.89488
    0.93000E-02    -6.07296     0.04228    -0.22038    -5.89486
    0.99000E-02    -6.07153     0.04316    -0.21985    -5.89484
    0.10500E-01    -6.07025     0.04395    -0.21937    -5.89482
    0.11100E-01    -6.06909     0.04466    -0.21895    -5.89480
    0.11700E-01    -6.06802     0.04533    -0.21856    -5.89478
    0.12300E-01    -6.06705     0.04594    -0.21822    -5.89476
    0.12900E-01    -6.06616     0.04648    -0.21791    -5.89474
    0.13500E-01    -6.06534     0.04701    -0.21763    -5.89472
    0.14100E-01    -6.06460     0.04747    -0.21737    -5.89470
    0.14700E-01    -6.06390     0.04790    -0.21714    -5.89467
    0.15300E-01    -6.06328     0.04829    -0.21693    -5.89465
    0.15900E-01    -6.06269     0.04868    -0.21674    -5.89462
    0.16500E-01    -6.06216     0.04901    -0.21658    -5.89460
    0.17100E-01    -6.06169     0.04932    -0.21643    -5.89457
    0.17700E-01    -6.06123     0.04963    -0.21630    -5.89455
    0.18300E-01    -6.06081     0.04989    -0.21619    -5.89452
    0.18900E-01    -6.06037     0.05020    -0.21609    -5.89448
    0.19500E-01    -6.06002     0.05042    -0.21599    -5.89445
    0.21300E-01    -6.05812     0.05171    -0.21559    -5.89423
    0.27000E-01    -6.05640     0.05280    -0.21537    -5.89383
    0.33000E-01    -6.05524     0.05343    -0.21531    -5.89336
    0.39000E-01    -6.05435     0.05375    -0.21529    -5.89280
    0.45000E-01    -6.05332     0.05400    -0.21516    -5.89215
    0.51000E-01    -6.05238     0.05413    -0.21507    -5.89144
    0.57000E-01    -6.05155     0.05420    -0.21506    -5.89069
    0.63000E-01    -6.05057     0.05426    -0.21497    -5.88985
    0.69000E-01    -6.04959     0.05429    -0.21497    -5.88892
    0.75000E-01    -6.04835     0.05451    -0.21488    -5.88798
    0.81000E-01    -6.04711     0.05466    -0.21479    -5.88698
    0.87000E-01    -6.04586     0.05468    -0.21471    -5.88583
    0.93000E-01    -6.04440     0.05478    -0.21462    -5.88456
    0.99000E-01    -6.04309     0.05479    -0.21461    -5.88327
    0.10500        -6.04173     0.05488    -0.21452    -5.88209
    0.11100        -6.04024     0.05496    -0.21444    -5.88076
    0.11700        -6.03868     0.05504    -0.21435    -5.87936
    0.12300        -6.03715     0.05511    -0.21434    -5.87792
    0.12900        -6.03553     0.05519    -0.21426    -5.87646
    0.13500        -6.03379     0.05527    -0.21418    -5.87488
    0.14100        -6.03208     0.05534    -0.21409    -5.87333
    0.14700        -6.03035     0.05535    -0.21401    -5.87169
    0.15300        -6.02862     0.05542    -0.21393    -5.87011
    0.15900        -6.02681     0.05549    -0.21385    -5.86845
    0.16500        -6.02512     0.05556    -0.21377    -5.86691
    0.17100        -6.02319     0.05563    -0.21369    -5.86513
    0.17700        -6.02126     0.05570    -0.21362    -5.86335
    0.18300        -6.01946     0.05576    -0.21354    -5.86168
    0.18900        -6.01767     0.05583    -0.21346    -5.86004
    0.19500        -6.01563     0.05589    -0.21338    -5.85815
    0.20100        -6.01358     0.05596    -0.21330    -5.85624
    0.20700        -6.01155     0.05603    -0.21322    -5.85436
    0.21300        -6.00951     0.05609    -0.21315    -5.85245
    0.22700        -5.99141     0.05629    -0.21246    -5.83525
    0.34500        -5.93195     0.05709    -0.21070    -5.77833
    0.49500        -5.86712     0.05817    -0.20913    -5.71616
    0.64500        -5.80238     0.05910    -0.20770    -5.65378
    0.79500        -5.73785     0.05992    -0.20639    -5.59137
    0.94500        -5.67359     0.06064    -0.20559    -5.52865
     1.0950        -5.61038     0.06130    -0.20447    -5.46720
     1.2450        -5.54768     0.06190    -0.20343    -5.40615
     1.3950        -5.48707     0.06245    -0.20244    -5.34707
     1.5450        -5.42817     0.06297    -0.20152    -5.28962
     1.6950        -5.37110     0.06345    -0.20065    -5.23391
     1.8450        -5.31585     0.06389    -0.19982    -5.17993
     1.9950        -5.26263     0.06431    -0.19903    -5.12790
     2.1450        -5.21133     0.06470    -0.19829    -5.07774
     2.2950        -5.16185     0.06507    -0.19757    -5.02935
     2.4450        -5.11435     0.06543    -0.19689    -4.98289
     2.5950        -5.06859     0.06577    -0.19624    -4.93812
     2.7450        -5.02479     0.06609    -0.19561    -4.89527
     2.8950        -4.98264     0.06639    -0.19500    -4.85402
     3.0450        -4.94204     0.06668    -0.19442    -4.81431
     3.1950        -4.90312     0.06696    -0.19386    -4.77623
     3.3450        -4.86518     0.06724    -0.19331    -4.73911
     3.4950        -4.82907     0.06750    -0.19278    -4.70378
     3.6450        -4.79422     0.06775    -0.19228    -4.66969
     3.7950        -4.76042     0.06800    -0.19178    -4.63663
     3.9450        -4.72778     0.06823    -0.19130    -4.60471
     4.0950        -4.69619     0.06846    -0.19084    -4.57381
     4.2450        -4.66570     0.06868    -0.19039    -4.54398
     4.3950        -4.63616     0.06889    -0.18995    -4.51509
     4.5450        -4.60750     0.06909    -0.18952    -4.48708
     4.6950        -4.57972     0.06929    -0.18911    -4.45990
     4.8450        -4.55275     0.06949    -0.18871    -4.43353
     4.9950        -4.52654     0.06968    -0.18832    -4.40790
     5.1450        -4.50109     0.06987    -0.18794    -4.38301
     5.2950        -4.47630     0.07005    -0.18757    -4.35878
     5.4450        -4.45156     0.07022    -0.18720    -4.33458
     5.5950        -4.42808     0.07039    -0.18684    -4.31163
     5.7450        -4.40513     0.07055    -0.18649    -4.28920
     5.8950        -4.38280     0.07072    -0.18615    -4.26737
     6.0450        -4.36098     0.07088    -0.18582    -4.24604
     6.1950        -4.33963     0.07103    -0.18549    -4.22517
     6.3450        -4.31882     0.07118    -0.18517    -4.20483
     6.4950        -4.29847     0.07133    -0.18486    -4.18494
     6.6450        -4.27856     0.07148    -0.18455    -4.16548
     6.7950        -4.25908     0.07162    -0.18426    -4.14644
     6.9450        -4.24001     0.07175    -0.18396    -4.12780
     7.0950        -4.22138     0.07188    -0.18367    -4.10959
     7.2450        -4.20310     0.07202    -0.18339    -4.09173
     7.3950        -4.18521     0.07215    -0.18311    -4.07424
     7.5450        -4.16762     0.07227    -0.18284    -4.05706
     7.6950        -4.15040     0.07240    -0.18257    -4.04023
     7.8450        -4.13350     0.07252    -0.18230    -4.02372
     7.9950        -4.11692     0.07264    -0.18205    -4.00752
     8.1450        -4.10067     0.07277    -0.18179    -3.99165
     8.2950        -4.08475     0.07288    -0.18154    -3.97609
     8.4450        -4.06906     0.07300    -0.18129    -3.96077
     8.5950        -4.05368     0.07311    -0.18105    -3.94574
     8.7450        -4.03846     0.07322    -0.18081    -3.93087
     8.8950        -4.02359     0.07333    -0.18057    -3.91635
     9.0450        -4.00896     0.07344    -0.18034    -3.90206
     9.1950        -3.99457     0.07354    -0.18011    -3.88801
     9.3450        -3.98043     0.07364    -0.17988    -3.87419
     9.4950        -3.96651     0.07375    -0.17966    -3.86060
     9.6450        -3.95279     0.07385    -0.17944    -3.84719
     9.7950        -3.93929     0.07395    -0.17923    -3.83401
     9.9450        -3.92596     0.07404    -0.17901    -3.82099
     10.095        -3.91285     0.07414    -0.17880    -3.80818
     10.245        -3.89998     0.07423    -0.17860    -3.79561
     10.395        -3.88724     0.07433    -0.17840    -3.78317
     10.545        -3.87470     0.07442    -0.17820    -3.77092
     10.695        -3.86233     0.07451    -0.17800    -3.75884
     10.845        -3.85015     0.07460    -0.17780    -3.74695
     10.995        -3.83813     0.07469    -0.17761    -3.73521
     11.145        -3.82627     0.07478    -0.17742    -3.72363
     11.295        -3.81457     0.07487    -0.17723    -3.71221
     11.445        -3.80305     0.07495    -0.17704    -3.70096
     11.595        -3.79166     0.07504    -0.17686    -3.68984
     11.745        -3.78048     0.07512    -0.17668    -3.67892
     11.895        -3.76938     0.07520    -0.17650    -3.66809
     12.045        -3.75844     0.07528    -0.17632    -3.65741
     12.195        -3.74762     0.07536    -0.17615    -3.64684
     12.345        -3.73697     0.07544    -0.17597    -3.63644
     12.495        -3.72645     0.07552    -0.17580    -3.62618
     12.645        -3.71605     0.07559    -0.17563    -3.61601
     12.795        -3.70574     0.07567    -0.17546    -3.60595
     12.945        -3.69559     0.07575    -0.17530    -3.59603
     13.095        -3.68555     0.07582    -0.17514    -3.58623
     13.245        -3.67564     0.07589    -0.17498    -3.57656
     13.395        -3.66581     0.07596    -0.17482    -3.56695
     13.545        -3.65611     0.07603    -0.17466    -3.55748
     13.695        -3.64654     0.07610    -0.17451    -3.54813
     13.845        -3.63706     0.07617    -0.17436    -3.53888
     13.995        -3.62774     0.07624    -0.17421    -3.52978
     14.145        -3.61847     0.07631    -0.17406    -3.52073
     14.295        -3.60933     0.07638    -0.17391    -3.51180
     14.445        -3.60022     0.07645    -0.17376    -3.50291
     14.595        -3.59125     0.07652    -0.17361    -3.49415
     14.745        -3.58238     0.07658    -0.17347    -3.48550
     14.895        -3.57360     0.07665    -0.17332    -3.47692
     15.045        -3.56488     0.07671    -0.17318    -3.46841
     15.195        -3.55627     0.07678    -0.17304    -3.46001
     15.345        -3.54774     0.07684    -0.17290    -3.45168
     15.495        -3.53933     0.07690    -0.17276    -3.44348
     15.645        -3.53097     0.07696    -0.17262    -3.43531
     15.795        -3.52270     0.07702    -0.17249    -3.42723
     15.945        -3.51453     0.07709    -0.17236    -3.41926
     16.095        -3.50640     0.07715    -0.17222    -3.41132
     16.245        -3.49838     0.07720    -0.17209    -3.40349
     16.395        -3.49042     0.07726    -0.17197    -3.39572
     16.545        -3.48258     0.07732    -0.17183    -3.38807
     16.695        -3.47478     0.07738    -0.17171    -3.38045
     16.845        -3.46708     0.07743    -0.17158    -3.37293
     16.995        -3.45943     0.07749    -0.17146    -3.36546
     17.145        -3.45184     0.07755    -0.17133    -3.35805
     17.295        -3.44432     0.07760    -0.17121    -3.35071
     17.445        -3.43686     0.07766    -0.17109    -3.34343
     17.595        -3.42950     0.07771    -0.17096    -3.33625
     17.745        -3.42218     0.07777    -0.17084    -3.32911
     17.895        -3.41493     0.07782    -0.17072    -3.32203
     18.045        -3.40776     0.07787    -0.17061    -3.31502
     18.195        -3.40065     0.07792    -0.17049    -3.30808
     18.345        -3.39359     0.07798    -0.17038    -3.30119
     18.495        -3.38661     0.07803    -0.17026    -3.29438
     18.645        -3.37967     0.07808    -0.17015    -3.28761
     18.795        -3.37280     0.07813    -0.17003    -3.28091
     18.945        -3.36598     0.07818    -0.16992    -3.27425
     19.095        -3.35923     0.07823    -0.16980    -3.26766
     19.245        -3.35253     0.07829    -0.16969    -3.26112
     19.395        -3.34584     0.07834    -0.16958    -3.25460
     19.545        -3.33924     0.07839    -0.16947    -3.24816
     19.695        -3.33270     0.07844    -0.16936    -3.24177
     19.845        -3.32622     0.07848    -0.16925    -3.23545
     19.995        -3.31978     0.07853    -0.16914    -3.22917
     20.145        -3.31340     0.07858    -0.16903    -3.22294
     20.295        -3.30706     0.07862    -0.16893    -3.21676
     20.445        -3.30078     0.07867    -0.16882    -3.21062
     20.595        -3.29453     0.07872    -0.16872    -3.20452
     20.745        -3.28833     0.07876    -0.16862    -3.19847
     20.895        -3.28220     0.07881    -0.16852    -3.19249
     21.045        -3.27611     0.07885    -0.16841    -3.18654
     21.195        -3.27004     0.07890    -0.16831    -3.18063
     21.345        -3.26405     0.07894    -0.16821    -3.17478
     21.495        -3.25810     0.07899    -0.16811    -3.16897
     21.645        -3.25217     0.07903    -0.16801    -3.16319
     21.795        -3.24630     0.07908    -0.16791    -3.15746
     21.945        -3.24046     0.07912    -0.16781    -3.15176
     22.095        -3.23465     0.07916    -0.16771    -3.14610
     22.245        -3.22889     0.07921    -0.16762    -3.14048
     22.395        -3.22316     0.07925    -0.16752    -3.13489
     22.545        -3.21751     0.07929    -0.16743    -3.12937
     22.695        -3.21189     0.07933    -0.16734    -3.12389
     22.845        -3.20630     0.07937    -0.16724    -3.11843
     22.995        -3.20073     0.07942    -0.16715    -3.11300
     23.145        -3.19523     0.07946    -0.16706    -3.10762
     23.295        -3.18974     0.07950    -0.16697    -3.10227
     23.445        -3.18430     0.07954    -0.16688    -3.09696
     23.595        -3.17888     0.07958    -0.16678    -3.09168
     23.745        -3.17351     0.07962    -0.16669    -3.08643
     23.895        -3.16818     0.07966    -0.16660    -3.08124
     24.045        -3.16288     0.07970    -0.16651    -3.07606
     24.195        -3.15761     0.07974    -0.16642    -3.07093
     24.345        -3.15242     0.07978    -0.16634    -3.06586
     24.495        -3.14724     0.07982    -0.16625    -3.06081
     24.645        -3.14211     0.07985    -0.16616    -3.05580
     24.795        -3.13700     0.07989    -0.16608    -3.05081
     24.945        -3.13192     0.07993    -0.16599    -3.04585
     25.095        -3.12687     0.07997    -0.16591    -3.04092
     25.245        -3.12184     0.08001    -0.16582    -3.03602
     25.395        -3.11686     0.08005    -0.16574    -3.03116
     25.545        -3.11191     0.08008    -0.16566    -3.02633
     25.695        -3.10697     0.08012    -0.16558    -3.02151
     25.845        -3.10205     0.08016    -0.16550    -3.01671
     25.995        -3.09719     0.08019    -0.16542    -3.01196
     26.145        -3.09233     0.08023    -0.16534    -3.00723
     26.295        -3.08753     0.08027    -0.16525    -3.00254
     26.445        -3.08275     0.08030    -0.16517    -2.99787
     26.595        -3.07800     0.08033    -0.16510    -2.99323
     26.745        -3.07327     0.08037    -0.16502    -2.98862
     26.895        -3.06856     0.08040    -0.16494    -2.98403
     27.045        -3.06388     0.08044    -0.16486    -2.97946
     27.195        -3.05925     0.08047    -0.16478    -2.97494
     27.345        -3.05464     0.08051    -0.16470    -2.97044
     27.495        -3.05006     0.08054    -0.16463    -2.96597
     27.645        -3.04550     0.08057    -0.16455    -2.96152
     27.795        -3.04098     0.08061    -0.16447    -2.95712
     27.945        -3.03650     0.08064    -0.16440    -2.95275
     28.095        -3.03201     0.08067    -0.16432    -2.94836
     28.245        -3.02757     0.08071    -0.16425    -2.94403
     28.395        -3.02314     0.08074    -0.16417    -2.93971
     28.545        -3.01874     0.08078    -0.16410    -2.93542
     28.695        -3.01435     0.08081    -0.16402    -2.93114
     28.845        -3.00999     0.08084    -0.16395    -2.92688
     28.995        -3.00565     0.08087    -0.16388    -2.92265
     29.145        -3.00134     0.08091    -0.16380    -2.91844
     29.295        -2.99707     0.08094    -0.16373    -2.91428
     29.445        -2.99280     0.08097    -0.16366    -2.91012
     29.595        -2.98856     0.08100    -0.16359    -2.90598
     29.745        -2.98436     0.08104    -0.16352    -2.90188
     29.895        -2.98016     0.08107    -0.16345    -2.89778
     30.045        -2.97599     0.08110    -0.16337    -2.89371
     30.195        -2.97182     0.08113    -0.16330    -2.88964
     30.345        -2.96770     0.08116    -0.16323    -2.88563
     30.495        -2.96361     0.08119    -0.16316    -2.88164
     30.645        -2.95955     0.08122    -0.16309    -2.87768
     30.795        -2.95550     0.08125    -0.16303    -2.87372
     30.945        -2.95147     0.08128    -0.16296    -2.86979
     31.095        -2.94745     0.08131    -0.16290    -2.86587
     31.245        -2.94345     0.08134    -0.16283    -2.86196
     31.395        -2.93947     0.08137    -0.16276    -2.85808
     31.545        -2.93552     0.08140    -0.16269    -2.85423
     31.695        -2.93158     0.08143    -0.16263    -2.85038
     31.845        -2.92768     0.08146    -0.16256    -2.84658
     31.995        -2.92376     0.08149    -0.16249    -2.84275
     32.145        -2.91989     0.08152    -0.16243    -2.83898
     32.295        -2.91604     0.08155    -0.16236    -2.83523
     32.445        -2.91220     0.08157    -0.16230    -2.83148
     32.595        -2.90839     0.08160    -0.16223    -2.82776
     32.745        -2.90458     0.08163    -0.16217    -2.82405
     32.895        -2.90081     0.08166    -0.16211    -2.82037
     33.045        -2.89703     0.08169    -0.16204    -2.81668
     33.195        -2.89331     0.08172    -0.16198    -2.81305
     33.345        -2.88959     0.08175    -0.16192    -2.80942
     33.495        -2.88588     0.08178    -0.16186    -2.80581
     33.645        -2.88220     0.08181    -0.16179    -2.80222
     33.795        -2.87853     0.08183    -0.16173    -2.79864
     33.945        -2.87488     0.08186    -0.16167    -2.79507
     34.095        -2.87125     0.08189    -0.16161    -2.79154
     34.245        -2.86765     0.08192    -0.16155    -2.78802
     34.395        -2.86406     0.08194    -0.16148    -2.78452
     34.545        -2.86049     0.08197    -0.16142    -2.78104
     34.695        -2.85692     0.08200    -0.16136    -2.77756
     34.845        -2.85338     0.08203    -0.16130    -2.77411
     34.995        -2.84985     0.08206    -0.16124    -2.77066
     35.145        -2.84635     0.08208    -0.16118    -2.76725
     35.295        -2.84287     0.08211    -0.16112    -2.76386
     35.445        -2.83938     0.08213    -0.16106    -2.76046
     35.595        -2.83592     0.08216    -0.16100    -2.75708
     35.745        -2.83246     0.08219    -0.16094    -2.75371
     35.895        -2.82903     0.08221    -0.16088    -2.75036
     36.045        -2.82563     0.08224    -0.16083    -2.74704
     36.195        -2.82222     0.08226    -0.16077    -2.74371
     36.345        -2.81885     0.08229    -0.16071    -2.74042
     36.495        -2.81546     0.08231    -0.16066    -2.73711
     36.645        -2.81212     0.08234    -0.16060    -2.73386
     36.795        -2.80875     0.08236    -0.16054    -2.73058
     36.945        -2.80543     0.08239    -0.16048    -2.72733
     37.095        -2.80212     0.08241    -0.16043    -2.72410
     37.245        -2.79880     0.08244    -0.16037    -2.72087
     37.395        -2.79552     0.08246    -0.16032    -2.71766
     37.545        -2.79225     0.08249    -0.16026    -2.71448
     37.695        -2.78900     0.08251    -0.16021    -2.71131
     37.845        -2.78577     0.08254    -0.16015    -2.70815
     37.995        -2.78254     0.08256    -0.16009    -2.70501
     38.145        -2.77933     0.08259    -0.16004    -2.70187
     38.295        -2.77613     0.08261    -0.15999    -2.69875
     38.445        -2.77292     0.08264    -0.15993    -2.69562
     38.595        -2.76975     0.08266    -0.15988    -2.69253
     38.745        -2.76658     0.08268    -0.15982    -2.68944
     38.895        -2.76343     0.08271    -0.15977    -2.68637
     39.045        -2.76029     0.08273    -0.15971    -2.68331
     39.195        -2.75718     0.08275    -0.15966    -2.68027
     39.345        -2.75406     0.08278    -0.15961    -2.67724
     39.495        -2.75098     0.08280    -0.15955    -2.67422
     39.645        -2.74790     0.08282    -0.15950    -2.67122
     39.795        -2.74482     0.08285    -0.15945    -2.66822
     39.945        -2.74175     0.08287    -0.15940    -2.66523
     40.095        -2.73870     0.08290    -0.15934    -2.66225
     40.245        -2.73568     0.08292    -0.15929    -2.65930
     40.395        -2.73265     0.08294    -0.15924    -2.65635
     40.545        -2.72966     0.08296    -0.15919    -2.65343
     40.695        -2.72667     0.08298    -0.15914    -2.65051
     40.845        -2.72368     0.08301    -0.15909    -2.64760
     40.995        -2.72071     0.08303    -0.15904    -2.64470
     41.145        -2.71775     0.08305    -0.15899    -2.64181
     41.295        -2.71481     0.08308    -0.15894    -2.63894
     41.445        -2.71187     0.08310    -0.15889    -2.63608
     41.595        -2.70896     0.08312    -0.15884    -2.63324
     41.745        -2.70605     0.08314    -0.15879    -2.63040
     41.895        -2.70314     0.08317    -0.15874    -2.62757
     42.045        -2.70024     0.08319    -0.15869    -2.62474
     42.195        -2.69736     0.08321    -0.15864    -2.62193
     42.345        -2.69449     0.08323    -0.15859    -2.61913
     42.495        -2.69164     0.08325    -0.15855    -2.61635
     42.645        -2.68880     0.08327    -0.15850    -2.61358
     42.795        -2.68597     0.08330    -0.15845    -2.61082
     42.945        -2.68315     0.08332    -0.15840    -2.60807
     43.095        -2.68032     0.08334    -0.15835    -2.60531
     43.245        -2.67752     0.08336    -0.15830    -2.60257
     43.395        -2.67471     0.08338    -0.15826    -2.59984
     43.545        -2.67193     0.08340    -0.15821    -2.59713
     43.695        -2.66916     0.08343    -0.15816    -2.59442
     43.845        -2.66639     0.08345    -0.15812    -2.59172
     43.995        -2.66363     0.08347    -0.15807    -2.58903
     44.145        -2.66088     0.08349    -0.15802    -2.58635
     44.295        -2.65816     0.08351    -0.15798    -2.58369
     44.445        -2.65544     0.08353    -0.15793    -2.58104
     44.595        -2.65273     0.08355    -0.15788    -2.57839
     44.745        -2.65004     0.08357    -0.15784    -2.57577
     44.895        -2.64734     0.08359    -0.15779    -2.57314
     45.045        -2.64467     0.08361    -0.15775    -2.57053
     45.195        -2.64199     0.08363    -0.15770    -2.56792
     45.345        -2.63932     0.08365    -0.15766    -2.56531
     45.495        -2.63667     0.08367    -0.15761    -2.56273
     45.645        -2.63403     0.08369    -0.15757    -2.56015
     45.795        -2.63138     0.08371    -0.15752    -2.55757
     45.945        -2.62876     0.08373    -0.15748    -2.55501
     46.095        -2.62617     0.08375    -0.15743    -2.55248
     46.245        -2.62356     0.08377    -0.15739    -2.54994
     46.395        -2.62097     0.08379    -0.15735    -2.54741
     46.545        -2.61838     0.08381    -0.15730    -2.54489
     46.695        -2.61581     0.08382    -0.15726    -2.54237
     46.845        -2.61324     0.08384    -0.15721    -2.53988
     46.995        -2.61069     0.08386    -0.15717    -2.53739
     47.145        -2.60814     0.08388    -0.15712    -2.53490
     47.295        -2.60559     0.08390    -0.15708    -2.53242
     47.445        -2.60307     0.08392    -0.15703    -2.52996
     47.595        -2.60055     0.08394    -0.15699    -2.52750
     47.745        -2.59804     0.08396    -0.15695    -2.52505
     47.895        -2.59555     0.08398    -0.15691    -2.52262
     48.045        -2.59305     0.08400    -0.15687    -2.52019
     48.195        -2.59056     0.08402    -0.15682    -2.51775
     48.345        -2.58807     0.08404    -0.15678    -2.51532
     48.495        -2.58559     0.08406    -0.15674    -2.51291
     48.645        -2.58314     0.08408    -0.15670    -2.51051
     48.795        -2.58069     0.08409    -0.15666    -2.50812
     48.945        -2.57824     0.08411    -0.15662    -2.50574
     49.095        -2.57580     0.08413    -0.15658    -2.50336
     49.245        -2.57336     0.08415    -0.15654    -2.50098
     49.395        -2.57094     0.08417    -0.15649    -2.49862
     49.545        -2.56852     0.08419    -0.15645    -2.49626
     49.695        -2.56612     0.08420    -0.15641    -2.49391
     49.845        -2.56372     0.08422    -0.15637    -2.49157
     49.995        -2.56133     0.08424    -0.15633    -2.48924
     50.145        -2.55894     0.08426    -0.15629    -2.48692
     50.295        -2.55657     0.08428    -0.15625    -2.48460
     50.445        -2.55420     0.08430    -0.15621    -2.48228
     50.595        -2.55185     0.08431    -0.15617    -2.48000
     50.745        -2.54949     0.08433    -0.15613    -2.47770
     50.895        -2.54715     0.08435    -0.15608    -2.47542
     51.045        -2.54481     0.08437    -0.15604    -2.47314
     51.195        -2.54249     0.08439    -0.15601    -2.47087
     51.345        -2.54017     0.08440    -0.15597    -2.46860
     51.495        -2.53784     0.08442    -0.15593    -2.46633
     51.645        -2.53552     0.08444    -0.15589    -2.46407
     51.795        -2.53322     0.08446    -0.15585    -2.46183
     51.945        -2.53092     0.08448    -0.15581    -2.45959
     52.095        -2.52864     0.08449    -0.15577    -2.45737
     52.245        -2.52638     0.08451    -0.15573    -2.45516
     52.395        -2.52410     0.08453    -0.15569    -2.45294
     52.545        -2.52184     0.08455    -0.15565    -2.45073
     52.695        -2.51959     0.08457    -0.15561    -2.44854
     52.845        -2.51735     0.08458    -0.15557    -2.44636
     52.995        -2.51510     0.08460    -0.15554    -2.44416
     53.145        -2.51286     0.08462    -0.15550    -2.44198
     53.295        -2.51062     0.08463    -0.15546    -2.43979
     53.445        -2.50838     0.08465    -0.15542    -2.43760
     53.595        -2.50616     0.08467    -0.15538    -2.43544
     53.745        -2.50396     0.08468    -0.15535    -2.43330
     53.895        -2.50175     0.08470    -0.15531    -2.43115
     54.045        -2.49954     0.08472    -0.15527    -2.42899
     54.195        -2.49735     0.08473    -0.15523    -2.42685
     54.345        -2.49519     0.08475    -0.15519    -2.42475
     54.495        -2.49301     0.08477    -0.15515    -2.42263
     54.645        -2.49085     0.08478    -0.15512    -2.42051
     54.795        -2.48869     0.08480    -0.15508    -2.41841
     54.945        -2.48653     0.08481    -0.15504    -2.41630
     55.095        -2.48438     0.08483    -0.15501    -2.41420
     59.433        -2.31645     0.08611    -0.15211    -2.25045
     80.646        -2.07279     0.08798    -0.14790    -2.01288
     111.21        -1.83805     0.08980    -0.14383    -1.78403
     153.36        -1.61249     0.09153    -0.13988    -1.56414
     211.49        -1.39612     0.09323    -0.13611    -1.35324
     291.64        -1.18899     0.09484    -0.13250    -1.15133
     402.18        -0.99057     0.09639    -0.12904    -0.95792
     554.60        -0.80072     0.09787    -0.12573    -0.77287
     764.80        -0.61938     0.09930    -0.12258    -0.59610
     1054.7        -0.44611     0.10067    -0.11957    -0.42721
     1454.4        -0.28072     0.10197    -0.11670    -0.26599
     2005.6        -0.12272     0.10321    -0.11398    -0.11195
     2765.8         0.02796     0.10440    -0.11138     0.03494
     3814.0         0.17175     0.10555    -0.10891     0.17511
     5259.5         0.30894     0.10664    -0.10655     0.30885
     7252.9         0.43984     0.10768    -0.10432     0.43647
     10002.         0.56482     0.10868    -0.10218     0.55832
     13793.         0.68387     0.10962    -0.10015     0.67440
     19020.         0.79736     0.11053    -0.09824     0.78507
     26229.         0.90561     0.11139    -0.09641     0.89063
     36170.         1.00868     0.11221    -0.09465     0.99113
     49878.         1.10696     0.11299    -0.09301     1.08698
     68782.         1.20050     0.11373    -0.09143     1.17820
     94851.         1.28965     0.11444    -0.08994     1.26515
    0.13080E+06     1.37437     0.11511    -0.08852     1.34778
    0.18038E+06     1.45506     0.11575    -0.08716     1.42647
    0.24874E+06     1.53170     0.11637    -0.08585     1.50119
    0.34301E+06     1.60457     0.11695    -0.08462     1.57224
    0.47302E+06     1.67379     0.11749    -0.08343     1.63973
    0.65229E+06     1.73949     0.11801    -0.08232     1.70379
    0.89952E+06     1.80184     0.11851    -0.08125     1.76458
    0.12404E+07     1.86108     0.11899    -0.08022     1.82231
    0.17106E+07     1.91732     0.11943    -0.07925     1.87714
    0.23589E+07     1.97070     0.11985    -0.07834     1.92919
    0.32529E+07     2.02138     0.12025    -0.07747     1.97859
    0.44858E+07     2.06954     0.12063    -0.07663     2.02555
    0.61860E+07     2.11521     0.12100    -0.07584     2.07005
    0.85305E+07     2.15870     0.12134    -0.07508     2.11244
    0.11764E+08     2.19989     0.12167    -0.07436     2.15259
    0.16222E+08     2.23899     0.12197    -0.07369     2.19071
    0.22370E+08     2.27608     0.12226    -0.07305     2.22687
    0.30849E+08     2.31131     0.12254    -0.07244     2.26122
    0.42541E+08     2.34455     0.12280    -0.07187     2.29363
    0.58664E+08     2.37582     0.12304    -0.07133     2.32411
    0.80898E+08     2.40529     0.12327    -0.07081     2.35283
    0.11156E+09     2.43306     0.12349    -0.07031     2.37988
    0.15384E+09     2.45922     0.12369    -0.06983     2.40536
    0.21215E+09     2.48388     0.12388    -0.06940     2.42940
    0.29255E+09     2.50714     0.12407    -0.06897     2.45205
    0.40343E+09     2.52912     0.12424    -0.06857     2.47345
    0.55633E+09     2.54986     0.12440    -0.06819     2.49366
    0.76719E+09     2.56928     0.12456    -0.06784     2.51256
    0.10580E+10     2.58668     0.12469    -0.06750     2.52949
    0.14589E+10     2.60267     0.12482    -0.06718     2.54503
    0.20119E+10     2.61733     0.12494    -0.06688     2.55927
    0.27744E+10     2.63081     0.12504    -0.06660     2.57237
    0.38259E+10     2.64331     0.12514    -0.06633     2.58450
    0.52760E+10     2.65481     0.12523    -0.06608     2.59566
    0.72756E+10     2.66543     0.12531    -0.06584     2.60596
    0.10033E+11     2.67525     0.12539    -0.06561     2.61547
    0.13836E+11     2.68428     0.12546    -0.06540     2.62422
    0.19079E+11     2.69263     0.12552    -0.06522     2.63233
    0.26311E+11     2.70034     0.12558    -0.06504     2.63980
    0.36283E+11     2.70744     0.12564    -0.06488     2.64668
    0.50034E+11     2.71400     0.12569    -0.06474     2.65304
    0.68997E+11     2.72005     0.12574    -0.06460     2.65891
    0.10000E+12     2.79257     0.12630    -0.06299     2.72926
