    -99.945         0.00000     0.00000     0.00000     0.00000
    -99.795         0.00000     0.00000     0.00000     0.00000
    -99.645         0.00000     0.00000     0.00000     0.00000
    -99.495         0.00000     0.00000     0.00000     0.00000
    -99.345         0.00000     0.00000     0.00000     0.00000
    -99.195         0.00000     0.00000     0.00000     0.00000
    -99.045         0.00000     0.00000     0.00000     0.00000
    -98.895         0.00000     0.00000     0.00000     0.00000
    -98.745         0.00000     0.00000     0.00000     0.00000
    -98.595         0.00000     0.00000     0.00000     0.00000
    -98.445         0.00000     0.00000     0.00000     0.00000
    -98.295         0.00000     0.00000     0.00000     0.00000
    -98.145         0.00000     0.00000     0.00000     0.00000
    -97.995         0.00000     0.00000     0.00000     0.00000
    -97.845         0.00000     0.00000     0.00000     0.00000
    -97.695         0.00000     0.00000     0.00000     0.00000
    -97.545         0.00000     0.00000     0.00000     0.00000
    -97.395         0.00000     0.00000     0.00000     0.00000
    -97.245         0.00000     0.00000     0.00000     0.00000
    -97.095         0.00000     0.00000     0.00000     0.00000
    -96.945         0.00000     0.00000     0.00000     0.00000
    -96.795         0.00000     0.00000     0.00000     0.00000
    -96.645         0.00000     0.00000     0.00000     0.00000
    -96.495         0.00000     0.00000     0.00000     0.00000
    -96.345         0.00000     0.00000     0.00000     0.00000
    -96.195         0.00000     0.00000     0.00000     0.00000
    -96.045         0.00000     0.00000     0.00000     0.00000
    -95.895         0.00000     0.00000     0.00000     0.00000
    -95.745         0.00000     0.00000     0.00000     0.00000
    -95.595         0.00000     0.00000     0.00000     0.00000
    -95.445         0.00000     0.00000     0.00000     0.00000
    -95.295         0.00000     0.00000     0.00000     0.00000
    -95.145         0.00000     0.00000     0.00000     0.00000
    -94.995         0.00000     0.00000     0.00000     0.00000
    -94.845         0.00000     0.00000     0.00000     0.00000
    -94.695         0.00000     0.00000     0.00000     0.00000
    -94.545         0.00000     0.00000     0.00000     0.00000
    -94.395         0.00000     0.00000     0.00000     0.00000
    -94.245         0.00000     0.00000     0.00000     0.00000
    -94.095         0.00000     0.00000     0.00000     0.00000
    -93.945         0.00000     0.00000     0.00000     0.00000
    -93.795         0.00000     0.00000     0.00000     0.00000
    -93.645         0.00000     0.00000     0.00000     0.00000
    -93.495         0.00000     0.00000     0.00000     0.00000
    -93.345         0.00000     0.00000     0.00000     0.00000
    -93.195         0.00000     0.00000     0.00000     0.00000
    -93.045         0.00000     0.00000     0.00000     0.00000
    -92.895         0.00000     0.00000     0.00000     0.00000
    -92.745         0.00000     0.00000     0.00000     0.00000
    -92.595         0.00000     0.00000     0.00000     0.00000
    -92.445         0.00000     0.00000     0.00000     0.00000
    -92.295         0.00000     0.00000     0.00000     0.00000
    -92.145         0.00000     0.00000     0.00000     0.00000
    -91.995         0.00000     0.00000     0.00000     0.00000
    -91.845         0.00000     0.00000     0.00000     0.00000
    -91.695         0.00000     0.00000     0.00000     0.00000
    -91.545         0.00000     0.00000     0.00000     0.00000
    -91.395         0.00000     0.00000     0.00000     0.00000
    -91.245         0.00000     0.00000     0.00000     0.00000
    -91.095         0.00000     0.00000     0.00000     0.00000
    -90.945         0.00000     0.00000     0.00000     0.00000
    -90.795         0.00000     0.00000     0.00000     0.00000
    -90.645         0.00000     0.00000     0.00000     0.00000
    -90.495         0.00000     0.00000     0.00000     0.00000
    -90.345         0.00000     0.00000     0.00000     0.00000
    -90.195         0.00000     0.00000     0.00000     0.00000
    -90.045         0.00000     0.00000     0.00000     0.00000
    -89.895         0.00000     0.00000     0.00000     0.00000
    -89.745         0.00000     0.00000     0.00000     0.00000
    -89.595         0.00000     0.00000     0.00000     0.00000
    -89.445         0.00000     0.00000     0.00000     0.00000
    -89.295         0.00000     0.00000     0.00000     0.00000
    -89.145         0.00000     0.00000     0.00000     0.00000
    -88.995         0.00000     0.00000     0.00000     0.00000
    -88.845         0.00000     0.00000     0.00000     0.00000
    -88.695         0.00000     0.00000     0.00000     0.00000
    -88.545         0.00000     0.00000     0.00000     0.00000
    -88.395         0.00000     0.00000     0.00000     0.00000
    -88.245         0.00000     0.00000     0.00000     0.00000
    -88.095         0.00000     0.00000     0.00000     0.00000
    -87.945         0.00000     0.00000     0.00000     0.00000
    -87.795         0.00000     0.00000     0.00000     0.00000
    -87.645         0.00000     0.00000     0.00000     0.00000
    -87.495         0.00000     0.00000     0.00000     0.00000
    -87.345         0.00000     0.00000     0.00000     0.00000
    -87.195         0.00000     0.00000     0.00000     0.00000
    -87.045         0.00000     0.00000     0.00000     0.00000
    -86.895         0.00000     0.00000     0.00000     0.00000
    -86.745         0.00000     0.00000     0.00000     0.00000
    -86.595         0.00000     0.00000     0.00000     0.00000
    -86.445         0.00000     0.00000     0.00000     0.00000
    -86.295         0.00000     0.00000     0.00000     0.00000
    -86.145         0.00000     0.00000     0.00000     0.00000
    -85.995         0.00000     0.00000     0.00000     0.00000
    -85.845         0.00000     0.00000     0.00000     0.00000
    -85.695         0.00000     0.00000     0.00000     0.00000
    -85.545         0.00000     0.00000     0.00000     0.00000
    -85.395         0.00000     0.00000     0.00000     0.00000
    -85.245         0.00000     0.00000     0.00000     0.00000
    -85.095         0.00000     0.00000     0.00000     0.00000
    -84.945         0.00000     0.00000     0.00000     0.00000
    -84.795         0.00000     0.00000     0.00000     0.00000
    -84.645         0.00000     0.00000     0.00000     0.00000
    -84.495         0.00000     0.00000     0.00000     0.00000
    -84.345         0.00000     0.00000     0.00000     0.00000
    -84.195         0.00000     0.00000     0.00000     0.00000
    -84.045         0.00000     0.00000     0.00000     0.00000
    -83.895         0.00000     0.00000     0.00000     0.00000
    -83.745         0.00000     0.00000     0.00000     0.00000
    -83.595         0.00000     0.00000     0.00000     0.00000
    -83.445         0.00000     0.00000     0.00000     0.00000
    -83.295         0.00000     0.00000     0.00000     0.00000
    -83.145         0.00000     0.00000     0.00000     0.00000
    -82.995         0.00000     0.00000     0.00000     0.00000
    -82.845         0.00000     0.00000     0.00000     0.00000
    -82.695         0.00000     0.00000     0.00000     0.00000
    -82.545         0.00000     0.00000     0.00000     0.00000
    -82.395         0.00000     0.00000     0.00000     0.00000
    -82.245         0.00000     0.00000     0.00000     0.00000
    -82.095         0.00000     0.00000     0.00000     0.00000
    -81.945         0.00000     0.00000     0.00000     0.00000
    -81.795         0.00000     0.00000     0.00000     0.00000
    -81.645         0.00000     0.00000     0.00000     0.00000
    -81.495         0.00000     0.00000     0.00000     0.00000
    -81.345         0.00000     0.00000     0.00000     0.00000
    -81.195         0.00000     0.00000     0.00000     0.00000
    -81.045         0.00000     0.00000     0.00000     0.00000
    -80.895         0.00000     0.00000     0.00000     0.00000
    -80.745         0.00000     0.00000     0.00000     0.00000
    -80.595         0.00000     0.00000     0.00000     0.00000
    -80.445         0.00000     0.00000     0.00000     0.00000
    -80.295         0.00000     0.00000     0.00000     0.00000
    -80.145         0.00000     0.00000     0.00000     0.00000
    -79.995         0.00000     0.00000     0.00000     0.00000
    -79.845         0.00000     0.00000     0.00000     0.00000
    -79.695         0.00000     0.00000     0.00000     0.00000
    -79.545         0.00000     0.00000     0.00000     0.00000
    -79.395         0.00000     0.00000     0.00000     0.00000
    -79.245         0.00000     0.00000     0.00000     0.00000
    -79.095         0.00000     0.00000     0.00000     0.00000
    -78.945         0.00000     0.00000     0.00000     0.00000
    -78.795         0.00000     0.00000     0.00000     0.00000
    -78.645         0.00000     0.00000     0.00000     0.00000
    -78.495         0.00000     0.00000     0.00000     0.00000
    -78.345         0.00000     0.00000     0.00000     0.00000
    -78.195         0.00000     0.00000     0.00000     0.00000
    -78.045         0.00000     0.00000     0.00000     0.00000
    -77.895         0.00000     0.00000     0.00000     0.00000
    -77.745         0.00000     0.00000     0.00000     0.00000
    -77.595         0.00000     0.00000     0.00000     0.00000
    -77.445         0.00000     0.00000     0.00000     0.00000
    -77.295         0.00000     0.00000     0.00000     0.00000
    -77.145         0.00000     0.00000     0.00000     0.00000
    -76.995         0.00000     0.00000     0.00000     0.00000
    -76.845         0.00000     0.00000     0.00000     0.00000
    -76.695         0.00000     0.00000     0.00000     0.00000
    -76.545         0.00000     0.00000     0.00000     0.00000
    -76.395         0.00000     0.00000     0.00000     0.00000
    -76.245         0.00000     0.00000     0.00000     0.00000
    -76.095         0.00000     0.00000     0.00000     0.00000
    -75.945         0.00000     0.00000     0.00000     0.00000
    -75.795         0.00000     0.00000     0.00000     0.00000
    -75.645         0.00000     0.00000     0.00000     0.00000
    -75.495         0.00000     0.00000     0.00000     0.00000
    -75.345         0.00000     0.00000     0.00000     0.00000
    -75.195         0.00000     0.00000     0.00000     0.00000
    -75.045         0.00000     0.00000     0.00000     0.00000
    -74.895         0.00000     0.00000     0.00000     0.00000
    -74.745         0.00000     0.00000     0.00000     0.00000
    -74.595         0.00000     0.00000     0.00000     0.00000
    -74.445         0.00000     0.00000     0.00000     0.00000
    -74.295         0.00000     0.00000     0.00000     0.00000
    -74.145         0.00000     0.00000     0.00000     0.00000
    -73.995         0.00000     0.00000     0.00000     0.00000
    -73.845         0.00000     0.00000     0.00000     0.00000
    -73.695         0.00000     0.00000     0.00000     0.00000
    -73.545         0.00000     0.00000     0.00000     0.00000
    -73.395         0.00000     0.00000     0.00000     0.00000
    -73.245         0.00000     0.00000     0.00000     0.00000
    -73.095         0.00000     0.00000     0.00000     0.00000
    -72.945         0.00000     0.00000     0.00000     0.00000
    -72.795         0.00000     0.00000     0.00000     0.00000
    -72.645         0.00000     0.00000     0.00000     0.00000
    -72.495         0.00000     0.00000     0.00000     0.00000
    -72.345         0.00000     0.00000     0.00000     0.00000
    -72.195         0.00000     0.00000     0.00000     0.00000
    -72.045         0.00000     0.00000     0.00000     0.00000
    -71.895         0.00000     0.00000     0.00000     0.00000
    -71.745         0.00000     0.00000     0.00000     0.00000
    -71.595         0.00000     0.00000     0.00000     0.00000
    -71.445         0.00000     0.00000     0.00000     0.00000
    -71.295         0.00000     0.00000     0.00000     0.00000
    -71.145         0.00000     0.00000     0.00000     0.00000
    -70.995         0.00000     0.00000     0.00000     0.00000
    -70.845         0.00000     0.00000     0.00000     0.00000
    -70.695         0.00000     0.00000     0.00000     0.00000
    -70.545         0.00000     0.00000     0.00000     0.00000
    -70.395         0.00000     0.00000     0.00000     0.00000
    -70.245         0.00000     0.00000     0.00000     0.00000
    -70.095         0.00000     0.00000     0.00000     0.00000
    -69.945         0.00000     0.00000     0.00000     0.00000
    -69.795         0.00000     0.00000     0.00000     0.00000
    -69.645         0.00000     0.00000     0.00000     0.00000
    -69.495         0.00000     0.00000     0.00000     0.00000
    -69.345         0.00000     0.00000     0.00000     0.00000
    -69.195         0.00000     0.00000     0.00000     0.00000
    -69.045         0.00000     0.00000     0.00000     0.00000
    -68.895         0.00000     0.00000     0.00000     0.00000
    -68.745         0.00000     0.00000     0.00000     0.00000
    -68.595         0.00000     0.00000     0.00000     0.00000
    -68.445         0.00000     0.00000     0.00000     0.00000
    -68.295         0.00000     0.00000     0.00000     0.00000
    -68.145         0.00000     0.00000     0.00000     0.00000
    -67.995         0.00000     0.00000     0.00000     0.00000
    -67.845         0.00000     0.00000     0.00000     0.00000
    -67.695         0.00000     0.00000     0.00000     0.00000
    -67.545         0.00000     0.00000     0.00000     0.00000
    -67.395         0.00000     0.00000     0.00000     0.00000
    -67.245         0.00000     0.00000     0.00000     0.00000
    -67.095         0.00000     0.00000     0.00000     0.00000
    -66.945         0.00000     0.00000     0.00000     0.00000
    -66.795         0.00000     0.00000     0.00000     0.00000
    -66.645         0.00000     0.00000     0.00000     0.00000
    -66.495         0.00000     0.00000     0.00000     0.00000
    -66.345         0.00000     0.00000     0.00000     0.00000
    -66.195         0.00000     0.00000     0.00000     0.00000
    -66.045         0.00000     0.00000     0.00000     0.00000
    -65.895         0.00000     0.00000     0.00000     0.00000
    -65.745         0.00000     0.00000     0.00000     0.00000
    -65.595         0.00000     0.00000     0.00000     0.00000
    -65.445         0.00000     0.00000     0.00000     0.00000
    -65.295         0.00000     0.00000     0.00000     0.00000
    -65.145         0.00000     0.00000     0.00000     0.00000
    -64.995         0.00000     0.00000     0.00000     0.00000
    -64.845         0.00000     0.00000     0.00000     0.00000
    -64.695         0.00000     0.00000     0.00000     0.00000
    -64.545         0.00000     0.00000     0.00000     0.00000
    -64.395         0.00000     0.00000     0.00000     0.00000
    -64.245         0.00000     0.00000     0.00000     0.00000
    -64.095         0.00000     0.00000     0.00000     0.00000
    -63.945         0.00000     0.00000     0.00000     0.00000
    -63.795         0.00000     0.00000     0.00000     0.00000
    -63.645         0.00000     0.00000     0.00000     0.00000
    -63.495         0.00000     0.00000     0.00000     0.00000
    -63.345         0.00000     0.00000     0.00000     0.00000
    -63.195         0.00000     0.00000     0.00000     0.00000
    -63.045         0.00000     0.00000     0.00000     0.00000
    -62.895         0.00000     0.00000     0.00000     0.00000
    -62.745         0.00000     0.00000     0.00000     0.00000
    -62.595         0.00000     0.00000     0.00000     0.00000
    -62.445         0.00000     0.00000     0.00000     0.00000
    -62.295         0.00000     0.00000     0.00000     0.00000
    -62.145         0.00000     0.00000     0.00000     0.00000
    -61.995         0.00000     0.00000     0.00000     0.00000
    -61.845         0.00000     0.00000     0.00000     0.00000
    -61.695         0.00000     0.00000     0.00000     0.00000
    -61.545         0.00000     0.00000     0.00000     0.00000
    -61.395         0.00000     0.00000     0.00000     0.00000
    -61.245         0.00000     0.00000     0.00000     0.00000
    -61.095         0.00000     0.00000     0.00000     0.00000
    -60.945         0.00000     0.00000     0.00000     0.00000
    -60.795         0.00000     0.00000     0.00000     0.00000
    -60.645         0.00000     0.00000     0.00000     0.00000
    -60.495         0.00000     0.00000     0.00000     0.00000
    -60.345         0.00000     0.00000     0.00000     0.00000
    -60.195         0.00000     0.00000     0.00000     0.00000
    -60.045         0.00000     0.00000     0.00000     0.00000
    -59.895         0.00000     0.00000     0.00000     0.00000
    -59.745         0.00000     0.00000     0.00000     0.00000
    -59.595         0.00000     0.00000     0.00000     0.00000
    -59.445         0.00000     0.00000     0.00000     0.00000
    -59.295         0.00000     0.00000     0.00000     0.00000
    -59.145         0.00000     0.00000     0.00000     0.00000
    -58.995         0.00000     0.00000     0.00000     0.00000
    -58.845         0.00000     0.00000     0.00000     0.00000
    -58.695         0.00000     0.00000     0.00000     0.00000
    -58.545         0.00000     0.00000     0.00000     0.00000
    -58.395         0.00000     0.00000     0.00000     0.00000
    -58.245         0.00000     0.00000     0.00000     0.00000
    -58.095         0.00000     0.00000     0.00000     0.00000
    -57.945         0.00000     0.00000     0.00000     0.00000
    -57.795         0.00000     0.00000     0.00000     0.00000
    -57.645         0.00000     0.00000     0.00000     0.00000
    -57.495         0.00000     0.00000     0.00000     0.00000
    -57.345         0.00000     0.00000     0.00000     0.00000
    -57.195         0.00000     0.00000     0.00000     0.00000
    -57.045         0.00000     0.00000     0.00000     0.00000
    -56.895         0.00000     0.00000     0.00000     0.00000
    -56.745         0.00000     0.00000     0.00000     0.00000
    -56.595         0.00000     0.00000     0.00000     0.00000
    -56.445         0.00000     0.00000     0.00000     0.00000
    -56.295         0.00000     0.00000     0.00000     0.00000
    -56.145         0.00000     0.00000     0.00000     0.00000
    -55.995         0.00000     0.00000     0.00000     0.00000
    -55.845         0.00000     0.00000     0.00000     0.00000
    -55.695         0.00000     0.00000     0.00000     0.00000
    -55.545         0.00000     0.00000     0.00000     0.00000
    -55.395         0.00000     0.00000     0.00000     0.00000
    -55.245         0.00000     0.00000     0.00000     0.00000
    -55.095         0.00000     0.00000     0.00000     0.00000
    -54.945         0.00000     0.00000     0.00000     0.00000
    -54.795         0.00000     0.00000     0.00000     0.00000
    -54.645         0.00000     0.00000     0.00000     0.00000
    -54.495         0.00000     0.00000     0.00000     0.00000
    -54.345         0.00000     0.00000     0.00000     0.00000
    -54.195         0.00000     0.00000     0.00000     0.00000
    -54.045         0.00000     0.00000     0.00000     0.00000
    -53.895         0.00000     0.00000     0.00000     0.00000
    -53.745         0.00000     0.00000     0.00000     0.00000
    -53.595         0.00000     0.00000     0.00000     0.00000
    -53.445         0.00000     0.00000     0.00000     0.00000
    -53.295         0.00000     0.00000     0.00000     0.00000
    -53.145         0.00000     0.00000     0.00000     0.00000
    -52.995         0.00000     0.00000     0.00000     0.00000
    -52.845         0.00000     0.00000     0.00000     0.00000
    -52.695         0.00000     0.00000     0.00000     0.00000
    -52.545         0.00000     0.00000     0.00000     0.00000
    -52.395         0.00000     0.00000     0.00000     0.00000
    -52.245         0.00000     0.00000     0.00000     0.00000
    -52.095         0.00000     0.00000     0.00000     0.00000
    -51.945         0.00000     0.00000     0.00000     0.00000
    -51.795         0.00000     0.00000     0.00000     0.00000
    -51.645         0.00000     0.00000     0.00000     0.00000
    -51.495         0.00000     0.00000     0.00000     0.00000
    -51.345         0.00000     0.00000     0.00000     0.00000
    -51.195         0.00000     0.00000     0.00000     0.00000
    -51.045         0.00000     0.00000     0.00000     0.00000
    -50.895         0.00000     0.00000     0.00000     0.00000
    -50.745         0.00000     0.00000     0.00000     0.00000
    -50.595         0.00000     0.00000     0.00000     0.00000
    -50.445         0.00000     0.00000     0.00000     0.00000
    -50.295         0.00000     0.00000     0.00000     0.00000
    -50.145         0.00000     0.00000     0.00000     0.00000
    -49.995         0.00000     0.00000     0.00000     0.00000
    -49.845         0.00000     0.00000     0.00000     0.00000
    -49.695         0.00000     0.00000     0.00000     0.00000
    -49.545         0.00000     0.00000     0.00000     0.00000
    -49.395         0.00000     0.00000     0.00000     0.00000
    -49.245         0.00000     0.00000     0.00000     0.00000
    -49.095         0.00000     0.00000     0.00000     0.00000
    -48.945         0.00000     0.00000     0.00000     0.00000
    -48.795         0.00000     0.00000     0.00000     0.00000
    -48.645         0.00000     0.00000     0.00000     0.00000
    -48.495         0.00000     0.00000     0.00000     0.00000
    -48.345         0.00000     0.00000     0.00000     0.00000
    -48.195         0.00000     0.00000     0.00000     0.00000
    -48.045         0.00000     0.00000     0.00000     0.00000
    -47.895         0.00000     0.00000     0.00000     0.00000
    -47.745         0.00000     0.00000     0.00000     0.00000
    -47.595         0.00000     0.00000     0.00000     0.00000
    -47.445         0.00000     0.00000     0.00000     0.00000
    -47.295         0.00000     0.00000     0.00000     0.00000
    -47.145         0.00000     0.00000     0.00000     0.00000
    -46.995         0.00000     0.00000     0.00000     0.00000
    -46.845         0.00000     0.00000     0.00000     0.00000
    -46.695         0.00000     0.00000     0.00000     0.00000
    -46.545         0.00000     0.00000     0.00000     0.00000
    -46.395         0.00000     0.00000     0.00000     0.00000
    -46.245         0.00000     0.00000     0.00000     0.00000
    -46.095         0.00000     0.00000     0.00000     0.00000
    -45.945         0.00000     0.00000     0.00000     0.00000
    -45.795         0.00000     0.00000     0.00000     0.00000
    -45.645         0.00000     0.00000     0.00000     0.00000
    -45.495         0.00000     0.00000     0.00000     0.00000
    -45.345         0.00000     0.00000     0.00000     0.00000
    -45.195         0.00000     0.00000     0.00000     0.00000
    -45.045         0.00000     0.00000     0.00000     0.00000
    -44.895         0.00000     0.00000     0.00000     0.00000
    -44.745         0.00000     0.00000     0.00000     0.00000
    -44.595         0.00000     0.00000     0.00000     0.00000
    -44.445         0.00000     0.00000     0.00000     0.00000
    -44.295         0.00000     0.00000     0.00000     0.00000
    -44.145         0.00000     0.00000     0.00000     0.00000
    -43.995         0.00000     0.00000     0.00000     0.00000
    -43.845         0.00000     0.00000     0.00000     0.00000
    -43.695         0.00000     0.00000     0.00000     0.00000
    -43.545         0.00000     0.00000     0.00000     0.00000
    -43.395         0.00000     0.00000     0.00000     0.00000
    -43.245         0.00000     0.00000     0.00000     0.00000
    -43.095         0.00000     0.00000     0.00000     0.00000
    -42.945         0.00000     0.00000     0.00000     0.00000
    -42.795         0.00000     0.00000     0.00000     0.00000
    -42.645         0.00000     0.00000     0.00000     0.00000
    -42.495         0.00000     0.00000     0.00000     0.00000
    -42.345         0.00000     0.00000     0.00000     0.00000
    -42.195         0.00000     0.00000     0.00000     0.00000
    -42.045         0.00000     0.00000     0.00000     0.00000
    -41.895         0.00000     0.00000     0.00000     0.00000
    -41.745         0.00000     0.00000     0.00000     0.00000
    -41.595         0.00000     0.00000     0.00000     0.00000
    -41.445         0.00000     0.00000     0.00000     0.00000
    -41.295         0.00000     0.00000     0.00000     0.00000
    -41.145         0.00000     0.00000     0.00000     0.00000
    -40.995         0.00000     0.00000     0.00000     0.00000
    -40.845         0.00000     0.00000     0.00000     0.00000
    -40.695         0.00000     0.00000     0.00000     0.00000
    -40.545         0.00000     0.00000     0.00000     0.00000
    -40.395         0.00000     0.00000     0.00000     0.00000
    -40.245         0.00000     0.00000     0.00000     0.00000
    -40.095         0.00000     0.00000     0.00000     0.00000
    -39.945         0.00000     0.00000     0.00000     0.00000
    -39.795         0.00000     0.00000     0.00000     0.00000
    -39.645         0.00000     0.00000     0.00000     0.00000
    -39.495         0.00000     0.00000     0.00000     0.00000
    -39.345         0.00000     0.00000     0.00000     0.00000
    -39.195         0.00000     0.00000     0.00000     0.00000
    -39.045         0.00000     0.00000     0.00000     0.00000
    -38.895         0.00000     0.00000     0.00000     0.00000
    -38.745         0.00000     0.00000     0.00000     0.00000
    -38.595         0.00000     0.00000     0.00000     0.00000
    -38.445         0.00000     0.00000     0.00000     0.00000
    -38.295         0.00000     0.00000     0.00000     0.00000
    -38.145         0.00000     0.00000     0.00000     0.00000
    -37.995         0.00000     0.00000     0.00000     0.00000
    -37.845         0.00000     0.00000     0.00000     0.00000
    -37.695         0.00000     0.00000     0.00000     0.00000
    -37.545         0.00000     0.00000     0.00000     0.00000
    -37.395         0.00000     0.00000     0.00000     0.00000
    -37.245         0.00000     0.00000     0.00000     0.00000
    -37.095         0.00000     0.00000     0.00000     0.00000
    -36.945         0.00000     0.00000     0.00000     0.00000
    -36.795         0.00000     0.00000     0.00000     0.00000
    -36.645         0.00000     0.00000     0.00000     0.00000
    -36.495         0.00000     0.00000     0.00000     0.00000
    -36.345         0.00000     0.00000     0.00000     0.00000
    -36.195         0.00000     0.00000     0.00000     0.00000
    -36.045         0.00000     0.00000     0.00000     0.00000
    -35.895         0.00000     0.00000     0.00000     0.00000
    -35.745         0.00000     0.00000     0.00000     0.00000
    -35.595         0.00000     0.00000     0.00000     0.00000
    -35.445         0.00000     0.00000     0.00000     0.00000
    -35.295         0.00000     0.00000     0.00000     0.00000
    -35.145         0.00000     0.00000     0.00000     0.00000
    -34.995         0.00000     0.00000     0.00000     0.00000
    -34.845         0.00000     0.00000     0.00000     0.00000
    -34.695         0.00000     0.00000     0.00000     0.00000
    -34.545         0.00000     0.00000     0.00000     0.00000
    -34.395         0.00000     0.00000     0.00000     0.00000
    -34.245         0.00000     0.00000     0.00000     0.00000
    -34.095         0.00000     0.00000     0.00000     0.00000
    -33.945         0.00000     0.00000     0.00000     0.00000
    -33.795         0.00000     0.00000     0.00000     0.00000
    -33.645         0.00000     0.00000     0.00000     0.00000
    -33.495         0.00000     0.00000     0.00000     0.00000
    -33.345         0.00000     0.00000     0.00000     0.00000
    -33.195         0.00000     0.00000     0.00000     0.00000
    -33.045         0.00000     0.00000     0.00000     0.00000
    -32.895         0.00000     0.00000     0.00000     0.00000
    -32.745         0.00000     0.00000     0.00000     0.00000
    -32.595         0.00000     0.00000     0.00000     0.00000
    -32.445         0.00000     0.00000     0.00000     0.00000
    -32.295         0.00000     0.00000     0.00000     0.00000
    -32.145         0.00000     0.00000     0.00000     0.00000
    -31.995         0.00000     0.00000     0.00000     0.00000
    -31.845         0.00000     0.00000     0.00000     0.00000
    -31.695         0.00000     0.00000     0.00000     0.00000
    -31.545         0.00000     0.00000     0.00000     0.00000
    -31.395         0.00000     0.00000     0.00000     0.00000
    -31.245         0.00000     0.00000     0.00000     0.00000
    -31.095         0.00000     0.00000     0.00000     0.00000
    -30.945         0.00000     0.00000     0.00000     0.00000
    -30.795         0.00000     0.00000     0.00000     0.00000
    -30.645         0.00000     0.00000     0.00000     0.00000
    -30.495         0.00000     0.00000     0.00000     0.00000
    -30.345         0.00000     0.00000     0.00000     0.00000
    -30.195         0.00000     0.00000     0.00000     0.00000
    -30.045         0.00000     0.00000     0.00000     0.00000
    -29.895         0.00000     0.00000     0.00000     0.00000
    -29.745         0.00000     0.00000     0.00000     0.00000
    -29.595         0.00000     0.00000     0.00000     0.00000
    -29.445         0.00000     0.00000     0.00000     0.00000
    -29.295         0.00000     0.00000     0.00000     0.00000
    -29.145         0.00000     0.00000     0.00000     0.00000
    -28.995         0.00000     0.00000     0.00000     0.00000
    -28.845         0.00000     0.00000     0.00000     0.00000
    -28.695         0.00000     0.00000     0.00000     0.00000
    -28.545         0.00000     0.00000     0.00000     0.00000
    -28.395         0.00000     0.00000     0.00000     0.00000
    -28.245         0.00000     0.00000     0.00000     0.00000
    -28.095         0.00000     0.00000     0.00000     0.00000
    -27.945         0.00000     0.00000     0.00000     0.00000
    -27.795         0.00000     0.00000     0.00000     0.00000
    -27.645         0.00000     0.00000     0.00000     0.00000
    -27.495         0.00000     0.00000     0.00000     0.00000
    -27.345         0.00000     0.00000     0.00000     0.00000
    -27.195         0.00000     0.00000     0.00000     0.00000
    -27.045         0.00000     0.00000     0.00000     0.00000
    -26.895         0.00000     0.00000     0.00000     0.00000
    -26.745         0.00000     0.00000     0.00000     0.00000
    -26.595         0.00000     0.00000     0.00000     0.00000
    -26.445         0.00000     0.00000     0.00000     0.00000
    -26.295         0.00000     0.00000     0.00000     0.00000
    -26.145         0.00000     0.00000     0.00000     0.00000
    -25.995         0.00000     0.00000     0.00000     0.00000
    -25.845         0.00000     0.00000     0.00000     0.00000
    -25.695         0.00000     0.00000     0.00000     0.00000
    -25.545         0.00000     0.00000     0.00000     0.00000
    -25.395         0.00000     0.00000     0.00000     0.00000
    -25.245         0.00000     0.00000     0.00000     0.00000
    -25.095         0.00000     0.00000     0.00000     0.00000
    -24.945         0.00000     0.00000     0.00000     0.00000
    -24.795         0.00000     0.00000     0.00000     0.00000
    -24.645         0.00000     0.00000     0.00000     0.00000
    -24.495         0.00000     0.00000     0.00000     0.00000
    -24.345         0.00000     0.00000     0.00000     0.00000
    -24.195         0.00000     0.00000     0.00000     0.00000
    -24.045        -0.00000    -0.00000     0.00000     0.00000
    -23.895        -0.00000    -0.00000     0.00000     0.00000
    -23.745        -0.00000    -0.00000     0.00000     0.00000
    -23.595        -0.00000    -0.00000     0.00000     0.00000
    -23.445        -0.00110    -0.00110     0.00000     0.00000
    -23.295        -0.00222    -0.00222     0.00000     0.00000
    -23.145        -0.00335    -0.00335     0.00000     0.00000
    -22.995        -0.00335    -0.00335     0.00000     0.00000
    -22.845        -0.00452    -0.00452     0.00000     0.00000
    -22.695        -0.00453    -0.00453     0.00000     0.00000
    -22.545        -0.00682    -0.00682     0.00000     0.00000
    -22.395        -0.01125    -0.01125     0.00000     0.00000
    -22.245        -0.02088    -0.02088     0.00000     0.00000
    -22.095        -0.02746    -0.02746     0.00000     0.00000
    -21.945        -0.03916    -0.03916     0.00000     0.00000
    -21.795        -0.04682    -0.04682     0.00000     0.00000
    -21.645        -0.05449    -0.05449     0.00000     0.00000
    -21.495        -0.06217    -0.06217     0.00000     0.00000
    -21.345        -0.07489    -0.07489     0.00000     0.00000
    -21.195        -0.08658    -0.08658     0.00000     0.00000
    -21.045        -0.09324    -0.09324     0.00000     0.00000
    -20.895        -0.10588    -0.10588     0.00000     0.00000
    -20.745        -0.12910    -0.12910     0.00000     0.00000
    -20.595        -0.14165    -0.14165     0.00000     0.00000
    -20.445        -0.15029    -0.15029     0.00000     0.00000
    -20.295        -0.16559    -0.16559     0.00000     0.00000
    -20.145        -0.17126    -0.17126     0.00000     0.00000
    -19.995        -0.17982    -0.17982     0.00000     0.00000
    -19.845        -0.19022    -0.19022     0.00000     0.00000
    -19.695        -0.20059    -0.20059     0.00000     0.00000
    -19.545        -0.20813    -0.20813     0.00000     0.00000
    -19.395        -0.21563    -0.21563     0.00000     0.00000
    -19.245        -0.22125    -0.22125     0.00000     0.00000
    -19.095        -0.23058    -0.23058     0.00000     0.00000
    -18.945        -0.23617    -0.23617     0.00000     0.00000
    -18.795        -0.24266    -0.24266     0.00000     0.00000
    -18.645        -0.25277    -0.25277     0.00000     0.00000
    -18.495        -0.25741    -0.25741     0.00000     0.00000
    -18.345        -0.26296    -0.26296     0.00000     0.00000
    -18.195        -0.27023    -0.27023     0.00000     0.00000
    -18.045        -0.28013    -0.28013     0.00000     0.00000
    -17.895        -0.28649    -0.28649     0.00000     0.00000
    -17.745        -0.29108    -0.29108     0.00000     0.00000
    -17.595        -0.29567    -0.29567     0.00000     0.00000
    -17.445        -0.30028    -0.30028     0.00000     0.00000
    -17.295        -0.30401    -0.30401     0.00000     0.00000
    -17.145        -0.30857    -0.30857     0.00000     0.00000
    -16.995        -0.31314    -0.31314     0.00000     0.00000
    -16.845        -0.31767    -0.31767     0.00000     0.00000
    -16.695        -0.32138    -0.32138     0.00000     0.00000
    -16.545        -0.32428    -0.32428     0.00000     0.00000
    -16.395        -0.32801    -0.32801     0.00000     0.00000
    -16.245        -0.33091    -0.33091     0.00000     0.00000
    -16.095        -0.33465    -0.33465     0.00000     0.00000
    -15.945        -0.33761    -0.33761     0.00000     0.00000
    -15.795        -0.33777    -0.33777     0.00000     0.00000
    -15.645        -0.34229    -0.34229     0.00000     0.00000
    -15.495        -0.34753    -0.34753     0.00000     0.00000
    -15.345        -0.35051    -0.35051     0.00000     0.00000
    -15.195        -0.35425    -0.35425     0.00000     0.00000
    -15.045        -0.35442    -0.35442     0.00000     0.00000
    -14.895        -0.35660    -0.35660     0.00000     0.00000
    -14.745        -0.35678    -0.35678     0.00000     0.00000
    -14.595        -0.36329    -0.36269    -0.00060     0.00000
    -14.445        -0.36613    -0.36489    -0.00124     0.00000
    -14.295        -0.36962    -0.36712    -0.00250     0.00000
    -14.145        -0.37335    -0.37018    -0.00317     0.00000
    -13.995        -0.38030    -0.37396    -0.00633     0.00000
    -13.845        -0.38304    -0.37415    -0.00889     0.00000
    -13.695        -0.39052    -0.37724    -0.01328     0.00000
    -13.545        -0.39808    -0.38037    -0.01771     0.00000
    -13.395        -0.40596    -0.38264    -0.02332     0.00000
    -13.245        -0.41387    -0.38491    -0.02895     0.00000
    -13.095        -0.42123    -0.38720    -0.03403     0.00000
    -12.945        -0.42941    -0.38742    -0.04199     0.00000
    -12.795        -0.43414    -0.38764    -0.04650     0.00000
    -12.645        -0.44825    -0.38995    -0.05831     0.00000
    -12.495        -0.45882    -0.39316    -0.06566     0.00000
    -12.345        -0.46804    -0.39340    -0.07465     0.00000
    -12.195        -0.47876    -0.39572    -0.08303     0.00000
    -12.045        -0.48943    -0.39806    -0.09137     0.00000
    -11.895        -0.49994    -0.40134    -0.09860     0.00000
    -11.745        -0.51309    -0.40465    -0.10844     0.00000
    -11.595        -0.52410    -0.40796    -0.11614     0.00000
    -11.445        -0.53251    -0.41032    -0.12220     0.00000
    -11.295        -0.54452    -0.41270    -0.13182     0.00000
    -11.145        -0.55129    -0.41296    -0.13833     0.00000
    -10.995        -0.56034    -0.41760    -0.14273     0.00000
    -10.845        -0.56652    -0.41784    -0.14868     0.00000
    -10.695        -0.57432    -0.42023    -0.15410     0.00000
    -10.545        -0.58211    -0.42261    -0.15950     0.00000
    -10.395        -0.59359    -0.42676    -0.16683     0.00000
    -10.245        -0.59933    -0.42912    -0.17021     0.00000
    -10.095        -0.60495    -0.42940    -0.17556     0.00000
    -9.9450        -0.61054    -0.42967    -0.18087     0.00000
    -9.7950        -0.61657    -0.42994    -0.18664     0.00000
    -9.6450        -0.61980    -0.43022    -0.18958     0.00000
    -9.4950        -0.62512    -0.43260    -0.19253     0.00000
    -9.3450        -0.63209    -0.43613    -0.19596     0.00000
    -9.1950        -0.63836    -0.43849    -0.19988     0.00000
    -9.0450        -0.64582    -0.44203    -0.20379     0.00000
    -8.8950        -0.65296    -0.44438    -0.20858     0.00000
    -8.7450        -0.66140    -0.44673    -0.21467     0.00000
    -8.5950        -0.66689    -0.44698    -0.21990     0.00000
    -8.4450        -0.67195    -0.44931    -0.22264     0.00000
    -8.2950        -0.68045    -0.45499    -0.22545     0.00000
    -8.1450        -0.69033    -0.46122    -0.22911     0.00000
    -7.9950        -0.70029    -0.46747    -0.23281     0.00000
    -7.8450        -0.70840    -0.47104    -0.23737     0.00000
    -7.6950        -0.71885    -0.47690    -0.24195     0.00000
    -7.5450        -0.73267    -0.48421    -0.24847     0.00000
    -7.3950        -0.74660    -0.49232    -0.25429     0.00000
    -7.2450        -0.75612    -0.49683    -0.25907    -0.00022
    -7.0950        -0.76948    -0.50389    -0.26463    -0.00097
    -6.9450        -0.79403    -0.51398    -0.27164    -0.00840
    -6.7950        -0.82970    -0.52273    -0.27770    -0.02927
    -6.6450        -0.89337    -0.53461    -0.28487    -0.07389
    -6.4950        -0.98889    -0.54813    -0.29277    -0.14799
    -6.3450        -1.11891    -0.56134    -0.30267    -0.25490
    -6.1950        -1.28988    -0.57549    -0.30958    -0.40481
    -6.0450        -1.50078    -0.58993    -0.31938    -0.59147
    -5.8950        -1.73823    -0.60559    -0.32725    -0.80540
    -5.7450        -2.00357    -0.62187    -0.33676    -1.04494
    -5.5950        -2.28396    -0.64012    -0.34539    -1.29845
    -5.4450        -2.56405    -0.65806    -0.35968    -1.54630
    -5.2950        -2.86010    -0.67656    -0.37444    -1.80911
    -5.1450        -3.14466    -0.69733    -0.39039    -2.05695
    -4.9950        -3.41495    -0.71560    -0.40454    -2.29481
    -4.8450        -3.67815    -0.73784    -0.42265    -2.51765
    -4.6950        -3.93899    -0.75654    -0.44024    -2.74222
    -4.5450        -4.18383    -0.77378    -0.45794    -2.95211
    -4.3950        -4.43168    -0.79343    -0.47813    -3.16012
    -4.2450        -4.66918    -0.81602    -0.49994    -3.35322
    -4.0950        -4.89772    -0.83632    -0.52607    -3.53532
    -3.9450        -5.12415    -0.85665    -0.55163    -3.71587
    -3.7950        -5.34962    -0.88252    -0.58521    -3.88189
    -3.6450        -5.56989    -0.90710    -0.61687    -4.04592
    -3.4950        -5.79500    -0.93489    -0.65066    -4.20945
    -3.3450        -6.01144    -0.96250    -0.68673    -4.36221
    -3.1950        -6.23264    -0.99458    -0.72327    -4.51479
    -3.0450        -6.46461    -1.02961    -0.76605    -4.66895
    -2.8950        -6.69738    -1.06581    -0.80744    -4.82413
    -2.7450        -6.94364    -1.10449    -0.85559    -4.98355
    -2.5950        -7.20272    -1.14675    -0.91087    -5.14510
    -2.4450        -7.48106    -1.19270    -0.97136    -5.31700
    -2.2950        -7.78581    -1.24110    -1.03604    -5.50867
    -2.1450        -8.12669    -1.29715    -1.10900    -5.72055
    -1.9950        -8.50721    -1.35798    -1.19343    -5.95580
    -1.8450        -8.94745    -1.42891    -1.28835    -6.23018
    -1.6950        -9.45141    -1.50785    -1.39081    -6.55275
    -1.5450       -10.03662    -1.59698    -1.49689    -6.94275
    -1.3950       -10.74280    -1.69770    -1.61290    -7.43221
    -1.2450       -11.61985    -1.81942    -1.75197    -8.04845
    -1.0950       -12.68966    -1.97167    -1.92198    -8.79601
   -0.94500       -13.97397    -2.16526    -2.13626    -9.67244
   -0.79500       -15.57493    -2.41166    -2.41736   -10.74591
   -0.64500       -17.53292    -2.74024    -2.77875   -12.01393
   -0.49500       -20.01368    -3.23782    -3.28386   -13.49200
   -0.34500       -23.59658    -4.05640    -4.10163   -15.43855
   -0.22700       -25.24166    -4.44776    -4.50820   -16.28571
   -0.21300       -25.46132    -4.50107    -4.56354   -16.39670
   -0.20700       -25.68576    -4.55595    -4.61919   -16.51061
   -0.20100       -25.91829    -4.61298    -4.67768   -16.62763
   -0.19500       -26.15707    -4.67142    -4.73808   -16.74757
   -0.18900       -26.40234    -4.73132    -4.79984   -16.87119
   -0.18300       -26.65560    -4.79276    -4.86387   -16.99897
   -0.17700       -26.91727    -4.85643    -4.92998   -17.13085
   -0.17100       -27.18609    -4.92145    -4.99859   -17.26605
   -0.16500       -27.46154    -4.98783    -5.06842   -17.40529
   -0.15900       -27.74573    -5.05614    -5.14111   -17.54848
   -0.15300       -28.04225    -5.12695    -5.21694   -17.69835
   -0.14700       -28.34777    -5.19974    -5.29564   -17.85239
   -0.14100       -28.66622    -5.27531    -5.37741   -18.01350
   -0.13500       -28.99715    -5.35376    -5.46352   -18.17986
   -0.12900       -29.33930    -5.43426    -5.55271   -18.35233
   -0.12300       -29.69847    -5.51850    -5.64609   -18.53389
   -0.11700       -30.07340    -5.60660    -5.74309   -18.72371
   -0.11100       -30.46605    -5.69814    -5.84458   -18.92333
   -0.10500       -30.87708    -5.79508    -5.95039   -19.13162
   -0.99000E-01   -31.30725    -5.89596    -6.06057   -19.35072
   -0.93000E-01   -31.76078    -6.00087    -6.17676   -19.58315
   -0.87000E-01   -32.24168    -6.11099    -6.29920   -19.83149
   -0.81000E-01   -32.75009    -6.22709    -6.42763   -20.09537
   -0.75000E-01   -33.29093    -6.34717    -6.56448   -20.37928
   -0.69000E-01   -33.87039    -6.47453    -6.71022   -20.68564
   -0.63000E-01   -34.49091    -6.60696    -6.86610   -21.01786
   -0.57000E-01   -35.16812    -6.74839    -7.03610   -21.38363
   -0.51000E-01   -35.91850    -6.90203    -7.22621   -21.79026
   -0.45000E-01   -36.75399    -7.07221    -7.43176   -22.25002
   -0.39000E-01   -37.67502    -7.25327    -7.64178   -22.77997
   -0.33000E-01   -38.69162    -7.43531    -7.84880   -23.40750
   -0.27000E-01   -39.82997    -7.60918    -8.04392   -24.17687
   -0.21300E-01   -40.70211    -7.71780    -8.16314   -24.82117
   -0.19500E-01   -40.83836    -7.73274    -8.17940   -24.92623
   -0.18900E-01   -40.97753    -7.74747    -8.19510   -25.03496
   -0.18300E-01   -41.11954    -7.76177    -8.21051   -25.14726
   -0.17700E-01   -41.26447    -7.77586    -8.22555   -25.26306
   -0.17100E-01   -41.41317    -7.78965    -8.24035   -25.38318
   -0.16500E-01   -41.56507    -7.80305    -8.25465   -25.50737
   -0.15900E-01   -41.72129    -7.81608    -8.26842   -25.63679
   -0.15300E-01   -41.88151    -7.82872    -8.28181   -25.77098
   -0.14700E-01   -42.04656    -7.84088    -8.29476   -25.91092
   -0.14100E-01   -42.21708    -7.85281    -8.30715   -26.05712
   -0.13500E-01   -42.39314    -7.86432    -8.31914   -26.20968
   -0.12900E-01   -42.57578    -7.87529    -8.33056   -26.36992
   -0.12300E-01   -42.76548    -7.88595    -8.34163   -26.53791
   -0.11700E-01   -42.96229    -7.89603    -8.35209   -26.71416
   -0.11100E-01   -43.16859    -7.90564    -8.36207   -26.90088
   -0.10500E-01   -43.38475    -7.91477    -8.37160   -27.09839
   -0.99000E-02   -43.61202    -7.92339    -8.38049   -27.30814
   -0.93000E-02   -43.85323    -7.93159    -8.38892   -27.53272
   -0.87000E-02   -44.11009    -7.93932    -8.39683   -27.77394
   -0.81000E-02   -44.38581    -7.94643    -8.40424   -28.03514
   -0.75000E-02   -44.68454    -7.95314    -8.41108   -28.32031
   -0.69000E-02   -45.01185    -7.95930    -8.41736   -28.63520
   -0.63000E-02   -45.37343    -7.96493    -8.42311   -28.98540
   -0.57000E-02   -45.77628    -7.97008    -8.42831   -29.37789
   -0.51000E-02   -46.22652    -7.97469    -8.43301   -29.81882
   -0.45000E-02   -46.73230    -7.97876    -8.43713   -30.31640
   -0.39000E-02   -47.30312    -7.98230    -8.44070   -30.88011
   -0.33000E-02   -47.94897    -7.98531    -8.44375   -31.51991
   -0.27000E-02   -48.68388    -7.98777    -8.44624   -32.24987
   -0.21000E-02   -49.52999    -7.98971    -8.44818   -33.09211
   -0.15000E-02   -50.52268    -7.99108    -8.44956   -34.08204
   -0.90000E-03   -51.50800    -7.99191    -8.45039   -35.06570
   -0.30000E-03   -51.92570    -7.99219    -8.45067   -35.48284
    0.30000E-03   -51.50873    -7.99191    -8.45041   -35.06642
    0.90000E-03   -50.52238    -7.99110    -8.44959   -34.08169
    0.15000E-02   -49.52752    -7.98972    -8.44824   -33.08956
    0.21000E-02   -48.68108    -7.98781    -8.44634   -32.24693
    0.27000E-02   -47.94647    -7.98534    -8.44394   -31.51720
    0.33000E-02   -47.30098    -7.98231    -8.44095   -30.87772
    0.39000E-02   -46.73130    -7.97877    -8.43746   -30.31508
    0.45000E-02   -46.22619    -7.97467    -8.43342   -29.81810
    0.51000E-02   -45.77695    -7.96999    -8.42887   -29.37809
    0.57000E-02   -45.37552    -7.96479    -8.42376   -28.98696
    0.63000E-02   -45.01455    -7.95896    -8.41813   -28.63745
    0.69000E-02   -44.68832    -7.95267    -8.41206   -28.32359
    0.75000E-02   -44.38979    -7.94585    -8.40549   -28.03844
    0.81000E-02   -44.11421    -7.93845    -8.39832   -27.77745
    0.87000E-02   -43.85764    -7.93053    -8.39066   -27.53645
    0.93000E-02   -43.61618    -7.92208    -8.38246   -27.31164
    0.99000E-02   -43.38839    -7.91313    -8.37386   -27.10140
    0.10500E-01   -43.17187    -7.90358    -8.36471   -26.90358
    0.11100E-01   -42.96541    -7.89360    -8.35504   -26.71677
    0.11700E-01   -42.76761    -7.88309    -8.34503   -26.53949
    0.12300E-01   -42.57691    -7.87194    -8.33439   -26.37058
    0.12900E-01   -42.39402    -7.86041    -8.32347   -26.21014
    0.13500E-01   -42.21776    -7.84828    -8.31198   -26.05750
    0.14100E-01   -42.04679    -7.83568    -8.30013   -25.91098
    0.14700E-01   -41.88087    -7.82266    -8.28788   -25.77033
    0.15300E-01   -41.72044    -7.80912    -8.27526   -25.63606
    0.15900E-01   -41.56412    -7.79528    -8.26218   -25.50666
    0.16500E-01   -41.41153    -7.78093    -8.24873   -25.38187
    0.17100E-01   -41.26309    -7.76611    -8.23481   -25.26218
    0.17700E-01   -41.11761    -7.75088    -8.22063   -25.14610
    0.18300E-01   -40.97488    -7.73540    -8.20617   -25.03331
    0.18900E-01   -40.83576    -7.71939    -8.19147   -24.92490
    0.19500E-01   -40.69953    -7.70316    -8.17661   -24.81976
    0.21300E-01   -39.82746    -7.58281    -8.06847   -24.17618
    0.27000E-01   -38.68816    -7.38724    -7.89473   -23.40620
    0.33000E-01   -37.67176    -7.18035    -7.71173   -22.77968
    0.39000E-01   -36.75188    -6.97105    -7.52903   -22.25180
    0.45000E-01   -35.92061    -6.76701    -7.35856   -21.79504
    0.51000E-01   -35.17937    -6.57854    -7.20504   -21.39580
    0.57000E-01   -34.51176    -6.41090    -7.06310   -21.03776
    0.63000E-01   -33.90820    -6.25947    -6.92986   -20.71887
    0.69000E-01   -33.35057    -6.11770    -6.80424   -20.42864
    0.75000E-01   -32.83292    -5.98423    -6.68420   -20.16449
    0.81000E-01   -32.34828    -5.85721    -6.56959   -19.92148
    0.87000E-01   -31.89343    -5.73667    -6.46060   -19.69615
    0.93000E-01   -31.46481    -5.62121    -6.35570   -19.48790
    0.99000E-01   -31.06001    -5.51202    -6.25554   -19.29245
    0.10500       -30.67862    -5.40796    -6.15846   -19.11221
    0.11100       -30.31530    -5.30788    -6.06514   -18.94228
    0.11700       -29.96726    -5.21114    -5.97514   -18.78099
    0.12300       -29.63649    -5.11930    -5.88784   -18.62935
    0.12900       -29.32071    -5.03069    -5.80495   -18.48507
    0.13500       -29.01991    -4.94551    -5.72513   -18.34927
    0.14100       -28.73119    -4.86319    -5.64747   -18.22053
    0.14700       -28.45548    -4.78341    -5.57345   -18.09861
    0.15300       -28.19055    -4.70654    -5.50133   -17.98267
    0.15900       -27.93460    -4.63232    -5.43120   -17.87108
    0.16500       -27.68984    -4.56000    -5.36437   -17.76546
    0.17100       -27.45267    -4.48935    -5.29905   -17.66427
    0.17700       -27.22514    -4.42167    -5.23647   -17.56700
    0.18300       -27.00635    -4.35581    -5.17622   -17.47432
    0.18900       -26.79389    -4.29275    -5.11737   -17.38377
    0.19500       -26.58956    -4.23162    -5.06020   -17.29774
    0.20100       -26.39322    -4.17258    -5.00585   -17.21478
    0.20700       -26.19960    -4.11385    -4.95169   -17.13407
    0.21300       -26.01359    -4.05772    -4.89936   -17.05651
    0.22700       -24.66466    -3.64087    -4.51901   -16.50477
    0.34500       -21.97861    -2.79529    -3.74269   -15.44063
    0.49500       -20.33082    -2.27688    -3.26324   -14.79070
    0.64500       -19.16990    -1.92550    -2.92647   -14.31793
    0.79500       -18.28328    -1.67234    -2.68095   -13.93000
    0.94500       -17.56962    -1.47736    -2.48603   -13.60624
     1.0950       -16.98434    -1.32428    -2.32932   -13.33074
     1.2450       -16.48639    -1.19820    -2.19899   -13.08920
     1.3950       -16.06494    -1.09451    -2.09072   -12.87971
     1.5450       -15.69463    -1.00578    -1.99691   -12.69195
     1.6950       -15.36905    -0.92758    -1.91588   -12.52559
     1.8450       -15.07422    -0.86218    -1.84752   -12.36452
     1.9950       -14.81171    -0.80469    -1.78702   -12.22001
     2.1450       -14.57100    -0.75248    -1.73307   -12.08546
     2.2950       -14.36187    -0.70816    -1.68581   -11.96789
     2.4450       -14.17112    -0.66684    -1.64189   -11.86239
     2.5950       -13.98645    -0.63119    -1.60098   -11.75428
     2.7450       -13.82702    -0.59995    -1.56519   -11.66187
     2.8950       -13.67913    -0.57007    -1.53236   -11.57670
     3.0450       -13.53815    -0.54365    -1.50088   -11.49362
     3.1950       -13.41081    -0.51760    -1.47384   -11.41937
     3.3450       -13.29288    -0.49271    -1.44735   -11.35282
     3.4950       -13.18717    -0.47243    -1.42296   -11.29179
     3.6450       -13.08640    -0.45007    -1.39912   -11.23720
     3.7950       -12.99359    -0.43013    -1.37749   -11.18597
     3.9450       -12.91463    -0.41540    -1.35656   -11.14267
     4.0950       -12.83788    -0.40446    -1.33734   -11.09609
     4.2450       -12.76543    -0.38938    -1.31845   -11.05761
     4.3950       -12.69743    -0.37395    -1.30060   -11.02288
     4.5450       -12.63467    -0.36109    -1.28381   -10.98976
     4.6950       -12.56681    -0.34848    -1.26811   -10.95022
     4.8450       -12.50917    -0.33888    -1.25233   -10.91796
     4.9950       -12.45333    -0.32780    -1.23746   -10.88807
     5.1450       -12.40033    -0.31897    -1.22330   -10.85806
     5.2950       -12.35093    -0.31171    -1.20959   -10.82962
     5.4450       -12.30103    -0.30166    -1.19660   -10.80277
     5.5950       -12.25188    -0.29306    -1.18440   -10.77442
     5.7450       -12.20663    -0.28512    -1.17269   -10.74882
     5.8950       -12.16178    -0.27557    -1.16153   -10.72467
     6.0450       -12.11660    -0.26629    -1.15130   -10.69900
     6.1950       -12.07567    -0.25823    -1.14135   -10.67608
     6.3450       -12.03486    -0.25072    -1.13144   -10.65270
     6.4950       -11.99567    -0.24258    -1.12216   -10.63094
     6.6450       -11.95920    -0.23579    -1.11368   -10.60973
     6.7950       -11.92523    -0.23045    -1.10578   -10.58900
     6.9450       -11.89052    -0.22437    -1.09750   -10.56866
     7.0950       -11.86106    -0.22168    -1.09056   -10.54881
     7.2450       -11.83149    -0.21899    -1.08307   -10.52942
     7.3950       -11.80106    -0.21379    -1.07683   -10.51044
     7.5450       -11.77123    -0.20956    -1.06984   -10.49183
     7.6950       -11.74278    -0.20533    -1.06380   -10.47365
     7.8450       -11.72144    -0.20482    -1.06081   -10.45581
     7.9950       -11.69815    -0.20434    -1.05546   -10.43836
     8.1450       -11.67299    -0.20158    -1.05016   -10.42125
     8.2950       -11.65132    -0.20113    -1.04573   -10.40446
     8.4450       -11.62903    -0.19835    -1.04273   -10.38795
     8.5950       -11.61176    -0.19794    -1.04205   -10.37176
     8.7450       -11.59480    -0.19757    -1.04139   -10.35584
     8.8950       -11.57386    -0.19719    -1.03638   -10.34029
     9.0450       -11.55318    -0.19684    -1.03140   -10.32494
     9.1950       -11.53472    -0.19648    -1.02837   -10.30987
     9.3450       -11.51225    -0.19367    -1.02355   -10.29503
     9.4950       -11.49685    -0.19336    -1.02300   -10.28048
     9.6450       -11.47920    -0.19309    -1.01996   -10.26616
     9.7950       -11.46434    -0.19280    -1.01944   -10.25210
     9.9450       -11.44965    -0.19253    -1.01893   -10.23819
     10.095       -11.43528    -0.19227    -1.01844   -10.22457
     10.245       -11.42109    -0.19200    -1.01797   -10.21112
     10.395       -11.40714    -0.19175    -1.01751   -10.19788
     10.545       -11.39342    -0.19151    -1.01707   -10.18484
     10.695       -11.37990    -0.19128    -1.01663   -10.17200
     10.845       -11.36664    -0.19107    -1.01620   -10.15936
     10.995       -11.35094    -0.19086    -1.01315   -10.14693
     11.145       -11.33801    -0.19066    -1.01274   -10.13461
     11.295       -11.32531    -0.19046    -1.01235   -10.12250
     11.445       -11.31279    -0.19029    -1.01196   -10.11054
     11.595       -11.30046    -0.19011    -1.01159   -10.09876
     11.745       -11.28826    -0.18993    -1.01122   -10.08711
     11.895       -11.27629    -0.18977    -1.01087   -10.07566
     12.045       -11.26445    -0.18962    -1.01052   -10.06430
     12.195       -11.25272    -0.18946    -1.01018   -10.05308
     12.345       -11.24117    -0.18930    -1.00984   -10.04203
     12.495       -11.22710    -0.18916    -1.00680   -10.03114
     12.645       -11.21587    -0.18901    -1.00647   -10.02039
     12.795       -11.20477    -0.18886    -1.00615   -10.00976
     12.945       -11.19385    -0.18872    -1.00584    -9.99929
     13.095       -11.18304    -0.18858    -1.00553    -9.98892
     13.245       -11.17231    -0.18846    -1.00523    -9.97862
     13.395       -11.16173    -0.18834    -1.00494    -9.96845
     13.545       -11.15129    -0.18821    -1.00465    -9.95843
     13.695       -11.14099    -0.18810    -1.00436    -9.94853
     13.845       -11.13084    -0.18799    -1.00408    -9.93877
     13.995       -11.12081    -0.18787    -1.00380    -9.92915
     14.145       -11.11082    -0.18776    -1.00353    -9.91954
     14.295       -11.10098    -0.18764    -1.00325    -9.91009
     14.445       -11.09127    -0.18754    -1.00299    -9.90075
     14.595       -11.08165    -0.18744    -1.00272    -9.89149
     14.745       -11.07216    -0.18735    -1.00246    -9.88235
     14.895       -11.06275    -0.18726    -1.00221    -9.87329
     15.045       -11.05342    -0.18715    -1.00196    -9.86431
     15.195       -11.04423    -0.18706    -1.00172    -9.85545
     15.345       -11.03513    -0.18698    -1.00148    -9.84667
     15.495       -11.02614    -0.18690    -1.00123    -9.83801
     15.645       -11.01726    -0.18681    -1.00099    -9.82945
     15.795       -11.00842    -0.18673    -1.00076    -9.82093
     15.945       -10.99969    -0.18665    -1.00053    -9.81251
     16.095       -10.99103    -0.18656    -1.00030    -9.80416
     16.245       -10.98245    -0.18648    -1.00008    -9.79590
     16.395       -10.97399    -0.18640    -0.99986    -9.78773
     16.545       -10.96562    -0.18633    -0.99964    -9.77964
     16.695       -10.95735    -0.18626    -0.99943    -9.77166
     16.845       -10.94914    -0.18618    -0.99922    -9.76374
     16.995       -10.94099    -0.18611    -0.99900    -9.75588
     17.145       -10.93291    -0.18605    -0.99879    -9.74808
     17.295       -10.92492    -0.18599    -0.99858    -9.74035
     17.445       -10.91699    -0.18592    -0.99838    -9.73269
     17.595       -10.90915    -0.18586    -0.99818    -9.72511
     17.745       -10.90138    -0.18579    -0.99798    -9.71761
     17.895       -10.89367    -0.18573    -0.99779    -9.71015
     18.045       -10.88599    -0.18566    -0.99759    -9.70274
     18.195       -10.87841    -0.18560    -0.99740    -9.69542
     18.345       -10.87090    -0.18554    -0.99721    -9.68815
     18.495       -10.86346    -0.18548    -0.99702    -9.68096
     18.645       -10.85609    -0.18542    -0.99683    -9.67384
     18.795       -10.84879    -0.18536    -0.99665    -9.66678
     18.945       -10.84154    -0.18531    -0.99646    -9.65977
     19.095       -10.83437    -0.18526    -0.99628    -9.65283
     19.245       -10.82724    -0.18521    -0.99610    -9.64593
     19.395       -10.82018    -0.18515    -0.99593    -9.63910
     19.545       -10.81316    -0.18510    -0.99575    -9.63231
     19.695       -10.80620    -0.18505    -0.99558    -9.62556
     19.845       -10.79928    -0.18500    -0.99541    -9.61887
     19.995       -10.79245    -0.18495    -0.99524    -9.61225
     20.145       -10.78571    -0.18491    -0.99507    -9.60573
     20.295       -10.77898    -0.18486    -0.99490    -9.59922
     20.445       -10.77229    -0.18482    -0.99474    -9.59274
     20.595       -10.76567    -0.18477    -0.99457    -9.58633
     20.745       -10.75910    -0.18473    -0.99441    -9.57996
     20.895       -10.75258    -0.18469    -0.99424    -9.57365
     21.045       -10.74615    -0.18464    -0.99408    -9.56742
     21.195       -10.73974    -0.18460    -0.99393    -9.56121
     21.345       -10.73334    -0.18455    -0.99377    -9.55502
     21.495       -10.72705    -0.18451    -0.99361    -9.54893
     21.645       -10.72081    -0.18447    -0.99346    -9.54287
     21.795       -10.71458    -0.18443    -0.99330    -9.53684
     21.945       -10.70841    -0.18439    -0.99315    -9.53087
     22.095       -10.70227    -0.18435    -0.99300    -9.52492
     22.245       -10.69618    -0.18431    -0.99285    -9.51902
     22.395       -10.69013    -0.18427    -0.99270    -9.51317
     22.545       -10.68414    -0.18424    -0.99254    -9.50736
     22.695       -10.67816    -0.18420    -0.99240    -9.50156
     22.845       -10.67225    -0.18417    -0.99225    -9.49583
     22.995       -10.66638    -0.18413    -0.99211    -9.49013
     23.145       -10.66055    -0.18409    -0.99197    -9.48449
     23.295       -10.65478    -0.18406    -0.99182    -9.47890
     23.445       -10.64901    -0.18402    -0.99168    -9.47331
     23.595       -10.64332    -0.18398    -0.99154    -9.46780
     23.745       -10.63766    -0.18395    -0.99140    -9.46231
     23.895       -10.63201    -0.18392    -0.99127    -9.45683
     24.045       -10.62640    -0.18388    -0.99113    -9.45139
     24.195       -10.62085    -0.18384    -0.99100    -9.44601
     24.345       -10.61531    -0.18380    -0.99086    -9.44064
     24.495       -10.60981    -0.18377    -0.99073    -9.43531
     24.645       -10.60438    -0.18374    -0.99060    -9.43004
     24.795       -10.59897    -0.18371    -0.99046    -9.42480
     24.945       -10.59360    -0.18367    -0.99033    -9.41959
     25.095       -10.58825    -0.18364    -0.99021    -9.41440
     25.245       -10.58292    -0.18361    -0.99008    -9.40923
     25.395       -10.57762    -0.18358    -0.98995    -9.40410
     25.545       -10.57239    -0.18354    -0.98982    -9.39904
     25.695       -10.56718    -0.18350    -0.98969    -9.39399
     25.845       -10.56203    -0.18347    -0.98957    -9.38899
     25.995       -10.55689    -0.18344    -0.98944    -9.38400
     26.145       -10.55179    -0.18342    -0.98932    -9.37906
     26.295       -10.54673    -0.18339    -0.98919    -9.37414
     26.445       -10.54167    -0.18336    -0.98907    -9.36923
     26.595       -10.53665    -0.18333    -0.98895    -9.36437
     26.745       -10.53168    -0.18331    -0.98883    -9.35955
     26.895       -10.52672    -0.18328    -0.98871    -9.35473
     27.045       -10.52180    -0.18325    -0.98859    -9.34995
     27.195       -10.51689    -0.18323    -0.98848    -9.34518
     27.345       -10.51202    -0.18320    -0.98836    -9.34046
     27.495       -10.50717    -0.18317    -0.98825    -9.33575
     27.645       -10.50235    -0.18315    -0.98813    -9.33107
     27.795       -10.49758    -0.18312    -0.98802    -9.32644
     27.945       -10.49283    -0.18310    -0.98790    -9.32183
     28.095       -10.48809    -0.18307    -0.98779    -9.31723
     28.245       -10.48342    -0.18305    -0.98768    -9.31268
     28.395       -10.47873    -0.18303    -0.98757    -9.30813
     28.545       -10.47405    -0.18301    -0.98745    -9.30358
     28.695       -10.46943    -0.18299    -0.98734    -9.29910
     28.845       -10.46485    -0.18297    -0.98723    -9.29466
     28.995       -10.46030    -0.18294    -0.98712    -9.29024
     29.145       -10.45578    -0.18292    -0.98701    -9.28585
     29.295       -10.45126    -0.18290    -0.98691    -9.28146
     29.445       -10.44675    -0.18288    -0.98680    -9.27707
     29.595       -10.44228    -0.18285    -0.98669    -9.27274
     29.745       -10.43784    -0.18284    -0.98659    -9.26842
     29.895       -10.43343    -0.18282    -0.98648    -9.26413
     30.045       -10.42904    -0.18280    -0.98638    -9.25987
     30.195       -10.42470    -0.18277    -0.98627    -9.25565
     30.345       -10.42034    -0.18275    -0.98617    -9.25142
     30.495       -10.41603    -0.18273    -0.98607    -9.24722
     30.645       -10.41171    -0.18272    -0.98596    -9.24303
     30.795       -10.40743    -0.18269    -0.98586    -9.23888
     30.945       -10.40316    -0.18267    -0.98576    -9.23473
     31.095       -10.39892    -0.18265    -0.98566    -9.23061
     31.245       -10.39470    -0.18264    -0.98556    -9.22651
     31.395       -10.39051    -0.18261    -0.98546    -9.22243
     31.545       -10.38635    -0.18260    -0.98536    -9.21839
     31.695       -10.38220    -0.18257    -0.98526    -9.21436
     31.845       -10.37808    -0.18255    -0.98516    -9.21036
     31.995       -10.37399    -0.18253    -0.98507    -9.20639
     32.145       -10.36989    -0.18251    -0.98497    -9.20240
     32.295       -10.36579    -0.18248    -0.98488    -9.19843
     32.445       -10.36174    -0.18247    -0.98478    -9.19449
     32.595       -10.35773    -0.18245    -0.98469    -9.19059
     32.745       -10.35372    -0.18243    -0.98459    -9.18670
     32.895       -10.34972    -0.18242    -0.98449    -9.18281
     33.045       -10.34575    -0.18240    -0.98440    -9.17894
     33.195       -10.34180    -0.18239    -0.98431    -9.17511
     33.345       -10.33787    -0.18237    -0.98422    -9.17128
     33.495       -10.33398    -0.18236    -0.98413    -9.16749
     33.645       -10.33009    -0.18234    -0.98404    -9.16371
     33.795       -10.32623    -0.18232    -0.98395    -9.15996
     33.945       -10.32239    -0.18231    -0.98386    -9.15622
     34.095       -10.31855    -0.18229    -0.98377    -9.15250
     34.245       -10.31475    -0.18228    -0.98368    -9.14879
     34.395       -10.31095    -0.18226    -0.98358    -9.14510
     34.545       -10.30717    -0.18225    -0.98350    -9.14142
     34.695       -10.30342    -0.18223    -0.98341    -9.13779
     34.845       -10.29970    -0.18221    -0.98332    -9.13417
     34.995       -10.29599    -0.18220    -0.98324    -9.13055
     35.145       -10.29226    -0.18219    -0.98315    -9.12693
     35.295       -10.28855    -0.18216    -0.98306    -9.12332
     35.445       -10.28489    -0.18215    -0.98297    -9.11977
     35.595       -10.28124    -0.18213    -0.98289    -9.11623
     35.745       -10.27761    -0.18211    -0.98280    -9.11269
     35.895       -10.27397    -0.18210    -0.98272    -9.10916
     36.045       -10.27039    -0.18209    -0.98263    -9.10567
     36.195       -10.26680    -0.18207    -0.98255    -9.10218
     36.345       -10.26325    -0.18206    -0.98246    -9.09873
     36.495       -10.25969    -0.18204    -0.98238    -9.09527
     36.645       -10.25615    -0.18203    -0.98229    -9.09182
     36.795       -10.25263    -0.18202    -0.98221    -9.08840
     36.945       -10.24912    -0.18201    -0.98213    -9.08499
     37.095       -10.24563    -0.18199    -0.98204    -9.08160
     37.245       -10.24216    -0.18198    -0.98196    -9.07822
     37.395       -10.23870    -0.18196    -0.98188    -9.07486
     37.545       -10.23525    -0.18195    -0.98180    -9.07151
     37.695       -10.23183    -0.18193    -0.98171    -9.06818
     37.845       -10.22840    -0.18192    -0.98163    -9.06485
     37.995       -10.22501    -0.18191    -0.98155    -9.06155
     38.145       -10.22163    -0.18189    -0.98147    -9.05826
     38.295       -10.21826    -0.18188    -0.98139    -9.05499
     38.445       -10.21491    -0.18187    -0.98131    -9.05173
     38.595       -10.21156    -0.18186    -0.98123    -9.04847
     38.745       -10.20823    -0.18184    -0.98115    -9.04523
     38.895       -10.20491    -0.18183    -0.98107    -9.04201
     39.045       -10.20160    -0.18181    -0.98099    -9.03880
     39.195       -10.19832    -0.18180    -0.98092    -9.03560
     39.345       -10.19503    -0.18179    -0.98084    -9.03240
     39.495       -10.19176    -0.18177    -0.98077    -9.02922
     39.645       -10.18853    -0.18176    -0.98069    -9.02608
     39.795       -10.18528    -0.18175    -0.98061    -9.02292
     39.945       -10.18205    -0.18173    -0.98054    -9.01978
     40.095       -10.17886    -0.18172    -0.98047    -9.01667
     40.245       -10.17567    -0.18170    -0.98039    -9.01358
     40.395       -10.17247    -0.18169    -0.98031    -9.01047
     40.545       -10.16930    -0.18167    -0.98024    -9.00739
     40.695       -10.16614    -0.18167    -0.98016    -9.00431
     40.845       -10.16299    -0.18165    -0.98008    -9.00125
     40.995       -10.15986    -0.18164    -0.98001    -8.99821
     41.145       -10.15672    -0.18162    -0.97994    -8.99517
     41.295       -10.15362    -0.18161    -0.97986    -8.99215
     41.445       -10.15052    -0.18160    -0.97979    -8.98913
     41.595       -10.14742    -0.18158    -0.97971    -8.98612
     41.745       -10.14436    -0.18157    -0.97964    -8.98315
     41.895       -10.14130    -0.18156    -0.97957    -8.98017
     42.045       -10.13823    -0.18155    -0.97950    -8.97719
     42.195       -10.13517    -0.18153    -0.97943    -8.97421
     42.345       -10.13215    -0.18153    -0.97935    -8.97127
     42.495       -10.12914    -0.18151    -0.97928    -8.96834
     42.645       -10.12614    -0.18150    -0.97921    -8.96543
     42.795       -10.12315    -0.18149    -0.97914    -8.96252
     42.945       -10.12016    -0.18148    -0.97907    -8.95962
     43.095       -10.11719    -0.18147    -0.97900    -8.95672
     43.245       -10.11421    -0.18145    -0.97893    -8.95383
     43.395       -10.11128    -0.18144    -0.97886    -8.95098
     43.545       -10.10836    -0.18144    -0.97879    -8.94814
     43.695       -10.10545    -0.18143    -0.97872    -8.94531
     43.845       -10.10256    -0.18141    -0.97865    -8.94249
     43.995       -10.09969    -0.18141    -0.97859    -8.93969
     44.145       -10.09681    -0.18140    -0.97852    -8.93689
     44.295       -10.09392    -0.18138    -0.97845    -8.93409
     44.445       -10.09106    -0.18138    -0.97839    -8.93130
     44.595       -10.08819    -0.18136    -0.97832    -8.92851
     44.745       -10.08536    -0.18136    -0.97825    -8.92575
     44.895       -10.08251    -0.18134    -0.97818    -8.92298
     45.045       -10.07968    -0.18134    -0.97811    -8.92023
     45.195       -10.07686    -0.18133    -0.97805    -8.91749
     45.345       -10.07407    -0.18132    -0.97798    -8.91477
     45.495       -10.07127    -0.18131    -0.97792    -8.91205
     45.645       -10.06849    -0.18129    -0.97785    -8.90934
     45.795       -10.06569    -0.18128    -0.97779    -8.90662
     45.945       -10.06291    -0.18128    -0.97772    -8.90392
     46.095       -10.06014    -0.18127    -0.97766    -8.90122
     46.245       -10.05738    -0.18125    -0.97759    -8.89854
     46.395       -10.05464    -0.18124    -0.97753    -8.89587
     46.545       -10.05190    -0.18123    -0.97746    -8.89321
     46.695       -10.04920    -0.18122    -0.97740    -8.89058
     46.845       -10.04650    -0.18121    -0.97734    -8.88796
     46.995       -10.04381    -0.18120    -0.97727    -8.88534
     47.145       -10.04113    -0.18119    -0.97721    -8.88273
     47.295       -10.03843    -0.18118    -0.97714    -8.88011
     47.445       -10.03577    -0.18117    -0.97708    -8.87752
     47.595       -10.03314    -0.18116    -0.97701    -8.87496
     47.745       -10.03048    -0.18115    -0.97695    -8.87237
     47.895       -10.02784    -0.18115    -0.97689    -8.86980
     48.045       -10.02523    -0.18114    -0.97683    -8.86726
     48.195       -10.02261    -0.18113    -0.97677    -8.86471
     48.345       -10.02001    -0.18112    -0.97671    -8.86219
     48.495       -10.01741    -0.18111    -0.97665    -8.85966
     48.645       -10.01482    -0.18110    -0.97658    -8.85713
     48.795       -10.01224    -0.18109    -0.97652    -8.85462
     48.945       -10.00965    -0.18108    -0.97646    -8.85210
     49.095       -10.00707    -0.18107    -0.97640    -8.84960
     49.245       -10.00451    -0.18106    -0.97634    -8.84711
     49.395       -10.00197    -0.18106    -0.97628    -8.84463
     49.545        -9.99941    -0.18105    -0.97622    -8.84214
     49.695        -9.99688    -0.18105    -0.97616    -8.83967
     49.845        -9.99435    -0.18104    -0.97610    -8.83721
     49.995        -9.99182    -0.18103    -0.97604    -8.83475
     50.145        -9.98930    -0.18102    -0.97598    -8.83229
     50.295        -9.98679    -0.18101    -0.97593    -8.82985
     50.445        -9.98430    -0.18100    -0.97587    -8.82743
     50.595        -9.98180    -0.18100    -0.97581    -8.82500
     50.745        -9.97933    -0.18099    -0.97575    -8.82260
     50.895        -9.97687    -0.18098    -0.97570    -8.82019
     51.045        -9.97440    -0.18097    -0.97564    -8.81779
     51.195        -9.97194    -0.18096    -0.97558    -8.81540
     51.345        -9.96949    -0.18095    -0.97552    -8.81301
     51.495        -9.96703    -0.18094    -0.97546    -8.81062
     51.645        -9.96459    -0.18094    -0.97540    -8.80825
     51.795        -9.96216    -0.18093    -0.97535    -8.80588
     51.945        -9.95972    -0.18092    -0.97529    -8.80351
     52.095        -9.95732    -0.18091    -0.97523    -8.80117
     52.245        -9.95491    -0.18090    -0.97518    -8.79883
     52.395        -9.95252    -0.18090    -0.97512    -8.79650
     52.545        -9.95013    -0.18089    -0.97506    -8.79418
     52.695        -9.94776    -0.18088    -0.97501    -8.79187
     52.845        -9.94539    -0.18087    -0.97495    -8.78957
     52.995        -9.94303    -0.18086    -0.97490    -8.78727
     53.145        -9.94067    -0.18085    -0.97485    -8.78498
     53.295        -9.93832    -0.18084    -0.97479    -8.78269
     53.445        -9.93597    -0.18083    -0.97474    -8.78040
     53.595        -9.93364    -0.18082    -0.97468    -8.77813
     53.745        -9.93130    -0.18081    -0.97463    -8.77586
     53.895        -9.92899    -0.18080    -0.97457    -8.77361
     54.045        -9.92668    -0.18079    -0.97452    -8.77137
     54.195        -9.92438    -0.18079    -0.97447    -8.76912
     54.345        -9.92208    -0.18078    -0.97441    -8.76689
     54.495        -9.91978    -0.18077    -0.97436    -8.76465
     54.645        -9.91750    -0.18076    -0.97431    -8.76243
     54.795        -9.91523    -0.18075    -0.97426    -8.76022
     54.945        -9.91295    -0.18074    -0.97420    -8.75801
     55.095        -9.91070    -0.18073    -0.97415    -8.75582
     59.433        -9.73339    -0.18010    -0.96999    -8.58329
     80.646        -9.47602    -0.17926    -0.96399    -8.33277
     111.21        -9.22771    -0.17852    -0.95816    -8.09102
     153.36        -8.98856    -0.17785    -0.95255    -7.85816
     211.49        -8.75840    -0.17719    -0.94712    -7.63409
     291.64        -8.53740    -0.17655    -0.94193    -7.41892
     402.18        -8.32519    -0.17595    -0.93693    -7.21232
     554.60        -8.12198    -0.17540    -0.93213    -7.01445
     764.80        -7.92742    -0.17483    -0.92754    -6.82505
     1054.7        -7.74131    -0.17431    -0.92315    -6.64386
     1454.4        -7.56308    -0.17381    -0.91894    -6.47033
     2005.6        -7.39271    -0.17335    -0.91489    -6.30447
     2765.8        -7.22981    -0.17291    -0.91102    -6.14588
     3814.0        -7.07408    -0.17252    -0.90736    -5.99420
     5259.5        -6.92511    -0.17212    -0.90383    -5.84916
     7252.9        -6.78279    -0.17175    -0.90047    -5.71057
     10002.        -6.64698    -0.17144    -0.89725    -5.57829
     13793.        -6.51703    -0.17113    -0.89418    -5.45172
     19020.        -6.39309    -0.17085    -0.89123    -5.33102
     26229.        -6.27466    -0.17057    -0.88843    -5.21566
     36170.        -6.16174    -0.17035    -0.88573    -5.10566
     49878.        -6.05410    -0.17018    -0.88317    -5.00075
     68782.        -5.95156    -0.17002    -0.88072    -4.90083
     94851.        -5.85389    -0.16986    -0.87836    -4.80567
    0.13080E+06    -5.76088    -0.16975    -0.87613    -4.71500
    0.18038E+06    -5.67252    -0.16965    -0.87400    -4.62887
    0.24874E+06    -5.58835    -0.16957    -0.87196    -4.54682
    0.34301E+06    -5.50843    -0.16952    -0.87001    -4.46890
    0.47302E+06    -5.43244    -0.16945    -0.86815    -4.39484
    0.65229E+06    -5.36031    -0.16944    -0.86639    -4.32448
    0.89952E+06    -5.29190    -0.16942    -0.86471    -4.25777
    0.12404E+07    -5.22680    -0.16939    -0.86311    -4.19430
    0.17106E+07    -5.16499    -0.16940    -0.86158    -4.13401
    0.23589E+07    -5.10629    -0.16942    -0.86013    -4.07674
    0.32529E+07    -5.05057    -0.16945    -0.85876    -4.02236
    0.44858E+07    -4.99771    -0.16945    -0.85746    -3.97080
    0.61860E+07    -4.94745    -0.16947    -0.85622    -3.92175
    0.85305E+07    -4.89979    -0.16952    -0.85505    -3.87522
    0.11764E+08    -4.85445    -0.16955    -0.85394    -3.83096
    0.16222E+08    -4.81141    -0.16959    -0.85288    -3.78894
    0.22370E+08    -4.77055    -0.16963    -0.85187    -3.74904
    0.30849E+08    -4.73175    -0.16967    -0.85091    -3.71117
    0.42541E+08    -4.69509    -0.16970    -0.85000    -3.67539
    0.58664E+08    -4.66065    -0.16975    -0.84913    -3.64177
    0.80898E+08    -4.62832    -0.16979    -0.84830    -3.61023
    0.11156E+09    -4.59811    -0.16982    -0.84751    -3.58078
    0.15384E+09    -4.56985    -0.16986    -0.84676    -3.55323
    0.21215E+09    -4.54331    -0.16989    -0.84607    -3.52736
    0.29255E+09    -4.51836    -0.16991    -0.84540    -3.50304
    0.40343E+09    -4.49494    -0.16994    -0.84478    -3.48022
    0.55633E+09    -4.47294    -0.16996    -0.84419    -3.45878
    0.76719E+09    -4.45244    -0.17000    -0.84364    -3.43881
    0.10580E+10    -4.43387    -0.17001    -0.84313    -3.42073
    0.14589E+10    -4.41688    -0.17003    -0.84266    -3.40419
    0.20119E+10    -4.40122    -0.17005    -0.84221    -3.38896
    0.27744E+10    -4.38675    -0.17008    -0.84178    -3.37489
    0.38259E+10    -4.37343    -0.17010    -0.84139    -3.36194
    0.52760E+10    -4.36116    -0.17011    -0.84103    -3.35002
    0.72756E+10    -4.34980    -0.17012    -0.84071    -3.33897
    0.10033E+11    -4.33930    -0.17013    -0.84041    -3.32876
    0.13836E+11    -4.32967    -0.17014    -0.84014    -3.31938
    0.19079E+11    -4.32077    -0.17016    -0.83989    -3.31072
    0.26311E+11    -4.31251    -0.17018    -0.83965    -3.30268
    0.36283E+11    -4.30491    -0.17019    -0.83943    -3.29528
    0.50034E+11    -4.29789    -0.17021    -0.83923    -3.28845
    0.68997E+11    -4.29140    -0.17022    -0.83905    -3.28213
    0.10000E+12    -4.21346    -0.17036    -0.83684    -3.20626
