    -99.945         0.00000     0.00000     0.00000     0.00000
    -99.795         0.00000     0.00000     0.00000     0.00000
    -99.645         0.00000     0.00000     0.00000     0.00000
    -99.495         0.00000     0.00000     0.00000     0.00000
    -99.345         0.00000     0.00000     0.00000     0.00000
    -99.195         0.00000     0.00000     0.00000     0.00000
    -99.045         0.00000     0.00000     0.00000     0.00000
    -98.895         0.00000     0.00000     0.00000     0.00000
    -98.745         0.00000     0.00000     0.00000     0.00000
    -98.595         0.00000     0.00000     0.00000     0.00000
    -98.445         0.00000     0.00000     0.00000     0.00000
    -98.295         0.00000     0.00000     0.00000     0.00000
    -98.145         0.00000     0.00000     0.00000     0.00000
    -97.995         0.00000     0.00000     0.00000     0.00000
    -97.845         0.00000     0.00000     0.00000     0.00000
    -97.695         0.00000     0.00000     0.00000     0.00000
    -97.545         0.00000     0.00000     0.00000     0.00000
    -97.395         0.00000     0.00000     0.00000     0.00000
    -97.245         0.00000     0.00000     0.00000     0.00000
    -97.095         0.00000     0.00000     0.00000     0.00000
    -96.945         0.00000     0.00000     0.00000     0.00000
    -96.795         0.00000     0.00000     0.00000     0.00000
    -96.645         0.00000     0.00000     0.00000     0.00000
    -96.495         0.00000     0.00000     0.00000     0.00000
    -96.345         0.00000     0.00000     0.00000     0.00000
    -96.195         0.00000     0.00000     0.00000     0.00000
    -96.045         0.00000     0.00000     0.00000     0.00000
    -95.895         0.00000     0.00000     0.00000     0.00000
    -95.745         0.00000     0.00000     0.00000     0.00000
    -95.595         0.00000     0.00000     0.00000     0.00000
    -95.445         0.00000     0.00000     0.00000     0.00000
    -95.295         0.00000     0.00000     0.00000     0.00000
    -95.145         0.00000     0.00000     0.00000     0.00000
    -94.995         0.00000     0.00000     0.00000     0.00000
    -94.845         0.00000     0.00000     0.00000     0.00000
    -94.695         0.00000     0.00000     0.00000     0.00000
    -94.545         0.00000     0.00000     0.00000     0.00000
    -94.395         0.00000     0.00000     0.00000     0.00000
    -94.245         0.00000     0.00000     0.00000     0.00000
    -94.095         0.00000     0.00000     0.00000     0.00000
    -93.945         0.00000     0.00000     0.00000     0.00000
    -93.795         0.00000     0.00000     0.00000     0.00000
    -93.645         0.00000     0.00000     0.00000     0.00000
    -93.495         0.00000     0.00000     0.00000     0.00000
    -93.345         0.00000     0.00000     0.00000     0.00000
    -93.195         0.00000     0.00000     0.00000     0.00000
    -93.045         0.00000     0.00000     0.00000     0.00000
    -92.895         0.00000     0.00000     0.00000     0.00000
    -92.745         0.00000     0.00000     0.00000     0.00000
    -92.595         0.00000     0.00000     0.00000     0.00000
    -92.445         0.00000     0.00000     0.00000     0.00000
    -92.295         0.00000     0.00000     0.00000     0.00000
    -92.145         0.00000     0.00000     0.00000     0.00000
    -91.995         0.00000     0.00000     0.00000     0.00000
    -91.845         0.00000     0.00000     0.00000     0.00000
    -91.695         0.00000     0.00000     0.00000     0.00000
    -91.545         0.00000     0.00000     0.00000     0.00000
    -91.395         0.00000     0.00000     0.00000     0.00000
    -91.245         0.00000     0.00000     0.00000     0.00000
    -91.095         0.00000     0.00000     0.00000     0.00000
    -90.945         0.00000     0.00000     0.00000     0.00000
    -90.795         0.00000     0.00000     0.00000     0.00000
    -90.645         0.00000     0.00000     0.00000     0.00000
    -90.495         0.00000     0.00000     0.00000     0.00000
    -90.345         0.00000     0.00000     0.00000     0.00000
    -90.195         0.00000     0.00000     0.00000     0.00000
    -90.045         0.00000     0.00000     0.00000     0.00000
    -89.895         0.00000     0.00000     0.00000     0.00000
    -89.745         0.00000     0.00000     0.00000     0.00000
    -89.595         0.00000     0.00000     0.00000     0.00000
    -89.445         0.00000     0.00000     0.00000     0.00000
    -89.295         0.00000     0.00000     0.00000     0.00000
    -89.145         0.00000     0.00000     0.00000     0.00000
    -88.995         0.00000     0.00000     0.00000     0.00000
    -88.845         0.00000     0.00000     0.00000     0.00000
    -88.695         0.00000     0.00000     0.00000     0.00000
    -88.545         0.00000     0.00000     0.00000     0.00000
    -88.395         0.00000     0.00000     0.00000     0.00000
    -88.245         0.00000     0.00000     0.00000     0.00000
    -88.095         0.00000     0.00000     0.00000     0.00000
    -87.945         0.00000     0.00000     0.00000     0.00000
    -87.795         0.00000     0.00000     0.00000     0.00000
    -87.645         0.00000     0.00000     0.00000     0.00000
    -87.495         0.00000     0.00000     0.00000     0.00000
    -87.345         0.00000     0.00000     0.00000     0.00000
    -87.195         0.00000     0.00000     0.00000     0.00000
    -87.045         0.00000     0.00000     0.00000     0.00000
    -86.895         0.00000     0.00000     0.00000     0.00000
    -86.745         0.00000     0.00000     0.00000     0.00000
    -86.595         0.00000     0.00000     0.00000     0.00000
    -86.445         0.00000     0.00000     0.00000     0.00000
    -86.295         0.00000     0.00000     0.00000     0.00000
    -86.145         0.00000     0.00000     0.00000     0.00000
    -85.995         0.00000     0.00000     0.00000     0.00000
    -85.845         0.00000     0.00000     0.00000     0.00000
    -85.695         0.00000     0.00000     0.00000     0.00000
    -85.545         0.00000     0.00000     0.00000     0.00000
    -85.395         0.00000     0.00000     0.00000     0.00000
    -85.245         0.00000     0.00000     0.00000     0.00000
    -85.095         0.00000     0.00000     0.00000     0.00000
    -84.945         0.00000     0.00000     0.00000     0.00000
    -84.795         0.00000     0.00000     0.00000     0.00000
    -84.645         0.00000     0.00000     0.00000     0.00000
    -84.495         0.00000     0.00000     0.00000     0.00000
    -84.345         0.00000     0.00000     0.00000     0.00000
    -84.195         0.00000     0.00000     0.00000     0.00000
    -84.045         0.00000     0.00000     0.00000     0.00000
    -83.895         0.00000     0.00000     0.00000     0.00000
    -83.745         0.00000     0.00000     0.00000     0.00000
    -83.595         0.00000     0.00000     0.00000     0.00000
    -83.445         0.00000     0.00000     0.00000     0.00000
    -83.295         0.00000     0.00000     0.00000     0.00000
    -83.145         0.00000     0.00000     0.00000     0.00000
    -82.995         0.00000     0.00000     0.00000     0.00000
    -82.845         0.00000     0.00000     0.00000     0.00000
    -82.695         0.00000     0.00000     0.00000     0.00000
    -82.545         0.00000     0.00000     0.00000     0.00000
    -82.395         0.00000     0.00000     0.00000     0.00000
    -82.245         0.00000     0.00000     0.00000     0.00000
    -82.095         0.00000     0.00000     0.00000     0.00000
    -81.945         0.00000     0.00000     0.00000     0.00000
    -81.795         0.00000     0.00000     0.00000     0.00000
    -81.645         0.00000     0.00000     0.00000     0.00000
    -81.495         0.00000     0.00000     0.00000     0.00000
    -81.345         0.00000     0.00000     0.00000     0.00000
    -81.195         0.00000     0.00000     0.00000     0.00000
    -81.045         0.00000     0.00000     0.00000     0.00000
    -80.895         0.00000     0.00000     0.00000     0.00000
    -80.745         0.00000     0.00000     0.00000     0.00000
    -80.595         0.00000     0.00000     0.00000     0.00000
    -80.445         0.00000     0.00000     0.00000     0.00000
    -80.295         0.00000     0.00000     0.00000     0.00000
    -80.145         0.00000     0.00000     0.00000     0.00000
    -79.995         0.00000     0.00000     0.00000     0.00000
    -79.845         0.00000     0.00000     0.00000     0.00000
    -79.695         0.00000     0.00000     0.00000     0.00000
    -79.545         0.00000     0.00000     0.00000     0.00000
    -79.395         0.00000     0.00000     0.00000     0.00000
    -79.245         0.00000     0.00000     0.00000     0.00000
    -79.095         0.00000     0.00000     0.00000     0.00000
    -78.945         0.00000     0.00000     0.00000     0.00000
    -78.795         0.00000     0.00000     0.00000     0.00000
    -78.645         0.00000     0.00000     0.00000     0.00000
    -78.495         0.00000     0.00000     0.00000     0.00000
    -78.345         0.00000     0.00000     0.00000     0.00000
    -78.195         0.00000     0.00000     0.00000     0.00000
    -78.045         0.00000     0.00000     0.00000     0.00000
    -77.895         0.00000     0.00000     0.00000     0.00000
    -77.745         0.00000     0.00000     0.00000     0.00000
    -77.595         0.00000     0.00000     0.00000     0.00000
    -77.445         0.00000     0.00000     0.00000     0.00000
    -77.295         0.00000     0.00000     0.00000     0.00000
    -77.145         0.00000     0.00000     0.00000     0.00000
    -76.995         0.00000     0.00000     0.00000     0.00000
    -76.845         0.00000     0.00000     0.00000     0.00000
    -76.695         0.00000     0.00000     0.00000     0.00000
    -76.545         0.00000     0.00000     0.00000     0.00000
    -76.395         0.00000     0.00000     0.00000     0.00000
    -76.245         0.00000     0.00000     0.00000     0.00000
    -76.095         0.00000     0.00000     0.00000     0.00000
    -75.945         0.00000     0.00000     0.00000     0.00000
    -75.795         0.00000     0.00000     0.00000     0.00000
    -75.645         0.00000     0.00000     0.00000     0.00000
    -75.495         0.00000     0.00000     0.00000     0.00000
    -75.345         0.00000     0.00000     0.00000     0.00000
    -75.195         0.00000     0.00000     0.00000     0.00000
    -75.045         0.00000     0.00000     0.00000     0.00000
    -74.895         0.00000     0.00000     0.00000     0.00000
    -74.745         0.00000     0.00000     0.00000     0.00000
    -74.595         0.00000     0.00000     0.00000     0.00000
    -74.445         0.00000     0.00000     0.00000     0.00000
    -74.295         0.00000     0.00000     0.00000     0.00000
    -74.145         0.00000     0.00000     0.00000     0.00000
    -73.995         0.00000     0.00000     0.00000     0.00000
    -73.845         0.00000     0.00000     0.00000     0.00000
    -73.695         0.00000     0.00000     0.00000     0.00000
    -73.545         0.00000     0.00000     0.00000     0.00000
    -73.395         0.00000     0.00000     0.00000     0.00000
    -73.245         0.00000     0.00000     0.00000     0.00000
    -73.095         0.00000     0.00000     0.00000     0.00000
    -72.945         0.00000     0.00000     0.00000     0.00000
    -72.795         0.00000     0.00000     0.00000     0.00000
    -72.645         0.00000     0.00000     0.00000     0.00000
    -72.495         0.00000     0.00000     0.00000     0.00000
    -72.345         0.00000     0.00000     0.00000     0.00000
    -72.195         0.00000     0.00000     0.00000     0.00000
    -72.045         0.00000     0.00000     0.00000     0.00000
    -71.895         0.00000     0.00000     0.00000     0.00000
    -71.745         0.00000     0.00000     0.00000     0.00000
    -71.595         0.00000     0.00000     0.00000     0.00000
    -71.445         0.00000     0.00000     0.00000     0.00000
    -71.295         0.00000     0.00000     0.00000     0.00000
    -71.145         0.00000     0.00000     0.00000     0.00000
    -70.995         0.00000     0.00000     0.00000     0.00000
    -70.845         0.00000     0.00000     0.00000     0.00000
    -70.695         0.00000     0.00000     0.00000     0.00000
    -70.545         0.00000     0.00000     0.00000     0.00000
    -70.395         0.00000     0.00000     0.00000     0.00000
    -70.245         0.00000     0.00000     0.00000     0.00000
    -70.095         0.00000     0.00000     0.00000     0.00000
    -69.945         0.00000     0.00000     0.00000     0.00000
    -69.795         0.00000     0.00000     0.00000     0.00000
    -69.645         0.00000     0.00000     0.00000     0.00000
    -69.495         0.00000     0.00000     0.00000     0.00000
    -69.345         0.00000     0.00000     0.00000     0.00000
    -69.195         0.00000     0.00000     0.00000     0.00000
    -69.045         0.00000     0.00000     0.00000     0.00000
    -68.895         0.00000     0.00000     0.00000     0.00000
    -68.745         0.00000     0.00000     0.00000     0.00000
    -68.595         0.00000     0.00000     0.00000     0.00000
    -68.445         0.00000     0.00000     0.00000     0.00000
    -68.295         0.00000     0.00000     0.00000     0.00000
    -68.145         0.00000     0.00000     0.00000     0.00000
    -67.995         0.00000     0.00000     0.00000     0.00000
    -67.845         0.00000     0.00000     0.00000     0.00000
    -67.695         0.00000     0.00000     0.00000     0.00000
    -67.545         0.00000     0.00000     0.00000     0.00000
    -67.395         0.00000     0.00000     0.00000     0.00000
    -67.245         0.00000     0.00000     0.00000     0.00000
    -67.095         0.00000     0.00000     0.00000     0.00000
    -66.945         0.00000     0.00000     0.00000     0.00000
    -66.795         0.00000     0.00000     0.00000     0.00000
    -66.645         0.00000     0.00000     0.00000     0.00000
    -66.495         0.00000     0.00000     0.00000     0.00000
    -66.345         0.00000     0.00000     0.00000     0.00000
    -66.195         0.00000     0.00000     0.00000     0.00000
    -66.045         0.00000     0.00000     0.00000     0.00000
    -65.895         0.00000     0.00000     0.00000     0.00000
    -65.745         0.00000     0.00000     0.00000     0.00000
    -65.595         0.00000     0.00000     0.00000     0.00000
    -65.445         0.00000     0.00000     0.00000     0.00000
    -65.295         0.00000     0.00000     0.00000     0.00000
    -65.145         0.00000     0.00000     0.00000     0.00000
    -64.995         0.00000     0.00000     0.00000     0.00000
    -64.845         0.00000     0.00000     0.00000     0.00000
    -64.695         0.00000     0.00000     0.00000     0.00000
    -64.545         0.00000     0.00000     0.00000     0.00000
    -64.395         0.00000     0.00000     0.00000     0.00000
    -64.245         0.00000     0.00000     0.00000     0.00000
    -64.095         0.00000     0.00000     0.00000     0.00000
    -63.945         0.00000     0.00000     0.00000     0.00000
    -63.795         0.00000     0.00000     0.00000     0.00000
    -63.645         0.00000     0.00000     0.00000     0.00000
    -63.495         0.00000     0.00000     0.00000     0.00000
    -63.345         0.00000     0.00000     0.00000     0.00000
    -63.195         0.00000     0.00000     0.00000     0.00000
    -63.045         0.00000     0.00000     0.00000     0.00000
    -62.895         0.00000     0.00000     0.00000     0.00000
    -62.745         0.00000     0.00000     0.00000     0.00000
    -62.595         0.00000     0.00000     0.00000     0.00000
    -62.445         0.00000     0.00000     0.00000     0.00000
    -62.295         0.00000     0.00000     0.00000     0.00000
    -62.145         0.00000     0.00000     0.00000     0.00000
    -61.995         0.00000     0.00000     0.00000     0.00000
    -61.845         0.00000     0.00000     0.00000     0.00000
    -61.695         0.00000     0.00000     0.00000     0.00000
    -61.545         0.00000     0.00000     0.00000     0.00000
    -61.395         0.00000     0.00000     0.00000     0.00000
    -61.245         0.00000     0.00000     0.00000     0.00000
    -61.095         0.00000     0.00000     0.00000     0.00000
    -60.945         0.00000     0.00000     0.00000     0.00000
    -60.795         0.00000     0.00000     0.00000     0.00000
    -60.645         0.00000     0.00000     0.00000     0.00000
    -60.495         0.00000     0.00000     0.00000     0.00000
    -60.345         0.00000     0.00000     0.00000     0.00000
    -60.195         0.00000     0.00000     0.00000     0.00000
    -60.045         0.00000     0.00000     0.00000     0.00000
    -59.895         0.00000     0.00000     0.00000     0.00000
    -59.745         0.00000     0.00000     0.00000     0.00000
    -59.595         0.00000     0.00000     0.00000     0.00000
    -59.445         0.00000     0.00000     0.00000     0.00000
    -59.295         0.00000     0.00000     0.00000     0.00000
    -59.145         0.00000     0.00000     0.00000     0.00000
    -58.995         0.00000     0.00000     0.00000     0.00000
    -58.845         0.00000     0.00000     0.00000     0.00000
    -58.695         0.00000     0.00000     0.00000     0.00000
    -58.545         0.00000     0.00000     0.00000     0.00000
    -58.395         0.00000     0.00000     0.00000     0.00000
    -58.245         0.00000     0.00000     0.00000     0.00000
    -58.095         0.00000     0.00000     0.00000     0.00000
    -57.945         0.00000     0.00000     0.00000     0.00000
    -57.795         0.00000     0.00000     0.00000     0.00000
    -57.645         0.00000     0.00000     0.00000     0.00000
    -57.495         0.00000     0.00000     0.00000     0.00000
    -57.345         0.00000     0.00000     0.00000     0.00000
    -57.195         0.00000     0.00000     0.00000     0.00000
    -57.045         0.00000     0.00000     0.00000     0.00000
    -56.895         0.00000     0.00000     0.00000     0.00000
    -56.745         0.00000     0.00000     0.00000     0.00000
    -56.595         0.00000     0.00000     0.00000     0.00000
    -56.445         0.00000     0.00000     0.00000     0.00000
    -56.295         0.00000     0.00000     0.00000     0.00000
    -56.145         0.00000     0.00000     0.00000     0.00000
    -55.995         0.00000     0.00000     0.00000     0.00000
    -55.845         0.00000     0.00000     0.00000     0.00000
    -55.695         0.00000     0.00000     0.00000     0.00000
    -55.545         0.00000     0.00000     0.00000     0.00000
    -55.395         0.00000     0.00000     0.00000     0.00000
    -55.245         0.00000     0.00000     0.00000     0.00000
    -55.095         0.00000     0.00000     0.00000     0.00000
    -54.945         0.00000     0.00000     0.00000     0.00000
    -54.795         0.00000     0.00000     0.00000     0.00000
    -54.645         0.00000     0.00000     0.00000     0.00000
    -54.495         0.00000     0.00000     0.00000     0.00000
    -54.345         0.00000     0.00000     0.00000     0.00000
    -54.195         0.00000     0.00000     0.00000     0.00000
    -54.045         0.00000     0.00000     0.00000     0.00000
    -53.895         0.00000     0.00000     0.00000     0.00000
    -53.745         0.00000     0.00000     0.00000     0.00000
    -53.595         0.00000     0.00000     0.00000     0.00000
    -53.445         0.00000     0.00000     0.00000     0.00000
    -53.295         0.00000     0.00000     0.00000     0.00000
    -53.145         0.00000     0.00000     0.00000     0.00000
    -52.995         0.00000     0.00000     0.00000     0.00000
    -52.845         0.00000     0.00000     0.00000     0.00000
    -52.695         0.00000     0.00000     0.00000     0.00000
    -52.545         0.00000     0.00000     0.00000     0.00000
    -52.395         0.00000     0.00000     0.00000     0.00000
    -52.245         0.00000     0.00000     0.00000     0.00000
    -52.095         0.00000     0.00000     0.00000     0.00000
    -51.945         0.00000     0.00000     0.00000     0.00000
    -51.795         0.00000     0.00000     0.00000     0.00000
    -51.645         0.00000     0.00000     0.00000     0.00000
    -51.495         0.00000     0.00000     0.00000     0.00000
    -51.345         0.00000     0.00000     0.00000     0.00000
    -51.195         0.00000     0.00000     0.00000     0.00000
    -51.045         0.00000     0.00000     0.00000     0.00000
    -50.895         0.00000     0.00000     0.00000     0.00000
    -50.745         0.00000     0.00000     0.00000     0.00000
    -50.595         0.00000     0.00000     0.00000     0.00000
    -50.445         0.00000     0.00000     0.00000     0.00000
    -50.295         0.00000     0.00000     0.00000     0.00000
    -50.145         0.00000     0.00000     0.00000     0.00000
    -49.995         0.00000     0.00000     0.00000     0.00000
    -49.845         0.00000     0.00000     0.00000     0.00000
    -49.695         0.00000     0.00000     0.00000     0.00000
    -49.545         0.00000     0.00000     0.00000     0.00000
    -49.395         0.00000     0.00000     0.00000     0.00000
    -49.245         0.00000     0.00000     0.00000     0.00000
    -49.095         0.00000     0.00000     0.00000     0.00000
    -48.945         0.00000     0.00000     0.00000     0.00000
    -48.795         0.00000     0.00000     0.00000     0.00000
    -48.645         0.00000     0.00000     0.00000     0.00000
    -48.495         0.00000     0.00000     0.00000     0.00000
    -48.345         0.00000     0.00000     0.00000     0.00000
    -48.195         0.00000     0.00000     0.00000     0.00000
    -48.045         0.00000     0.00000     0.00000     0.00000
    -47.895         0.00000     0.00000     0.00000     0.00000
    -47.745         0.00000     0.00000     0.00000     0.00000
    -47.595         0.00000     0.00000     0.00000     0.00000
    -47.445         0.00000     0.00000     0.00000     0.00000
    -47.295         0.00000     0.00000     0.00000     0.00000
    -47.145         0.00000     0.00000     0.00000     0.00000
    -46.995         0.00000     0.00000     0.00000     0.00000
    -46.845         0.00000     0.00000     0.00000     0.00000
    -46.695         0.00000     0.00000     0.00000     0.00000
    -46.545         0.00000     0.00000     0.00000     0.00000
    -46.395         0.00000     0.00000     0.00000     0.00000
    -46.245         0.00000     0.00000     0.00000     0.00000
    -46.095         0.00000     0.00000     0.00000     0.00000
    -45.945         0.00000     0.00000     0.00000     0.00000
    -45.795         0.00000     0.00000     0.00000     0.00000
    -45.645         0.00000     0.00000     0.00000     0.00000
    -45.495         0.00000     0.00000     0.00000     0.00000
    -45.345         0.00000     0.00000     0.00000     0.00000
    -45.195         0.00000     0.00000     0.00000     0.00000
    -45.045         0.00000     0.00000     0.00000     0.00000
    -44.895         0.00000     0.00000     0.00000     0.00000
    -44.745         0.00000     0.00000     0.00000     0.00000
    -44.595         0.00000     0.00000     0.00000     0.00000
    -44.445         0.00000     0.00000     0.00000     0.00000
    -44.295         0.00000     0.00000     0.00000     0.00000
    -44.145         0.00000     0.00000     0.00000     0.00000
    -43.995         0.00000     0.00000     0.00000     0.00000
    -43.845         0.00000     0.00000     0.00000     0.00000
    -43.695         0.00000     0.00000     0.00000     0.00000
    -43.545         0.00000     0.00000     0.00000     0.00000
    -43.395         0.00000     0.00000     0.00000     0.00000
    -43.245         0.00000     0.00000     0.00000     0.00000
    -43.095         0.00000     0.00000     0.00000     0.00000
    -42.945         0.00000     0.00000     0.00000     0.00000
    -42.795         0.00000     0.00000     0.00000     0.00000
    -42.645         0.00000     0.00000     0.00000     0.00000
    -42.495         0.00000     0.00000     0.00000     0.00000
    -42.345         0.00000     0.00000     0.00000     0.00000
    -42.195         0.00000     0.00000     0.00000     0.00000
    -42.045         0.00000     0.00000     0.00000     0.00000
    -41.895         0.00000     0.00000     0.00000     0.00000
    -41.745         0.00000     0.00000     0.00000     0.00000
    -41.595         0.00000     0.00000     0.00000     0.00000
    -41.445         0.00000     0.00000     0.00000     0.00000
    -41.295         0.00000     0.00000     0.00000     0.00000
    -41.145         0.00000     0.00000     0.00000     0.00000
    -40.995         0.00000     0.00000     0.00000     0.00000
    -40.845         0.00000     0.00000     0.00000     0.00000
    -40.695         0.00000     0.00000     0.00000     0.00000
    -40.545         0.00000     0.00000     0.00000     0.00000
    -40.395         0.00000     0.00000     0.00000     0.00000
    -40.245         0.00000     0.00000     0.00000     0.00000
    -40.095         0.00000     0.00000     0.00000     0.00000
    -39.945         0.00000     0.00000     0.00000     0.00000
    -39.795         0.00000     0.00000     0.00000     0.00000
    -39.645         0.00000     0.00000     0.00000     0.00000
    -39.495         0.00000     0.00000     0.00000     0.00000
    -39.345         0.00000     0.00000     0.00000     0.00000
    -39.195         0.00000     0.00000     0.00000     0.00000
    -39.045         0.00000     0.00000     0.00000     0.00000
    -38.895         0.00000     0.00000     0.00000     0.00000
    -38.745         0.00000     0.00000     0.00000     0.00000
    -38.595         0.00000     0.00000     0.00000     0.00000
    -38.445         0.00000     0.00000     0.00000     0.00000
    -38.295         0.00000     0.00000     0.00000     0.00000
    -38.145         0.00000     0.00000     0.00000     0.00000
    -37.995         0.00000     0.00000     0.00000     0.00000
    -37.845         0.00000     0.00000     0.00000     0.00000
    -37.695         0.00000     0.00000     0.00000     0.00000
    -37.545         0.00000     0.00000     0.00000     0.00000
    -37.395         0.00000     0.00000     0.00000     0.00000
    -37.245         0.00000     0.00000     0.00000     0.00000
    -37.095         0.00000     0.00000     0.00000     0.00000
    -36.945         0.00000     0.00000     0.00000     0.00000
    -36.795         0.00000     0.00000     0.00000     0.00000
    -36.645         0.00000     0.00000     0.00000     0.00000
    -36.495         0.00000     0.00000     0.00000     0.00000
    -36.345         0.00000     0.00000     0.00000     0.00000
    -36.195         0.00000     0.00000     0.00000     0.00000
    -36.045         0.00000     0.00000     0.00000     0.00000
    -35.895         0.00000     0.00000     0.00000     0.00000
    -35.745         0.00000     0.00000     0.00000     0.00000
    -35.595         0.00000     0.00000     0.00000     0.00000
    -35.445         0.00000     0.00000     0.00000     0.00000
    -35.295         0.00000     0.00000     0.00000     0.00000
    -35.145         0.00000     0.00000     0.00000     0.00000
    -34.995         0.00000     0.00000     0.00000     0.00000
    -34.845         0.00000     0.00000     0.00000     0.00000
    -34.695         0.00000     0.00000     0.00000     0.00000
    -34.545         0.00000     0.00000     0.00000     0.00000
    -34.395         0.00000     0.00000     0.00000     0.00000
    -34.245         0.00000     0.00000     0.00000     0.00000
    -34.095         0.00000     0.00000     0.00000     0.00000
    -33.945         0.00000     0.00000     0.00000     0.00000
    -33.795         0.00000     0.00000     0.00000     0.00000
    -33.645         0.00000     0.00000     0.00000     0.00000
    -33.495         0.00000     0.00000     0.00000     0.00000
    -33.345         0.00000     0.00000     0.00000     0.00000
    -33.195         0.00000     0.00000     0.00000     0.00000
    -33.045         0.00000     0.00000     0.00000     0.00000
    -32.895         0.00000     0.00000     0.00000     0.00000
    -32.745         0.00000     0.00000     0.00000     0.00000
    -32.595         0.00000     0.00000     0.00000     0.00000
    -32.445         0.00000     0.00000     0.00000     0.00000
    -32.295         0.00000     0.00000     0.00000     0.00000
    -32.145         0.00000     0.00000     0.00000     0.00000
    -31.995         0.00000     0.00000     0.00000     0.00000
    -31.845         0.00000     0.00000     0.00000     0.00000
    -31.695         0.00000     0.00000     0.00000     0.00000
    -31.545         0.00000     0.00000     0.00000     0.00000
    -31.395         0.00000     0.00000     0.00000     0.00000
    -31.245         0.00000     0.00000     0.00000     0.00000
    -31.095         0.00000     0.00000     0.00000     0.00000
    -30.945         0.00000     0.00000     0.00000     0.00000
    -30.795         0.00000     0.00000     0.00000     0.00000
    -30.645         0.00000     0.00000     0.00000     0.00000
    -30.495         0.00000     0.00000     0.00000     0.00000
    -30.345         0.00000     0.00000     0.00000     0.00000
    -30.195         0.00000     0.00000     0.00000     0.00000
    -30.045         0.00000     0.00000     0.00000     0.00000
    -29.895         0.00000     0.00000     0.00000     0.00000
    -29.745         0.00000     0.00000     0.00000     0.00000
    -29.595         0.00000     0.00000     0.00000     0.00000
    -29.445         0.00000     0.00000     0.00000     0.00000
    -29.295         0.00000     0.00000     0.00000     0.00000
    -29.145         0.00000     0.00000     0.00000     0.00000
    -28.995         0.00000     0.00000     0.00000     0.00000
    -28.845         0.00000     0.00000     0.00000     0.00000
    -28.695         0.00000     0.00000     0.00000     0.00000
    -28.545         0.00000     0.00000     0.00000     0.00000
    -28.395         0.00000     0.00000     0.00000     0.00000
    -28.245         0.00000     0.00000     0.00000     0.00000
    -28.095         0.00000     0.00000     0.00000     0.00000
    -27.945         0.00000     0.00000     0.00000     0.00000
    -27.795         0.00000     0.00000     0.00000     0.00000
    -27.645         0.00000     0.00000     0.00000     0.00000
    -27.495         0.00000     0.00000     0.00000     0.00000
    -27.345         0.00000     0.00000     0.00000     0.00000
    -27.195         0.00000     0.00000     0.00000     0.00000
    -27.045         0.00000     0.00000     0.00000     0.00000
    -26.895         0.00000     0.00000     0.00000     0.00000
    -26.745         0.00000     0.00000     0.00000     0.00000
    -26.595         0.00000     0.00000     0.00000     0.00000
    -26.445         0.00000     0.00000     0.00000     0.00000
    -26.295         0.00000     0.00000     0.00000     0.00000
    -26.145         0.00000     0.00000     0.00000     0.00000
    -25.995         0.00000     0.00000     0.00000     0.00000
    -25.845         0.00000     0.00000     0.00000     0.00000
    -25.695         0.00000     0.00000     0.00000     0.00000
    -25.545         0.00000     0.00000     0.00000     0.00000
    -25.395         0.00000     0.00000     0.00000     0.00000
    -25.245         0.00000     0.00000     0.00000     0.00000
    -25.095         0.00000     0.00000     0.00000     0.00000
    -24.945         0.00000     0.00000     0.00000     0.00000
    -24.795         0.00000     0.00000     0.00000     0.00000
    -24.645         0.00000     0.00000     0.00000     0.00000
    -24.495         0.00000     0.00000     0.00000     0.00000
    -24.345         0.00000     0.00000     0.00000     0.00000
    -24.195         0.00000     0.00000     0.00000     0.00000
    -24.045         0.00000     0.00000     0.00000     0.00000
    -23.895         0.00000     0.00000     0.00000     0.00000
    -23.745         0.00000     0.00000     0.00000     0.00000
    -23.595         0.00000     0.00000     0.00000     0.00000
    -23.445         0.00000     0.00000     0.00000     0.00000
    -23.295         0.00000     0.00000     0.00000     0.00000
    -23.145         0.00000     0.00000     0.00000     0.00000
    -22.995         0.00000     0.00000     0.00000     0.00000
    -22.845         0.00000     0.00000     0.00000     0.00000
    -22.695         0.00000     0.00000     0.00000     0.00000
    -22.545         0.00000     0.00000     0.00000     0.00000
    -22.395         0.00000     0.00000     0.00000     0.00000
    -22.245         0.00000     0.00000     0.00000     0.00000
    -22.095         0.00000     0.00000     0.00000     0.00000
    -21.945         0.00000     0.00000     0.00000     0.00000
    -21.795         0.00000     0.00000     0.00000     0.00000
    -21.645         0.00000     0.00000     0.00000     0.00000
    -21.495         0.00000     0.00000     0.00000     0.00000
    -21.345         0.00000     0.00000     0.00000     0.00000
    -21.195         0.00000     0.00000     0.00000     0.00000
    -21.045         0.00000     0.00000     0.00000     0.00000
    -20.895         0.00000     0.00000     0.00000     0.00000
    -20.745         0.00000     0.00000     0.00000     0.00000
    -20.595         0.00000     0.00000     0.00000     0.00000
    -20.445         0.00000     0.00000     0.00000     0.00000
    -20.295         0.00000     0.00000     0.00000     0.00000
    -20.145         0.00000     0.00000     0.00000     0.00000
    -19.995         0.00000     0.00000     0.00000     0.00000
    -19.845         0.00000     0.00000     0.00000     0.00000
    -19.695         0.00000     0.00000     0.00000     0.00000
    -19.545         0.00000     0.00000     0.00000     0.00000
    -19.395         0.00000     0.00000     0.00000     0.00000
    -19.245         0.00000     0.00000     0.00000     0.00000
    -19.095         0.00000     0.00000     0.00000     0.00000
    -18.945         0.00000     0.00000     0.00000     0.00000
    -18.795         0.00000     0.00000     0.00000     0.00000
    -18.645         0.00000     0.00000     0.00000     0.00000
    -18.495         0.00000     0.00000     0.00000     0.00000
    -18.345         0.00000     0.00000     0.00000     0.00000
    -18.195         0.00000     0.00000     0.00000     0.00000
    -18.045         0.00000     0.00000     0.00000     0.00000
    -17.895         0.00000     0.00000     0.00000     0.00000
    -17.745         0.00000     0.00000     0.00000     0.00000
    -17.595         0.00000     0.00000     0.00000     0.00000
    -17.445         0.00000     0.00000     0.00000     0.00000
    -17.295         0.00000     0.00000     0.00000     0.00000
    -17.145         0.00000     0.00000     0.00000     0.00000
    -16.995         0.00000     0.00000     0.00000     0.00000
    -16.845         0.00000     0.00000     0.00000     0.00000
    -16.695         0.00000     0.00000     0.00000     0.00000
    -16.545         0.00000     0.00000     0.00000     0.00000
    -16.395         0.00000     0.00000     0.00000     0.00000
    -16.245         0.00000     0.00000     0.00000     0.00000
    -16.095         0.00000     0.00000     0.00000     0.00000
    -15.945         0.00000     0.00000     0.00000     0.00000
    -15.795         0.00000     0.00000     0.00000     0.00000
    -15.645         0.00000     0.00000     0.00000     0.00000
    -15.495         0.00000     0.00000     0.00000     0.00000
    -15.345         0.00000     0.00000     0.00000     0.00000
    -15.195         0.00000     0.00000     0.00000     0.00000
    -15.045         0.00000     0.00000     0.00000     0.00000
    -14.895         0.00000     0.00000     0.00000     0.00000
    -14.745         0.00000     0.00000     0.00000     0.00000
    -14.595         0.00000     0.00000     0.00000     0.00000
    -14.445         0.00000     0.00000     0.00000     0.00000
    -14.295         0.00000     0.00000     0.00000     0.00000
    -14.145         0.00000     0.00000     0.00000     0.00000
    -13.995         0.00000     0.00000     0.00000     0.00000
    -13.845         0.00000     0.00000     0.00000     0.00000
    -13.695         0.00000     0.00000     0.00000     0.00000
    -13.545         0.00000     0.00000     0.00000     0.00000
    -13.395         0.00000     0.00000     0.00000     0.00000
    -13.245         0.00000     0.00000     0.00000     0.00000
    -13.095         0.00000     0.00000     0.00000     0.00000
    -12.945         0.00000     0.00000     0.00000     0.00000
    -12.795         0.00000     0.00000     0.00000     0.00000
    -12.645         0.00000     0.00000     0.00000     0.00000
    -12.495         0.00000     0.00000     0.00000     0.00000
    -12.345         0.00000     0.00000     0.00000     0.00000
    -12.195         0.00000     0.00000     0.00000     0.00000
    -12.045         0.00000     0.00000     0.00000     0.00000
    -11.895         0.00000     0.00000     0.00000     0.00000
    -11.745         0.00000     0.00000     0.00000     0.00000
    -11.595         0.00000     0.00000     0.00000     0.00000
    -11.445         0.00000     0.00000     0.00000     0.00000
    -11.295         0.00000     0.00000     0.00000     0.00000
    -11.145         0.00000     0.00000     0.00000     0.00000
    -10.995         0.00000     0.00000     0.00000     0.00000
    -10.845         0.00000     0.00000     0.00000     0.00000
    -10.695         0.00000     0.00000     0.00000     0.00000
    -10.545         0.00000     0.00000     0.00000     0.00000
    -10.395         0.00000     0.00000     0.00000     0.00000
    -10.245         0.00000     0.00000     0.00000     0.00000
    -10.095         0.00000     0.00000     0.00000     0.00000
    -9.9450         0.00000     0.00000     0.00000     0.00000
    -9.7950         0.00000     0.00000     0.00000     0.00000
    -9.6450         0.00000     0.00000     0.00000     0.00000
    -9.4950         0.00000     0.00000     0.00000     0.00000
    -9.3450         0.00000     0.00000     0.00000     0.00000
    -9.1950         0.00000     0.00000     0.00000     0.00000
    -9.0450         0.00000     0.00000     0.00000     0.00000
    -8.8950         0.00000     0.00000     0.00000     0.00000
    -8.7450         0.00000     0.00000     0.00000     0.00000
    -8.5950         0.00000     0.00000     0.00000     0.00000
    -8.4450         0.00000     0.00000     0.00000     0.00000
    -8.2950         0.00000     0.00000     0.00000     0.00000
    -8.1450         0.00000     0.00000     0.00000     0.00000
    -7.9950         0.00000     0.00000     0.00000     0.00000
    -7.8450         0.00000     0.00000     0.00000     0.00000
    -7.6950         0.00000     0.00000     0.00000     0.00000
    -7.5450         0.00000     0.00000     0.00000     0.00000
    -7.3950         0.00000     0.00000     0.00000     0.00000
    -7.2450         0.00000     0.00000     0.00000     0.00000
    -7.0950         0.00000     0.00000     0.00000     0.00000
    -6.9450         0.00000     0.00000     0.00000     0.00000
    -6.7950         0.00000     0.00000     0.00000     0.00000
    -6.6450         0.00000     0.00000     0.00000     0.00000
    -6.4950         0.00000     0.00000     0.00000     0.00000
    -6.3450         0.00000     0.00000     0.00000     0.00000
    -6.1950         0.00000     0.00000     0.00000     0.00000
    -6.0450         0.00000     0.00000     0.00000     0.00000
    -5.8950         0.00000     0.00000     0.00000     0.00000
    -5.7450         0.00000     0.00000     0.00000     0.00000
    -5.5950         0.00000     0.00000     0.00000     0.00000
    -5.4450         0.00000     0.00000     0.00000     0.00000
    -5.2950         0.00000     0.00000     0.00000     0.00000
    -5.1450         0.00000     0.00000     0.00000     0.00000
    -4.9950         0.00000     0.00000     0.00000     0.00000
    -4.8450         0.00000     0.00000     0.00000     0.00000
    -4.6950         0.00000     0.00000     0.00000     0.00000
    -4.5450         0.00000     0.00000     0.00000     0.00000
    -4.3950         0.00000     0.00000     0.00000     0.00000
    -4.2450         0.00000     0.00000     0.00000     0.00000
    -4.0950         0.00000     0.00000     0.00000     0.00000
    -3.9450         0.00000     0.00000     0.00000     0.00000
    -3.7950         0.00000     0.00000     0.00000     0.00000
    -3.6450         0.00000     0.00000     0.00000     0.00000
    -3.4950         0.00000     0.00000     0.00000     0.00000
    -3.3450         0.00000     0.00000     0.00000     0.00000
    -3.1950         0.00000     0.00000     0.00000     0.00000
    -3.0450         0.00000     0.00000     0.00000     0.00000
    -2.8950         0.00000     0.00000     0.00000     0.00000
    -2.7450         0.00000     0.00000     0.00000     0.00000
    -2.5950         0.00000     0.00000     0.00000     0.00000
    -2.4450         0.00000     0.00000     0.00000     0.00000
    -2.2950         0.00000     0.00000     0.00000     0.00000
    -2.1450         0.00000     0.00000     0.00000     0.00000
    -1.9950         0.00000     0.00000     0.00000     0.00000
    -1.8450         0.00000     0.00000     0.00000     0.00000
    -1.6950         0.00000     0.00000     0.00000     0.00000
    -1.5450        -0.00000    -0.00000     0.00000     0.00000
    -1.3950        -0.00001    -0.00001     0.00000     0.00000
    -1.2450        -0.00003    -0.00003     0.00000     0.00000
    -1.0950        -0.00025    -0.00009     0.00000    -0.00016
   -0.94500        -0.00262    -0.00024    -0.00000    -0.00238
   -0.79500        -0.02380    -0.00050     0.00000    -0.02331
   -0.64500        -0.19739    -0.00095    -0.00018    -0.19627
   -0.49500        -1.25930    -0.00355    -0.00324    -1.25251
   -0.34500        -3.77186    -0.00827    -0.01752    -3.74607
   -0.22700        -4.47220    -0.01133    -0.02520    -4.43567
   -0.21300        -4.54761    -0.01176    -0.02614    -4.50971
   -0.20700        -4.62201    -0.01222    -0.02710    -4.58269
   -0.20100        -4.69551    -0.01267    -0.02811    -4.65472
   -0.19500        -4.76678    -0.01316    -0.02916    -4.72447
   -0.18900        -4.83825    -0.01365    -0.03020    -4.79440
   -0.18300        -4.90894    -0.01417    -0.03125    -4.86352
   -0.17700        -4.98010    -0.01471    -0.03230    -4.93309
   -0.17100        -5.04944    -0.01528    -0.03344    -5.00073
   -0.16500        -5.11863    -0.01586    -0.03458    -5.06819
   -0.15900        -5.18779    -0.01646    -0.03570    -5.13562
   -0.15300        -5.25694    -0.01710    -0.03687    -5.20296
   -0.14700        -5.32601    -0.01776    -0.03806    -5.27019
   -0.14100        -5.39543    -0.01846    -0.03928    -5.33769
   -0.13500        -5.46410    -0.01920    -0.04055    -5.40435
   -0.12900        -5.53372    -0.01996    -0.04188    -5.47187
   -0.12300        -5.60471    -0.02077    -0.04329    -5.54065
   -0.11700        -5.67618    -0.02161    -0.04468    -5.60989
   -0.11100        -5.74930    -0.02260    -0.04624    -5.68046
   -0.10500        -5.82327    -0.02357    -0.04780    -5.75190
   -0.99000E-01    -5.89943    -0.02461    -0.04958    -5.82524
   -0.93000E-01    -5.97677    -0.02580    -0.05138    -5.89959
   -0.87000E-01    -6.05688    -0.02716    -0.05337    -5.97635
   -0.81000E-01    -6.14096    -0.02859    -0.05556    -6.05681
   -0.75000E-01    -6.22805    -0.03022    -0.05790    -6.13993
   -0.69000E-01    -6.32009    -0.03191    -0.06039    -6.22779
   -0.63000E-01    -6.41903    -0.03390    -0.06314    -6.32199
   -0.57000E-01    -6.52546    -0.03618    -0.06624    -6.42304
   -0.51000E-01    -6.64234    -0.03887    -0.06966    -6.53381
   -0.45000E-01    -6.77331    -0.04203    -0.07369    -6.65759
   -0.39000E-01    -6.92037    -0.04579    -0.07831    -6.79628
   -0.33000E-01    -7.08494    -0.05029    -0.08395    -6.95069
   -0.27000E-01    -7.26797    -0.05609    -0.09115    -7.12074
   -0.21300E-01    -7.40514    -0.06096    -0.09765    -7.24653
   -0.19500E-01    -7.42627    -0.06177    -0.09873    -7.26577
   -0.18900E-01    -7.44749    -0.06260    -0.09988    -7.28502
   -0.18300E-01    -7.46938    -0.06347    -0.10107    -7.30484
   -0.17700E-01    -7.49155    -0.06435    -0.10236    -7.32483
   -0.17100E-01    -7.51401    -0.06527    -0.10368    -7.34506
   -0.16500E-01    -7.53691    -0.06625    -0.10505    -7.36561
   -0.15900E-01    -7.56027    -0.06725    -0.10657    -7.38646
   -0.15300E-01    -7.58408    -0.06827    -0.10806    -7.40775
   -0.14700E-01    -7.60836    -0.06934    -0.10967    -7.42935
   -0.14100E-01    -7.63311    -0.07049    -0.11141    -7.45121
   -0.13500E-01    -7.65848    -0.07168    -0.11329    -7.47351
   -0.12900E-01    -7.68441    -0.07293    -0.11525    -7.49623
   -0.12300E-01    -7.71100    -0.07426    -0.11739    -7.51935
   -0.11700E-01    -7.73825    -0.07568    -0.11973    -7.54284
   -0.11100E-01    -7.76636    -0.07712    -0.12223    -7.56700
   -0.10500E-01    -7.79532    -0.07864    -0.12492    -7.59175
   -0.99000E-02    -7.82518    -0.08026    -0.12783    -7.61709
   -0.93000E-02    -7.85614    -0.08199    -0.13108    -7.64306
   -0.87000E-02    -7.88833    -0.08384    -0.13465    -7.66984
   -0.81000E-02    -7.92197    -0.08582    -0.13871    -7.69744
   -0.75000E-02    -7.95703    -0.08793    -0.14322    -7.72587
   -0.69000E-02    -7.99375    -0.09021    -0.14839    -7.75514
   -0.63000E-02    -8.03232    -0.09265    -0.15434    -7.78533
   -0.57000E-02    -8.07285    -0.09529    -0.16139    -7.81617
   -0.51000E-02    -8.11577    -0.09812    -0.16982    -7.84783
   -0.45000E-02    -8.16169    -0.10121    -0.18026    -7.88022
   -0.39000E-02    -8.21113    -0.10451    -0.19364    -7.91298
   -0.33000E-02    -8.26601    -0.10812    -0.21196    -7.94593
   -0.27000E-02    -8.33114    -0.11200    -0.24020    -7.97893
   -0.21000E-02    -8.41635    -0.11612    -0.28819    -8.01203
   -0.15000E-02    -8.52672    -0.12037    -0.35858    -8.04778
   -0.90000E-03    -8.61727    -0.12431    -0.39141    -8.10155
   -0.30000E-03   -10.07862    -0.12662    -0.39625    -9.55574
    0.30000E-03    -8.61922    -0.12180    -0.39391    -8.10351
    0.90000E-03    -8.54278    -0.08883    -0.38990    -8.06405
    0.15000E-02    -8.45724    -0.01853    -0.38560    -8.05312
    0.21000E-02    -8.40187     0.02957    -0.38141    -8.05003
    0.27000E-02    -8.36913     0.05758    -0.37753    -8.04917
    0.33000E-02    -8.34718     0.07572    -0.37395    -8.04894
    0.39000E-02    -8.33061     0.08892    -0.37066    -8.04888
    0.45000E-02    -8.31732     0.09913    -0.36760    -8.04885
    0.51000E-02    -8.30618     0.10746    -0.36480    -8.04884
    0.57000E-02    -8.29661     0.11447    -0.36224    -8.04883
    0.63000E-02    -8.28822     0.12042    -0.35982    -8.04882
    0.69000E-02    -8.28085     0.12556    -0.35760    -8.04880
    0.75000E-02    -8.27424     0.13012    -0.35557    -8.04879
    0.81000E-02    -8.26827     0.13414    -0.35363    -8.04878
    0.87000E-02    -8.26283     0.13776    -0.35182    -8.04877
    0.93000E-02    -8.25787     0.14102    -0.35013    -8.04875
    0.99000E-02    -8.25330     0.14399    -0.34855    -8.04874
    0.10500E-01    -8.24908     0.14672    -0.34709    -8.04872
    0.11100E-01    -8.24523     0.14917    -0.34570    -8.04870
    0.11700E-01    -8.24160     0.15146    -0.34437    -8.04868
    0.12300E-01    -8.23820     0.15358    -0.34311    -8.04866
    0.12900E-01    -8.23508     0.15553    -0.34197    -8.04864
    0.13500E-01    -8.23213     0.15737    -0.34088    -8.04862
    0.14100E-01    -8.22936     0.15906    -0.33983    -8.04860
    0.14700E-01    -8.22674     0.16066    -0.33883    -8.04857
    0.15300E-01    -8.22428     0.16215    -0.33789    -8.04855
    0.15900E-01    -8.22191     0.16360    -0.33699    -8.04852
    0.16500E-01    -8.21971     0.16493    -0.33615    -8.04849
    0.17100E-01    -8.21767     0.16618    -0.33538    -8.04846
    0.17700E-01    -8.21560     0.16741    -0.33458    -8.04844
    0.18300E-01    -8.21373     0.16852    -0.33384    -8.04841
    0.18900E-01    -8.21189     0.16960    -0.33312    -8.04838
    0.19500E-01    -8.21013     0.17067    -0.33245    -8.04835
    0.21300E-01    -8.20001     0.17667    -0.32856    -8.04812
    0.27000E-01    -8.18926     0.18304    -0.32460    -8.04770
    0.33000E-01    -8.18142     0.18763    -0.32187    -8.04719
    0.39000E-01    -8.17529     0.19123    -0.31990    -8.04662
    0.45000E-01    -8.17042     0.19400    -0.31849    -8.04593
    0.51000E-01    -8.16651     0.19612    -0.31746    -8.04516
    0.57000E-01    -8.16321     0.19793    -0.31672    -8.04441
    0.63000E-01    -8.16021     0.19944    -0.31618    -8.04347
    0.69000E-01    -8.15755     0.20066    -0.31573    -8.04248
    0.75000E-01    -8.15532     0.20162    -0.31541    -8.04153
    0.81000E-01    -8.15327     0.20237    -0.31519    -8.04044
    0.87000E-01    -8.15108     0.20310    -0.31496    -8.03922
    0.93000E-01    -8.14915     0.20367    -0.31479    -8.03803
    0.99000E-01    -8.14716     0.20416    -0.31462    -8.03669
    0.10500        -8.14533     0.20466    -0.31449    -8.03550
    0.11100        -8.14349     0.20506    -0.31441    -8.03414
    0.11700        -8.14167     0.20534    -0.31433    -8.03268
    0.12300        -8.14008     0.20540    -0.31430    -8.03118
    0.12900        -8.13824     0.20566    -0.31424    -8.02967
    0.13500        -8.13640     0.20583    -0.31408    -8.02815
    0.14100        -8.13466     0.20598    -0.31405    -8.02660
    0.14700        -8.13271     0.20606    -0.31392    -8.02485
    0.15300        -8.13094     0.20610    -0.31391    -8.02313
    0.15900        -8.12916     0.20610    -0.31389    -8.02138
    0.16500        -8.12727     0.20630    -0.31380    -8.01977
    0.17100        -8.12540     0.20629    -0.31372    -8.01797
    0.17700        -8.12318     0.20643    -0.31365    -8.01596
    0.18300        -8.12132     0.20640    -0.31358    -8.01414
    0.18900        -8.11939     0.20637    -0.31349    -8.01227
    0.19500        -8.11731     0.20639    -0.31342    -8.01028
    0.20100        -8.11517     0.20642    -0.31335    -8.00824
    0.20700        -8.11306     0.20641    -0.31329    -8.00619
    0.21300        -8.11114     0.20641    -0.31321    -8.00433
    0.22700        -8.09239     0.20627    -0.31264    -7.98603
    0.34500        -8.02870     0.20618    -0.31177    -7.92310
    0.49500        -7.95894     0.20654    -0.31061    -7.85488
    0.64500        -7.88786     0.20679    -0.30964    -7.78501
    0.79500        -7.81464     0.20698    -0.30871    -7.71291
    0.94500        -7.74093     0.20718    -0.30789    -7.64023
     1.0950        -7.66769     0.20734    -0.30714    -7.56789
     1.2450        -7.59500     0.20745    -0.30644    -7.49601
     1.3950        -7.52347     0.20757    -0.30582    -7.42522
     1.5450        -7.45309     0.20768    -0.30524    -7.35553
     1.6950        -7.38474     0.20779    -0.30468    -7.28784
     1.8450        -7.31836     0.20788    -0.30414    -7.22210
     1.9950        -7.25388     0.20798    -0.30364    -7.15822
     2.1450        -7.19175     0.20803    -0.30316    -7.09663
     2.2950        -7.13132     0.20811    -0.30272    -7.03671
     2.4450        -7.07307     0.20816    -0.30229    -6.97894
     2.5950        -7.01741     0.20821    -0.30187    -6.92375
     2.7450        -6.96386     0.20825    -0.30148    -6.87064
     2.8950        -6.91184     0.20831    -0.30111    -6.81904
     3.0450        -6.86222     0.20836    -0.30074    -6.76984
     3.1950        -6.81432     0.20842    -0.30039    -6.72234
     3.3450        -6.76824     0.20846    -0.30006    -6.67663
     3.4950        -6.72326     0.20851    -0.29974    -6.63202
     3.6450        -6.68000     0.20855    -0.29942    -6.58913
     3.7950        -6.63816     0.20860    -0.29912    -6.54764
     3.9450        -6.59797     0.20863    -0.29884    -6.50777
     4.0950        -6.55908     0.20868    -0.29854    -6.46922
     4.2450        -6.52131     0.20871    -0.29828    -6.43175
     4.3950        -6.48467     0.20875    -0.29802    -6.39540
     4.5450        -6.44916     0.20879    -0.29776    -6.36019
     4.6950        -6.41468     0.20882    -0.29750    -6.32600
     4.8450        -6.38124     0.20887    -0.29725    -6.29285
     4.9950        -6.34871     0.20889    -0.29701    -6.26059
     5.1450        -6.31710     0.20892    -0.29678    -6.22924
     5.2950        -6.28629     0.20895    -0.29655    -6.19869
     5.4450        -6.25631     0.20897    -0.29632    -6.16897
     5.5950        -6.22706     0.20900    -0.29609    -6.13998
     5.7450        -6.19852     0.20903    -0.29587    -6.11168
     5.8950        -6.17067     0.20905    -0.29566    -6.08406
     6.0450        -6.14350     0.20907    -0.29544    -6.05713
     6.1950        -6.11693     0.20910    -0.29524    -6.03079
     6.3450        -6.09098     0.20913    -0.29504    -6.00507
     6.4950        -6.06558     0.20915    -0.29485    -5.97987
     6.6450        -6.04076     0.20917    -0.29466    -5.95526
     6.7950        -6.01639     0.20920    -0.29447    -5.93111
     6.9450        -5.99252     0.20923    -0.29428    -5.90747
     7.0950        -5.96919     0.20924    -0.29410    -5.88433
     7.2450        -5.94633     0.20926    -0.29393    -5.86166
     7.3950        -5.92391     0.20929    -0.29375    -5.83944
     7.5450        -5.90190     0.20932    -0.29358    -5.81763
     7.6950        -5.88032     0.20934    -0.29341    -5.79624
     7.8450        -5.85917     0.20935    -0.29325    -5.77527
     7.9950        -5.83841     0.20936    -0.29309    -5.75469
     8.1450        -5.81799     0.20938    -0.29292    -5.73445
     8.2950        -5.79798     0.20940    -0.29276    -5.71462
     8.4450        -5.77828     0.20942    -0.29261    -5.69509
     8.5950        -5.75890     0.20944    -0.29246    -5.67588
     8.7450        -5.73982     0.20946    -0.29231    -5.65697
     8.8950        -5.72108     0.20948    -0.29217    -5.63839
     9.0450        -5.70270     0.20949    -0.29202    -5.62017
     9.1950        -5.68458     0.20951    -0.29189    -5.60220
     9.3450        -5.66675     0.20952    -0.29174    -5.58453
     9.4950        -5.64924     0.20954    -0.29160    -5.56718
     9.6450        -5.63194     0.20955    -0.29145    -5.55005
     9.7950        -5.61491     0.20957    -0.29132    -5.53317
     9.9450        -5.59815     0.20959    -0.29118    -5.51656
     10.095        -5.58162     0.20961    -0.29105    -5.50018
     10.245        -5.56539     0.20962    -0.29091    -5.48410
     10.395        -5.54937     0.20963    -0.29079    -5.46821
     10.545        -5.53360     0.20964    -0.29066    -5.45257
     10.695        -5.51805     0.20966    -0.29053    -5.43718
     10.845        -5.50272     0.20967    -0.29040    -5.42199
     10.995        -5.48759     0.20969    -0.29029    -5.40699
     11.145        -5.47264     0.20969    -0.29016    -5.39218
     11.295        -5.45790     0.20970    -0.29004    -5.37756
     11.445        -5.44335     0.20971    -0.28992    -5.36315
     11.595        -5.42898     0.20973    -0.28980    -5.34891
     11.745        -5.41477     0.20975    -0.28968    -5.33484
     11.895        -5.40079     0.20976    -0.28957    -5.32098
     12.045        -5.38697     0.20977    -0.28946    -5.30728
     12.195        -5.37331     0.20978    -0.28933    -5.29375
     12.345        -5.35982     0.20980    -0.28922    -5.28040
     12.495        -5.34653     0.20981    -0.28911    -5.26723
     12.645        -5.33335     0.20982    -0.28900    -5.25417
     12.795        -5.32037     0.20983    -0.28889    -5.24132
     12.945        -5.30751     0.20985    -0.28878    -5.22857
     13.095        -5.29483     0.20986    -0.28867    -5.21602
     13.245        -5.28226     0.20987    -0.28857    -5.20356
     13.395        -5.26985     0.20988    -0.28848    -5.19125
     13.545        -5.25759     0.20989    -0.28838    -5.17910
     13.695        -5.24543     0.20989    -0.28828    -5.16704
     13.845        -5.23341     0.20990    -0.28818    -5.15513
     13.995        -5.22154     0.20992    -0.28808    -5.14338
     14.145        -5.20982     0.20993    -0.28799    -5.13177
     14.295        -5.19820     0.20994    -0.28789    -5.12025
     14.445        -5.18671     0.20996    -0.28779    -5.10888
     14.595        -5.17532     0.20996    -0.28769    -5.09760
     14.745        -5.16410     0.20997    -0.28759    -5.08648
     14.895        -5.15296     0.20998    -0.28750    -5.07544
     15.045        -5.14194     0.20999    -0.28741    -5.06452
     15.195        -5.13104     0.21000    -0.28732    -5.05372
     15.345        -5.12025     0.21001    -0.28723    -5.04303
     15.495        -5.10962     0.21001    -0.28715    -5.03249
     15.645        -5.09902     0.21002    -0.28706    -5.02198
     15.795        -5.08854     0.21003    -0.28697    -5.01160
     15.945        -5.07815     0.21004    -0.28689    -5.00130
     16.095        -5.06784     0.21005    -0.28681    -4.99108
     16.245        -5.05764     0.21006    -0.28671    -4.98099
     16.395        -5.04755     0.21007    -0.28662    -4.97100
     16.545        -5.03756     0.21007    -0.28654    -4.96109
     16.695        -5.02766     0.21008    -0.28645    -4.95129
     16.845        -5.01788     0.21008    -0.28637    -4.94159
     16.995        -5.00818     0.21009    -0.28628    -4.93198
     17.145        -4.99857     0.21009    -0.28620    -4.92246
     17.295        -4.98901     0.21010    -0.28611    -4.91299
     17.445        -4.97956     0.21011    -0.28603    -4.90363
     17.595        -4.97016     0.21012    -0.28596    -4.89431
     17.745        -4.96086     0.21012    -0.28588    -4.88510
     17.895        -4.95163     0.21013    -0.28580    -4.87596
     18.045        -4.94251     0.21013    -0.28572    -4.86692
     18.195        -4.93345     0.21014    -0.28564    -4.85795
     18.345        -4.92448     0.21014    -0.28557    -4.84906
     18.495        -4.91556     0.21016    -0.28549    -4.84023
     18.645        -4.90673     0.21017    -0.28542    -4.83147
     18.795        -4.89794     0.21018    -0.28535    -4.82278
     18.945        -4.88927     0.21018    -0.28527    -4.81418
     19.095        -4.88064     0.21019    -0.28520    -4.80563
     19.245        -4.87212     0.21020    -0.28512    -4.79719
     19.395        -4.86369     0.21021    -0.28505    -4.78884
     19.545        -4.85525     0.21021    -0.28498    -4.78049
     19.695        -4.84692     0.21022    -0.28490    -4.77224
     19.845        -4.83866     0.21023    -0.28483    -4.76406
     19.995        -4.83046     0.21023    -0.28476    -4.75593
     20.145        -4.82229     0.21024    -0.28469    -4.74784
     20.295        -4.81419     0.21025    -0.28462    -4.73982
     20.445        -4.80618     0.21025    -0.28455    -4.73188
     20.595        -4.79824     0.21026    -0.28448    -4.72403
     20.745        -4.79030     0.21027    -0.28441    -4.71616
     20.895        -4.78245     0.21028    -0.28435    -4.70838
     21.045        -4.77465     0.21030    -0.28428    -4.70066
     21.195        -4.76693     0.21030    -0.28422    -4.69301
     21.345        -4.75927     0.21031    -0.28416    -4.68541
     21.495        -4.75166     0.21031    -0.28410    -4.67788
     21.645        -4.74413     0.21032    -0.28403    -4.67042
     21.795        -4.73664     0.21032    -0.28397    -4.66300
     21.945        -4.72917     0.21033    -0.28390    -4.65560
     22.095        -4.72177     0.21034    -0.28383    -4.64828
     22.245        -4.71447     0.21035    -0.28377    -4.64104
     22.395        -4.70717     0.21035    -0.28370    -4.63382
     22.545        -4.69992     0.21036    -0.28364    -4.62664
     22.695        -4.69272     0.21036    -0.28357    -4.61951
     22.845        -4.68557     0.21037    -0.28351    -4.61243
     22.995        -4.67849     0.21037    -0.28345    -4.60541
     23.145        -4.67145     0.21038    -0.28339    -4.59844
     23.295        -4.66447     0.21038    -0.28333    -4.59152
     23.445        -4.65751     0.21039    -0.28327    -4.58463
     23.595        -4.65063     0.21040    -0.28321    -4.57782
     23.745        -4.64379     0.21040    -0.28315    -4.57104
     23.895        -4.63696     0.21041    -0.28309    -4.56428
     24.045        -4.63018     0.21041    -0.28304    -4.55756
     24.195        -4.62347     0.21042    -0.28298    -4.55091
     24.345        -4.61680     0.21043    -0.28292    -4.54431
     24.495        -4.61016     0.21044    -0.28285    -4.53774
     24.645        -4.60357     0.21044    -0.28280    -4.53122
     24.795        -4.59705     0.21045    -0.28274    -4.52476
     24.945        -4.59056     0.21045    -0.28268    -4.51833
     25.095        -4.58409     0.21046    -0.28263    -4.51192
     25.245        -4.57767     0.21046    -0.28257    -4.50557
     25.395        -4.57128     0.21047    -0.28251    -4.49924
     25.545        -4.56492     0.21047    -0.28245    -4.49294
     25.695        -4.55865     0.21048    -0.28240    -4.48673
     25.845        -4.55240     0.21048    -0.28234    -4.48053
     25.995        -4.54618     0.21049    -0.28229    -4.47438
     26.145        -4.53995     0.21049    -0.28224    -4.46821
     26.295        -4.53381     0.21050    -0.28218    -4.46212
     26.445        -4.52768     0.21050    -0.28213    -4.45605
     26.595        -4.52159     0.21051    -0.28208    -4.45002
     26.745        -4.51558     0.21051    -0.28202    -4.44407
     26.895        -4.50954     0.21052    -0.28197    -4.43809
     27.045        -4.50357     0.21053    -0.28192    -4.43218
     27.195        -4.49762     0.21053    -0.28187    -4.42629
     27.345        -4.49171     0.21054    -0.28182    -4.42043
     27.495        -4.48583     0.21054    -0.28176    -4.41461
     27.645        -4.48000     0.21055    -0.28171    -4.40883
     27.795        -4.47422     0.21055    -0.28166    -4.40311
     27.945        -4.46843     0.21056    -0.28161    -4.39737
     28.095        -4.46269     0.21056    -0.28156    -4.39169
     28.245        -4.45700     0.21057    -0.28151    -4.38605
     28.395        -4.45133     0.21057    -0.28146    -4.38044
     28.545        -4.44570     0.21058    -0.28141    -4.37487
     28.695        -4.44009     0.21058    -0.28136    -4.36932
     28.845        -4.43451     0.21058    -0.28131    -4.36379
     28.995        -4.42898     0.21059    -0.28126    -4.35831
     29.145        -4.42348     0.21059    -0.28121    -4.35286
     29.295        -4.41800     0.21060    -0.28116    -4.34743
     29.445        -4.41255     0.21060    -0.28111    -4.34204
     29.595        -4.40714     0.21060    -0.28106    -4.33667
     29.745        -4.40174     0.21061    -0.28101    -4.33134
     29.895        -4.39637     0.21061    -0.28096    -4.32602
     30.045        -4.39103     0.21061    -0.28092    -4.32073
     30.195        -4.38572     0.21062    -0.28087    -4.31547
     30.345        -4.38043     0.21063    -0.28082    -4.31023
     30.495        -4.37516     0.21063    -0.28078    -4.30502
     30.645        -4.36993     0.21064    -0.28073    -4.29983
     30.795        -4.36474     0.21064    -0.28069    -4.29469
     30.945        -4.35958     0.21064    -0.28064    -4.28958
     31.095        -4.35442     0.21064    -0.28060    -4.28447
     31.245        -4.34929     0.21065    -0.28055    -4.27939
     31.395        -4.34421     0.21065    -0.28051    -4.27435
     31.545        -4.33912     0.21066    -0.28046    -4.26932
     31.695        -4.33409     0.21066    -0.28041    -4.26433
     31.845        -4.32908     0.21066    -0.28037    -4.25937
     31.995        -4.32407     0.21067    -0.28032    -4.25441
     32.145        -4.31908     0.21068    -0.28028    -4.24948
     32.295        -4.31413     0.21068    -0.28023    -4.24458
     32.445        -4.30921     0.21068    -0.28019    -4.23971
     32.595        -4.30430     0.21069    -0.28015    -4.23483
     32.745        -4.29941     0.21069    -0.28011    -4.23000
     32.895        -4.29458     0.21069    -0.28006    -4.22521
     33.045        -4.28975     0.21070    -0.28002    -4.22043
     33.195        -4.28494     0.21070    -0.27997    -4.21567
     33.345        -4.28017     0.21071    -0.27993    -4.21094
     33.495        -4.27542     0.21071    -0.27988    -4.20625
     33.645        -4.27068     0.21071    -0.27984    -4.20155
     33.795        -4.26595     0.21072    -0.27980    -4.19687
     33.945        -4.26127     0.21072    -0.27976    -4.19224
     34.095        -4.25661     0.21072    -0.27971    -4.18762
     34.245        -4.25198     0.21073    -0.27967    -4.18303
     34.395        -4.24738     0.21073    -0.27963    -4.17847
     34.545        -4.24278     0.21073    -0.27959    -4.17392
     34.695        -4.23820     0.21073    -0.27955    -4.16938
     34.845        -4.23365     0.21074    -0.27951    -4.16487
     34.995        -4.22910     0.21074    -0.27947    -4.16037
     35.145        -4.22458     0.21074    -0.27943    -4.15589
     35.295        -4.22010     0.21075    -0.27939    -4.15146
     35.445        -4.21563     0.21075    -0.27935    -4.14703
     35.595        -4.21117     0.21076    -0.27931    -4.14261
     35.745        -4.20675     0.21076    -0.27927    -4.13824
     35.895        -4.20233     0.21077    -0.27923    -4.13386
     36.045        -4.19795     0.21077    -0.27919    -4.12952
     36.195        -4.19355     0.21077    -0.27915    -4.12517
     36.345        -4.18919     0.21077    -0.27911    -4.12085
     36.495        -4.18485     0.21077    -0.27908    -4.11654
     36.645        -4.18053     0.21078    -0.27904    -4.11227
     36.795        -4.17623     0.21078    -0.27900    -4.10801
     36.945        -4.17195     0.21078    -0.27896    -4.10376
     37.095        -4.16768     0.21078    -0.27892    -4.09953
     37.245        -4.16342     0.21078    -0.27888    -4.09532
     37.395        -4.15919     0.21079    -0.27885    -4.09112
     37.545        -4.15499     0.21078    -0.27881    -4.08697
     37.695        -4.15082     0.21079    -0.27877    -4.08284
     37.845        -4.14663     0.21080    -0.27873    -4.07869
     37.995        -4.14248     0.21080    -0.27869    -4.07459
     38.145        -4.13833     0.21080    -0.27865    -4.07048
     38.295        -4.13421     0.21080    -0.27861    -4.06640
     38.445        -4.13012     0.21081    -0.27858    -4.06236
     38.595        -4.12604     0.21081    -0.27854    -4.05830
     38.745        -4.12195     0.21082    -0.27851    -4.05426
     38.895        -4.11789     0.21082    -0.27847    -4.05025
     39.045        -4.11389     0.21082    -0.27843    -4.04628
     39.195        -4.10986     0.21083    -0.27840    -4.04229
     39.345        -4.10586     0.21083    -0.27836    -4.03833
     39.495        -4.10186     0.21083    -0.27832    -4.03437
     39.645        -4.09789     0.21084    -0.27829    -4.03044
     39.795        -4.09396     0.21084    -0.27825    -4.02654
     39.945        -4.09001     0.21084    -0.27822    -4.02263
     40.095        -4.08609     0.21084    -0.27818    -4.01875
     40.245        -4.08218     0.21085    -0.27815    -4.01487
     40.395        -4.07829     0.21085    -0.27811    -4.01103
     40.545        -4.07442     0.21085    -0.27808    -4.00719
     40.695        -4.07056     0.21086    -0.27804    -4.00337
     40.845        -4.06672     0.21086    -0.27800    -3.99957
     40.995        -4.06289     0.21086    -0.27797    -3.99578
     41.145        -4.05907     0.21087    -0.27793    -3.99200
     41.295        -4.05525     0.21087    -0.27790    -3.98823
     41.445        -4.05146     0.21087    -0.27786    -3.98448
     41.595        -4.04771     0.21087    -0.27783    -3.98075
     41.745        -4.04395     0.21088    -0.27779    -3.97703
     41.895        -4.04022     0.21088    -0.27776    -3.97334
     42.045        -4.03648     0.21089    -0.27772    -3.96964
     42.195        -4.03274     0.21089    -0.27769    -3.96594
     42.345        -4.02904     0.21089    -0.27765    -3.96228
     42.495        -4.02534     0.21090    -0.27762    -3.95862
     42.645        -4.02167     0.21090    -0.27759    -3.95499
     42.795        -4.01802     0.21090    -0.27755    -3.95138
     42.945        -4.01438     0.21091    -0.27752    -3.94778
     43.095        -4.01077     0.21091    -0.27748    -3.94420
     43.245        -4.00715     0.21092    -0.27745    -3.94062
     43.395        -4.00355     0.21092    -0.27742    -3.93705
     43.545        -3.99995     0.21092    -0.27738    -3.93349
     43.695        -3.99637     0.21092    -0.27735    -3.92995
     43.845        -3.99280     0.21093    -0.27732    -3.92642
     43.995        -3.98927     0.21093    -0.27728    -3.92292
     44.145        -3.98572     0.21094    -0.27725    -3.91941
     44.295        -3.98220     0.21094    -0.27722    -3.91592
     44.445        -3.97870     0.21094    -0.27719    -3.91246
     44.595        -3.97519     0.21094    -0.27715    -3.90898
     44.745        -3.97171     0.21095    -0.27712    -3.90554
     44.895        -3.96825     0.21095    -0.27709    -3.90211
     45.045        -3.96480     0.21095    -0.27706    -3.89870
     45.195        -3.96134     0.21096    -0.27703    -3.89527
     45.345        -3.95790     0.21096    -0.27700    -3.89187
     45.495        -3.95447     0.21097    -0.27697    -3.88847
     45.645        -3.95106     0.21097    -0.27693    -3.88509
     45.795        -3.94766     0.21097    -0.27690    -3.88173
     45.945        -3.94427     0.21097    -0.27687    -3.87837
     46.095        -3.94090     0.21097    -0.27684    -3.87503
     46.245        -3.93755     0.21097    -0.27681    -3.87171
     46.395        -3.93420     0.21098    -0.27678    -3.86840
     46.545        -3.93086     0.21098    -0.27675    -3.86509
     46.695        -3.92753     0.21099    -0.27672    -3.86180
     46.845        -3.92422     0.21099    -0.27669    -3.85851
     46.995        -3.92092     0.21099    -0.27666    -3.85524
     47.145        -3.91760     0.21099    -0.27663    -3.85196
     47.295        -3.91432     0.21099    -0.27660    -3.84872
     47.445        -3.91105     0.21099    -0.27656    -3.84548
     47.595        -3.90778     0.21100    -0.27653    -3.84225
     47.745        -3.90453     0.21100    -0.27650    -3.83902
     47.895        -3.90129     0.21100    -0.27647    -3.83582
     48.045        -3.89804     0.21101    -0.27644    -3.83260
     48.195        -3.89483     0.21101    -0.27641    -3.82944
     48.345        -3.89163     0.21102    -0.27638    -3.82626
     48.495        -3.88844     0.21102    -0.27635    -3.82311
     48.645        -3.88526     0.21102    -0.27632    -3.81996
     48.795        -3.88208     0.21102    -0.27630    -3.81681
     48.945        -3.87891     0.21102    -0.27626    -3.81367
     49.095        -3.87576     0.21102    -0.27623    -3.81055
     49.245        -3.87261     0.21103    -0.27621    -3.80743
     49.395        -3.86947     0.21103    -0.27617    -3.80432
     49.545        -3.86636     0.21104    -0.27614    -3.80125
     49.695        -3.86324     0.21104    -0.27612    -3.79817
     49.845        -3.86015     0.21104    -0.27609    -3.79510
     49.995        -3.85707     0.21104    -0.27606    -3.79205
     50.145        -3.85400     0.21104    -0.27603    -3.78901
     50.295        -3.85092     0.21104    -0.27600    -3.78597
     50.445        -3.84787     0.21105    -0.27597    -3.78294
     50.595        -3.84482     0.21105    -0.27595    -3.77992
     50.745        -3.84179     0.21105    -0.27592    -3.77692
     50.895        -3.83877     0.21105    -0.27590    -3.77393
     51.045        -3.83576     0.21105    -0.27587    -3.77094
     51.195        -3.83274     0.21105    -0.27584    -3.76795
     51.345        -3.82975     0.21106    -0.27581    -3.76500
     51.495        -3.82675     0.21106    -0.27579    -3.76202
     51.645        -3.82377     0.21106    -0.27576    -3.75908
     51.795        -3.82080     0.21106    -0.27573    -3.75613
     51.945        -3.81782     0.21107    -0.27570    -3.75319
     52.095        -3.81487     0.21107    -0.27567    -3.75027
     52.245        -3.81194     0.21107    -0.27565    -3.74736
     52.395        -3.80900     0.21107    -0.27562    -3.74446
     52.545        -3.80606     0.21108    -0.27559    -3.74155
     52.695        -3.80315     0.21108    -0.27556    -3.73867
     52.845        -3.80026     0.21108    -0.27554    -3.73580
     52.995        -3.79735     0.21108    -0.27551    -3.73292
     53.145        -3.79446     0.21108    -0.27548    -3.73006
     53.295        -3.79159     0.21108    -0.27546    -3.72721
     53.445        -3.78872     0.21108    -0.27543    -3.72437
     53.595        -3.78588     0.21109    -0.27540    -3.72156
     53.745        -3.78304     0.21109    -0.27538    -3.71875
     53.895        -3.78019     0.21110    -0.27535    -3.71594
     54.045        -3.77736     0.21110    -0.27533    -3.71313
     54.195        -3.77456     0.21110    -0.27530    -3.71036
     54.345        -3.77174     0.21110    -0.27527    -3.70756
     54.495        -3.76892     0.21110    -0.27524    -3.70478
     54.645        -3.76611     0.21111    -0.27522    -3.70199
     54.795        -3.76329     0.21111    -0.27519    -3.69921
     54.945        -3.76049     0.21111    -0.27516    -3.69643
     55.095        -3.75770     0.21111    -0.27514    -3.69367
     59.433        -3.54024     0.21128    -0.27311    -3.47841
     80.646        -3.22361     0.21150    -0.27005    -3.16505
     111.21        -2.91735     0.21171    -0.26712    -2.86194
     153.36        -2.62180     0.21190    -0.26424    -2.56946
     211.49        -2.33692     0.21207    -0.26143    -2.28756
     291.64        -2.06255     0.21223    -0.25867    -2.01611
     402.18        -1.79874     0.21234    -0.25600    -1.75508
     554.60        -1.54551     0.21243    -0.25342    -1.50451
     764.80        -1.30207     0.21249    -0.25092    -1.26364
     1054.7        -1.06851     0.21251    -0.24852    -1.03251
     1454.4        -0.84443     0.21253    -0.24621    -0.81074
     2005.6        -0.62929     0.21250    -0.24400    -0.59780
     2765.8        -0.42269     0.21243    -0.24186    -0.39326
     3814.0        -0.22446     0.21236    -0.23980    -0.19702
     5259.5        -0.03411     0.21225    -0.23783    -0.00853
     7252.9         0.14855     0.21212    -0.23592     0.17235
     10002.         0.32404     0.21200    -0.23410     0.34614
     13793.         0.49235     0.21185    -0.23236     0.51287
     19020.         0.65383     0.21167    -0.23070     0.67285
     26229.         0.80848     0.21151    -0.22912     0.82609
     36170.         0.95634     0.21131    -0.22759     0.97263
     49878.         1.09752     0.21110    -0.22614     1.11256
     68782.         1.23229     0.21089    -0.22477     1.24618
     94851.         1.36079     0.21069    -0.22347     1.37357
    0.13080E+06     1.48321     0.21047    -0.22223     1.49497
    0.18038E+06     1.59984     0.21023    -0.22105     1.61066
    0.24874E+06     1.71081     0.21000    -0.21993     1.72074
    0.34301E+06     1.81637     0.20976    -0.21888     1.82548
    0.47302E+06     1.91676     0.20953    -0.21786     1.92510
    0.65229E+06     2.01223     0.20928    -0.21690     2.01985
    0.89952E+06     2.10292     0.20905    -0.21600     2.10988
    0.12404E+07     2.18920     0.20882    -0.21514     2.19551
    0.17106E+07     2.27117     0.20859    -0.21433     2.27691
    0.23589E+07     2.34915     0.20837    -0.21355     2.35433
    0.32529E+07     2.42319     0.20816    -0.21283     2.42785
    0.44858E+07     2.49360     0.20795    -0.21214     2.49779
    0.61860E+07     2.56038     0.20774    -0.21149     2.56414
    0.85305E+07     2.62390     0.20754    -0.21088     2.62723
    0.11764E+08     2.68422     0.20734    -0.21029     2.68718
    0.16222E+08     2.74159     0.20714    -0.20975     2.74419
    0.22370E+08     2.79594     0.20696    -0.20923     2.79821
    0.30849E+08     2.84752     0.20677    -0.20874     2.84949
    0.42541E+08     2.89629     0.20660    -0.20828     2.89797
    0.58664E+08     2.94203     0.20643    -0.20786     2.94346
    0.80898E+08     2.98496     0.20628    -0.20746     2.98613
    0.11156E+09     3.02533     0.20614    -0.20709     3.02628
    0.15384E+09     3.06326     0.20601    -0.20674     3.06398
    0.21215E+09     3.09903     0.20589    -0.20642     3.09956
    0.29255E+09     3.13276     0.20578    -0.20611     3.13309
    0.40343E+09     3.16461     0.20567    -0.20583     3.16477
    0.55633E+09     3.19457     0.20557    -0.20557     3.19457
    0.76719E+09     3.22258     0.20548    -0.20533     3.22243
    0.10580E+10     3.24777     0.20539    -0.20512     3.24750
    0.14589E+10     3.27080     0.20532    -0.20492     3.27040
    0.20119E+10     3.29195     0.20524    -0.20473     3.29145
    0.27744E+10     3.31145     0.20517    -0.20456     3.31084
    0.38259E+10     3.32942     0.20511    -0.20440     3.32872
    0.52760E+10     3.34597     0.20504    -0.20426     3.34518
    0.72756E+10     3.36125     0.20499    -0.20412     3.36038
    0.10033E+11     3.37539     0.20495    -0.20400     3.37444
    0.13836E+11     3.38837     0.20490    -0.20388     3.38735
    0.19079E+11     3.40040     0.20486    -0.20378     3.39932
    0.26311E+11     3.41154     0.20482    -0.20368     3.41040
    0.36283E+11     3.42179     0.20478    -0.20359     3.42060
    0.50034E+11     3.43125     0.20475    -0.20351     3.43002
    0.68997E+11     3.43999     0.20472    -0.20344     3.43871
    0.10000E+12     3.54439     0.20429    -0.20253     3.54262
