    -99.945         0.00000     0.00000     0.00000     0.00000
    -99.795         0.00000     0.00000     0.00000     0.00000
    -99.645         0.00000     0.00000     0.00000     0.00000
    -99.495         0.00000     0.00000     0.00000     0.00000
    -99.345         0.00000     0.00000     0.00000     0.00000
    -99.195         0.00000     0.00000     0.00000     0.00000
    -99.045         0.00000     0.00000     0.00000     0.00000
    -98.895         0.00000     0.00000     0.00000     0.00000
    -98.745         0.00000     0.00000     0.00000     0.00000
    -98.595         0.00000     0.00000     0.00000     0.00000
    -98.445         0.00000     0.00000     0.00000     0.00000
    -98.295         0.00000     0.00000     0.00000     0.00000
    -98.145         0.00000     0.00000     0.00000     0.00000
    -97.995         0.00000     0.00000     0.00000     0.00000
    -97.845         0.00000     0.00000     0.00000     0.00000
    -97.695         0.00000     0.00000     0.00000     0.00000
    -97.545         0.00000     0.00000     0.00000     0.00000
    -97.395         0.00000     0.00000     0.00000     0.00000
    -97.245         0.00000     0.00000     0.00000     0.00000
    -97.095         0.00000     0.00000     0.00000     0.00000
    -96.945         0.00000     0.00000     0.00000     0.00000
    -96.795         0.00000     0.00000     0.00000     0.00000
    -96.645         0.00000     0.00000     0.00000     0.00000
    -96.495         0.00000     0.00000     0.00000     0.00000
    -96.345         0.00000     0.00000     0.00000     0.00000
    -96.195         0.00000     0.00000     0.00000     0.00000
    -96.045         0.00000     0.00000     0.00000     0.00000
    -95.895         0.00000     0.00000     0.00000     0.00000
    -95.745         0.00000     0.00000     0.00000     0.00000
    -95.595         0.00000     0.00000     0.00000     0.00000
    -95.445         0.00000     0.00000     0.00000     0.00000
    -95.295         0.00000     0.00000     0.00000     0.00000
    -95.145         0.00000     0.00000     0.00000     0.00000
    -94.995         0.00000     0.00000     0.00000     0.00000
    -94.845         0.00000     0.00000     0.00000     0.00000
    -94.695         0.00000     0.00000     0.00000     0.00000
    -94.545         0.00000     0.00000     0.00000     0.00000
    -94.395         0.00000     0.00000     0.00000     0.00000
    -94.245         0.00000     0.00000     0.00000     0.00000
    -94.095         0.00000     0.00000     0.00000     0.00000
    -93.945         0.00000     0.00000     0.00000     0.00000
    -93.795         0.00000     0.00000     0.00000     0.00000
    -93.645         0.00000     0.00000     0.00000     0.00000
    -93.495         0.00000     0.00000     0.00000     0.00000
    -93.345         0.00000     0.00000     0.00000     0.00000
    -93.195         0.00000     0.00000     0.00000     0.00000
    -93.045         0.00000     0.00000     0.00000     0.00000
    -92.895         0.00000     0.00000     0.00000     0.00000
    -92.745         0.00000     0.00000     0.00000     0.00000
    -92.595         0.00000     0.00000     0.00000     0.00000
    -92.445         0.00000     0.00000     0.00000     0.00000
    -92.295         0.00000     0.00000     0.00000     0.00000
    -92.145         0.00000     0.00000     0.00000     0.00000
    -91.995         0.00000     0.00000     0.00000     0.00000
    -91.845         0.00000     0.00000     0.00000     0.00000
    -91.695         0.00000     0.00000     0.00000     0.00000
    -91.545         0.00000     0.00000     0.00000     0.00000
    -91.395         0.00000     0.00000     0.00000     0.00000
    -91.245         0.00000     0.00000     0.00000     0.00000
    -91.095         0.00000     0.00000     0.00000     0.00000
    -90.945         0.00000     0.00000     0.00000     0.00000
    -90.795         0.00000     0.00000     0.00000     0.00000
    -90.645         0.00000     0.00000     0.00000     0.00000
    -90.495         0.00000     0.00000     0.00000     0.00000
    -90.345         0.00000     0.00000     0.00000     0.00000
    -90.195         0.00000     0.00000     0.00000     0.00000
    -90.045         0.00000     0.00000     0.00000     0.00000
    -89.895         0.00000     0.00000     0.00000     0.00000
    -89.745         0.00000     0.00000     0.00000     0.00000
    -89.595         0.00000     0.00000     0.00000     0.00000
    -89.445         0.00000     0.00000     0.00000     0.00000
    -89.295         0.00000     0.00000     0.00000     0.00000
    -89.145         0.00000     0.00000     0.00000     0.00000
    -88.995         0.00000     0.00000     0.00000     0.00000
    -88.845         0.00000     0.00000     0.00000     0.00000
    -88.695         0.00000     0.00000     0.00000     0.00000
    -88.545         0.00000     0.00000     0.00000     0.00000
    -88.395         0.00000     0.00000     0.00000     0.00000
    -88.245         0.00000     0.00000     0.00000     0.00000
    -88.095         0.00000     0.00000     0.00000     0.00000
    -87.945         0.00000     0.00000     0.00000     0.00000
    -87.795         0.00000     0.00000     0.00000     0.00000
    -87.645         0.00000     0.00000     0.00000     0.00000
    -87.495         0.00000     0.00000     0.00000     0.00000
    -87.345         0.00000     0.00000     0.00000     0.00000
    -87.195         0.00000     0.00000     0.00000     0.00000
    -87.045         0.00000     0.00000     0.00000     0.00000
    -86.895         0.00000     0.00000     0.00000     0.00000
    -86.745         0.00000     0.00000     0.00000     0.00000
    -86.595         0.00000     0.00000     0.00000     0.00000
    -86.445         0.00000     0.00000     0.00000     0.00000
    -86.295         0.00000     0.00000     0.00000     0.00000
    -86.145         0.00000     0.00000     0.00000     0.00000
    -85.995         0.00000     0.00000     0.00000     0.00000
    -85.845         0.00000     0.00000     0.00000     0.00000
    -85.695         0.00000     0.00000     0.00000     0.00000
    -85.545         0.00000     0.00000     0.00000     0.00000
    -85.395         0.00000     0.00000     0.00000     0.00000
    -85.245         0.00000     0.00000     0.00000     0.00000
    -85.095         0.00000     0.00000     0.00000     0.00000
    -84.945         0.00000     0.00000     0.00000     0.00000
    -84.795         0.00000     0.00000     0.00000     0.00000
    -84.645         0.00000     0.00000     0.00000     0.00000
    -84.495         0.00000     0.00000     0.00000     0.00000
    -84.345         0.00000     0.00000     0.00000     0.00000
    -84.195         0.00000     0.00000     0.00000     0.00000
    -84.045         0.00000     0.00000     0.00000     0.00000
    -83.895         0.00000     0.00000     0.00000     0.00000
    -83.745         0.00000     0.00000     0.00000     0.00000
    -83.595         0.00000     0.00000     0.00000     0.00000
    -83.445         0.00000     0.00000     0.00000     0.00000
    -83.295         0.00000     0.00000     0.00000     0.00000
    -83.145         0.00000     0.00000     0.00000     0.00000
    -82.995         0.00000     0.00000     0.00000     0.00000
    -82.845         0.00000     0.00000     0.00000     0.00000
    -82.695         0.00000     0.00000     0.00000     0.00000
    -82.545         0.00000     0.00000     0.00000     0.00000
    -82.395         0.00000     0.00000     0.00000     0.00000
    -82.245         0.00000     0.00000     0.00000     0.00000
    -82.095         0.00000     0.00000     0.00000     0.00000
    -81.945         0.00000     0.00000     0.00000     0.00000
    -81.795         0.00000     0.00000     0.00000     0.00000
    -81.645         0.00000     0.00000     0.00000     0.00000
    -81.495         0.00000     0.00000     0.00000     0.00000
    -81.345         0.00000     0.00000     0.00000     0.00000
    -81.195         0.00000     0.00000     0.00000     0.00000
    -81.045         0.00000     0.00000     0.00000     0.00000
    -80.895         0.00000     0.00000     0.00000     0.00000
    -80.745         0.00000     0.00000     0.00000     0.00000
    -80.595         0.00000     0.00000     0.00000     0.00000
    -80.445         0.00000     0.00000     0.00000     0.00000
    -80.295         0.00000     0.00000     0.00000     0.00000
    -80.145         0.00000     0.00000     0.00000     0.00000
    -79.995         0.00000     0.00000     0.00000     0.00000
    -79.845         0.00000     0.00000     0.00000     0.00000
    -79.695         0.00000     0.00000     0.00000     0.00000
    -79.545         0.00000     0.00000     0.00000     0.00000
    -79.395         0.00000     0.00000     0.00000     0.00000
    -79.245         0.00000     0.00000     0.00000     0.00000
    -79.095         0.00000     0.00000     0.00000     0.00000
    -78.945         0.00000     0.00000     0.00000     0.00000
    -78.795         0.00000     0.00000     0.00000     0.00000
    -78.645         0.00000     0.00000     0.00000     0.00000
    -78.495         0.00000     0.00000     0.00000     0.00000
    -78.345         0.00000     0.00000     0.00000     0.00000
    -78.195         0.00000     0.00000     0.00000     0.00000
    -78.045         0.00000     0.00000     0.00000     0.00000
    -77.895         0.00000     0.00000     0.00000     0.00000
    -77.745         0.00000     0.00000     0.00000     0.00000
    -77.595         0.00000     0.00000     0.00000     0.00000
    -77.445         0.00000     0.00000     0.00000     0.00000
    -77.295         0.00000     0.00000     0.00000     0.00000
    -77.145         0.00000     0.00000     0.00000     0.00000
    -76.995         0.00000     0.00000     0.00000     0.00000
    -76.845         0.00000     0.00000     0.00000     0.00000
    -76.695         0.00000     0.00000     0.00000     0.00000
    -76.545         0.00000     0.00000     0.00000     0.00000
    -76.395         0.00000     0.00000     0.00000     0.00000
    -76.245         0.00000     0.00000     0.00000     0.00000
    -76.095         0.00000     0.00000     0.00000     0.00000
    -75.945         0.00000     0.00000     0.00000     0.00000
    -75.795         0.00000     0.00000     0.00000     0.00000
    -75.645         0.00000     0.00000     0.00000     0.00000
    -75.495         0.00000     0.00000     0.00000     0.00000
    -75.345         0.00000     0.00000     0.00000     0.00000
    -75.195         0.00000     0.00000     0.00000     0.00000
    -75.045         0.00000     0.00000     0.00000     0.00000
    -74.895         0.00000     0.00000     0.00000     0.00000
    -74.745         0.00000     0.00000     0.00000     0.00000
    -74.595         0.00000     0.00000     0.00000     0.00000
    -74.445         0.00000     0.00000     0.00000     0.00000
    -74.295         0.00000     0.00000     0.00000     0.00000
    -74.145         0.00000     0.00000     0.00000     0.00000
    -73.995         0.00000     0.00000     0.00000     0.00000
    -73.845         0.00000     0.00000     0.00000     0.00000
    -73.695         0.00000     0.00000     0.00000     0.00000
    -73.545         0.00000     0.00000     0.00000     0.00000
    -73.395         0.00000     0.00000     0.00000     0.00000
    -73.245         0.00000     0.00000     0.00000     0.00000
    -73.095         0.00000     0.00000     0.00000     0.00000
    -72.945         0.00000     0.00000     0.00000     0.00000
    -72.795         0.00000     0.00000     0.00000     0.00000
    -72.645         0.00000     0.00000     0.00000     0.00000
    -72.495         0.00000     0.00000     0.00000     0.00000
    -72.345         0.00000     0.00000     0.00000     0.00000
    -72.195         0.00000     0.00000     0.00000     0.00000
    -72.045         0.00000     0.00000     0.00000     0.00000
    -71.895         0.00000     0.00000     0.00000     0.00000
    -71.745         0.00000     0.00000     0.00000     0.00000
    -71.595         0.00000     0.00000     0.00000     0.00000
    -71.445         0.00000     0.00000     0.00000     0.00000
    -71.295         0.00000     0.00000     0.00000     0.00000
    -71.145         0.00000     0.00000     0.00000     0.00000
    -70.995         0.00000     0.00000     0.00000     0.00000
    -70.845         0.00000     0.00000     0.00000     0.00000
    -70.695         0.00000     0.00000     0.00000     0.00000
    -70.545         0.00000     0.00000     0.00000     0.00000
    -70.395         0.00000     0.00000     0.00000     0.00000
    -70.245         0.00000     0.00000     0.00000     0.00000
    -70.095         0.00000     0.00000     0.00000     0.00000
    -69.945         0.00000     0.00000     0.00000     0.00000
    -69.795         0.00000     0.00000     0.00000     0.00000
    -69.645         0.00000     0.00000     0.00000     0.00000
    -69.495         0.00000     0.00000     0.00000     0.00000
    -69.345         0.00000     0.00000     0.00000     0.00000
    -69.195         0.00000     0.00000     0.00000     0.00000
    -69.045         0.00000     0.00000     0.00000     0.00000
    -68.895         0.00000     0.00000     0.00000     0.00000
    -68.745         0.00000     0.00000     0.00000     0.00000
    -68.595         0.00000     0.00000     0.00000     0.00000
    -68.445         0.00000     0.00000     0.00000     0.00000
    -68.295         0.00000     0.00000     0.00000     0.00000
    -68.145         0.00000     0.00000     0.00000     0.00000
    -67.995         0.00000     0.00000     0.00000     0.00000
    -67.845         0.00000     0.00000     0.00000     0.00000
    -67.695         0.00000     0.00000     0.00000     0.00000
    -67.545         0.00000     0.00000     0.00000     0.00000
    -67.395         0.00000     0.00000     0.00000     0.00000
    -67.245         0.00000     0.00000     0.00000     0.00000
    -67.095         0.00000     0.00000     0.00000     0.00000
    -66.945         0.00000     0.00000     0.00000     0.00000
    -66.795         0.00000     0.00000     0.00000     0.00000
    -66.645         0.00000     0.00000     0.00000     0.00000
    -66.495         0.00000     0.00000     0.00000     0.00000
    -66.345         0.00000     0.00000     0.00000     0.00000
    -66.195         0.00000     0.00000     0.00000     0.00000
    -66.045         0.00000     0.00000     0.00000     0.00000
    -65.895         0.00000     0.00000     0.00000     0.00000
    -65.745         0.00000     0.00000     0.00000     0.00000
    -65.595         0.00000     0.00000     0.00000     0.00000
    -65.445         0.00000     0.00000     0.00000     0.00000
    -65.295         0.00000     0.00000     0.00000     0.00000
    -65.145         0.00000     0.00000     0.00000     0.00000
    -64.995         0.00000     0.00000     0.00000     0.00000
    -64.845         0.00000     0.00000     0.00000     0.00000
    -64.695         0.00000     0.00000     0.00000     0.00000
    -64.545         0.00000     0.00000     0.00000     0.00000
    -64.395         0.00000     0.00000     0.00000     0.00000
    -64.245         0.00000     0.00000     0.00000     0.00000
    -64.095         0.00000     0.00000     0.00000     0.00000
    -63.945         0.00000     0.00000     0.00000     0.00000
    -63.795         0.00000     0.00000     0.00000     0.00000
    -63.645         0.00000     0.00000     0.00000     0.00000
    -63.495         0.00000     0.00000     0.00000     0.00000
    -63.345         0.00000     0.00000     0.00000     0.00000
    -63.195         0.00000     0.00000     0.00000     0.00000
    -63.045         0.00000     0.00000     0.00000     0.00000
    -62.895         0.00000     0.00000     0.00000     0.00000
    -62.745         0.00000     0.00000     0.00000     0.00000
    -62.595         0.00000     0.00000     0.00000     0.00000
    -62.445         0.00000     0.00000     0.00000     0.00000
    -62.295         0.00000     0.00000     0.00000     0.00000
    -62.145         0.00000     0.00000     0.00000     0.00000
    -61.995         0.00000     0.00000     0.00000     0.00000
    -61.845         0.00000     0.00000     0.00000     0.00000
    -61.695         0.00000     0.00000     0.00000     0.00000
    -61.545         0.00000     0.00000     0.00000     0.00000
    -61.395         0.00000     0.00000     0.00000     0.00000
    -61.245         0.00000     0.00000     0.00000     0.00000
    -61.095         0.00000     0.00000     0.00000     0.00000
    -60.945         0.00000     0.00000     0.00000     0.00000
    -60.795         0.00000     0.00000     0.00000     0.00000
    -60.645         0.00000     0.00000     0.00000     0.00000
    -60.495         0.00000     0.00000     0.00000     0.00000
    -60.345         0.00000     0.00000     0.00000     0.00000
    -60.195         0.00000     0.00000     0.00000     0.00000
    -60.045         0.00000     0.00000     0.00000     0.00000
    -59.895         0.00000     0.00000     0.00000     0.00000
    -59.745         0.00000     0.00000     0.00000     0.00000
    -59.595         0.00000     0.00000     0.00000     0.00000
    -59.445         0.00000     0.00000     0.00000     0.00000
    -59.295         0.00000     0.00000     0.00000     0.00000
    -59.145         0.00000     0.00000     0.00000     0.00000
    -58.995         0.00000     0.00000     0.00000     0.00000
    -58.845         0.00000     0.00000     0.00000     0.00000
    -58.695         0.00000     0.00000     0.00000     0.00000
    -58.545         0.00000     0.00000     0.00000     0.00000
    -58.395         0.00000     0.00000     0.00000     0.00000
    -58.245         0.00000     0.00000     0.00000     0.00000
    -58.095         0.00000     0.00000     0.00000     0.00000
    -57.945         0.00000     0.00000     0.00000     0.00000
    -57.795         0.00000     0.00000     0.00000     0.00000
    -57.645         0.00000     0.00000     0.00000     0.00000
    -57.495         0.00000     0.00000     0.00000     0.00000
    -57.345         0.00000     0.00000     0.00000     0.00000
    -57.195         0.00000     0.00000     0.00000     0.00000
    -57.045         0.00000     0.00000     0.00000     0.00000
    -56.895         0.00000     0.00000     0.00000     0.00000
    -56.745         0.00000     0.00000     0.00000     0.00000
    -56.595         0.00000     0.00000     0.00000     0.00000
    -56.445         0.00000     0.00000     0.00000     0.00000
    -56.295         0.00000     0.00000     0.00000     0.00000
    -56.145         0.00000     0.00000     0.00000     0.00000
    -55.995         0.00000     0.00000     0.00000     0.00000
    -55.845         0.00000     0.00000     0.00000     0.00000
    -55.695         0.00000     0.00000     0.00000     0.00000
    -55.545         0.00000     0.00000     0.00000     0.00000
    -55.395         0.00000     0.00000     0.00000     0.00000
    -55.245         0.00000     0.00000     0.00000     0.00000
    -55.095         0.00000     0.00000     0.00000     0.00000
    -54.945         0.00000     0.00000     0.00000     0.00000
    -54.795         0.00000     0.00000     0.00000     0.00000
    -54.645         0.00000     0.00000     0.00000     0.00000
    -54.495         0.00000     0.00000     0.00000     0.00000
    -54.345         0.00000     0.00000     0.00000     0.00000
    -54.195         0.00000     0.00000     0.00000     0.00000
    -54.045         0.00000     0.00000     0.00000     0.00000
    -53.895         0.00000     0.00000     0.00000     0.00000
    -53.745         0.00000     0.00000     0.00000     0.00000
    -53.595         0.00000     0.00000     0.00000     0.00000
    -53.445         0.00000     0.00000     0.00000     0.00000
    -53.295         0.00000     0.00000     0.00000     0.00000
    -53.145         0.00000     0.00000     0.00000     0.00000
    -52.995         0.00000     0.00000     0.00000     0.00000
    -52.845         0.00000     0.00000     0.00000     0.00000
    -52.695         0.00000     0.00000     0.00000     0.00000
    -52.545         0.00000     0.00000     0.00000     0.00000
    -52.395         0.00000     0.00000     0.00000     0.00000
    -52.245         0.00000     0.00000     0.00000     0.00000
    -52.095         0.00000     0.00000     0.00000     0.00000
    -51.945         0.00000     0.00000     0.00000     0.00000
    -51.795         0.00000     0.00000     0.00000     0.00000
    -51.645         0.00000     0.00000     0.00000     0.00000
    -51.495         0.00000     0.00000     0.00000     0.00000
    -51.345         0.00000     0.00000     0.00000     0.00000
    -51.195         0.00000     0.00000     0.00000     0.00000
    -51.045         0.00000     0.00000     0.00000     0.00000
    -50.895         0.00000     0.00000     0.00000     0.00000
    -50.745         0.00000     0.00000     0.00000     0.00000
    -50.595         0.00000     0.00000     0.00000     0.00000
    -50.445         0.00000     0.00000     0.00000     0.00000
    -50.295         0.00000     0.00000     0.00000     0.00000
    -50.145         0.00000     0.00000     0.00000     0.00000
    -49.995         0.00000     0.00000     0.00000     0.00000
    -49.845         0.00000     0.00000     0.00000     0.00000
    -49.695         0.00000     0.00000     0.00000     0.00000
    -49.545         0.00000     0.00000     0.00000     0.00000
    -49.395         0.00000     0.00000     0.00000     0.00000
    -49.245         0.00000     0.00000     0.00000     0.00000
    -49.095         0.00000     0.00000     0.00000     0.00000
    -48.945         0.00000     0.00000     0.00000     0.00000
    -48.795         0.00000     0.00000     0.00000     0.00000
    -48.645         0.00000     0.00000     0.00000     0.00000
    -48.495         0.00000     0.00000     0.00000     0.00000
    -48.345         0.00000     0.00000     0.00000     0.00000
    -48.195         0.00000     0.00000     0.00000     0.00000
    -48.045         0.00000     0.00000     0.00000     0.00000
    -47.895         0.00000     0.00000     0.00000     0.00000
    -47.745         0.00000     0.00000     0.00000     0.00000
    -47.595         0.00000     0.00000     0.00000     0.00000
    -47.445         0.00000     0.00000     0.00000     0.00000
    -47.295         0.00000     0.00000     0.00000     0.00000
    -47.145         0.00000     0.00000     0.00000     0.00000
    -46.995         0.00000     0.00000     0.00000     0.00000
    -46.845         0.00000     0.00000     0.00000     0.00000
    -46.695         0.00000     0.00000     0.00000     0.00000
    -46.545         0.00000     0.00000     0.00000     0.00000
    -46.395         0.00000     0.00000     0.00000     0.00000
    -46.245         0.00000     0.00000     0.00000     0.00000
    -46.095         0.00000     0.00000     0.00000     0.00000
    -45.945         0.00000     0.00000     0.00000     0.00000
    -45.795         0.00000     0.00000     0.00000     0.00000
    -45.645         0.00000     0.00000     0.00000     0.00000
    -45.495         0.00000     0.00000     0.00000     0.00000
    -45.345         0.00000     0.00000     0.00000     0.00000
    -45.195         0.00000     0.00000     0.00000     0.00000
    -45.045         0.00000     0.00000     0.00000     0.00000
    -44.895         0.00000     0.00000     0.00000     0.00000
    -44.745         0.00000     0.00000     0.00000     0.00000
    -44.595         0.00000     0.00000     0.00000     0.00000
    -44.445         0.00000     0.00000     0.00000     0.00000
    -44.295         0.00000     0.00000     0.00000     0.00000
    -44.145         0.00000     0.00000     0.00000     0.00000
    -43.995         0.00000     0.00000     0.00000     0.00000
    -43.845         0.00000     0.00000     0.00000     0.00000
    -43.695         0.00000     0.00000     0.00000     0.00000
    -43.545         0.00000     0.00000     0.00000     0.00000
    -43.395         0.00000     0.00000     0.00000     0.00000
    -43.245         0.00000     0.00000     0.00000     0.00000
    -43.095         0.00000     0.00000     0.00000     0.00000
    -42.945         0.00000     0.00000     0.00000     0.00000
    -42.795         0.00000     0.00000     0.00000     0.00000
    -42.645         0.00000     0.00000     0.00000     0.00000
    -42.495         0.00000     0.00000     0.00000     0.00000
    -42.345         0.00000     0.00000     0.00000     0.00000
    -42.195         0.00000     0.00000     0.00000     0.00000
    -42.045         0.00000     0.00000     0.00000     0.00000
    -41.895         0.00000     0.00000     0.00000     0.00000
    -41.745         0.00000     0.00000     0.00000     0.00000
    -41.595         0.00000     0.00000     0.00000     0.00000
    -41.445         0.00000     0.00000     0.00000     0.00000
    -41.295         0.00000     0.00000     0.00000     0.00000
    -41.145         0.00000     0.00000     0.00000     0.00000
    -40.995         0.00000     0.00000     0.00000     0.00000
    -40.845         0.00000     0.00000     0.00000     0.00000
    -40.695         0.00000     0.00000     0.00000     0.00000
    -40.545         0.00000     0.00000     0.00000     0.00000
    -40.395         0.00000     0.00000     0.00000     0.00000
    -40.245         0.00000     0.00000     0.00000     0.00000
    -40.095         0.00000     0.00000     0.00000     0.00000
    -39.945         0.00000     0.00000     0.00000     0.00000
    -39.795         0.00000     0.00000     0.00000     0.00000
    -39.645         0.00000     0.00000     0.00000     0.00000
    -39.495         0.00000     0.00000     0.00000     0.00000
    -39.345         0.00000     0.00000     0.00000     0.00000
    -39.195         0.00000     0.00000     0.00000     0.00000
    -39.045         0.00000     0.00000     0.00000     0.00000
    -38.895         0.00000     0.00000     0.00000     0.00000
    -38.745         0.00000     0.00000     0.00000     0.00000
    -38.595         0.00000     0.00000     0.00000     0.00000
    -38.445         0.00000     0.00000     0.00000     0.00000
    -38.295         0.00000     0.00000     0.00000     0.00000
    -38.145         0.00000     0.00000     0.00000     0.00000
    -37.995         0.00000     0.00000     0.00000     0.00000
    -37.845         0.00000     0.00000     0.00000     0.00000
    -37.695         0.00000     0.00000     0.00000     0.00000
    -37.545         0.00000     0.00000     0.00000     0.00000
    -37.395         0.00000     0.00000     0.00000     0.00000
    -37.245         0.00000     0.00000     0.00000     0.00000
    -37.095         0.00000     0.00000     0.00000     0.00000
    -36.945         0.00000     0.00000     0.00000     0.00000
    -36.795         0.00000     0.00000     0.00000     0.00000
    -36.645         0.00000     0.00000     0.00000     0.00000
    -36.495         0.00000     0.00000     0.00000     0.00000
    -36.345         0.00000     0.00000     0.00000     0.00000
    -36.195         0.00000     0.00000     0.00000     0.00000
    -36.045         0.00000     0.00000     0.00000     0.00000
    -35.895         0.00000     0.00000     0.00000     0.00000
    -35.745         0.00000     0.00000     0.00000     0.00000
    -35.595         0.00000     0.00000     0.00000     0.00000
    -35.445         0.00000     0.00000     0.00000     0.00000
    -35.295         0.00000     0.00000     0.00000     0.00000
    -35.145         0.00000     0.00000     0.00000     0.00000
    -34.995         0.00000     0.00000     0.00000     0.00000
    -34.845         0.00000     0.00000     0.00000     0.00000
    -34.695         0.00000     0.00000     0.00000     0.00000
    -34.545         0.00000     0.00000     0.00000     0.00000
    -34.395         0.00000     0.00000     0.00000     0.00000
    -34.245         0.00000     0.00000     0.00000     0.00000
    -34.095         0.00000     0.00000     0.00000     0.00000
    -33.945         0.00000     0.00000     0.00000     0.00000
    -33.795         0.00000     0.00000     0.00000     0.00000
    -33.645         0.00000     0.00000     0.00000     0.00000
    -33.495         0.00000     0.00000     0.00000     0.00000
    -33.345         0.00000     0.00000     0.00000     0.00000
    -33.195         0.00000     0.00000     0.00000     0.00000
    -33.045         0.00000     0.00000     0.00000     0.00000
    -32.895         0.00000     0.00000     0.00000     0.00000
    -32.745         0.00000     0.00000     0.00000     0.00000
    -32.595         0.00000     0.00000     0.00000     0.00000
    -32.445         0.00000     0.00000     0.00000     0.00000
    -32.295         0.00000     0.00000     0.00000     0.00000
    -32.145         0.00000     0.00000     0.00000     0.00000
    -31.995         0.00000     0.00000     0.00000     0.00000
    -31.845         0.00000     0.00000     0.00000     0.00000
    -31.695         0.00000     0.00000     0.00000     0.00000
    -31.545         0.00000     0.00000     0.00000     0.00000
    -31.395         0.00000     0.00000     0.00000     0.00000
    -31.245         0.00000     0.00000     0.00000     0.00000
    -31.095         0.00000     0.00000     0.00000     0.00000
    -30.945         0.00000     0.00000     0.00000     0.00000
    -30.795         0.00000     0.00000     0.00000     0.00000
    -30.645         0.00000     0.00000     0.00000     0.00000
    -30.495         0.00000     0.00000     0.00000     0.00000
    -30.345         0.00000     0.00000     0.00000     0.00000
    -30.195         0.00000     0.00000     0.00000     0.00000
    -30.045         0.00000     0.00000     0.00000     0.00000
    -29.895         0.00000     0.00000     0.00000     0.00000
    -29.745         0.00000     0.00000     0.00000     0.00000
    -29.595         0.00000     0.00000     0.00000     0.00000
    -29.445         0.00000     0.00000     0.00000     0.00000
    -29.295         0.00000     0.00000     0.00000     0.00000
    -29.145         0.00000     0.00000     0.00000     0.00000
    -28.995         0.00000     0.00000     0.00000     0.00000
    -28.845         0.00000     0.00000     0.00000     0.00000
    -28.695         0.00000     0.00000     0.00000     0.00000
    -28.545         0.00000     0.00000     0.00000     0.00000
    -28.395         0.00000     0.00000     0.00000     0.00000
    -28.245         0.00000     0.00000     0.00000     0.00000
    -28.095         0.00000     0.00000     0.00000     0.00000
    -27.945         0.00000     0.00000     0.00000     0.00000
    -27.795         0.00000     0.00000     0.00000     0.00000
    -27.645         0.00000     0.00000     0.00000     0.00000
    -27.495         0.00000     0.00000     0.00000     0.00000
    -27.345         0.00000     0.00000     0.00000     0.00000
    -27.195         0.00000     0.00000     0.00000     0.00000
    -27.045         0.00000     0.00000     0.00000     0.00000
    -26.895         0.00000     0.00000     0.00000     0.00000
    -26.745         0.00000     0.00000     0.00000     0.00000
    -26.595         0.00000     0.00000     0.00000     0.00000
    -26.445         0.00000     0.00000     0.00000     0.00000
    -26.295         0.00000     0.00000     0.00000     0.00000
    -26.145         0.00000     0.00000     0.00000     0.00000
    -25.995         0.00000     0.00000     0.00000     0.00000
    -25.845         0.00000     0.00000     0.00000     0.00000
    -25.695         0.00000     0.00000     0.00000     0.00000
    -25.545         0.00000     0.00000     0.00000     0.00000
    -25.395         0.00000     0.00000     0.00000     0.00000
    -25.245         0.00000     0.00000     0.00000     0.00000
    -25.095         0.00000     0.00000     0.00000     0.00000
    -24.945         0.00000     0.00000     0.00000     0.00000
    -24.795         0.00000     0.00000     0.00000     0.00000
    -24.645         0.00000     0.00000     0.00000     0.00000
    -24.495         0.00000     0.00000     0.00000     0.00000
    -24.345         0.00000     0.00000     0.00000     0.00000
    -24.195         0.00000     0.00000     0.00000     0.00000
    -24.045         0.00000     0.00000     0.00000     0.00000
    -23.895         0.00000     0.00000     0.00000     0.00000
    -23.745         0.00000     0.00000     0.00000     0.00000
    -23.595         0.00000     0.00000     0.00000     0.00000
    -23.445         0.00000     0.00000     0.00000     0.00000
    -23.295         0.00000     0.00000     0.00000     0.00000
    -23.145         0.00000     0.00000     0.00000     0.00000
    -22.995        -0.00000     0.00000    -0.00000     0.00000
    -22.845        -0.00000     0.00000    -0.00000     0.00000
    -22.695        -0.00000     0.00000    -0.00000     0.00000
    -22.545        -0.00000     0.00000    -0.00000     0.00000
    -22.395        -0.00000     0.00000    -0.00000     0.00000
    -22.245        -0.00000     0.00000    -0.00000     0.00000
    -22.095        -0.00000     0.00000    -0.00000     0.00000
    -21.945        -0.00000     0.00000    -0.00000     0.00000
    -21.795        -0.00000     0.00000    -0.00000     0.00000
    -21.645        -0.00000     0.00000    -0.00000     0.00000
    -21.495        -0.00000     0.00000    -0.00000     0.00000
    -21.345        -0.00000     0.00000    -0.00000     0.00000
    -21.195        -0.00000     0.00000    -0.00000     0.00000
    -21.045        -0.00000     0.00000    -0.00000     0.00000
    -20.895        -0.00001     0.00000    -0.00001     0.00000
    -20.745        -0.00001     0.00000    -0.00001     0.00000
    -20.595        -0.00001     0.00000    -0.00001     0.00000
    -20.445        -0.00001     0.00000    -0.00001     0.00000
    -20.295        -0.00002     0.00000    -0.00002     0.00000
    -20.145        -0.00002     0.00000    -0.00002     0.00000
    -19.995        -0.00002     0.00000    -0.00002     0.00000
    -19.845        -0.00003     0.00000    -0.00003     0.00000
    -19.695        -0.00003     0.00000    -0.00003     0.00000
    -19.545        -0.00003     0.00000    -0.00003     0.00000
    -19.395        -0.00004     0.00000    -0.00004     0.00000
    -19.245        -0.00004     0.00000    -0.00004     0.00000
    -19.095        -0.00005     0.00000    -0.00005     0.00000
    -18.945        -0.00005     0.00000    -0.00005     0.00000
    -18.795        -0.00006     0.00000    -0.00006     0.00000
    -18.645        -0.00006     0.00000    -0.00006     0.00000
    -18.495        -0.00007     0.00000    -0.00007     0.00000
    -18.345        -0.00008     0.00000    -0.00008     0.00000
    -18.195        -0.00008     0.00000    -0.00008     0.00000
    -18.045        -0.00009     0.00000    -0.00009     0.00000
    -17.895        -0.00024    -0.00014    -0.00010     0.00000
    -17.745        -0.00033    -0.00022    -0.00011     0.00000
    -17.595        -0.00033    -0.00022    -0.00011     0.00000
    -17.445        -0.00084    -0.00072    -0.00012     0.00000
    -17.295        -0.00144    -0.00131    -0.00013     0.00000
    -17.145        -0.00183    -0.00168    -0.00014     0.00000
    -16.995        -0.00261    -0.00245    -0.00015     0.00000
    -16.845        -0.00353    -0.00337    -0.00016     0.00000
    -16.695        -0.00454    -0.00436    -0.00018     0.00000
    -16.545        -0.00665    -0.00646    -0.00019     0.00000
    -16.395        -0.00875    -0.00855    -0.00020     0.00000
    -16.245        -0.01199    -0.01177    -0.00022     0.00000
    -16.095        -0.01567    -0.01544    -0.00023     0.00000
    -15.945        -0.01950    -0.01926    -0.00025     0.00000
    -15.795        -0.02379    -0.02353    -0.00026     0.00000
    -15.645        -0.02848    -0.02821    -0.00027     0.00000
    -15.495        -0.03315    -0.03286    -0.00029     0.00000
    -15.345        -0.03769    -0.03738    -0.00030     0.00000
    -15.195        -0.04234    -0.04202    -0.00032     0.00000
    -15.045        -0.04730    -0.04697    -0.00034     0.00000
    -14.895        -0.05148    -0.05113    -0.00035     0.00000
    -14.745        -0.05484    -0.05447    -0.00037     0.00000
    -14.595        -0.05912    -0.05873    -0.00039     0.00000
    -14.445        -0.06445    -0.06405    -0.00040     0.00000
    -14.295        -0.06812    -0.06770    -0.00042     0.00000
    -14.145        -0.07170    -0.07126    -0.00044     0.00000
    -13.995        -0.07427    -0.07382    -0.00046     0.00000
    -13.845        -0.07755    -0.07708    -0.00047     0.00000
    -13.695        -0.08102    -0.08053    -0.00050     0.00000
    -13.545        -0.08495    -0.08443    -0.00052     0.00000
    -13.395        -0.08802    -0.08747    -0.00054     0.00000
    -13.245        -0.09094    -0.09037    -0.00057     0.00000
    -13.095        -0.09342    -0.09282    -0.00059     0.00000
    -12.945        -0.09615    -0.09553    -0.00062     0.00000
    -12.795        -0.09908    -0.09843    -0.00065     0.00000
    -12.645        -0.10208    -0.10141    -0.00067     0.00000
    -12.495        -0.10348    -0.10278    -0.00070     0.00000
    -12.345        -0.10524    -0.10451    -0.00073     0.00000
    -12.195        -0.10709    -0.10634    -0.00075     0.00000
    -12.045        -0.10888    -0.10810    -0.00078     0.00000
    -11.895        -0.10991    -0.10910    -0.00082     0.00000
    -11.745        -0.11171    -0.11087    -0.00084     0.00000
    -11.595        -0.11341    -0.11253    -0.00087     0.00000
    -11.445        -0.11556    -0.11466    -0.00090     0.00000
    -11.295        -0.11701    -0.11608    -0.00094     0.00000
    -11.145        -0.11870    -0.11772    -0.00098     0.00000
    -10.995        -0.12031    -0.11930    -0.00101     0.00000
    -10.845        -0.12169    -0.12063    -0.00105     0.00000
    -10.695        -0.12370    -0.12261    -0.00109     0.00000
    -10.545        -0.12548    -0.12435    -0.00113     0.00000
    -10.395        -0.12671    -0.12554    -0.00117     0.00000
    -10.245        -0.12820    -0.12698    -0.00121     0.00000
    -10.095        -0.12940    -0.12813    -0.00126     0.00000
    -9.9450        -0.13076    -0.12945    -0.00131     0.00000
    -9.7950        -0.13231    -0.13096    -0.00136     0.00000
    -9.6450        -0.13363    -0.13222    -0.00140     0.00000
    -9.4950        -0.13521    -0.13366    -0.00155     0.00000
    -9.3450        -0.13679    -0.13518    -0.00161     0.00000
    -9.1950        -0.13833    -0.13668    -0.00165     0.00000
    -9.0450        -0.13972    -0.13802    -0.00171     0.00000
    -8.8950        -0.14134    -0.13958    -0.00176     0.00000
    -8.7450        -0.14258    -0.14077    -0.00180     0.00000
    -8.5950        -0.14384    -0.14199    -0.00185     0.00000
    -8.4450        -0.14562    -0.14352    -0.00210     0.00000
    -8.2950        -0.14709    -0.14482    -0.00227     0.00000
    -8.1450        -0.14894    -0.14660    -0.00234     0.00000
    -7.9950        -0.15094    -0.14843    -0.00250     0.00000
    -7.8450        -0.15274    -0.15006    -0.00268     0.00000
    -7.6950        -0.15485    -0.15165    -0.00320     0.00000
    -7.5450        -0.15678    -0.15352    -0.00325     0.00000
    -7.3950        -0.15897    -0.15510    -0.00379    -0.00008
    -7.2450        -0.16177    -0.15686    -0.00434    -0.00057
    -7.0950        -0.16679    -0.15884    -0.00477    -0.00317
    -6.9450        -0.17993    -0.16116    -0.00533    -0.01344
    -6.7950        -0.21164    -0.16353    -0.00611    -0.04201
    -6.6450        -0.26986    -0.16639    -0.00665    -0.09682
    -6.4950        -0.36464    -0.16925    -0.00770    -0.18769
    -6.3450        -0.49943    -0.17282    -0.00843    -0.31818
    -6.1950        -0.66973    -0.17681    -0.00936    -0.48356
    -6.0450        -0.87239    -0.18108    -0.01036    -0.68095
    -5.8950        -1.09873    -0.18522    -0.01135    -0.90217
    -5.7450        -1.34035    -0.18915    -0.01253    -1.13867
    -5.5950        -1.59259    -0.19420    -0.01374    -1.38465
    -5.4450        -1.84778    -0.19914    -0.01528    -1.63336
    -5.2950        -2.10298    -0.20462    -0.01700    -1.88137
    -5.1450        -2.35297    -0.21026    -0.01908    -2.12364
    -4.9950        -2.60196    -0.21759    -0.02126    -2.36310
    -4.8450        -2.84137    -0.22492    -0.02296    -2.59349
    -4.6950        -3.07261    -0.23247    -0.02487    -2.81527
    -4.5450        -3.29279    -0.24015    -0.02722    -3.02542
    -4.3950        -3.50740    -0.24894    -0.03061    -3.22785
    -4.2450        -3.71227    -0.25767    -0.03359    -3.42101
    -4.0950        -3.90297    -0.26676    -0.03716    -3.59906
    -3.9450        -4.09243    -0.27654    -0.04160    -3.77429
    -3.7950        -4.27617    -0.28698    -0.04642    -3.94276
    -3.6450        -4.45105    -0.29768    -0.05145    -4.10191
    -3.4950        -4.62339    -0.30891    -0.05683    -4.25765
    -3.3450        -4.79135    -0.32151    -0.06291    -4.40694
    -3.1950        -4.96306    -0.33468    -0.07053    -4.55785
    -3.0450        -5.13590    -0.34910    -0.07817    -4.70863
    -2.8950        -5.31301    -0.36463    -0.08745    -4.86093
    -2.7450        -5.49584    -0.38182    -0.09827    -5.01575
    -2.5950        -5.68999    -0.40135    -0.11082    -5.17781
    -2.4450        -5.90019    -0.42274    -0.12523    -5.35222
    -2.2950        -6.12807    -0.44512    -0.14182    -5.54113
    -2.1450        -6.38503    -0.47097    -0.16163    -5.75244
    -1.9950        -6.67418    -0.50004    -0.18327    -5.99088
    -1.8450        -7.00998    -0.53248    -0.20810    -6.26940
    -1.6950        -7.41048    -0.56957    -0.23723    -6.60368
    -1.5450        -7.89656    -0.61200    -0.27279    -7.01178
    -1.3950        -8.50405    -0.66208    -0.31430    -7.52766
    -1.2450        -9.25557    -0.72098    -0.36625    -8.16834
    -1.0950       -10.17347    -0.79330    -0.43164    -8.94853
   -0.94500       -11.29890    -0.88312    -0.51615    -9.89963
   -0.79500       -12.70624    -0.99871    -0.62864   -11.07889
   -0.64500       -14.44222    -1.15375    -0.78386   -12.50462
   -0.49500       -16.60229    -1.37836    -1.01631   -14.20762
   -0.34500       -19.56014    -1.74893    -1.41257   -16.39864
   -0.22700       -20.86372    -1.93016    -1.60683   -17.32672
   -0.21300       -21.03591    -1.95478    -1.63343   -17.44769
   -0.20700       -21.21292    -1.98001    -1.66074   -17.57218
   -0.20100       -21.39441    -2.00627    -1.68891   -17.69923
   -0.19500       -21.58074    -2.03319    -1.71778   -17.82978
   -0.18900       -21.77221    -2.06094    -1.74782   -17.96346
   -0.18300       -21.96991    -2.08975    -1.77915   -18.10100
   -0.17700       -22.17317    -2.11956    -1.81131   -18.24230
   -0.17100       -22.38272    -2.15044    -1.84456   -18.38772
   -0.16500       -22.59927    -2.18239    -1.87923   -18.53765
   -0.15900       -22.82271    -2.21545    -1.91484   -18.69243
   -0.15300       -23.05430    -2.24982    -1.95248   -18.85199
   -0.14700       -23.29413    -2.28535    -1.99146   -19.01732
   -0.14100       -23.54273    -2.32229    -2.03205   -19.18838
   -0.13500       -23.80111    -2.36050    -2.07449   -19.36612
   -0.12900       -24.06949    -2.40034    -2.11882   -19.55032
   -0.12300       -24.34920    -2.44172    -2.16481   -19.74266
   -0.11700       -24.64079    -2.48468    -2.21308   -19.94303
   -0.11100       -24.94600    -2.52962    -2.26359   -20.15280
   -0.10500       -25.26548    -2.57647    -2.31663   -20.37238
   -0.99000E-01   -25.60170    -2.62538    -2.37236   -20.60397
   -0.93000E-01   -25.95522    -2.67658    -2.43082   -20.84782
   -0.87000E-01   -26.32853    -2.73007    -2.49245   -21.10600
   -0.81000E-01   -26.72465    -2.78624    -2.55734   -21.38108
   -0.75000E-01   -27.14718    -2.84533    -2.62640   -21.67545
   -0.69000E-01   -27.60008    -2.90734    -2.70031   -21.99244
   -0.63000E-01   -28.08941    -2.97294    -2.78031   -22.33616
   -0.57000E-01   -28.62483    -3.04299    -2.86879   -22.71306
   -0.51000E-01   -29.21730    -3.11906    -2.96779   -23.13045
   -0.45000E-01   -29.87805    -3.20274    -3.07430   -23.60101
   -0.39000E-01   -30.61663    -3.29193    -3.18351   -24.14119
   -0.33000E-01   -31.45121    -3.38167    -3.29081   -24.77873
   -0.27000E-01   -32.41790    -3.46722    -3.39200   -25.55868
   -0.21300E-01   -33.18544    -3.52050    -3.45386   -26.21108
   -0.19500E-01   -33.30782    -3.52784    -3.46223   -26.31774
   -0.18900E-01   -33.43333    -3.53510    -3.47040   -26.42782
   -0.18300E-01   -33.56220    -3.54222    -3.47840   -26.54157
   -0.17700E-01   -33.69445    -3.54919    -3.48617   -26.65909
   -0.17100E-01   -33.83052    -3.55600    -3.49368   -26.78084
   -0.16500E-01   -33.97075    -3.56266    -3.50102   -26.90707
   -0.15900E-01   -34.11543    -3.56916    -3.50809   -27.03818
   -0.15300E-01   -34.26496    -3.57549    -3.51494   -27.17452
   -0.14700E-01   -34.41943    -3.58163    -3.52155   -27.31626
   -0.14100E-01   -34.57981    -3.58757    -3.52793   -27.46431
   -0.13500E-01   -34.74640    -3.59332    -3.53405   -27.61904
   -0.12900E-01   -34.91994    -3.59884    -3.53993   -27.78117
   -0.12300E-01   -35.10097    -3.60414    -3.54556   -27.95127
   -0.11700E-01   -35.29047    -3.60921    -3.55097   -28.13029
   -0.11100E-01   -35.48962    -3.61406    -3.55608   -28.31947
   -0.10500E-01   -35.69949    -3.61867    -3.56095   -28.51986
   -0.99000E-02   -35.92148    -3.62304    -3.56555   -28.73290
   -0.93000E-02   -36.15759    -3.62718    -3.56985   -28.96057
   -0.87000E-02   -36.41024    -3.63105    -3.57390   -29.20529
   -0.81000E-02   -36.68257    -3.63469    -3.57768   -29.47020
   -0.75000E-02   -36.97875    -3.63808    -3.58119   -29.75948
   -0.69000E-02   -37.30420    -3.64119    -3.58441   -30.07859
   -0.63000E-02   -37.66477    -3.64405    -3.58736   -30.43336
   -0.57000E-02   -38.06671    -3.64666    -3.59004   -30.83002
   -0.51000E-02   -38.51736    -3.64898    -3.59242   -31.27595
   -0.45000E-02   -39.02452    -3.65105    -3.59453   -31.77894
   -0.39000E-02   -39.59701    -3.65284    -3.59636   -32.34781
   -0.33000E-02   -40.24538    -3.65437    -3.59791   -32.99310
   -0.27000E-02   -40.98304    -3.65561    -3.59918   -33.72825
   -0.21000E-02   -41.83286    -3.65659    -3.60017   -34.57611
   -0.15000E-02   -42.82840    -3.65729    -3.60087   -35.57024
   -0.90000E-03   -43.80856    -3.65770    -3.60129   -36.54956
   -0.30000E-03   -44.22135    -3.65785    -3.60144   -36.96206
    0.30000E-03   -43.80903    -3.65771    -3.60130   -36.55003
    0.90000E-03   -42.82899    -3.65728    -3.60089   -35.57082
    0.15000E-02   -41.83359    -3.65659    -3.60019   -34.57681
    0.21000E-02   -40.98381    -3.65561    -3.59922   -33.72898
    0.27000E-02   -40.24624    -3.65435    -3.59797   -32.99392
    0.33000E-02   -39.59786    -3.65281    -3.59646   -32.34860
    0.39000E-02   -39.02527    -3.65098    -3.59467   -31.77962
    0.45000E-02   -38.51821    -3.64888    -3.59262   -31.27672
    0.51000E-02   -38.06778    -3.64648    -3.59029   -30.83101
    0.57000E-02   -37.66585    -3.64382    -3.58769   -30.43435
    0.63000E-02   -37.30545    -3.64087    -3.58483   -30.07975
    0.69000E-02   -36.98031    -3.63765    -3.58172   -29.76094
    0.75000E-02   -36.68408    -3.63416    -3.57835   -29.47157
    0.81000E-02   -36.41177    -3.63040    -3.57474   -29.20664
    0.87000E-02   -36.15906    -3.62634    -3.57087   -28.96185
    0.93000E-02   -35.92300    -3.62205    -3.56675   -28.73421
    0.99000E-02   -35.70103    -3.61747    -3.56237   -28.52118
    0.10500E-01   -35.49122    -3.61263    -3.55777   -28.32082
    0.11100E-01   -35.29223    -3.60753    -3.55292   -28.13178
    0.11700E-01   -35.10276    -3.60217    -3.54785   -27.95274
    0.12300E-01   -34.92193    -3.59657    -3.54253   -27.78283
    0.12900E-01   -34.74870    -3.59070    -3.53701   -27.62099
    0.13500E-01   -34.58215    -3.58459    -3.53130   -27.46626
    0.14100E-01   -34.42203    -3.57821    -3.52535   -27.31847
    0.14700E-01   -34.26741    -3.57161    -3.51923   -27.17657
    0.15300E-01   -34.11808    -3.56477    -3.51293   -27.04038
    0.15900E-01   -33.97338    -3.55767    -3.50643   -26.90928
    0.16500E-01   -33.83335    -3.55035    -3.49974   -26.78326
    0.17100E-01   -33.69733    -3.54285    -3.49292   -26.66157
    0.17700E-01   -33.56523    -3.53508    -3.48595   -26.54419
    0.18300E-01   -33.43660    -3.52711    -3.47885   -26.43064
    0.18900E-01   -33.31128    -3.51895    -3.47160   -26.32073
    0.19500E-01   -33.18885    -3.51051    -3.46426   -26.21408
    0.21300E-01   -32.42263    -3.44839    -3.41106   -25.56318
    0.27000E-01   -31.45906    -3.34658    -3.32591   -24.78658
    0.33000E-01   -30.63228    -3.23894    -3.23676   -24.15657
    0.39000E-01   -29.90555    -3.12940    -3.14817   -23.62797
    0.45000E-01   -29.26189    -3.02263    -3.06535   -23.17391
    0.51000E-01   -28.69079    -2.92361    -2.98966   -22.77751
    0.57000E-01   -28.18253    -2.83487    -2.91975   -22.42790
    0.63000E-01   -27.72521    -2.75479    -2.85415   -22.11626
    0.69000E-01   -27.30887    -2.68102    -2.79223   -21.83563
    0.75000E-01   -26.92602    -2.61173    -2.73304   -21.58125
    0.81000E-01   -26.57205    -2.54652    -2.67668   -21.34885
    0.87000E-01   -26.24399    -2.48489    -2.62318   -21.13592
    0.93000E-01   -25.93791    -2.42654    -2.57182   -20.93955
    0.99000E-01   -25.65169    -2.37103    -2.52257   -20.75810
    0.10500       -25.38309    -2.31822    -2.47521   -20.58965
    0.11100       -25.12976    -2.26778    -2.42996   -20.43202
    0.11700       -24.89158    -2.21979    -2.38665   -20.28513
    0.12300       -24.66557    -2.17390    -2.34500   -20.14667
    0.12900       -24.45166    -2.12996    -2.30500   -20.01670
    0.13500       -24.24808    -2.08777    -2.26637   -19.89393
    0.14100       -24.05462    -2.04737    -2.22901   -19.77824
    0.14700       -23.87030    -2.00852    -2.19330   -19.66848
    0.15300       -23.69480    -1.97130    -2.15885   -19.56465
    0.15900       -23.52669    -1.93571    -2.12536   -19.46561
    0.16500       -23.36612    -1.90142    -2.09316   -19.37154
    0.17100       -23.21245    -1.86826    -2.06214   -19.28204
    0.17700       -23.06500    -1.83645    -2.03209   -19.19645
    0.18300       -22.92329    -1.80566    -2.00286   -19.11476
    0.18900       -22.78706    -1.77591    -1.97485   -19.03630
    0.19500       -22.65553    -1.74711    -1.94730   -18.96112
    0.20100       -22.52891    -1.71951    -1.92057   -18.88883
    0.20700       -22.40696    -1.69260    -1.89489   -18.81947
    0.21300       -22.28897    -1.66650    -1.86985   -18.75262
    0.22700       -21.43433    -1.47584    -1.68526   -18.27323
    0.34500       -19.74593    -1.09542    -1.31120   -17.33931
    0.49500       -18.71780    -0.86869    -1.08375   -16.76535
    0.64500       -17.97450    -0.71461    -0.92829   -16.33160
    0.79500       -17.39415    -0.60255    -0.81612   -15.97548
    0.94500       -16.92393    -0.51725    -0.73034   -15.67634
     1.0950       -16.53219    -0.44913    -0.66302   -15.42005
     1.2450       -16.20046    -0.39373    -0.60825   -15.19848
     1.3950       -15.91675    -0.34916    -0.56402   -15.00357
     1.5450       -15.66917    -0.31167    -0.52724   -14.83027
     1.6950       -15.45085    -0.28071    -0.49559   -14.67455
     1.8450       -15.25498    -0.25443    -0.46840   -14.53216
     1.9950       -15.08225    -0.23124    -0.44493   -14.40607
     2.1450       -14.92480    -0.21166    -0.42369   -14.28945
     2.2950       -14.78262    -0.19473    -0.40467   -14.18322
     2.4450       -14.65311    -0.18009    -0.38740   -14.08562
     2.5950       -14.53587    -0.16807    -0.37208   -13.99572
     2.7450       -14.43019    -0.15775    -0.35933   -13.91311
     2.8950       -14.32843    -0.14783    -0.34697   -13.83363
     3.0450       -14.24001    -0.13965    -0.33609   -13.76426
     3.1950       -14.15746    -0.13165    -0.32687   -13.69894
     3.3450       -14.08508    -0.12500    -0.31885   -13.64123
     3.4950       -14.01692    -0.11934    -0.31172   -13.58587
     3.6450       -13.95284    -0.11401    -0.30507   -13.53376
     3.7950       -13.89341    -0.10930    -0.29883   -13.48528
     3.9450       -13.83833    -0.10539    -0.29388   -13.43906
     4.0950       -13.78693    -0.10230    -0.28951   -13.39512
     4.2450       -13.73772    -0.09949    -0.28556   -13.35267
     4.3950       -13.69070    -0.09709    -0.28139   -13.31222
     4.5450       -13.64640    -0.09485    -0.27765   -13.27389
     4.6950       -13.60393    -0.09288    -0.27399   -13.23706
     4.8450       -13.56323    -0.09059    -0.27054   -13.20210
     4.9950       -13.52453    -0.08899    -0.26722   -13.16831
     5.1450       -13.48678    -0.08768    -0.26398   -13.13512
     5.2950       -13.45032    -0.08603    -0.26097   -13.10332
     5.4450       -13.41599    -0.08473    -0.25866   -13.07260
     5.5950       -13.38231    -0.08389    -0.25597   -13.04245
     5.7450       -13.34985    -0.08294    -0.25324   -13.01367
     5.8950       -13.31800    -0.08172    -0.25084   -12.98544
     6.0450       -13.28733    -0.08094    -0.24822   -12.95817
     6.1950       -13.25748    -0.08026    -0.24563   -12.93159
     6.3450       -13.22851    -0.07983    -0.24302   -12.90566
     6.4950       -13.20046    -0.07945    -0.24082   -12.88020
     6.6450       -13.17337    -0.07876    -0.23917   -12.85545
     6.7950       -13.14668    -0.07824    -0.23707   -12.83137
     6.9450       -13.12114    -0.07774    -0.23557   -12.80783
     7.0950       -13.09615    -0.07742    -0.23390   -12.78483
     7.2450       -13.07142    -0.07711    -0.23215   -12.76216
     7.3950       -13.04792    -0.07664    -0.23132   -12.73996
     7.5450       -13.02480    -0.07619    -0.23041   -12.71821
     7.6950       -13.00220    -0.07591    -0.22926   -12.69704
     7.8450       -12.98034    -0.07547    -0.22854   -12.67633
     7.9950       -12.95895    -0.07521    -0.22780   -12.65594
     8.1450       -12.93796    -0.07496    -0.22707   -12.63594
     8.2950       -12.91747    -0.07455    -0.22655   -12.61637
     8.4450       -12.89742    -0.07431    -0.22603   -12.59708
     8.5950       -12.87781    -0.07409    -0.22554   -12.57818
     8.7450       -12.85833    -0.07387    -0.22485   -12.55960
     8.8950       -12.83959    -0.07365    -0.22458   -12.54136
     9.0450       -12.82123    -0.07345    -0.22433   -12.52345
     9.1950       -12.80314    -0.07325    -0.22410   -12.50578
     9.3450       -12.78537    -0.07306    -0.22387   -12.48844
     9.4950       -12.76794    -0.07287    -0.22366   -12.47140
     9.6450       -12.75076    -0.07270    -0.22346   -12.45460
     9.7950       -12.73380    -0.07252    -0.22325   -12.43804
     9.9450       -12.71719    -0.07235    -0.22306   -12.42178
     10.095       -12.70085    -0.07218    -0.22289   -12.40579
     10.245       -12.68449    -0.07202    -0.22250   -12.38997
     10.395       -12.66863    -0.07186    -0.22233   -12.37443
     10.545       -12.65303    -0.07172    -0.22218   -12.35914
     10.695       -12.63762    -0.07157    -0.22201   -12.34405
     10.845       -12.62240    -0.07142    -0.22186   -12.32912
     10.995       -12.60744    -0.07128    -0.22172   -12.31444
     11.145       -12.59267    -0.07115    -0.22158   -12.29994
     11.295       -12.57808    -0.07101    -0.22143   -12.28564
     11.445       -12.56373    -0.07088    -0.22129   -12.27156
     11.595       -12.54957    -0.07075    -0.22117   -12.25765
     11.745       -12.53555    -0.07062    -0.22103   -12.24390
     11.895       -12.52174    -0.07049    -0.22092   -12.23033
     12.045       -12.50813    -0.07036    -0.22080   -12.21697
     12.195       -12.49469    -0.07025    -0.22067   -12.20378
     12.345       -12.48143    -0.07013    -0.22056   -12.19075
     12.495       -12.46835    -0.07002    -0.22044   -12.17789
     12.645       -12.45545    -0.06991    -0.22034   -12.16520
     12.795       -12.44266    -0.06980    -0.22023   -12.15263
     12.945       -12.43002    -0.06969    -0.22012   -12.14021
     13.095       -12.41755    -0.06959    -0.22002   -12.12794
     13.245       -12.40524    -0.06948    -0.21993   -12.11582
     13.395       -12.39309    -0.06938    -0.21984   -12.10387
     13.545       -12.38107    -0.06928    -0.21975   -12.09204
     13.695       -12.36917    -0.06918    -0.21965   -12.08034
     13.845       -12.35738    -0.06908    -0.21957   -12.06873
     13.995       -12.34575    -0.06898    -0.21948   -12.05729
     14.145       -12.33427    -0.06889    -0.21941   -12.04597
     14.295       -12.32290    -0.06880    -0.21932   -12.03478
     14.445       -12.31164    -0.06870    -0.21924   -12.02370
     14.595       -12.30051    -0.06860    -0.21916   -12.01275
     14.745       -12.28953    -0.06851    -0.21909   -12.00193
     14.895       -12.27865    -0.06842    -0.21901   -11.99121
     15.045       -12.26783    -0.06834    -0.21894   -11.98056
     15.195       -12.25719    -0.06825    -0.21887   -11.97007
     15.345       -12.24664    -0.06816    -0.21880   -11.95968
     15.495       -12.23622    -0.06808    -0.21873   -11.94942
     15.645       -12.22589    -0.06799    -0.21866   -11.93924
     15.795       -12.21564    -0.06791    -0.21860   -11.92913
     15.945       -12.20548    -0.06783    -0.21854   -11.91911
     16.095       -12.19543    -0.06774    -0.21847   -11.90921
     16.245       -12.18548    -0.06766    -0.21841   -11.89940
     16.395       -12.17563    -0.06758    -0.21834   -11.88971
     16.545       -12.16588    -0.06751    -0.21828   -11.88009
     16.695       -12.15624    -0.06744    -0.21823   -11.87057
     16.845       -12.14669    -0.06736    -0.21816   -11.86117
     16.995       -12.13717    -0.06728    -0.21810   -11.85179
     17.145       -12.12780    -0.06721    -0.21804   -11.84254
     17.295       -12.11847    -0.06714    -0.21798   -11.83335
     17.445       -12.10927    -0.06707    -0.21792   -11.82429
     17.595       -12.10015    -0.06700    -0.21787   -11.81529
     17.745       -12.09108    -0.06693    -0.21781   -11.80634
     17.895       -12.08214    -0.06686    -0.21776   -11.79752
     18.045       -12.07329    -0.06679    -0.21771   -11.78879
     18.195       -12.06443    -0.06673    -0.21766   -11.78005
     18.345       -12.05568    -0.06666    -0.21760   -11.77142
     18.495       -12.04700    -0.06659    -0.21755   -11.76285
     18.645       -12.03838    -0.06653    -0.21750   -11.75435
     18.795       -12.02985    -0.06646    -0.21744   -11.74594
     18.945       -12.02138    -0.06640    -0.21740   -11.73759
     19.095       -12.01300    -0.06634    -0.21735   -11.72931
     19.245       -12.00465    -0.06627    -0.21731   -11.72107
     19.395       -11.99643    -0.06621    -0.21726   -11.71296
     19.545       -11.98824    -0.06615    -0.21722   -11.70487
     19.695       -11.98009    -0.06609    -0.21717   -11.69683
     19.845       -11.97203    -0.06602    -0.21714   -11.68888
     19.995       -11.96400    -0.06596    -0.21708   -11.68096
     20.145       -11.95608    -0.06590    -0.21704   -11.67314
     20.295       -11.94822    -0.06584    -0.21699   -11.66538
     20.445       -11.94040    -0.06578    -0.21695   -11.65767
     20.595       -11.93270    -0.06572    -0.21691   -11.65007
     20.745       -11.92502    -0.06566    -0.21687   -11.64249
     20.895       -11.91740    -0.06560    -0.21683   -11.63496
     21.045       -11.90985    -0.06555    -0.21679   -11.62751
     21.195       -11.90235    -0.06550    -0.21675   -11.62010
     21.345       -11.89487    -0.06544    -0.21672   -11.61271
     21.495       -11.88746    -0.06539    -0.21668   -11.60539
     21.645       -11.88011    -0.06533    -0.21664   -11.59813
     21.795       -11.87280    -0.06528    -0.21661   -11.59091
     21.945       -11.86554    -0.06523    -0.21656   -11.58375
     22.095       -11.85836    -0.06518    -0.21653   -11.57666
     22.245       -11.85122    -0.06513    -0.21649   -11.56961
     22.395       -11.84414    -0.06507    -0.21646   -11.56262
     22.545       -11.83713    -0.06502    -0.21642   -11.55569
     22.695       -11.83010    -0.06497    -0.21638   -11.54875
     22.845       -11.82317    -0.06492    -0.21634   -11.54191
     22.995       -11.81627    -0.06487    -0.21632   -11.53509
     23.145       -11.80944    -0.06482    -0.21628   -11.52834
     23.295       -11.80266    -0.06477    -0.21625   -11.52164
     23.445       -11.79590    -0.06472    -0.21622   -11.51495
     23.595       -11.78919    -0.06468    -0.21618   -11.50833
     23.745       -11.78255    -0.06463    -0.21615   -11.50176
     23.895       -11.77592    -0.06458    -0.21612   -11.49522
     24.045       -11.76936    -0.06453    -0.21609   -11.48874
     24.195       -11.76282    -0.06449    -0.21606   -11.48227
     24.345       -11.75631    -0.06444    -0.21604   -11.47584
     24.495       -11.74987    -0.06439    -0.21600   -11.46948
     24.645       -11.74346    -0.06435    -0.21597   -11.46314
     24.795       -11.73710    -0.06430    -0.21594   -11.45686
     24.945       -11.73078    -0.06425    -0.21590   -11.45063
     25.095       -11.72449    -0.06421    -0.21588   -11.44440
     25.245       -11.71826    -0.06417    -0.21585   -11.43825
     25.395       -11.71207    -0.06412    -0.21581   -11.43213
     25.545       -11.70590    -0.06408    -0.21579   -11.42604
     25.695       -11.69980    -0.06403    -0.21576   -11.42001
     25.845       -11.69371    -0.06399    -0.21573   -11.41399
     25.995       -11.68768    -0.06395    -0.21570   -11.40803
     26.145       -11.68169    -0.06390    -0.21567   -11.40211
     26.295       -11.67573    -0.06386    -0.21564   -11.39622
     26.445       -11.66977    -0.06382    -0.21561   -11.39034
     26.595       -11.66387    -0.06378    -0.21558   -11.38450
     26.745       -11.65802    -0.06374    -0.21556   -11.37873
     26.895       -11.65221    -0.06370    -0.21553   -11.37298
     27.045       -11.64643    -0.06366    -0.21551   -11.36726
     27.195       -11.64067    -0.06362    -0.21548   -11.36157
     27.345       -11.63493    -0.06358    -0.21545   -11.35590
     27.495       -11.62924    -0.06355    -0.21543   -11.35026
     27.645       -11.62359    -0.06350    -0.21540   -11.34468
     27.795       -11.61796    -0.06347    -0.21538   -11.33912
     27.945       -11.61236    -0.06342    -0.21535   -11.33358
     28.095       -11.60681    -0.06338    -0.21533   -11.32810
     28.245       -11.60126    -0.06334    -0.21530   -11.32261
     28.395       -11.59576    -0.06330    -0.21528   -11.31718
     28.545       -11.59029    -0.06326    -0.21526   -11.31177
     28.695       -11.58485    -0.06322    -0.21523   -11.30640
     28.845       -11.57945    -0.06318    -0.21521   -11.30106
     28.995       -11.57404    -0.06315    -0.21518   -11.29571
     29.145       -11.56870    -0.06311    -0.21515   -11.29043
     29.295       -11.56338    -0.06307    -0.21513   -11.28518
     29.445       -11.55809    -0.06304    -0.21511   -11.27995
     29.595       -11.55280    -0.06300    -0.21508   -11.27471
     29.745       -11.54756    -0.06297    -0.21506   -11.26953
     29.895       -11.54235    -0.06293    -0.21503   -11.26439
     30.045       -11.53718    -0.06289    -0.21501   -11.25928
     30.195       -11.53203    -0.06286    -0.21499   -11.25418
     30.345       -11.52690    -0.06283    -0.21497   -11.24911
     30.495       -11.52178    -0.06279    -0.21494   -11.24405
     30.645       -11.51668    -0.06275    -0.21491   -11.23901
     30.795       -11.51161    -0.06272    -0.21489   -11.23401
     30.945       -11.50657    -0.06268    -0.21486   -11.22904
     31.095       -11.50159    -0.06264    -0.21484   -11.22411
     31.245       -11.49662    -0.06261    -0.21482   -11.21919
     31.395       -11.49168    -0.06258    -0.21480   -11.21431
     31.545       -11.48679    -0.06255    -0.21478   -11.20946
     31.695       -11.48191    -0.06251    -0.21475   -11.20465
     31.845       -11.47706    -0.06248    -0.21473   -11.19985
     31.995       -11.47220    -0.06245    -0.21471   -11.19504
     32.145       -11.46736    -0.06241    -0.21469   -11.19026
     32.295       -11.46258    -0.06238    -0.21467   -11.18553
     32.445       -11.45780    -0.06235    -0.21465   -11.18080
     32.595       -11.45306    -0.06232    -0.21463   -11.17611
     32.745       -11.44830    -0.06228    -0.21461   -11.17141
     32.895       -11.44357    -0.06225    -0.21459   -11.16673
     33.045       -11.43889    -0.06222    -0.21457   -11.16211
     33.195       -11.43424    -0.06219    -0.21454   -11.15750
     33.345       -11.42960    -0.06216    -0.21452   -11.15293
     33.495       -11.42499    -0.06213    -0.21450   -11.14836
     33.645       -11.42040    -0.06209    -0.21448   -11.14382
     33.795       -11.41583    -0.06206    -0.21446   -11.13931
     33.945       -11.41130    -0.06203    -0.21444   -11.13482
     34.095       -11.40678    -0.06200    -0.21442   -11.13036
     34.245       -11.40227    -0.06197    -0.21441   -11.12590
     34.395       -11.39778    -0.06194    -0.21439   -11.12146
     34.545       -11.39332    -0.06191    -0.21437   -11.11705
     34.695       -11.38887    -0.06188    -0.21435   -11.11264
     34.845       -11.38444    -0.06185    -0.21433   -11.10826
     34.995       -11.38005    -0.06182    -0.21431   -11.10392
     35.145       -11.37565    -0.06179    -0.21429   -11.09957
     35.295       -11.37129    -0.06176    -0.21427   -11.09526
     35.445       -11.36692    -0.06173    -0.21425   -11.09094
     35.595       -11.36262    -0.06170    -0.21424   -11.08669
     35.745       -11.35834    -0.06167    -0.21422   -11.08244
     35.895       -11.35405    -0.06164    -0.21420   -11.07821
     36.045       -11.34979    -0.06162    -0.21418   -11.07400
     36.195       -11.34554    -0.06159    -0.21416   -11.06980
     36.345       -11.34133    -0.06156    -0.21414   -11.06563
     36.495       -11.33714    -0.06153    -0.21412   -11.06149
     36.645       -11.33299    -0.06151    -0.21410   -11.05738
     36.795       -11.32882    -0.06148    -0.21408   -11.05326
     36.945       -11.32463    -0.06145    -0.21406   -11.04912
     37.095       -11.32047    -0.06142    -0.21405   -11.04500
     37.245       -11.31635    -0.06139    -0.21403   -11.04093
     37.395       -11.31225    -0.06137    -0.21401   -11.03687
     37.545       -11.30815    -0.06134    -0.21400   -11.03281
     37.695       -11.30410    -0.06131    -0.21398   -11.02881
     37.845       -11.30006    -0.06128    -0.21397   -11.02482
     37.995       -11.29602    -0.06125    -0.21395   -11.02083
     38.145       -11.29201    -0.06122    -0.21394   -11.01685
     38.295       -11.28799    -0.06120    -0.21392   -11.01288
     38.445       -11.28400    -0.06117    -0.21390   -11.00893
     38.595       -11.28003    -0.06115    -0.21388   -11.00500
     38.745       -11.27609    -0.06112    -0.21387   -11.00110
     38.895       -11.27214    -0.06109    -0.21385   -10.99720
     39.045       -11.26823    -0.06106    -0.21383   -10.99333
     39.195       -11.26431    -0.06104    -0.21382   -10.98945
     39.345       -11.26040    -0.06101    -0.21380   -10.98559
     39.495       -11.25655    -0.06098    -0.21378   -10.98179
     39.645       -11.25272    -0.06095    -0.21377   -10.97800
     39.795       -11.24890    -0.06093    -0.21375   -10.97422
     39.945       -11.24508    -0.06090    -0.21373   -10.97045
     40.095       -11.24129    -0.06088    -0.21371   -10.96669
     40.245       -11.23751    -0.06085    -0.21370   -10.96296
     40.395       -11.23373    -0.06083    -0.21368   -10.95922
     40.545       -11.22996    -0.06080    -0.21366   -10.95549
     40.695       -11.22623    -0.06078    -0.21364   -10.95181
     40.845       -11.22249    -0.06075    -0.21363   -10.94811
     40.995       -11.21879    -0.06073    -0.21361   -10.94445
     41.145       -11.21508    -0.06070    -0.21359   -10.94079
     41.295       -11.21138    -0.06068    -0.21358   -10.93713
     41.445       -11.20772    -0.06065    -0.21356   -10.93351
     41.595       -11.20407    -0.06063    -0.21354   -10.92990
     41.745       -11.20043    -0.06060    -0.21353   -10.92631
     41.895       -11.19680    -0.06058    -0.21351   -10.92272
     42.045       -11.19319    -0.06055    -0.21349   -10.91914
     42.195       -11.18959    -0.06053    -0.21348   -10.91558
     42.345       -11.18601    -0.06051    -0.21347   -10.91203
     42.495       -11.18245    -0.06049    -0.21345   -10.90852
     42.645       -11.17889    -0.06047    -0.21344   -10.90499
     42.795       -11.17534    -0.06044    -0.21342   -10.90147
     42.945       -11.17183    -0.06042    -0.21341   -10.89800
     43.095       -11.16830    -0.06039    -0.21339   -10.89452
     43.245       -11.16481    -0.06037    -0.21338   -10.89107
     43.395       -11.16134    -0.06035    -0.21336   -10.88762
     43.545       -11.15786    -0.06033    -0.21335   -10.88418
     43.695       -11.15439    -0.06030    -0.21334   -10.88076
     43.845       -11.15095    -0.06028    -0.21332   -10.87735
     43.995       -11.14751    -0.06026    -0.21331   -10.87395
     44.145       -11.14409    -0.06023    -0.21329   -10.87057
     44.295       -11.14066    -0.06021    -0.21328   -10.86718
     44.445       -11.13728    -0.06018    -0.21326   -10.86384
     44.595       -11.13390    -0.06016    -0.21325   -10.86049
     44.745       -11.13051    -0.06014    -0.21323   -10.85714
     44.895       -11.12715    -0.06011    -0.21322   -10.85382
     45.045       -11.12380    -0.06009    -0.21321   -10.85050
     45.195       -11.12045    -0.06007    -0.21319   -10.84719
     45.345       -11.11712    -0.06005    -0.21318   -10.84389
     45.495       -11.11380    -0.06003    -0.21316   -10.84061
     45.645       -11.11050    -0.06001    -0.21315   -10.83734
     45.795       -11.10719    -0.05998    -0.21314   -10.83407
     45.945       -11.10390    -0.05996    -0.21313   -10.83081
     46.095       -11.10063    -0.05994    -0.21312   -10.82757
     46.245       -11.09736    -0.05992    -0.21311   -10.82434
     46.395       -11.09412    -0.05990    -0.21310   -10.82113
     46.545       -11.09089    -0.05987    -0.21308   -10.81794
     46.695       -11.08768    -0.05985    -0.21307   -10.81476
     46.845       -11.08447    -0.05983    -0.21306   -10.81159
     46.995       -11.08126    -0.05981    -0.21304   -10.80841
     47.145       -11.07806    -0.05979    -0.21303   -10.80524
     47.295       -11.07487    -0.05977    -0.21302   -10.80208
     47.445       -11.07170    -0.05974    -0.21301   -10.79895
     47.595       -11.06854    -0.05972    -0.21299   -10.79583
     47.745       -11.06538    -0.05970    -0.21298   -10.79270
     47.895       -11.06224    -0.05968    -0.21297   -10.78960
     48.045       -11.05911    -0.05966    -0.21295   -10.78650
     48.195       -11.05599    -0.05963    -0.21294   -10.78342
     48.345       -11.05288    -0.05961    -0.21293   -10.78033
     48.495       -11.04977    -0.05959    -0.21292   -10.77726
     48.645       -11.04669    -0.05957    -0.21291   -10.77421
     48.795       -11.04361    -0.05955    -0.21289   -10.77116
     48.945       -11.04054    -0.05953    -0.21288   -10.76812
     49.095       -11.03746    -0.05951    -0.21287   -10.76508
     49.245       -11.03440    -0.05949    -0.21286   -10.76206
     49.395       -11.03139    -0.05947    -0.21285   -10.75907
     49.545       -11.02835    -0.05945    -0.21283   -10.75607
     49.695       -11.02535    -0.05943    -0.21282   -10.75311
     49.845       -11.02234    -0.05941    -0.21281   -10.75013
     49.995       -11.01934    -0.05939    -0.21279   -10.74716
     50.145       -11.01636    -0.05937    -0.21278   -10.74421
     50.295       -11.01337    -0.05935    -0.21277   -10.74125
     50.445       -11.01041    -0.05933    -0.21275   -10.73833
     50.595       -11.00744    -0.05930    -0.21274   -10.73539
     50.745       -11.00450    -0.05928    -0.21273   -10.73249
     50.895       -11.00156    -0.05926    -0.21272   -10.72958
     51.045       -10.99863    -0.05924    -0.21271   -10.72668
     51.195       -10.99569    -0.05922    -0.21269   -10.72377
     51.345       -10.99277    -0.05921    -0.21268   -10.72089
     51.495       -10.98987    -0.05919    -0.21267   -10.71802
     51.645       -10.98696    -0.05917    -0.21265   -10.71514
     51.795       -10.98409    -0.05915    -0.21264   -10.71229
     51.945       -10.98123    -0.05913    -0.21263   -10.70947
     52.095       -10.97837    -0.05911    -0.21262   -10.70664
     52.245       -10.97550    -0.05909    -0.21261   -10.70380
     52.395       -10.97264    -0.05907    -0.21259   -10.70097
     52.545       -10.96981    -0.05905    -0.21259   -10.69817
     52.695       -10.96698    -0.05904    -0.21257   -10.69537
     52.845       -10.96415    -0.05902    -0.21256   -10.69258
     52.995       -10.96132    -0.05900    -0.21255   -10.68978
     53.145       -10.95851    -0.05898    -0.21253   -10.68700
     53.295       -10.95573    -0.05896    -0.21253   -10.68424
     53.445       -10.95294    -0.05894    -0.21252   -10.68148
     53.595       -10.95016    -0.05892    -0.21250   -10.67874
     53.745       -10.94739    -0.05890    -0.21249   -10.67601
     53.895       -10.94462    -0.05888    -0.21247   -10.67326
     54.045       -10.94188    -0.05886    -0.21246   -10.67055
     54.195       -10.93915    -0.05885    -0.21246   -10.66785
     54.345       -10.93643    -0.05883    -0.21244   -10.66516
     54.495       -10.93369    -0.05881    -0.21243   -10.66245
     54.645       -10.93097    -0.05879    -0.21242   -10.65975
     54.795       -10.92824    -0.05877    -0.21241   -10.65706
     54.945       -10.92552    -0.05875    -0.21240   -10.65438
     55.095       -10.92281    -0.05874    -0.21239   -10.65169
     59.433       -10.71167    -0.05734    -0.21154   -10.44279
     80.646       -10.40384    -0.05529    -0.21031   -10.13823
     111.21       -10.10547    -0.05335    -0.20915    -9.84296
     153.36        -9.81690    -0.05141    -0.20799    -9.55749
     211.49        -9.53824    -0.04955    -0.20686    -9.28183
     291.64        -9.26958    -0.04776    -0.20577    -9.01605
     402.18        -9.01054    -0.04601    -0.20467    -8.75986
     554.60        -8.76110    -0.04434    -0.20359    -8.51317
     764.80        -8.52116    -0.04272    -0.20254    -8.27590
     1054.7        -8.29023    -0.04115    -0.20152    -8.04756
     1454.4        -8.06812    -0.03961    -0.20055    -7.82796
     2005.6        -7.85449    -0.03815    -0.19958    -7.61676
     2765.8        -7.64900    -0.03674    -0.19861    -7.41366
     3814.0        -7.45131    -0.03537    -0.19770    -7.21824
     5259.5        -7.26098    -0.03406    -0.19681    -7.03011
     7252.9        -7.07786    -0.03279    -0.19593    -6.84914
     10002.        -6.90154    -0.03156    -0.19507    -6.67491
     13793.        -6.73171    -0.03037    -0.19423    -6.50711
     19020.        -6.56863    -0.02923    -0.19344    -6.34596
     26229.        -6.41227    -0.02815    -0.19266    -6.19146
     36170.        -6.26259    -0.02711    -0.19191    -6.04356
     49878.        -6.11956    -0.02612    -0.19120    -5.90225
     68782.        -5.98308    -0.02516    -0.19049    -5.76743
     94851.        -5.85307    -0.02425    -0.18982    -5.63899
    0.13080E+06    -5.72899    -0.02339    -0.18917    -5.51643
    0.18038E+06    -5.61084    -0.02258    -0.18856    -5.39970
    0.24874E+06    -5.49840    -0.02180    -0.18798    -5.28863
    0.34301E+06    -5.39124    -0.02106    -0.18742    -5.18275
    0.47302E+06    -5.28931    -0.02036    -0.18689    -5.08206
    0.65229E+06    -5.19234    -0.01970    -0.18638    -4.98627
    0.89952E+06    -5.10015    -0.01906    -0.18589    -4.89520
    0.12404E+07    -5.01256    -0.01846    -0.18541    -4.80869
    0.17106E+07    -4.92923    -0.01789    -0.18497    -4.72638
    0.23589E+07    -4.85007    -0.01734    -0.18455    -4.64818
    0.32529E+07    -4.77475    -0.01683    -0.18415    -4.57377
    0.44858E+07    -4.70320    -0.01633    -0.18377    -4.50310
    0.61860E+07    -4.63503    -0.01586    -0.18340    -4.43577
    0.85305E+07    -4.57034    -0.01542    -0.18305    -4.37187
    0.11764E+08    -4.50880    -0.01500    -0.18271    -4.31109
    0.16222E+08    -4.45023    -0.01460    -0.18240    -4.25324
    0.22370E+08    -4.39466    -0.01423    -0.18210    -4.19834
    0.30849E+08    -4.34189    -0.01387    -0.18182    -4.14621
    0.42541E+08    -4.29214    -0.01353    -0.18156    -4.09705
    0.58664E+08    -4.24542    -0.01321    -0.18131    -4.05089
    0.80898E+08    -4.20181    -0.01292    -0.18108    -4.00781
    0.11156E+09    -4.16088    -0.01265    -0.18086    -3.96737
    0.15384E+09    -4.12256    -0.01239    -0.18065    -3.92952
    0.21215E+09    -4.08665    -0.01215    -0.18046    -3.89404
    0.29255E+09    -4.05291    -0.01192    -0.18027    -3.86072
    0.40343E+09    -4.02117    -0.01171    -0.18010    -3.82936
    0.55633E+09    -3.99144    -0.01151    -0.17994    -3.79999
    0.76719E+09    -3.96372    -0.01133    -0.17979    -3.77260
    0.10580E+10    -3.93864    -0.01117    -0.17965    -3.74782
    0.14589E+10    -3.91566    -0.01101    -0.17953    -3.72511
    0.20119E+10    -3.89451    -0.01087    -0.17942    -3.70422
    0.27744E+10    -3.87495    -0.01074    -0.17931    -3.68489
    0.38259E+10    -3.85696    -0.01062    -0.17921    -3.66713
    0.52760E+10    -3.84038    -0.01051    -0.17912    -3.65075
    0.72756E+10    -3.82508    -0.01041    -0.17904    -3.63563
    0.10033E+11    -3.81093    -0.01032    -0.17896    -3.62165
    0.13836E+11    -3.79788    -0.01023    -0.17889    -3.60876
    0.19079E+11    -3.78583    -0.01015    -0.17882    -3.59686
    0.26311E+11    -3.77470    -0.01008    -0.17875    -3.58586
    0.36283E+11    -3.76444    -0.01001    -0.17870    -3.57573
    0.50034E+11    -3.75495    -0.00995    -0.17864    -3.56636
    0.68997E+11    -3.74622    -0.00989    -0.17860    -3.55773
    0.10000E+12    -3.64103    -0.00921    -0.17797    -3.45385
