    -99.945         0.00000     0.00000     0.00000     0.00000
    -99.795         0.00000     0.00000     0.00000     0.00000
    -99.645         0.00000     0.00000     0.00000     0.00000
    -99.495         0.00000     0.00000     0.00000     0.00000
    -99.345         0.00000     0.00000     0.00000     0.00000
    -99.195         0.00000     0.00000     0.00000     0.00000
    -99.045         0.00000     0.00000     0.00000     0.00000
    -98.895         0.00000     0.00000     0.00000     0.00000
    -98.745         0.00000     0.00000     0.00000     0.00000
    -98.595         0.00000     0.00000     0.00000     0.00000
    -98.445         0.00000     0.00000     0.00000     0.00000
    -98.295         0.00000     0.00000     0.00000     0.00000
    -98.145         0.00000     0.00000     0.00000     0.00000
    -97.995         0.00000     0.00000     0.00000     0.00000
    -97.845         0.00000     0.00000     0.00000     0.00000
    -97.695         0.00000     0.00000     0.00000     0.00000
    -97.545         0.00000     0.00000     0.00000     0.00000
    -97.395         0.00000     0.00000     0.00000     0.00000
    -97.245         0.00000     0.00000     0.00000     0.00000
    -97.095         0.00000     0.00000     0.00000     0.00000
    -96.945         0.00000     0.00000     0.00000     0.00000
    -96.795         0.00000     0.00000     0.00000     0.00000
    -96.645         0.00000     0.00000     0.00000     0.00000
    -96.495         0.00000     0.00000     0.00000     0.00000
    -96.345         0.00000     0.00000     0.00000     0.00000
    -96.195         0.00000     0.00000     0.00000     0.00000
    -96.045         0.00000     0.00000     0.00000     0.00000
    -95.895         0.00000     0.00000     0.00000     0.00000
    -95.745         0.00000     0.00000     0.00000     0.00000
    -95.595         0.00000     0.00000     0.00000     0.00000
    -95.445         0.00000     0.00000     0.00000     0.00000
    -95.295         0.00000     0.00000     0.00000     0.00000
    -95.145         0.00000     0.00000     0.00000     0.00000
    -94.995         0.00000     0.00000     0.00000     0.00000
    -94.845         0.00000     0.00000     0.00000     0.00000
    -94.695         0.00000     0.00000     0.00000     0.00000
    -94.545         0.00000     0.00000     0.00000     0.00000
    -94.395         0.00000     0.00000     0.00000     0.00000
    -94.245         0.00000     0.00000     0.00000     0.00000
    -94.095         0.00000     0.00000     0.00000     0.00000
    -93.945         0.00000     0.00000     0.00000     0.00000
    -93.795         0.00000     0.00000     0.00000     0.00000
    -93.645         0.00000     0.00000     0.00000     0.00000
    -93.495         0.00000     0.00000     0.00000     0.00000
    -93.345         0.00000     0.00000     0.00000     0.00000
    -93.195         0.00000     0.00000     0.00000     0.00000
    -93.045         0.00000     0.00000     0.00000     0.00000
    -92.895         0.00000     0.00000     0.00000     0.00000
    -92.745         0.00000     0.00000     0.00000     0.00000
    -92.595         0.00000     0.00000     0.00000     0.00000
    -92.445         0.00000     0.00000     0.00000     0.00000
    -92.295         0.00000     0.00000     0.00000     0.00000
    -92.145         0.00000     0.00000     0.00000     0.00000
    -91.995         0.00000     0.00000     0.00000     0.00000
    -91.845         0.00000     0.00000     0.00000     0.00000
    -91.695         0.00000     0.00000     0.00000     0.00000
    -91.545         0.00000     0.00000     0.00000     0.00000
    -91.395         0.00000     0.00000     0.00000     0.00000
    -91.245         0.00000     0.00000     0.00000     0.00000
    -91.095         0.00000     0.00000     0.00000     0.00000
    -90.945         0.00000     0.00000     0.00000     0.00000
    -90.795         0.00000     0.00000     0.00000     0.00000
    -90.645         0.00000     0.00000     0.00000     0.00000
    -90.495         0.00000     0.00000     0.00000     0.00000
    -90.345         0.00000     0.00000     0.00000     0.00000
    -90.195         0.00000     0.00000     0.00000     0.00000
    -90.045         0.00000     0.00000     0.00000     0.00000
    -89.895         0.00000     0.00000     0.00000     0.00000
    -89.745         0.00000     0.00000     0.00000     0.00000
    -89.595         0.00000     0.00000     0.00000     0.00000
    -89.445         0.00000     0.00000     0.00000     0.00000
    -89.295         0.00000     0.00000     0.00000     0.00000
    -89.145         0.00000     0.00000     0.00000     0.00000
    -88.995         0.00000     0.00000     0.00000     0.00000
    -88.845         0.00000     0.00000     0.00000     0.00000
    -88.695         0.00000     0.00000     0.00000     0.00000
    -88.545         0.00000     0.00000     0.00000     0.00000
    -88.395         0.00000     0.00000     0.00000     0.00000
    -88.245         0.00000     0.00000     0.00000     0.00000
    -88.095         0.00000     0.00000     0.00000     0.00000
    -87.945         0.00000     0.00000     0.00000     0.00000
    -87.795         0.00000     0.00000     0.00000     0.00000
    -87.645         0.00000     0.00000     0.00000     0.00000
    -87.495         0.00000     0.00000     0.00000     0.00000
    -87.345         0.00000     0.00000     0.00000     0.00000
    -87.195         0.00000     0.00000     0.00000     0.00000
    -87.045         0.00000     0.00000     0.00000     0.00000
    -86.895         0.00000     0.00000     0.00000     0.00000
    -86.745         0.00000     0.00000     0.00000     0.00000
    -86.595         0.00000     0.00000     0.00000     0.00000
    -86.445         0.00000     0.00000     0.00000     0.00000
    -86.295         0.00000     0.00000     0.00000     0.00000
    -86.145         0.00000     0.00000     0.00000     0.00000
    -85.995         0.00000     0.00000     0.00000     0.00000
    -85.845         0.00000     0.00000     0.00000     0.00000
    -85.695         0.00000     0.00000     0.00000     0.00000
    -85.545         0.00000     0.00000     0.00000     0.00000
    -85.395         0.00000     0.00000     0.00000     0.00000
    -85.245         0.00000     0.00000     0.00000     0.00000
    -85.095         0.00000     0.00000     0.00000     0.00000
    -84.945         0.00000     0.00000     0.00000     0.00000
    -84.795         0.00000     0.00000     0.00000     0.00000
    -84.645         0.00000     0.00000     0.00000     0.00000
    -84.495         0.00000     0.00000     0.00000     0.00000
    -84.345         0.00000     0.00000     0.00000     0.00000
    -84.195         0.00000     0.00000     0.00000     0.00000
    -84.045         0.00000     0.00000     0.00000     0.00000
    -83.895         0.00000     0.00000     0.00000     0.00000
    -83.745         0.00000     0.00000     0.00000     0.00000
    -83.595         0.00000     0.00000     0.00000     0.00000
    -83.445         0.00000     0.00000     0.00000     0.00000
    -83.295         0.00000     0.00000     0.00000     0.00000
    -83.145         0.00000     0.00000     0.00000     0.00000
    -82.995         0.00000     0.00000     0.00000     0.00000
    -82.845         0.00000     0.00000     0.00000     0.00000
    -82.695         0.00000     0.00000     0.00000     0.00000
    -82.545         0.00000     0.00000     0.00000     0.00000
    -82.395         0.00000     0.00000     0.00000     0.00000
    -82.245         0.00000     0.00000     0.00000     0.00000
    -82.095         0.00000     0.00000     0.00000     0.00000
    -81.945         0.00000     0.00000     0.00000     0.00000
    -81.795         0.00000     0.00000     0.00000     0.00000
    -81.645         0.00000     0.00000     0.00000     0.00000
    -81.495         0.00000     0.00000     0.00000     0.00000
    -81.345         0.00000     0.00000     0.00000     0.00000
    -81.195         0.00000     0.00000     0.00000     0.00000
    -81.045         0.00000     0.00000     0.00000     0.00000
    -80.895         0.00000     0.00000     0.00000     0.00000
    -80.745         0.00000     0.00000     0.00000     0.00000
    -80.595         0.00000     0.00000     0.00000     0.00000
    -80.445         0.00000     0.00000     0.00000     0.00000
    -80.295         0.00000     0.00000     0.00000     0.00000
    -80.145         0.00000     0.00000     0.00000     0.00000
    -79.995         0.00000     0.00000     0.00000     0.00000
    -79.845         0.00000     0.00000     0.00000     0.00000
    -79.695         0.00000     0.00000     0.00000     0.00000
    -79.545         0.00000     0.00000     0.00000     0.00000
    -79.395         0.00000     0.00000     0.00000     0.00000
    -79.245         0.00000     0.00000     0.00000     0.00000
    -79.095         0.00000     0.00000     0.00000     0.00000
    -78.945         0.00000     0.00000     0.00000     0.00000
    -78.795         0.00000     0.00000     0.00000     0.00000
    -78.645         0.00000     0.00000     0.00000     0.00000
    -78.495         0.00000     0.00000     0.00000     0.00000
    -78.345         0.00000     0.00000     0.00000     0.00000
    -78.195         0.00000     0.00000     0.00000     0.00000
    -78.045         0.00000     0.00000     0.00000     0.00000
    -77.895         0.00000     0.00000     0.00000     0.00000
    -77.745         0.00000     0.00000     0.00000     0.00000
    -77.595         0.00000     0.00000     0.00000     0.00000
    -77.445         0.00000     0.00000     0.00000     0.00000
    -77.295         0.00000     0.00000     0.00000     0.00000
    -77.145         0.00000     0.00000     0.00000     0.00000
    -76.995         0.00000     0.00000     0.00000     0.00000
    -76.845         0.00000     0.00000     0.00000     0.00000
    -76.695         0.00000     0.00000     0.00000     0.00000
    -76.545         0.00000     0.00000     0.00000     0.00000
    -76.395         0.00000     0.00000     0.00000     0.00000
    -76.245         0.00000     0.00000     0.00000     0.00000
    -76.095         0.00000     0.00000     0.00000     0.00000
    -75.945         0.00000     0.00000     0.00000     0.00000
    -75.795         0.00000     0.00000     0.00000     0.00000
    -75.645         0.00000     0.00000     0.00000     0.00000
    -75.495         0.00000     0.00000     0.00000     0.00000
    -75.345         0.00000     0.00000     0.00000     0.00000
    -75.195         0.00000     0.00000     0.00000     0.00000
    -75.045         0.00000     0.00000     0.00000     0.00000
    -74.895         0.00000     0.00000     0.00000     0.00000
    -74.745         0.00000     0.00000     0.00000     0.00000
    -74.595         0.00000     0.00000     0.00000     0.00000
    -74.445         0.00000     0.00000     0.00000     0.00000
    -74.295         0.00000     0.00000     0.00000     0.00000
    -74.145         0.00000     0.00000     0.00000     0.00000
    -73.995         0.00000     0.00000     0.00000     0.00000
    -73.845         0.00000     0.00000     0.00000     0.00000
    -73.695         0.00000     0.00000     0.00000     0.00000
    -73.545         0.00000     0.00000     0.00000     0.00000
    -73.395         0.00000     0.00000     0.00000     0.00000
    -73.245         0.00000     0.00000     0.00000     0.00000
    -73.095         0.00000     0.00000     0.00000     0.00000
    -72.945         0.00000     0.00000     0.00000     0.00000
    -72.795         0.00000     0.00000     0.00000     0.00000
    -72.645         0.00000     0.00000     0.00000     0.00000
    -72.495         0.00000     0.00000     0.00000     0.00000
    -72.345         0.00000     0.00000     0.00000     0.00000
    -72.195         0.00000     0.00000     0.00000     0.00000
    -72.045         0.00000     0.00000     0.00000     0.00000
    -71.895         0.00000     0.00000     0.00000     0.00000
    -71.745         0.00000     0.00000     0.00000     0.00000
    -71.595         0.00000     0.00000     0.00000     0.00000
    -71.445         0.00000     0.00000     0.00000     0.00000
    -71.295         0.00000     0.00000     0.00000     0.00000
    -71.145         0.00000     0.00000     0.00000     0.00000
    -70.995         0.00000     0.00000     0.00000     0.00000
    -70.845         0.00000     0.00000     0.00000     0.00000
    -70.695         0.00000     0.00000     0.00000     0.00000
    -70.545         0.00000     0.00000     0.00000     0.00000
    -70.395         0.00000     0.00000     0.00000     0.00000
    -70.245         0.00000     0.00000     0.00000     0.00000
    -70.095         0.00000     0.00000     0.00000     0.00000
    -69.945         0.00000     0.00000     0.00000     0.00000
    -69.795         0.00000     0.00000     0.00000     0.00000
    -69.645         0.00000     0.00000     0.00000     0.00000
    -69.495         0.00000     0.00000     0.00000     0.00000
    -69.345         0.00000     0.00000     0.00000     0.00000
    -69.195         0.00000     0.00000     0.00000     0.00000
    -69.045         0.00000     0.00000     0.00000     0.00000
    -68.895         0.00000     0.00000     0.00000     0.00000
    -68.745         0.00000     0.00000     0.00000     0.00000
    -68.595         0.00000     0.00000     0.00000     0.00000
    -68.445         0.00000     0.00000     0.00000     0.00000
    -68.295         0.00000     0.00000     0.00000     0.00000
    -68.145         0.00000     0.00000     0.00000     0.00000
    -67.995         0.00000     0.00000     0.00000     0.00000
    -67.845         0.00000     0.00000     0.00000     0.00000
    -67.695         0.00000     0.00000     0.00000     0.00000
    -67.545         0.00000     0.00000     0.00000     0.00000
    -67.395         0.00000     0.00000     0.00000     0.00000
    -67.245         0.00000     0.00000     0.00000     0.00000
    -67.095         0.00000     0.00000     0.00000     0.00000
    -66.945         0.00000     0.00000     0.00000     0.00000
    -66.795         0.00000     0.00000     0.00000     0.00000
    -66.645         0.00000     0.00000     0.00000     0.00000
    -66.495         0.00000     0.00000     0.00000     0.00000
    -66.345         0.00000     0.00000     0.00000     0.00000
    -66.195         0.00000     0.00000     0.00000     0.00000
    -66.045         0.00000     0.00000     0.00000     0.00000
    -65.895         0.00000     0.00000     0.00000     0.00000
    -65.745         0.00000     0.00000     0.00000     0.00000
    -65.595         0.00000     0.00000     0.00000     0.00000
    -65.445         0.00000     0.00000     0.00000     0.00000
    -65.295         0.00000     0.00000     0.00000     0.00000
    -65.145         0.00000     0.00000     0.00000     0.00000
    -64.995         0.00000     0.00000     0.00000     0.00000
    -64.845         0.00000     0.00000     0.00000     0.00000
    -64.695         0.00000     0.00000     0.00000     0.00000
    -64.545         0.00000     0.00000     0.00000     0.00000
    -64.395         0.00000     0.00000     0.00000     0.00000
    -64.245         0.00000     0.00000     0.00000     0.00000
    -64.095         0.00000     0.00000     0.00000     0.00000
    -63.945         0.00000     0.00000     0.00000     0.00000
    -63.795         0.00000     0.00000     0.00000     0.00000
    -63.645         0.00000     0.00000     0.00000     0.00000
    -63.495         0.00000     0.00000     0.00000     0.00000
    -63.345         0.00000     0.00000     0.00000     0.00000
    -63.195         0.00000     0.00000     0.00000     0.00000
    -63.045         0.00000     0.00000     0.00000     0.00000
    -62.895         0.00000     0.00000     0.00000     0.00000
    -62.745         0.00000     0.00000     0.00000     0.00000
    -62.595         0.00000     0.00000     0.00000     0.00000
    -62.445         0.00000     0.00000     0.00000     0.00000
    -62.295         0.00000     0.00000     0.00000     0.00000
    -62.145         0.00000     0.00000     0.00000     0.00000
    -61.995         0.00000     0.00000     0.00000     0.00000
    -61.845         0.00000     0.00000     0.00000     0.00000
    -61.695         0.00000     0.00000     0.00000     0.00000
    -61.545         0.00000     0.00000     0.00000     0.00000
    -61.395         0.00000     0.00000     0.00000     0.00000
    -61.245         0.00000     0.00000     0.00000     0.00000
    -61.095         0.00000     0.00000     0.00000     0.00000
    -60.945         0.00000     0.00000     0.00000     0.00000
    -60.795         0.00000     0.00000     0.00000     0.00000
    -60.645         0.00000     0.00000     0.00000     0.00000
    -60.495         0.00000     0.00000     0.00000     0.00000
    -60.345         0.00000     0.00000     0.00000     0.00000
    -60.195         0.00000     0.00000     0.00000     0.00000
    -60.045         0.00000     0.00000     0.00000     0.00000
    -59.895         0.00000     0.00000     0.00000     0.00000
    -59.745         0.00000     0.00000     0.00000     0.00000
    -59.595         0.00000     0.00000     0.00000     0.00000
    -59.445         0.00000     0.00000     0.00000     0.00000
    -59.295         0.00000     0.00000     0.00000     0.00000
    -59.145         0.00000     0.00000     0.00000     0.00000
    -58.995         0.00000     0.00000     0.00000     0.00000
    -58.845         0.00000     0.00000     0.00000     0.00000
    -58.695         0.00000     0.00000     0.00000     0.00000
    -58.545         0.00000     0.00000     0.00000     0.00000
    -58.395         0.00000     0.00000     0.00000     0.00000
    -58.245         0.00000     0.00000     0.00000     0.00000
    -58.095         0.00000     0.00000     0.00000     0.00000
    -57.945         0.00000     0.00000     0.00000     0.00000
    -57.795         0.00000     0.00000     0.00000     0.00000
    -57.645         0.00000     0.00000     0.00000     0.00000
    -57.495         0.00000     0.00000     0.00000     0.00000
    -57.345         0.00000     0.00000     0.00000     0.00000
    -57.195         0.00000     0.00000     0.00000     0.00000
    -57.045         0.00000     0.00000     0.00000     0.00000
    -56.895         0.00000     0.00000     0.00000     0.00000
    -56.745         0.00000     0.00000     0.00000     0.00000
    -56.595         0.00000     0.00000     0.00000     0.00000
    -56.445         0.00000     0.00000     0.00000     0.00000
    -56.295         0.00000     0.00000     0.00000     0.00000
    -56.145         0.00000     0.00000     0.00000     0.00000
    -55.995         0.00000     0.00000     0.00000     0.00000
    -55.845         0.00000     0.00000     0.00000     0.00000
    -55.695         0.00000     0.00000     0.00000     0.00000
    -55.545         0.00000     0.00000     0.00000     0.00000
    -55.395         0.00000     0.00000     0.00000     0.00000
    -55.245         0.00000     0.00000     0.00000     0.00000
    -55.095         0.00000     0.00000     0.00000     0.00000
    -54.945         0.00000     0.00000     0.00000     0.00000
    -54.795         0.00000     0.00000     0.00000     0.00000
    -54.645         0.00000     0.00000     0.00000     0.00000
    -54.495         0.00000     0.00000     0.00000     0.00000
    -54.345         0.00000     0.00000     0.00000     0.00000
    -54.195         0.00000     0.00000     0.00000     0.00000
    -54.045         0.00000     0.00000     0.00000     0.00000
    -53.895         0.00000     0.00000     0.00000     0.00000
    -53.745         0.00000     0.00000     0.00000     0.00000
    -53.595         0.00000     0.00000     0.00000     0.00000
    -53.445         0.00000     0.00000     0.00000     0.00000
    -53.295         0.00000     0.00000     0.00000     0.00000
    -53.145         0.00000     0.00000     0.00000     0.00000
    -52.995         0.00000     0.00000     0.00000     0.00000
    -52.845         0.00000     0.00000     0.00000     0.00000
    -52.695         0.00000     0.00000     0.00000     0.00000
    -52.545         0.00000     0.00000     0.00000     0.00000
    -52.395         0.00000     0.00000     0.00000     0.00000
    -52.245         0.00000     0.00000     0.00000     0.00000
    -52.095         0.00000     0.00000     0.00000     0.00000
    -51.945         0.00000     0.00000     0.00000     0.00000
    -51.795         0.00000     0.00000     0.00000     0.00000
    -51.645         0.00000     0.00000     0.00000     0.00000
    -51.495         0.00000     0.00000     0.00000     0.00000
    -51.345         0.00000     0.00000     0.00000     0.00000
    -51.195         0.00000     0.00000     0.00000     0.00000
    -51.045         0.00000     0.00000     0.00000     0.00000
    -50.895         0.00000     0.00000     0.00000     0.00000
    -50.745         0.00000     0.00000     0.00000     0.00000
    -50.595         0.00000     0.00000     0.00000     0.00000
    -50.445         0.00000     0.00000     0.00000     0.00000
    -50.295         0.00000     0.00000     0.00000     0.00000
    -50.145         0.00000     0.00000     0.00000     0.00000
    -49.995         0.00000     0.00000     0.00000     0.00000
    -49.845         0.00000     0.00000     0.00000     0.00000
    -49.695         0.00000     0.00000     0.00000     0.00000
    -49.545         0.00000     0.00000     0.00000     0.00000
    -49.395         0.00000     0.00000     0.00000     0.00000
    -49.245         0.00000     0.00000     0.00000     0.00000
    -49.095         0.00000     0.00000     0.00000     0.00000
    -48.945         0.00000     0.00000     0.00000     0.00000
    -48.795         0.00000     0.00000     0.00000     0.00000
    -48.645         0.00000     0.00000     0.00000     0.00000
    -48.495         0.00000     0.00000     0.00000     0.00000
    -48.345         0.00000     0.00000     0.00000     0.00000
    -48.195         0.00000     0.00000     0.00000     0.00000
    -48.045         0.00000     0.00000     0.00000     0.00000
    -47.895         0.00000     0.00000     0.00000     0.00000
    -47.745         0.00000     0.00000     0.00000     0.00000
    -47.595         0.00000     0.00000     0.00000     0.00000
    -47.445         0.00000     0.00000     0.00000     0.00000
    -47.295         0.00000     0.00000     0.00000     0.00000
    -47.145         0.00000     0.00000     0.00000     0.00000
    -46.995         0.00000     0.00000     0.00000     0.00000
    -46.845         0.00000     0.00000     0.00000     0.00000
    -46.695         0.00000     0.00000     0.00000     0.00000
    -46.545         0.00000     0.00000     0.00000     0.00000
    -46.395         0.00000     0.00000     0.00000     0.00000
    -46.245         0.00000     0.00000     0.00000     0.00000
    -46.095         0.00000     0.00000     0.00000     0.00000
    -45.945         0.00000     0.00000     0.00000     0.00000
    -45.795         0.00000     0.00000     0.00000     0.00000
    -45.645         0.00000     0.00000     0.00000     0.00000
    -45.495         0.00000     0.00000     0.00000     0.00000
    -45.345         0.00000     0.00000     0.00000     0.00000
    -45.195         0.00000     0.00000     0.00000     0.00000
    -45.045         0.00000     0.00000     0.00000     0.00000
    -44.895         0.00000     0.00000     0.00000     0.00000
    -44.745         0.00000     0.00000     0.00000     0.00000
    -44.595         0.00000     0.00000     0.00000     0.00000
    -44.445         0.00000     0.00000     0.00000     0.00000
    -44.295         0.00000     0.00000     0.00000     0.00000
    -44.145         0.00000     0.00000     0.00000     0.00000
    -43.995         0.00000     0.00000     0.00000     0.00000
    -43.845         0.00000     0.00000     0.00000     0.00000
    -43.695         0.00000     0.00000     0.00000     0.00000
    -43.545         0.00000     0.00000     0.00000     0.00000
    -43.395         0.00000     0.00000     0.00000     0.00000
    -43.245         0.00000     0.00000     0.00000     0.00000
    -43.095         0.00000     0.00000     0.00000     0.00000
    -42.945         0.00000     0.00000     0.00000     0.00000
    -42.795         0.00000     0.00000     0.00000     0.00000
    -42.645         0.00000     0.00000     0.00000     0.00000
    -42.495         0.00000     0.00000     0.00000     0.00000
    -42.345         0.00000     0.00000     0.00000     0.00000
    -42.195         0.00000     0.00000     0.00000     0.00000
    -42.045         0.00000     0.00000     0.00000     0.00000
    -41.895         0.00000     0.00000     0.00000     0.00000
    -41.745         0.00000     0.00000     0.00000     0.00000
    -41.595         0.00000     0.00000     0.00000     0.00000
    -41.445         0.00000     0.00000     0.00000     0.00000
    -41.295         0.00000     0.00000     0.00000     0.00000
    -41.145         0.00000     0.00000     0.00000     0.00000
    -40.995         0.00000     0.00000     0.00000     0.00000
    -40.845         0.00000     0.00000     0.00000     0.00000
    -40.695         0.00000     0.00000     0.00000     0.00000
    -40.545         0.00000     0.00000     0.00000     0.00000
    -40.395         0.00000     0.00000     0.00000     0.00000
    -40.245         0.00000     0.00000     0.00000     0.00000
    -40.095         0.00000     0.00000     0.00000     0.00000
    -39.945         0.00000     0.00000     0.00000     0.00000
    -39.795         0.00000     0.00000     0.00000     0.00000
    -39.645         0.00000     0.00000     0.00000     0.00000
    -39.495         0.00000     0.00000     0.00000     0.00000
    -39.345         0.00000     0.00000     0.00000     0.00000
    -39.195         0.00000     0.00000     0.00000     0.00000
    -39.045         0.00000     0.00000     0.00000     0.00000
    -38.895         0.00000     0.00000     0.00000     0.00000
    -38.745         0.00000     0.00000     0.00000     0.00000
    -38.595         0.00000     0.00000     0.00000     0.00000
    -38.445         0.00000     0.00000     0.00000     0.00000
    -38.295         0.00000     0.00000     0.00000     0.00000
    -38.145         0.00000     0.00000     0.00000     0.00000
    -37.995         0.00000     0.00000     0.00000     0.00000
    -37.845         0.00000     0.00000     0.00000     0.00000
    -37.695         0.00000     0.00000     0.00000     0.00000
    -37.545         0.00000     0.00000     0.00000     0.00000
    -37.395         0.00000     0.00000     0.00000     0.00000
    -37.245         0.00000     0.00000     0.00000     0.00000
    -37.095         0.00000     0.00000     0.00000     0.00000
    -36.945         0.00000     0.00000     0.00000     0.00000
    -36.795         0.00000     0.00000     0.00000     0.00000
    -36.645         0.00000     0.00000     0.00000     0.00000
    -36.495         0.00000     0.00000     0.00000     0.00000
    -36.345         0.00000     0.00000     0.00000     0.00000
    -36.195         0.00000     0.00000     0.00000     0.00000
    -36.045         0.00000     0.00000     0.00000     0.00000
    -35.895         0.00000     0.00000     0.00000     0.00000
    -35.745         0.00000     0.00000     0.00000     0.00000
    -35.595         0.00000     0.00000     0.00000     0.00000
    -35.445         0.00000     0.00000     0.00000     0.00000
    -35.295         0.00000     0.00000     0.00000     0.00000
    -35.145         0.00000     0.00000     0.00000     0.00000
    -34.995         0.00000     0.00000     0.00000     0.00000
    -34.845         0.00000     0.00000     0.00000     0.00000
    -34.695         0.00000     0.00000     0.00000     0.00000
    -34.545         0.00000     0.00000     0.00000     0.00000
    -34.395         0.00000     0.00000     0.00000     0.00000
    -34.245         0.00000     0.00000     0.00000     0.00000
    -34.095         0.00000     0.00000     0.00000     0.00000
    -33.945         0.00000     0.00000     0.00000     0.00000
    -33.795         0.00000     0.00000     0.00000     0.00000
    -33.645         0.00000     0.00000     0.00000     0.00000
    -33.495         0.00000     0.00000     0.00000     0.00000
    -33.345         0.00000     0.00000     0.00000     0.00000
    -33.195         0.00000     0.00000     0.00000     0.00000
    -33.045         0.00000     0.00000     0.00000     0.00000
    -32.895         0.00000     0.00000     0.00000     0.00000
    -32.745         0.00000     0.00000     0.00000     0.00000
    -32.595         0.00000     0.00000     0.00000     0.00000
    -32.445         0.00000     0.00000     0.00000     0.00000
    -32.295         0.00000     0.00000     0.00000     0.00000
    -32.145         0.00000     0.00000     0.00000     0.00000
    -31.995         0.00000     0.00000     0.00000     0.00000
    -31.845         0.00000     0.00000     0.00000     0.00000
    -31.695         0.00000     0.00000     0.00000     0.00000
    -31.545         0.00000     0.00000     0.00000     0.00000
    -31.395         0.00000     0.00000     0.00000     0.00000
    -31.245         0.00000     0.00000     0.00000     0.00000
    -31.095         0.00000     0.00000     0.00000     0.00000
    -30.945         0.00000     0.00000     0.00000     0.00000
    -30.795         0.00000     0.00000     0.00000     0.00000
    -30.645         0.00000     0.00000     0.00000     0.00000
    -30.495         0.00000     0.00000     0.00000     0.00000
    -30.345         0.00000     0.00000     0.00000     0.00000
    -30.195         0.00000     0.00000     0.00000     0.00000
    -30.045         0.00000     0.00000     0.00000     0.00000
    -29.895         0.00000     0.00000     0.00000     0.00000
    -29.745         0.00000     0.00000     0.00000     0.00000
    -29.595         0.00000     0.00000     0.00000     0.00000
    -29.445         0.00000     0.00000     0.00000     0.00000
    -29.295         0.00000     0.00000     0.00000     0.00000
    -29.145         0.00000     0.00000     0.00000     0.00000
    -28.995         0.00000     0.00000     0.00000     0.00000
    -28.845         0.00000     0.00000     0.00000     0.00000
    -28.695         0.00000     0.00000     0.00000     0.00000
    -28.545         0.00000     0.00000     0.00000     0.00000
    -28.395         0.00000     0.00000     0.00000     0.00000
    -28.245         0.00000     0.00000     0.00000     0.00000
    -28.095         0.00000     0.00000     0.00000     0.00000
    -27.945         0.00000     0.00000     0.00000     0.00000
    -27.795         0.00000     0.00000     0.00000     0.00000
    -27.645         0.00000     0.00000     0.00000     0.00000
    -27.495         0.00000     0.00000     0.00000     0.00000
    -27.345         0.00000     0.00000     0.00000     0.00000
    -27.195         0.00000     0.00000     0.00000     0.00000
    -27.045         0.00000     0.00000     0.00000     0.00000
    -26.895         0.00000     0.00000     0.00000     0.00000
    -26.745         0.00000     0.00000     0.00000     0.00000
    -26.595         0.00000     0.00000     0.00000     0.00000
    -26.445         0.00000     0.00000     0.00000     0.00000
    -26.295         0.00000     0.00000     0.00000     0.00000
    -26.145         0.00000     0.00000     0.00000     0.00000
    -25.995         0.00000     0.00000     0.00000     0.00000
    -25.845         0.00000     0.00000     0.00000     0.00000
    -25.695         0.00000     0.00000     0.00000     0.00000
    -25.545         0.00000     0.00000     0.00000     0.00000
    -25.395         0.00000     0.00000     0.00000     0.00000
    -25.245         0.00000     0.00000     0.00000     0.00000
    -25.095         0.00000     0.00000     0.00000     0.00000
    -24.945         0.00000     0.00000     0.00000     0.00000
    -24.795         0.00000     0.00000     0.00000     0.00000
    -24.645         0.00000     0.00000     0.00000     0.00000
    -24.495         0.00000     0.00000     0.00000     0.00000
    -24.345         0.00000     0.00000     0.00000     0.00000
    -24.195         0.00000     0.00000     0.00000     0.00000
    -24.045         0.00000     0.00000     0.00000     0.00000
    -23.895         0.00000     0.00000     0.00000     0.00000
    -23.745         0.00000     0.00000     0.00000     0.00000
    -23.595         0.00000     0.00000     0.00000     0.00000
    -23.445         0.00000     0.00000     0.00000     0.00000
    -23.295         0.00000     0.00000     0.00000     0.00000
    -23.145         0.00000     0.00000     0.00000     0.00000
    -22.995         0.00000     0.00000     0.00000     0.00000
    -22.845         0.00000     0.00000     0.00000     0.00000
    -22.695         0.00000     0.00000     0.00000     0.00000
    -22.545         0.00000     0.00000     0.00000     0.00000
    -22.395         0.00000     0.00000     0.00000     0.00000
    -22.245         0.00000     0.00000     0.00000     0.00000
    -22.095         0.00000     0.00000     0.00000     0.00000
    -21.945         0.00000     0.00000     0.00000     0.00000
    -21.795         0.00000     0.00000     0.00000     0.00000
    -21.645         0.00000     0.00000     0.00000     0.00000
    -21.495         0.00000     0.00000     0.00000     0.00000
    -21.345         0.00000     0.00000     0.00000     0.00000
    -21.195         0.00000     0.00000     0.00000     0.00000
    -21.045         0.00000     0.00000     0.00000     0.00000
    -20.895         0.00000     0.00000     0.00000     0.00000
    -20.745         0.00000     0.00000     0.00000     0.00000
    -20.595         0.00000     0.00000     0.00000     0.00000
    -20.445         0.00000     0.00000     0.00000     0.00000
    -20.295         0.00000     0.00000     0.00000     0.00000
    -20.145         0.00000     0.00000     0.00000     0.00000
    -19.995         0.00000     0.00000     0.00000     0.00000
    -19.845         0.00000     0.00000     0.00000     0.00000
    -19.695         0.00000     0.00000     0.00000     0.00000
    -19.545         0.00000     0.00000     0.00000     0.00000
    -19.395         0.00000     0.00000     0.00000     0.00000
    -19.245         0.00000     0.00000     0.00000     0.00000
    -19.095         0.00000     0.00000     0.00000     0.00000
    -18.945         0.00000     0.00000     0.00000     0.00000
    -18.795         0.00000     0.00000     0.00000     0.00000
    -18.645         0.00000     0.00000     0.00000     0.00000
    -18.495         0.00000     0.00000     0.00000     0.00000
    -18.345         0.00000     0.00000     0.00000     0.00000
    -18.195         0.00000     0.00000     0.00000     0.00000
    -18.045         0.00000     0.00000     0.00000     0.00000
    -17.895         0.00000     0.00000     0.00000     0.00000
    -17.745         0.00000     0.00000     0.00000     0.00000
    -17.595         0.00000     0.00000     0.00000     0.00000
    -17.445         0.00000     0.00000     0.00000     0.00000
    -17.295         0.00000     0.00000     0.00000     0.00000
    -17.145         0.00000     0.00000     0.00000     0.00000
    -16.995         0.00000     0.00000     0.00000     0.00000
    -16.845        -0.00154    -0.00154     0.00000     0.00000
    -16.695        -0.00387    -0.00387     0.00000     0.00000
    -16.545        -0.00471    -0.00471     0.00000     0.00000
    -16.395        -0.00471    -0.00471     0.00000     0.00000
    -16.245        -0.00637    -0.00637     0.00000     0.00000
    -16.095        -0.00731    -0.00731     0.00000     0.00000
    -15.945        -0.01421    -0.01421     0.00000     0.00000
    -15.795        -0.02042    -0.02042     0.00000     0.00000
    -15.645        -0.02449    -0.02449     0.00000     0.00000
    -15.495        -0.03217    -0.03217     0.00000     0.00000
    -15.345        -0.03555    -0.03555     0.00000     0.00000
    -15.195        -0.04108    -0.04108     0.00000     0.00000
    -15.045        -0.04520    -0.04520    -0.00000     0.00000
    -14.895        -0.04861    -0.04861    -0.00000     0.00000
    -14.745        -0.05060    -0.05060    -0.00000     0.00000
    -14.595        -0.05680    -0.05680    -0.00000     0.00000
    -14.445        -0.06405    -0.06232    -0.00173     0.00000
    -14.295        -0.06882    -0.06646    -0.00236     0.00000
    -14.145        -0.07358    -0.07057    -0.00301     0.00000
    -13.995        -0.08301    -0.07535    -0.00766     0.00000
    -13.845        -0.09125    -0.07943    -0.01182     0.00000
    -13.695        -0.10111    -0.08285    -0.01826     0.00000
    -13.545        -0.11045    -0.08628    -0.02417     0.00000
    -13.395        -0.12478    -0.08967    -0.03510     0.00000
    -13.245        -0.13873    -0.09437    -0.04436     0.00000
    -13.095        -0.16661    -0.10089    -0.06571     0.00000
    -12.945        -0.18474    -0.10493    -0.07980     0.00000
    -12.795        -0.20160    -0.10834    -0.09326     0.00000
    -12.645        -0.21767    -0.11046    -0.10721     0.00000
    -12.495        -0.23562    -0.11506    -0.12056     0.00000
    -12.345        -0.25775    -0.11784    -0.13991     0.00000
    -12.195        -0.27271    -0.12119    -0.15151     0.00000
    -12.045        -0.28927    -0.12121    -0.16806     0.00000
    -11.895        -0.30678    -0.12630    -0.18048     0.00000
    -11.745        -0.31760    -0.12786    -0.18974     0.00000
    -11.595        -0.33486    -0.13294    -0.20193     0.00000
    -11.445        -0.34873    -0.13572    -0.21301     0.00000
    -11.295        -0.36015    -0.13905    -0.22110     0.00000
    -11.145        -0.37798    -0.14128    -0.23670     0.00000
    -10.995        -0.38474    -0.14352    -0.24122     0.00000
    -10.845        -0.39213    -0.14352    -0.24861     0.00000
    -10.695        -0.40366    -0.14633    -0.25733     0.00000
    -10.545        -0.40996    -0.14967    -0.26029     0.00000
    -10.395        -0.41853    -0.15197    -0.26657     0.00000
    -10.245        -0.42595    -0.15365    -0.27230     0.00000
    -10.095        -0.43333    -0.15533    -0.27800     0.00000
    -9.9450        -0.43884    -0.15702    -0.28182     0.00000
    -9.7950        -0.44362    -0.15987    -0.28375     0.00000
    -9.6450        -0.45119    -0.16277    -0.28841     0.00000
    -9.4950        -0.45577    -0.16449    -0.29128     0.00000
    -9.3450        -0.46169    -0.16621    -0.29548     0.00000
    -9.1950        -0.46880    -0.16960    -0.29920     0.00000
    -9.0450        -0.47337    -0.17133    -0.30205     0.00000
    -8.8950        -0.47780    -0.17380    -0.30401     0.00000
    -8.7450        -0.48236    -0.17553    -0.30683     0.00000
    -8.5950        -0.48860    -0.17854    -0.31006     0.00000
    -8.4450        -0.49193    -0.18029    -0.31164     0.00000
    -8.2950        -0.49605    -0.18282    -0.31323     0.00000
    -8.1450        -0.50360    -0.18754    -0.31606     0.00000
    -7.9950        -0.50700    -0.18927    -0.31773     0.00000
    -7.8450        -0.51234    -0.19101    -0.32133     0.00000
    -7.6950        -0.51994    -0.19538    -0.32456     0.00000
    -7.5450        -0.52531    -0.19900    -0.32631     0.00000
    -7.3950        -0.53170    -0.20343    -0.32810    -0.00018
    -7.2450        -0.53854    -0.20786    -0.33030    -0.00038
    -7.0950        -0.54711    -0.21049    -0.33465    -0.00197
    -6.9450        -0.56207    -0.21603    -0.33728    -0.00876
    -6.7950        -0.58866    -0.21980    -0.33962    -0.02924
    -6.6450        -0.63986    -0.22470    -0.34238    -0.07279
    -6.4950        -0.72557    -0.22965    -0.34554    -0.15037
    -6.3450        -0.85680    -0.23529    -0.35065    -0.27086
    -6.1950        -1.01736    -0.24127    -0.35550    -0.42059
    -6.0450        -1.21213    -0.24638    -0.36273    -0.60302
    -5.8950        -1.42757    -0.25032    -0.36709    -0.81016
    -5.7450        -1.66925    -0.25552    -0.37301    -1.04073
    -5.5950        -1.92190    -0.26076    -0.37814    -1.28301
    -5.4450        -2.17834    -0.26726    -0.38339    -1.52769
    -5.2950        -2.43571    -0.27357    -0.38877    -1.77336
    -5.1450        -2.69288    -0.27897    -0.39558    -2.01833
    -4.9950        -2.95129    -0.28647    -0.40351    -2.26131
    -4.8450        -3.19647    -0.29297    -0.41012    -2.49339
    -4.6950        -3.43884    -0.30113    -0.41924    -2.71846
    -4.5450        -3.66706    -0.30890    -0.42738    -2.93078
    -4.3950        -3.88974    -0.31909    -0.43592    -3.13473
    -4.2450        -4.09741    -0.32732    -0.44571    -3.32438
    -4.0950        -4.30098    -0.33787    -0.45735    -3.50576
    -3.9450        -4.50353    -0.34837    -0.46992    -3.68524
    -3.7950        -4.69569    -0.35858    -0.48268    -3.85443
    -3.6450        -4.88763    -0.36972    -0.49633    -4.02158
    -3.4950        -5.07543    -0.38147    -0.51174    -4.18222
    -3.3450        -5.25413    -0.39433    -0.52632    -4.33348
    -3.1950        -5.43842    -0.40559    -0.54370    -4.48914
    -3.0450        -5.62584    -0.42155    -0.56144    -4.64285
    -2.8950        -5.81994    -0.43698    -0.58217    -4.80080
    -2.7450        -6.02153    -0.45593    -0.60514    -4.96046
    -2.5950        -6.23656    -0.47551    -0.62955    -5.13151
    -2.4450        -6.46574    -0.49751    -0.65700    -5.31123
    -2.2950        -6.71362    -0.52383    -0.68715    -5.50263
    -2.1450        -6.98942    -0.55310    -0.71980    -5.71652
    -1.9950        -7.29840    -0.58558    -0.75772    -5.95510
    -1.8450        -7.64731    -0.62114    -0.79847    -6.22770
    -1.6950        -8.05025    -0.66133    -0.84556    -6.54337
    -1.5450        -8.54442    -0.70846    -0.89853    -6.93744
    -1.3950        -9.15557    -0.76482    -0.96302    -7.42773
    -1.2450        -9.90076    -0.83011    -1.03055    -8.04011
    -1.0950       -10.80065    -0.90809    -1.11086    -8.78170
   -0.94500       -11.88722    -1.00346    -1.20758    -9.67618
   -0.79500       -13.19346    -1.12533    -1.33132   -10.73681
   -0.64500       -14.79115    -1.29407    -1.50044   -11.99664
   -0.49500       -16.75386    -1.53193    -1.74708   -13.47485
   -0.34500       -19.49913    -1.90702    -2.15594   -15.43617
   -0.22700       -20.73422    -2.08861    -2.35387   -16.29174
   -0.21300       -20.89894    -2.11329    -2.38089   -16.40476
   -0.20700       -21.06585    -2.13816    -2.40795   -16.51974
   -0.20100       -21.23905    -2.16421    -2.43674   -16.63809
   -0.19500       -21.41695    -2.19104    -2.46596   -16.75995
   -0.18900       -21.60042    -2.21858    -2.49629   -16.88556
   -0.18300       -21.78972    -2.24736    -2.52751   -17.01485
   -0.17700       -21.98386    -2.27762    -2.55885   -17.14739
   -0.17100       -22.18338    -2.30839    -2.59162   -17.28337
   -0.16500       -22.38985    -2.34021    -2.62580   -17.42384
   -0.15900       -22.60370    -2.37351    -2.66058   -17.56961
   -0.15300       -22.82490    -2.40793    -2.69658   -17.72039
   -0.14700       -23.05404    -2.44369    -2.73408   -17.87626
   -0.14100       -23.29283    -2.48119    -2.77334   -18.03831
   -0.13500       -23.54114    -2.52006    -2.81409   -18.20699
   -0.12900       -23.79961    -2.56118    -2.85573   -18.38270
   -0.12300       -24.06856    -2.60257    -2.89973   -18.56626
   -0.11700       -24.34971    -2.64642    -2.94556   -18.75774
   -0.11100       -24.64358    -2.69189    -2.99306   -18.95863
   -0.10500       -24.95179    -2.73932    -3.04253   -19.16995
   -0.99000E-01   -25.27553    -2.78810    -3.09593   -19.39150
   -0.93000E-01   -25.61702    -2.83987    -3.15168   -19.62547
   -0.87000E-01   -25.97822    -2.89323    -3.21151   -19.87348
   -0.81000E-01   -26.36283    -2.94960    -3.27471   -20.13853
   -0.75000E-01   -26.77388    -3.00826    -3.34224   -20.42337
   -0.69000E-01   -27.21411    -3.07011    -3.41421   -20.72979
   -0.63000E-01   -27.69149    -3.13650    -3.49133   -21.06366
   -0.57000E-01   -28.21496    -3.20701    -3.57672   -21.43123
   -0.51000E-01   -28.79554    -3.28446    -3.67244   -21.83864
   -0.45000E-01   -29.44791    -3.37018    -3.77742   -22.30031
   -0.39000E-01   -30.17852    -3.46100    -3.88706   -22.83045
   -0.33000E-01   -31.00321    -3.55183    -3.99478   -23.45660
   -0.27000E-01   -31.95610    -3.63848    -4.09531   -24.22230
   -0.21300E-01   -32.71443    -3.69266    -4.15633   -24.86544
   -0.19500E-01   -32.83535    -3.70028    -4.16474   -24.97033
   -0.18900E-01   -32.95997    -3.70766    -4.17278   -25.07953
   -0.18300E-01   -33.08696    -3.71484    -4.18070   -25.19143
   -0.17700E-01   -33.21756    -3.72180    -4.18842   -25.30734
   -0.17100E-01   -33.35169    -3.72873    -4.19579   -25.42717
   -0.16500E-01   -33.49006    -3.73556    -4.20315   -25.55135
   -0.15900E-01   -33.63296    -3.74214    -4.21014   -25.68067
   -0.15300E-01   -33.78022    -3.74855    -4.21698   -25.81469
   -0.14700E-01   -33.93313    -3.75481    -4.22352   -25.95480
   -0.14100E-01   -34.09110    -3.76084    -4.22980   -26.10046
   -0.13500E-01   -34.25527    -3.76664    -4.23588   -26.25275
   -0.12900E-01   -34.42632    -3.77221    -4.24169   -26.41242
   -0.12300E-01   -34.60498    -3.77753    -4.24727   -26.58018
   -0.11700E-01   -34.79205    -3.78265    -4.25257   -26.75683
   -0.11100E-01   -34.98791    -3.78755    -4.25762   -26.94275
   -0.10500E-01   -35.19509    -3.79212    -4.26242   -27.14055
   -0.99000E-02   -35.41390    -3.79646    -4.26697   -27.35047
   -0.93000E-02   -35.64694    -3.80053    -4.27124   -27.57517
   -0.87000E-02   -35.89532    -3.80441    -4.27523   -27.81567
   -0.81000E-02   -36.16330    -3.80806    -4.27898   -28.07627
   -0.75000E-02   -36.45481    -3.81141    -4.28241   -28.36100
   -0.69000E-02   -36.77526    -3.81457    -4.28555   -28.67515
   -0.63000E-02   -37.13001    -3.81743    -4.28842   -29.02415
   -0.57000E-02   -37.52548    -3.82001    -4.29106   -29.41441
   -0.51000E-02   -37.96996    -3.82234    -4.29340   -29.85422
   -0.45000E-02   -38.47036    -3.82439    -4.29545   -30.35051
   -0.39000E-02   -39.03628    -3.82618    -4.29724   -30.91286
   -0.33000E-02   -39.67842    -3.82771    -4.29876   -31.55195
   -0.27000E-02   -40.41046    -3.82896    -4.30000   -32.28151
   -0.21000E-02   -41.25336    -3.82993    -4.30096   -33.12247
   -0.15000E-02   -42.24470    -3.83063    -4.30165   -34.11242
   -0.90000E-03   -43.23036    -3.83105    -4.30207   -35.09724
   -0.30000E-03   -43.64858    -3.83119    -4.30221   -35.51519
    0.30000E-03   -43.23114    -3.83105    -4.30207   -35.09802
    0.90000E-03   -42.24518    -3.83063    -4.30166   -34.11289
    0.15000E-02   -41.25322    -3.82993    -4.30098   -33.12232
    0.21000E-02   -40.40928    -3.82894    -4.30001   -32.28033
    0.27000E-02   -39.67714    -3.82767    -4.29879   -31.55068
    0.33000E-02   -39.03512    -3.82612    -4.29730   -30.91170
    0.39000E-02   -38.46877    -3.82430    -4.29553   -30.34894
    0.45000E-02   -37.96877    -3.82217    -4.29353   -29.85307
    0.51000E-02   -37.52503    -3.81978    -4.29122   -29.41403
    0.57000E-02   -37.12926    -3.81712    -4.28865   -29.02349
    0.63000E-02   -36.77479    -3.81417    -4.28580   -28.67482
    0.69000E-02   -36.45489    -3.81096    -4.28267   -28.36127
    0.75000E-02   -36.16357    -3.80747    -4.27929   -28.07681
    0.81000E-02   -35.89596    -3.80371    -4.27566   -27.81659
    0.87000E-02   -35.64741    -3.79965    -4.27177   -27.57599
    0.93000E-02   -35.41496    -3.79532    -4.26762   -27.35202
    0.99000E-02   -35.19658    -3.79072    -4.26328   -27.14257
    0.10500E-01   -34.98983    -3.78587    -4.25862   -26.94534
    0.11100E-01   -34.79395    -3.78078    -4.25376   -26.75941
    0.11700E-01   -34.60678    -3.77528    -4.24869   -26.58280
    0.12300E-01   -34.42840    -3.76964    -4.24338   -26.41538
    0.12900E-01   -34.25760    -3.76380    -4.23787   -26.25594
    0.13500E-01   -34.09341    -3.75766    -4.23206   -26.10369
    0.14100E-01   -33.93573    -3.75131    -4.22602   -25.95840
    0.14700E-01   -33.78370    -3.74467    -4.21985   -25.81918
    0.15300E-01   -33.63629    -3.73784    -4.21348   -25.68497
    0.15900E-01   -33.49383    -3.73066    -4.20694   -25.55623
    0.16500E-01   -33.35539    -3.72333    -4.20016   -25.43190
    0.17100E-01   -33.22119    -3.71582    -4.19324   -25.31214
    0.17700E-01   -33.09043    -3.70800    -4.18623   -25.19620
    0.18300E-01   -32.96309    -3.70004    -4.17904   -25.08401
    0.18900E-01   -32.83874    -3.69172    -4.17163   -24.97538
    0.19500E-01   -32.71759    -3.68328    -4.16419   -24.87012
    0.21300E-01   -31.95825    -3.62123    -4.11019   -24.22683
    0.27000E-01   -31.00258    -3.52010    -4.02352   -23.45896
    0.33000E-01   -30.17886    -3.41356    -3.93200   -22.83330
    0.39000E-01   -29.45513    -3.30611    -3.84145   -22.30757
    0.45000E-01   -28.81250    -3.20207    -3.75693   -21.85350
    0.51000E-01   -28.24461    -3.10717    -3.68067   -21.45677
    0.57000E-01   -27.73505    -3.02137    -3.61030   -21.10338
    0.63000E-01   -27.27541    -2.94401    -3.54455   -20.78685
    0.69000E-01   -26.85414    -2.87211    -3.48287   -20.49916
    0.75000E-01   -26.46573    -2.80562    -3.42404   -20.23606
    0.81000E-01   -26.10630    -2.74313    -3.36832   -19.99485
    0.87000E-01   -25.77110    -2.68367    -3.31544   -19.77200
    0.93000E-01   -25.45722    -2.62690    -3.26483   -19.56549
    0.99000E-01   -25.16074    -2.57298    -3.21507   -19.37270
    0.10500       -24.88222    -2.52188    -3.16833   -19.19201
    0.11100       -24.61892    -2.47316    -3.12371   -19.02205
    0.11700       -24.36881    -2.42644    -3.08062   -18.86175
    0.12300       -24.13095    -2.38230    -3.03839   -18.71026
    0.12900       -23.90689    -2.34020    -2.99787   -18.56881
    0.13500       -23.69317    -2.29971    -2.95854   -18.43492
    0.14100       -23.48976    -2.26131    -2.92072   -18.30772
    0.14700       -23.29426    -2.22344    -2.88382   -18.18699
    0.15300       -23.10742    -2.18701    -2.84805   -18.07236
    0.15900       -22.92873    -2.15135    -2.81425   -17.96313
    0.16500       -22.75832    -2.11808    -2.78090   -17.85934
    0.17100       -22.59364    -2.08535    -2.74831   -17.75998
    0.17700       -22.43568    -2.05367    -2.71722   -17.66480
    0.18300       -22.28427    -2.02361    -2.68714   -17.57351
    0.18900       -22.13879    -1.99471    -2.65838   -17.48569
    0.19500       -21.99825    -1.96659    -2.63012   -17.40155
    0.20100       -21.86167    -1.93944    -2.60246   -17.31977
    0.20700       -21.72965    -1.91308    -2.57548   -17.24108
    0.21300       -21.60367    -1.88705    -2.55000   -17.16662
    0.22700       -20.68144    -1.69597    -2.35874   -16.62673
    0.34500       -18.83307    -1.29778    -1.96501   -15.57028
    0.49500       -17.70418    -1.05531    -1.72589   -14.92298
    0.64500       -16.89246    -0.88915    -1.55860   -14.44472
    0.79500       -16.26709    -0.76815    -1.44339   -14.05555
    0.94500       -15.75676    -0.67327    -1.35135   -13.73215
     1.0950       -15.33399    -0.59714    -1.27983   -13.45702
     1.2450       -14.98073    -0.53757    -1.22020   -13.22297
     1.3950       -14.66824    -0.49075    -1.16769   -13.00979
     1.5450       -14.40145    -0.44887    -1.12417   -12.82841
     1.6950       -14.16587    -0.41531    -1.08618   -12.66438
     1.8450       -13.95907    -0.38746    -1.05198   -12.51963
     1.9950       -13.77334    -0.36105    -1.02082   -12.39147
     2.1450       -13.59848    -0.33892    -0.99308   -12.26649
     2.2950       -13.44553    -0.31804    -0.96858   -12.15891
     2.4450       -13.30388    -0.30142    -0.94740   -12.05506
     2.5950       -13.16775    -0.28487    -0.92721   -11.95567
     2.7450       -13.04886    -0.26884    -0.90961   -11.87041
     2.8950       -12.94758    -0.25450    -0.89285   -11.80024
     3.0450       -12.84357    -0.24278    -0.87736   -11.72343
     3.1950       -12.75715    -0.23207    -0.86283   -11.66225
     3.3450       -12.67577    -0.22413    -0.84975   -11.60189
     3.4950       -12.60495    -0.21823    -0.83724   -11.54947
     3.6450       -12.53946    -0.21360    -0.82548   -11.50038
     3.7950       -12.48059    -0.20831    -0.81493   -11.45734
     3.9450       -12.42108    -0.20116    -0.80417   -11.41575
     4.0950       -12.36486    -0.19393    -0.79399   -11.37694
     4.2450       -12.31033    -0.18870    -0.78497   -11.33665
     4.3950       -12.26367    -0.18479    -0.77657   -11.30231
     4.5450       -12.21776    -0.18089    -0.76882   -11.26806
     4.6950       -12.17727    -0.17782    -0.76324   -11.23621
     4.8450       -12.13509    -0.17335    -0.75662   -11.20512
     4.9950       -12.09541    -0.16891    -0.74987   -11.17663
     5.1450       -12.05731    -0.16455    -0.74408   -11.14867
     5.2950       -12.02067    -0.16027    -0.73842   -11.12197
     5.4450       -11.98776    -0.15723    -0.73504   -11.09548
     5.5950       -11.95544    -0.15521    -0.73168   -11.06856
     5.7450       -11.92369    -0.15318    -0.72641   -11.04410
     5.8950       -11.89133    -0.14960    -0.72228   -11.01945
     6.0450       -11.86293    -0.14660    -0.72005   -10.99628
     6.1950       -11.83584    -0.14276    -0.71936   -10.97372
     6.3450       -11.80916    -0.13984    -0.71870   -10.95062
     6.4950       -11.78329    -0.13937    -0.71480   -10.92913
     6.6450       -11.75723    -0.13652    -0.71256   -10.90815
     6.7950       -11.73036    -0.13332    -0.70930   -10.88774
     6.9450       -11.70605    -0.13129    -0.70705   -10.86772
     7.0950       -11.68387    -0.13092    -0.70480   -10.84815
     7.2450       -11.66157    -0.12820    -0.70432   -10.82904
     7.3950       -11.64030    -0.12787    -0.70207   -10.81035
     7.5450       -11.62122    -0.12756    -0.70164   -10.79203
     7.6950       -11.60259    -0.12725    -0.70122   -10.77412
     7.8450       -11.58429    -0.12695    -0.70082   -10.75652
     7.9950       -11.56471    -0.12497    -0.70043   -10.73931
     8.1450       -11.54719    -0.12470    -0.70006   -10.72243
     8.2950       -11.52999    -0.12444    -0.69971   -10.70584
     8.4450       -11.51311    -0.12419    -0.69938   -10.68954
     8.5950       -11.49662    -0.12395    -0.69905   -10.67363
     8.7450       -11.48040    -0.12372    -0.69873   -10.65795
     8.8950       -11.46449    -0.12350    -0.69842   -10.64257
     9.0450       -11.44706    -0.12329    -0.69626   -10.62751
     9.1950       -11.43171    -0.12308    -0.69598   -10.61265
     9.3450       -11.41667    -0.12288    -0.69571   -10.59807
     9.4950       -11.40191    -0.12269    -0.69545   -10.58377
     9.6450       -11.38731    -0.12250    -0.69518   -10.56963
     9.7950       -11.37296    -0.12231    -0.69493   -10.55572
     9.9450       -11.35883    -0.12213    -0.69468   -10.54203
     10.095       -11.34498    -0.12196    -0.69444   -10.52858
     10.245       -11.33135    -0.12179    -0.69421   -10.51535
     10.395       -11.31789    -0.12163    -0.69399   -10.50227
     10.545       -11.30468    -0.12148    -0.69378   -10.48943
     10.695       -11.29165    -0.12133    -0.69357   -10.47676
     10.845       -11.27886    -0.12117    -0.69337   -10.46432
     10.995       -11.26621    -0.12102    -0.69317   -10.45202
     11.145       -11.25375    -0.12087    -0.69298   -10.43990
     11.295       -11.24147    -0.12074    -0.69279   -10.42795
     11.445       -11.22928    -0.12061    -0.69260   -10.41608
     11.595       -11.21736    -0.12047    -0.69241   -10.40447
     11.745       -11.20559    -0.12035    -0.69223   -10.39301
     11.895       -11.19393    -0.12022    -0.69205   -10.38167
     12.045       -11.18250    -0.12009    -0.69188   -10.37053
     12.195       -11.17117    -0.11997    -0.69170   -10.35949
     12.345       -11.16003    -0.11985    -0.69153   -10.34865
     12.495       -11.14900    -0.11974    -0.69137   -10.33790
     12.645       -11.13814    -0.11962    -0.69121   -10.32731
     12.795       -11.12739    -0.11951    -0.69105   -10.31683
     12.945       -11.11679    -0.11940    -0.69090   -10.30649
     13.095       -11.10630    -0.11929    -0.69075   -10.29626
     13.245       -11.09593    -0.11918    -0.69060   -10.28614
     13.395       -11.08570    -0.11908    -0.69046   -10.27616
     13.545       -11.07565    -0.11897    -0.69032   -10.26637
     13.695       -11.06565    -0.11887    -0.69018   -10.25660
     13.845       -11.05579    -0.11877    -0.69004   -10.24699
     13.995       -11.04603    -0.11867    -0.68991   -10.23746
     14.145       -11.03640    -0.11858    -0.68977   -10.22806
     14.295       -11.02688    -0.11849    -0.68964   -10.21876
     14.445       -11.01744    -0.11840    -0.68951   -10.20954
     14.595       -11.00811    -0.11830    -0.68938   -10.20043
     14.745       -10.99889    -0.11821    -0.68926   -10.19142
     14.895       -10.98979    -0.11812    -0.68913   -10.18254
     15.045       -10.98072    -0.11804    -0.68901   -10.17367
     15.195       -10.97179    -0.11795    -0.68889   -10.16495
     15.345       -10.96298    -0.11787    -0.68877   -10.15633
     15.495       -10.95422    -0.11779    -0.68865   -10.14778
     15.645       -10.94554    -0.11771    -0.68853   -10.13930
     15.795       -10.93696    -0.11763    -0.68842   -10.13091
     15.945       -10.92846    -0.11756    -0.68831   -10.12260
     16.095       -10.92007    -0.11748    -0.68820   -10.11439
     16.245       -10.91176    -0.11740    -0.68809   -10.10627
     16.395       -10.90351    -0.11733    -0.68798   -10.09820
     16.545       -10.89535    -0.11725    -0.68788   -10.09022
     16.695       -10.88725    -0.11717    -0.68778   -10.08230
     16.845       -10.87928    -0.11710    -0.68768   -10.07450
     16.995       -10.87133    -0.11703    -0.68757   -10.06673
     17.145       -10.86350    -0.11697    -0.68747   -10.05906
     17.295       -10.85572    -0.11689    -0.68737   -10.05145
     17.445       -10.84804    -0.11683    -0.68727   -10.04394
     17.595       -10.84042    -0.11676    -0.68718   -10.03648
     17.745       -10.83286    -0.11670    -0.68708   -10.02908
     17.895       -10.82535    -0.11663    -0.68698   -10.02174
     18.045       -10.81792    -0.11657    -0.68689   -10.01447
     18.195       -10.81054    -0.11650    -0.68679   -10.00724
     18.345       -10.80319    -0.11644    -0.68670   -10.00005
     18.495       -10.79597    -0.11638    -0.68661    -9.99297
     18.645       -10.78881    -0.11632    -0.68652    -9.98598
     18.795       -10.78169    -0.11626    -0.68642    -9.97901
     18.945       -10.77464    -0.11620    -0.68633    -9.97211
     19.095       -10.76762    -0.11613    -0.68625    -9.96524
     19.245       -10.76069    -0.11608    -0.68616    -9.95845
     19.395       -10.75383    -0.11602    -0.68607    -9.95173
     19.545       -10.74699    -0.11596    -0.68599    -9.94504
     19.695       -10.74022    -0.11591    -0.68590    -9.93841
     19.845       -10.73351    -0.11585    -0.68581    -9.93184
     19.995       -10.72682    -0.11579    -0.68573    -9.92530
     20.145       -10.72022    -0.11574    -0.68565    -9.91883
     20.295       -10.71367    -0.11569    -0.68557    -9.91242
     20.445       -10.70721    -0.11563    -0.68549    -9.90609
     20.595       -10.70076    -0.11558    -0.68541    -9.89977
     20.745       -10.69438    -0.11552    -0.68533    -9.89353
     20.895       -10.68805    -0.11547    -0.68525    -9.88733
     21.045       -10.68177    -0.11542    -0.68517    -9.88117
     21.195       -10.67551    -0.11536    -0.68509    -9.87505
     21.345       -10.66932    -0.11531    -0.68502    -9.86898
     21.495       -10.66315    -0.11527    -0.68494    -9.86294
     21.645       -10.65703    -0.11522    -0.68487    -9.85695
     21.795       -10.65096    -0.11517    -0.68479    -9.85101
     21.945       -10.64495    -0.11512    -0.68472    -9.84511
     22.095       -10.63898    -0.11507    -0.68464    -9.83928
     22.245       -10.63307    -0.11502    -0.68457    -9.83348
     22.395       -10.62718    -0.11497    -0.68449    -9.82772
     22.545       -10.62131    -0.11492    -0.68443    -9.82197
     22.695       -10.61550    -0.11487    -0.68435    -9.81628
     22.845       -10.60975    -0.11482    -0.68428    -9.81064
     22.995       -10.60402    -0.11477    -0.68422    -9.80503
     23.145       -10.59836    -0.11473    -0.68415    -9.79948
     23.295       -10.59272    -0.11468    -0.68408    -9.79395
     23.445       -10.58710    -0.11464    -0.68401    -9.78845
     23.595       -10.58155    -0.11459    -0.68394    -9.78301
     23.745       -10.57603    -0.11455    -0.68387    -9.77761
     23.895       -10.57052    -0.11450    -0.68381    -9.77222
     24.045       -10.56508    -0.11446    -0.68374    -9.76688
     24.195       -10.55968    -0.11441    -0.68367    -9.76159
     24.345       -10.55429    -0.11437    -0.68361    -9.75631
     24.495       -10.54893    -0.11433    -0.68354    -9.75106
     24.645       -10.54363    -0.11429    -0.68347    -9.74587
     24.795       -10.53836    -0.11424    -0.68341    -9.74071
     24.945       -10.53311    -0.11420    -0.68334    -9.73556
     25.095       -10.52792    -0.11416    -0.68328    -9.73047
     25.245       -10.52275    -0.11412    -0.68322    -9.72541
     25.395       -10.51761    -0.11408    -0.68315    -9.72037
     25.545       -10.51250    -0.11404    -0.68309    -9.71537
     25.695       -10.50742    -0.11400    -0.68302    -9.71040
     25.845       -10.50238    -0.11396    -0.68296    -9.70546
     25.995       -10.49737    -0.11392    -0.68291    -9.70054
     26.145       -10.49239    -0.11388    -0.68285    -9.69566
     26.295       -10.48741    -0.11385    -0.68279    -9.69077
     26.445       -10.48249    -0.11381    -0.68273    -9.68596
     26.595       -10.47759    -0.11377    -0.68267    -9.68115
     26.745       -10.47275    -0.11373    -0.68261    -9.67641
     26.895       -10.46793    -0.11369    -0.68255    -9.67168
     27.045       -10.46312    -0.11366    -0.68249    -9.66697
     27.195       -10.45835    -0.11362    -0.68244    -9.66230
     27.345       -10.45360    -0.11358    -0.68238    -9.65763
     27.495       -10.44889    -0.11355    -0.68232    -9.65302
     27.645       -10.44420    -0.11351    -0.68226    -9.64842
     27.795       -10.43953    -0.11348    -0.68221    -9.64384
     27.945       -10.43491    -0.11344    -0.68215    -9.63932
     28.095       -10.43031    -0.11341    -0.68210    -9.63481
     28.245       -10.42574    -0.11337    -0.68205    -9.63033
     28.395       -10.42120    -0.11333    -0.68199    -9.62588
     28.545       -10.41666    -0.11330    -0.68194    -9.62143
     28.695       -10.41215    -0.11327    -0.68188    -9.61701
     28.845       -10.40767    -0.11323    -0.68183    -9.61261
     28.995       -10.40322    -0.11320    -0.68178    -9.60825
     29.145       -10.39877    -0.11316    -0.68172    -9.60388
     29.295       -10.39435    -0.11313    -0.68167    -9.59956
     29.445       -10.38999    -0.11310    -0.68161    -9.59528
     29.595       -10.38564    -0.11306    -0.68156    -9.59102
     29.745       -10.38131    -0.11303    -0.68151    -9.58677
     29.895       -10.37698    -0.11299    -0.68146    -9.58253
     30.045       -10.37272    -0.11296    -0.68141    -9.57835
     30.195       -10.36847    -0.11293    -0.68136    -9.57418
     30.345       -10.36421    -0.11290    -0.68131    -9.57001
     30.495       -10.35999    -0.11286    -0.68126    -9.56587
     30.645       -10.35578    -0.11283    -0.68121    -9.56174
     30.795       -10.35157    -0.11280    -0.68115    -9.55762
     30.945       -10.34741    -0.11277    -0.68111    -9.55354
     31.095       -10.34328    -0.11274    -0.68106    -9.54948
     31.245       -10.33917    -0.11271    -0.68101    -9.54545
     31.395       -10.33505    -0.11267    -0.68096    -9.54142
     31.545       -10.33097    -0.11264    -0.68091    -9.53741
     31.695       -10.32692    -0.11261    -0.68087    -9.53344
     31.845       -10.32288    -0.11258    -0.68082    -9.52948
     31.995       -10.31887    -0.11255    -0.68077    -9.52555
     32.145       -10.31487    -0.11252    -0.68072    -9.52163
     32.295       -10.31090    -0.11249    -0.68067    -9.51774
     32.445       -10.30695    -0.11246    -0.68063    -9.51386
     32.595       -10.30299    -0.11243    -0.68058    -9.50999
     32.745       -10.29908    -0.11240    -0.68053    -9.50616
     32.895       -10.29519    -0.11237    -0.68049    -9.50234
     33.045       -10.29132    -0.11234    -0.68044    -9.49854
     33.195       -10.28745    -0.11231    -0.68039    -9.49474
     33.345       -10.28361    -0.11228    -0.68035    -9.49098
     33.495       -10.27979    -0.11225    -0.68030    -9.48724
     33.645       -10.27601    -0.11223    -0.68025    -9.48353
     33.795       -10.27224    -0.11220    -0.68021    -9.47983
     33.945       -10.26846    -0.11217    -0.68016    -9.47613
     34.095       -10.26472    -0.11215    -0.68012    -9.47246
     34.245       -10.26099    -0.11212    -0.68008    -9.46880
     34.395       -10.25729    -0.11209    -0.68003    -9.46516
     34.545       -10.25360    -0.11206    -0.67999    -9.46155
     34.695       -10.24993    -0.11204    -0.67994    -9.45795
     34.845       -10.24628    -0.11201    -0.67990    -9.45437
     34.995       -10.24265    -0.11198    -0.67986    -9.45081
     35.145       -10.23903    -0.11196    -0.67981    -9.44726
     35.295       -10.23541    -0.11193    -0.67977    -9.44371
     35.445       -10.23184    -0.11190    -0.67973    -9.44020
     35.595       -10.22826    -0.11188    -0.67969    -9.43670
     35.745       -10.22472    -0.11185    -0.67965    -9.43322
     35.895       -10.22118    -0.11183    -0.67961    -9.42974
     36.045       -10.21766    -0.11180    -0.67956    -9.42630
     36.195       -10.21416    -0.11178    -0.67952    -9.42286
     36.345       -10.21066    -0.11175    -0.67948    -9.41943
     36.495       -10.20721    -0.11172    -0.67944    -9.41604
     36.645       -10.20376    -0.11170    -0.67940    -9.41266
     36.795       -10.20032    -0.11167    -0.67936    -9.40928
     36.945       -10.19689    -0.11164    -0.67932    -9.40593
     37.095       -10.19349    -0.11161    -0.67928    -9.40259
     37.245       -10.19008    -0.11159    -0.67924    -9.39925
     37.395       -10.18670    -0.11156    -0.67920    -9.39593
     37.545       -10.18332    -0.11154    -0.67916    -9.39262
     37.695       -10.17997    -0.11151    -0.67913    -9.38934
     37.845       -10.17664    -0.11149    -0.67909    -9.38606
     37.995       -10.17331    -0.11146    -0.67905    -9.38280
     38.145       -10.17001    -0.11144    -0.67901    -9.37956
     38.295       -10.16672    -0.11141    -0.67897    -9.37634
     38.445       -10.16345    -0.11139    -0.67893    -9.37313
     38.595       -10.16019    -0.11137    -0.67889    -9.36993
     38.745       -10.15693    -0.11134    -0.67885    -9.36673
     38.895       -10.15368    -0.11132    -0.67881    -9.36355
     39.045       -10.15046    -0.11129    -0.67877    -9.36039
     39.195       -10.14725    -0.11127    -0.67874    -9.35724
     39.345       -10.14402    -0.11125    -0.67870    -9.35407
     39.495       -10.14084    -0.11122    -0.67867    -9.35095
     39.645       -10.13767    -0.11120    -0.67863    -9.34784
     39.795       -10.13452    -0.11118    -0.67859    -9.34475
     39.945       -10.13137    -0.11116    -0.67855    -9.34166
     40.095       -10.12823    -0.11114    -0.67852    -9.33858
     40.245       -10.12510    -0.11111    -0.67848    -9.33550
     40.395       -10.12198    -0.11109    -0.67844    -9.33245
     40.545       -10.11891    -0.11107    -0.67840    -9.32943
     40.695       -10.11582    -0.11104    -0.67837    -9.32640
     40.845       -10.11277    -0.11102    -0.67833    -9.32341
     40.995       -10.10970    -0.11100    -0.67829    -9.32041
     41.145       -10.10665    -0.11098    -0.67826    -9.31741
     41.295       -10.10362    -0.11096    -0.67822    -9.31445
     41.445       -10.10061    -0.11093    -0.67819    -9.31148
     41.595       -10.09759    -0.11091    -0.67815    -9.30853
     41.745       -10.09460    -0.11089    -0.67812    -9.30559
     41.895       -10.09162    -0.11087    -0.67808    -9.30267
     42.045       -10.08865    -0.11085    -0.67805    -9.29975
     42.195       -10.08566    -0.11082    -0.67801    -9.29682
     42.345       -10.08271    -0.11080    -0.67798    -9.29393
     42.495       -10.07977    -0.11078    -0.67794    -9.29104
     42.645       -10.07686    -0.11076    -0.67791    -9.28818
     42.795       -10.07394    -0.11074    -0.67788    -9.28533
     42.945       -10.07104    -0.11072    -0.67785    -9.28248
     43.095       -10.06814    -0.11070    -0.67781    -9.27963
     43.245       -10.06525    -0.11068    -0.67778    -9.27680
     43.395       -10.06236    -0.11066    -0.67774    -9.27396
     43.545       -10.05950    -0.11063    -0.67771    -9.27115
     43.695       -10.05667    -0.11062    -0.67768    -9.26838
     43.845       -10.05384    -0.11059    -0.67764    -9.26560
     43.995       -10.05101    -0.11058    -0.67761    -9.26282
     44.145       -10.04818    -0.11055    -0.67758    -9.26005
     44.295       -10.04536    -0.11053    -0.67754    -9.25728
     44.445       -10.04254    -0.11051    -0.67751    -9.25451
     44.595       -10.03975    -0.11049    -0.67748    -9.25178
     44.745       -10.03699    -0.11047    -0.67745    -9.24907
     44.895       -10.03421    -0.11045    -0.67741    -9.24634
     45.045       -10.03146    -0.11043    -0.67738    -9.24365
     45.195       -10.02871    -0.11041    -0.67735    -9.24095
     45.345       -10.02596    -0.11039    -0.67732    -9.23825
     45.495       -10.02324    -0.11037    -0.67729    -9.23558
     45.645       -10.02052    -0.11035    -0.67725    -9.23291
     45.795       -10.01781    -0.11033    -0.67722    -9.23026
     45.945       -10.01511    -0.11031    -0.67719    -9.22761
     46.095       -10.01244    -0.11029    -0.67716    -9.22498
     46.245       -10.00975    -0.11028    -0.67713    -9.22235
     46.395       -10.00707    -0.11026    -0.67710    -9.21971
     46.545       -10.00442    -0.11024    -0.67707    -9.21711
     46.695       -10.00178    -0.11022    -0.67703    -9.21452
     46.845        -9.99913    -0.11020    -0.67700    -9.21193
     46.995        -9.99650    -0.11018    -0.67698    -9.20935
     47.145        -9.99387    -0.11016    -0.67694    -9.20676
     47.295        -9.99127    -0.11014    -0.67692    -9.20421
     47.445        -9.98866    -0.11012    -0.67688    -9.20165
     47.595        -9.98604    -0.11011    -0.67685    -9.19909
     47.745        -9.98347    -0.11009    -0.67682    -9.19656
     47.895        -9.98088    -0.11007    -0.67679    -9.19402
     48.045        -9.97831    -0.11005    -0.67676    -9.19150
     48.195        -9.97575    -0.11003    -0.67673    -9.18899
     48.345        -9.97320    -0.11001    -0.67670    -9.18650
     48.495        -9.97067    -0.10999    -0.67667    -9.18401
     48.645        -9.96811    -0.10997    -0.67664    -9.18151
     48.795        -9.96558    -0.10995    -0.67661    -9.17902
     48.945        -9.96305    -0.10993    -0.67658    -9.17654
     49.095        -9.96055    -0.10991    -0.67655    -9.17409
     49.245        -9.95807    -0.10989    -0.67652    -9.17165
     49.395        -9.95559    -0.10987    -0.67649    -9.16922
     49.545        -9.95309    -0.10985    -0.67647    -9.16677
     49.695        -9.95060    -0.10983    -0.67644    -9.16433
     49.845        -9.94813    -0.10982    -0.67641    -9.16190
     49.995        -9.94565    -0.10980    -0.67638    -9.15947
     50.145        -9.94319    -0.10978    -0.67635    -9.15706
     50.295        -9.94074    -0.10976    -0.67632    -9.15466
     50.445        -9.93831    -0.10974    -0.67629    -9.15227
     50.595        -9.93589    -0.10973    -0.67626    -9.14990
     50.745        -9.93346    -0.10971    -0.67624    -9.14752
     50.895        -9.93106    -0.10969    -0.67621    -9.14516
     51.045        -9.92865    -0.10967    -0.67618    -9.14279
     51.195        -9.92626    -0.10966    -0.67615    -9.14045
     51.345        -9.92387    -0.10964    -0.67612    -9.13810
     51.495        -9.92149    -0.10962    -0.67609    -9.13577
     51.645        -9.91911    -0.10961    -0.67607    -9.13343
     51.795        -9.91674    -0.10959    -0.67604    -9.13111
     51.945        -9.91439    -0.10957    -0.67601    -9.12880
     52.095        -9.91203    -0.10956    -0.67599    -9.12649
     52.245        -9.90969    -0.10954    -0.67596    -9.12419
     52.395        -9.90736    -0.10952    -0.67593    -9.12190
     52.545        -9.90504    -0.10951    -0.67591    -9.11962
     52.695        -9.90271    -0.10949    -0.67588    -9.11734
     52.845        -9.90041    -0.10948    -0.67585    -9.11508
     52.995        -9.89808    -0.10946    -0.67583    -9.11280
     53.145        -9.89578    -0.10944    -0.67580    -9.11054
     53.295        -9.89348    -0.10943    -0.67577    -9.10828
     53.445        -9.89119    -0.10941    -0.67575    -9.10604
     53.595        -9.88891    -0.10939    -0.67572    -9.10380
     53.745        -9.88662    -0.10938    -0.67569    -9.10155
     53.895        -9.88437    -0.10936    -0.67567    -9.09934
     54.045        -9.88210    -0.10935    -0.67564    -9.09711
     54.195        -9.87985    -0.10933    -0.67562    -9.09490
     54.345        -9.87760    -0.10932    -0.67559    -9.09270
     54.495        -9.87537    -0.10930    -0.67556    -9.09051
     54.645        -9.87315    -0.10928    -0.67554    -9.08833
     54.795        -9.87092    -0.10927    -0.67551    -9.08614
     54.945        -9.86872    -0.10925    -0.67549    -9.08398
     55.095        -9.86649    -0.10924    -0.67546    -9.08179
     59.433        -9.69338    -0.10799    -0.67345    -8.91194
     80.646        -9.44180    -0.10620    -0.67052    -8.66507
     111.21        -9.19912    -0.10448    -0.66769    -8.42695
     153.36        -8.96518    -0.10285    -0.66496    -8.19737
     211.49        -8.74037    -0.10126    -0.66233    -7.97678
     291.64        -8.52423    -0.09973    -0.65977    -7.76474
     402.18        -8.31701    -0.09827    -0.65730    -7.56143
     554.60        -8.11819    -0.09686    -0.65493    -7.36640
     764.80        -7.92803    -0.09551    -0.65269    -7.17982
     1054.7        -7.74593    -0.09422    -0.65053    -7.00118
     1454.4        -7.57161    -0.09297    -0.64845    -6.83019
     2005.6        -7.40492    -0.09177    -0.64648    -6.66667
     2765.8        -7.24564    -0.09062    -0.64458    -6.51043
     3814.0        -7.09312    -0.08952    -0.64278    -6.36082
     5259.5        -6.94738    -0.08848    -0.64106    -6.21785
     7252.9        -6.80811    -0.08748    -0.63940    -6.08124
     10002.        -6.67499    -0.08652    -0.63781    -5.95066
     13793.        -6.54779    -0.08560    -0.63629    -5.82590
     19020.        -6.42629    -0.08472    -0.63485    -5.70673
     26229.        -6.31029    -0.08387    -0.63346    -5.59296
     36170.        -6.19966    -0.08307    -0.63214    -5.48444
     49878.        -6.09413    -0.08230    -0.63087    -5.38095
     68782.        -5.99358    -0.08159    -0.62966    -5.28233
     94851.        -5.89767    -0.08090    -0.62851    -5.18826
    0.13080E+06    -5.80651    -0.08024    -0.62740    -5.09887
    0.18038E+06    -5.71970    -0.07961    -0.62635    -5.01374
    0.24874E+06    -5.63717    -0.07901    -0.62535    -4.93282
    0.34301E+06    -5.55882    -0.07844    -0.62439    -4.85599
    0.47302E+06    -5.48422    -0.07790    -0.62348    -4.78284
    0.65229E+06    -5.41339    -0.07739    -0.62262    -4.71339
    0.89952E+06    -5.34612    -0.07690    -0.62179    -4.64743
    0.12404E+07    -5.28234    -0.07645    -0.62100    -4.58489
    0.17106E+07    -5.22156    -0.07601    -0.62025    -4.52531
    0.23589E+07    -5.16388    -0.07558    -0.61954    -4.46876
    0.32529E+07    -5.10919    -0.07520    -0.61887    -4.41513
    0.44858E+07    -5.05720    -0.07482    -0.61824    -4.36414
    0.61860E+07    -5.00784    -0.07447    -0.61763    -4.31574
    0.85305E+07    -4.96093    -0.07413    -0.61705    -4.26975
    0.11764E+08    -4.91639    -0.07382    -0.61650    -4.22607
    0.16222E+08    -4.87410    -0.07352    -0.61598    -4.18460
    0.22370E+08    -4.83391    -0.07323    -0.61548    -4.14520
    0.30849E+08    -4.79586    -0.07296    -0.61502    -4.10788
    0.42541E+08    -4.75986    -0.07271    -0.61457    -4.07257
    0.58664E+08    -4.72607    -0.07248    -0.61414    -4.03945
    0.80898E+08    -4.69431    -0.07226    -0.61373    -4.00832
    0.11156E+09    -4.66460    -0.07205    -0.61334    -3.97921
    0.15384E+09    -4.63678    -0.07186    -0.61297    -3.95195
    0.21215E+09    -4.61071    -0.07168    -0.61263    -3.92640
    0.29255E+09    -4.58626    -0.07151    -0.61230    -3.90245
    0.40343E+09    -4.56327    -0.07135    -0.61199    -3.87993
    0.55633E+09    -4.54166    -0.07120    -0.61171    -3.85876
    0.76719E+09    -4.52155    -0.07106    -0.61145    -3.83904
    0.10580E+10    -4.50334    -0.07094    -0.61119    -3.82121
    0.14589E+10    -4.48667    -0.07082    -0.61096    -3.80489
    0.20119E+10    -4.47131    -0.07071    -0.61074    -3.78986
    0.27744E+10    -4.45711    -0.07062    -0.61054    -3.77595
    0.38259E+10    -4.44400    -0.07053    -0.61035    -3.76312
    0.52760E+10    -4.43197    -0.07045    -0.61017    -3.75135
    0.72756E+10    -4.42083    -0.07037    -0.61001    -3.74044
    0.10033E+11    -4.41056    -0.07030    -0.60987    -3.73040
    0.13836E+11    -4.40106    -0.07023    -0.60973    -3.72110
    0.19079E+11    -4.39228    -0.07017    -0.60960    -3.71251
    0.26311E+11    -4.38417    -0.07012    -0.60949    -3.70457
    0.36283E+11    -4.37670    -0.07007    -0.60938    -3.69725
    0.50034E+11    -4.36981    -0.07002    -0.60928    -3.69051
    0.68997E+11    -4.36344    -0.06998    -0.60920    -3.68426
    0.10000E+12    -4.28698    -0.06945    -0.60811    -3.60942
