    -99.945         0.00000     0.00000     0.00000     0.00000
    -99.795         0.00000     0.00000     0.00000     0.00000
    -99.645         0.00000     0.00000     0.00000     0.00000
    -99.495         0.00000     0.00000     0.00000     0.00000
    -99.345         0.00000     0.00000     0.00000     0.00000
    -99.195         0.00000     0.00000     0.00000     0.00000
    -99.045         0.00000     0.00000     0.00000     0.00000
    -98.895         0.00000     0.00000     0.00000     0.00000
    -98.745         0.00000     0.00000     0.00000     0.00000
    -98.595         0.00000     0.00000     0.00000     0.00000
    -98.445         0.00000     0.00000     0.00000     0.00000
    -98.295         0.00000     0.00000     0.00000     0.00000
    -98.145         0.00000     0.00000     0.00000     0.00000
    -97.995         0.00000     0.00000     0.00000     0.00000
    -97.845         0.00000     0.00000     0.00000     0.00000
    -97.695         0.00000     0.00000     0.00000     0.00000
    -97.545         0.00000     0.00000     0.00000     0.00000
    -97.395         0.00000     0.00000     0.00000     0.00000
    -97.245         0.00000     0.00000     0.00000     0.00000
    -97.095         0.00000     0.00000     0.00000     0.00000
    -96.945         0.00000     0.00000     0.00000     0.00000
    -96.795         0.00000     0.00000     0.00000     0.00000
    -96.645         0.00000     0.00000     0.00000     0.00000
    -96.495         0.00000     0.00000     0.00000     0.00000
    -96.345         0.00000     0.00000     0.00000     0.00000
    -96.195         0.00000     0.00000     0.00000     0.00000
    -96.045         0.00000     0.00000     0.00000     0.00000
    -95.895         0.00000     0.00000     0.00000     0.00000
    -95.745         0.00000     0.00000     0.00000     0.00000
    -95.595         0.00000     0.00000     0.00000     0.00000
    -95.445         0.00000     0.00000     0.00000     0.00000
    -95.295         0.00000     0.00000     0.00000     0.00000
    -95.145         0.00000     0.00000     0.00000     0.00000
    -94.995         0.00000     0.00000     0.00000     0.00000
    -94.845         0.00000     0.00000     0.00000     0.00000
    -94.695         0.00000     0.00000     0.00000     0.00000
    -94.545         0.00000     0.00000     0.00000     0.00000
    -94.395         0.00000     0.00000     0.00000     0.00000
    -94.245         0.00000     0.00000     0.00000     0.00000
    -94.095         0.00000     0.00000     0.00000     0.00000
    -93.945         0.00000     0.00000     0.00000     0.00000
    -93.795         0.00000     0.00000     0.00000     0.00000
    -93.645         0.00000     0.00000     0.00000     0.00000
    -93.495         0.00000     0.00000     0.00000     0.00000
    -93.345         0.00000     0.00000     0.00000     0.00000
    -93.195         0.00000     0.00000     0.00000     0.00000
    -93.045         0.00000     0.00000     0.00000     0.00000
    -92.895         0.00000     0.00000     0.00000     0.00000
    -92.745         0.00000     0.00000     0.00000     0.00000
    -92.595         0.00000     0.00000     0.00000     0.00000
    -92.445         0.00000     0.00000     0.00000     0.00000
    -92.295         0.00000     0.00000     0.00000     0.00000
    -92.145         0.00000     0.00000     0.00000     0.00000
    -91.995         0.00000     0.00000     0.00000     0.00000
    -91.845         0.00000     0.00000     0.00000     0.00000
    -91.695         0.00000     0.00000     0.00000     0.00000
    -91.545         0.00000     0.00000     0.00000     0.00000
    -91.395         0.00000     0.00000     0.00000     0.00000
    -91.245         0.00000     0.00000     0.00000     0.00000
    -91.095         0.00000     0.00000     0.00000     0.00000
    -90.945         0.00000     0.00000     0.00000     0.00000
    -90.795         0.00000     0.00000     0.00000     0.00000
    -90.645         0.00000     0.00000     0.00000     0.00000
    -90.495         0.00000     0.00000     0.00000     0.00000
    -90.345         0.00000     0.00000     0.00000     0.00000
    -90.195         0.00000     0.00000     0.00000     0.00000
    -90.045         0.00000     0.00000     0.00000     0.00000
    -89.895         0.00000     0.00000     0.00000     0.00000
    -89.745         0.00000     0.00000     0.00000     0.00000
    -89.595         0.00000     0.00000     0.00000     0.00000
    -89.445         0.00000     0.00000     0.00000     0.00000
    -89.295         0.00000     0.00000     0.00000     0.00000
    -89.145         0.00000     0.00000     0.00000     0.00000
    -88.995         0.00000     0.00000     0.00000     0.00000
    -88.845         0.00000     0.00000     0.00000     0.00000
    -88.695         0.00000     0.00000     0.00000     0.00000
    -88.545         0.00000     0.00000     0.00000     0.00000
    -88.395         0.00000     0.00000     0.00000     0.00000
    -88.245         0.00000     0.00000     0.00000     0.00000
    -88.095         0.00000     0.00000     0.00000     0.00000
    -87.945         0.00000     0.00000     0.00000     0.00000
    -87.795         0.00000     0.00000     0.00000     0.00000
    -87.645         0.00000     0.00000     0.00000     0.00000
    -87.495         0.00000     0.00000     0.00000     0.00000
    -87.345         0.00000     0.00000     0.00000     0.00000
    -87.195         0.00000     0.00000     0.00000     0.00000
    -87.045         0.00000     0.00000     0.00000     0.00000
    -86.895         0.00000     0.00000     0.00000     0.00000
    -86.745         0.00000     0.00000     0.00000     0.00000
    -86.595         0.00000     0.00000     0.00000     0.00000
    -86.445         0.00000     0.00000     0.00000     0.00000
    -86.295         0.00000     0.00000     0.00000     0.00000
    -86.145         0.00000     0.00000     0.00000     0.00000
    -85.995         0.00000     0.00000     0.00000     0.00000
    -85.845         0.00000     0.00000     0.00000     0.00000
    -85.695         0.00000     0.00000     0.00000     0.00000
    -85.545         0.00000     0.00000     0.00000     0.00000
    -85.395         0.00000     0.00000     0.00000     0.00000
    -85.245         0.00000     0.00000     0.00000     0.00000
    -85.095         0.00000     0.00000     0.00000     0.00000
    -84.945         0.00000     0.00000     0.00000     0.00000
    -84.795         0.00000     0.00000     0.00000     0.00000
    -84.645         0.00000     0.00000     0.00000     0.00000
    -84.495         0.00000     0.00000     0.00000     0.00000
    -84.345         0.00000     0.00000     0.00000     0.00000
    -84.195         0.00000     0.00000     0.00000     0.00000
    -84.045         0.00000     0.00000     0.00000     0.00000
    -83.895         0.00000     0.00000     0.00000     0.00000
    -83.745         0.00000     0.00000     0.00000     0.00000
    -83.595         0.00000     0.00000     0.00000     0.00000
    -83.445         0.00000     0.00000     0.00000     0.00000
    -83.295         0.00000     0.00000     0.00000     0.00000
    -83.145         0.00000     0.00000     0.00000     0.00000
    -82.995         0.00000     0.00000     0.00000     0.00000
    -82.845         0.00000     0.00000     0.00000     0.00000
    -82.695         0.00000     0.00000     0.00000     0.00000
    -82.545         0.00000     0.00000     0.00000     0.00000
    -82.395         0.00000     0.00000     0.00000     0.00000
    -82.245         0.00000     0.00000     0.00000     0.00000
    -82.095         0.00000     0.00000     0.00000     0.00000
    -81.945         0.00000     0.00000     0.00000     0.00000
    -81.795         0.00000     0.00000     0.00000     0.00000
    -81.645         0.00000     0.00000     0.00000     0.00000
    -81.495         0.00000     0.00000     0.00000     0.00000
    -81.345         0.00000     0.00000     0.00000     0.00000
    -81.195         0.00000     0.00000     0.00000     0.00000
    -81.045         0.00000     0.00000     0.00000     0.00000
    -80.895         0.00000     0.00000     0.00000     0.00000
    -80.745         0.00000     0.00000     0.00000     0.00000
    -80.595         0.00000     0.00000     0.00000     0.00000
    -80.445         0.00000     0.00000     0.00000     0.00000
    -80.295         0.00000     0.00000     0.00000     0.00000
    -80.145         0.00000     0.00000     0.00000     0.00000
    -79.995         0.00000     0.00000     0.00000     0.00000
    -79.845         0.00000     0.00000     0.00000     0.00000
    -79.695         0.00000     0.00000     0.00000     0.00000
    -79.545         0.00000     0.00000     0.00000     0.00000
    -79.395         0.00000     0.00000     0.00000     0.00000
    -79.245         0.00000     0.00000     0.00000     0.00000
    -79.095         0.00000     0.00000     0.00000     0.00000
    -78.945         0.00000     0.00000     0.00000     0.00000
    -78.795         0.00000     0.00000     0.00000     0.00000
    -78.645         0.00000     0.00000     0.00000     0.00000
    -78.495         0.00000     0.00000     0.00000     0.00000
    -78.345         0.00000     0.00000     0.00000     0.00000
    -78.195         0.00000     0.00000     0.00000     0.00000
    -78.045         0.00000     0.00000     0.00000     0.00000
    -77.895         0.00000     0.00000     0.00000     0.00000
    -77.745         0.00000     0.00000     0.00000     0.00000
    -77.595         0.00000     0.00000     0.00000     0.00000
    -77.445         0.00000     0.00000     0.00000     0.00000
    -77.295         0.00000     0.00000     0.00000     0.00000
    -77.145         0.00000     0.00000     0.00000     0.00000
    -76.995         0.00000     0.00000     0.00000     0.00000
    -76.845         0.00000     0.00000     0.00000     0.00000
    -76.695         0.00000     0.00000     0.00000     0.00000
    -76.545         0.00000     0.00000     0.00000     0.00000
    -76.395         0.00000     0.00000     0.00000     0.00000
    -76.245         0.00000     0.00000     0.00000     0.00000
    -76.095         0.00000     0.00000     0.00000     0.00000
    -75.945         0.00000     0.00000     0.00000     0.00000
    -75.795         0.00000     0.00000     0.00000     0.00000
    -75.645         0.00000     0.00000     0.00000     0.00000
    -75.495         0.00000     0.00000     0.00000     0.00000
    -75.345         0.00000     0.00000     0.00000     0.00000
    -75.195         0.00000     0.00000     0.00000     0.00000
    -75.045         0.00000     0.00000     0.00000     0.00000
    -74.895         0.00000     0.00000     0.00000     0.00000
    -74.745         0.00000     0.00000     0.00000     0.00000
    -74.595         0.00000     0.00000     0.00000     0.00000
    -74.445         0.00000     0.00000     0.00000     0.00000
    -74.295         0.00000     0.00000     0.00000     0.00000
    -74.145         0.00000     0.00000     0.00000     0.00000
    -73.995         0.00000     0.00000     0.00000     0.00000
    -73.845         0.00000     0.00000     0.00000     0.00000
    -73.695         0.00000     0.00000     0.00000     0.00000
    -73.545         0.00000     0.00000     0.00000     0.00000
    -73.395         0.00000     0.00000     0.00000     0.00000
    -73.245         0.00000     0.00000     0.00000     0.00000
    -73.095         0.00000     0.00000     0.00000     0.00000
    -72.945         0.00000     0.00000     0.00000     0.00000
    -72.795         0.00000     0.00000     0.00000     0.00000
    -72.645         0.00000     0.00000     0.00000     0.00000
    -72.495         0.00000     0.00000     0.00000     0.00000
    -72.345         0.00000     0.00000     0.00000     0.00000
    -72.195         0.00000     0.00000     0.00000     0.00000
    -72.045         0.00000     0.00000     0.00000     0.00000
    -71.895         0.00000     0.00000     0.00000     0.00000
    -71.745         0.00000     0.00000     0.00000     0.00000
    -71.595         0.00000     0.00000     0.00000     0.00000
    -71.445         0.00000     0.00000     0.00000     0.00000
    -71.295         0.00000     0.00000     0.00000     0.00000
    -71.145         0.00000     0.00000     0.00000     0.00000
    -70.995         0.00000     0.00000     0.00000     0.00000
    -70.845         0.00000     0.00000     0.00000     0.00000
    -70.695         0.00000     0.00000     0.00000     0.00000
    -70.545         0.00000     0.00000     0.00000     0.00000
    -70.395         0.00000     0.00000     0.00000     0.00000
    -70.245         0.00000     0.00000     0.00000     0.00000
    -70.095         0.00000     0.00000     0.00000     0.00000
    -69.945         0.00000     0.00000     0.00000     0.00000
    -69.795         0.00000     0.00000     0.00000     0.00000
    -69.645         0.00000     0.00000     0.00000     0.00000
    -69.495         0.00000     0.00000     0.00000     0.00000
    -69.345         0.00000     0.00000     0.00000     0.00000
    -69.195         0.00000     0.00000     0.00000     0.00000
    -69.045         0.00000     0.00000     0.00000     0.00000
    -68.895         0.00000     0.00000     0.00000     0.00000
    -68.745         0.00000     0.00000     0.00000     0.00000
    -68.595         0.00000     0.00000     0.00000     0.00000
    -68.445         0.00000     0.00000     0.00000     0.00000
    -68.295         0.00000     0.00000     0.00000     0.00000
    -68.145         0.00000     0.00000     0.00000     0.00000
    -67.995         0.00000     0.00000     0.00000     0.00000
    -67.845         0.00000     0.00000     0.00000     0.00000
    -67.695         0.00000     0.00000     0.00000     0.00000
    -67.545         0.00000     0.00000     0.00000     0.00000
    -67.395         0.00000     0.00000     0.00000     0.00000
    -67.245         0.00000     0.00000     0.00000     0.00000
    -67.095         0.00000     0.00000     0.00000     0.00000
    -66.945         0.00000     0.00000     0.00000     0.00000
    -66.795         0.00000     0.00000     0.00000     0.00000
    -66.645         0.00000     0.00000     0.00000     0.00000
    -66.495         0.00000     0.00000     0.00000     0.00000
    -66.345         0.00000     0.00000     0.00000     0.00000
    -66.195         0.00000     0.00000     0.00000     0.00000
    -66.045         0.00000     0.00000     0.00000     0.00000
    -65.895         0.00000     0.00000     0.00000     0.00000
    -65.745         0.00000     0.00000     0.00000     0.00000
    -65.595         0.00000     0.00000     0.00000     0.00000
    -65.445         0.00000     0.00000     0.00000     0.00000
    -65.295         0.00000     0.00000     0.00000     0.00000
    -65.145         0.00000     0.00000     0.00000     0.00000
    -64.995         0.00000     0.00000     0.00000     0.00000
    -64.845         0.00000     0.00000     0.00000     0.00000
    -64.695         0.00000     0.00000     0.00000     0.00000
    -64.545         0.00000     0.00000     0.00000     0.00000
    -64.395         0.00000     0.00000     0.00000     0.00000
    -64.245         0.00000     0.00000     0.00000     0.00000
    -64.095         0.00000     0.00000     0.00000     0.00000
    -63.945         0.00000     0.00000     0.00000     0.00000
    -63.795         0.00000     0.00000     0.00000     0.00000
    -63.645         0.00000     0.00000     0.00000     0.00000
    -63.495         0.00000     0.00000     0.00000     0.00000
    -63.345         0.00000     0.00000     0.00000     0.00000
    -63.195         0.00000     0.00000     0.00000     0.00000
    -63.045         0.00000     0.00000     0.00000     0.00000
    -62.895         0.00000     0.00000     0.00000     0.00000
    -62.745         0.00000     0.00000     0.00000     0.00000
    -62.595         0.00000     0.00000     0.00000     0.00000
    -62.445         0.00000     0.00000     0.00000     0.00000
    -62.295         0.00000     0.00000     0.00000     0.00000
    -62.145         0.00000     0.00000     0.00000     0.00000
    -61.995         0.00000     0.00000     0.00000     0.00000
    -61.845         0.00000     0.00000     0.00000     0.00000
    -61.695         0.00000     0.00000     0.00000     0.00000
    -61.545         0.00000     0.00000     0.00000     0.00000
    -61.395         0.00000     0.00000     0.00000     0.00000
    -61.245         0.00000     0.00000     0.00000     0.00000
    -61.095         0.00000     0.00000     0.00000     0.00000
    -60.945         0.00000     0.00000     0.00000     0.00000
    -60.795         0.00000     0.00000     0.00000     0.00000
    -60.645         0.00000     0.00000     0.00000     0.00000
    -60.495         0.00000     0.00000     0.00000     0.00000
    -60.345         0.00000     0.00000     0.00000     0.00000
    -60.195         0.00000     0.00000     0.00000     0.00000
    -60.045         0.00000     0.00000     0.00000     0.00000
    -59.895         0.00000     0.00000     0.00000     0.00000
    -59.745         0.00000     0.00000     0.00000     0.00000
    -59.595         0.00000     0.00000     0.00000     0.00000
    -59.445         0.00000     0.00000     0.00000     0.00000
    -59.295         0.00000     0.00000     0.00000     0.00000
    -59.145         0.00000     0.00000     0.00000     0.00000
    -58.995         0.00000     0.00000     0.00000     0.00000
    -58.845         0.00000     0.00000     0.00000     0.00000
    -58.695         0.00000     0.00000     0.00000     0.00000
    -58.545         0.00000     0.00000     0.00000     0.00000
    -58.395         0.00000     0.00000     0.00000     0.00000
    -58.245         0.00000     0.00000     0.00000     0.00000
    -58.095         0.00000     0.00000     0.00000     0.00000
    -57.945         0.00000     0.00000     0.00000     0.00000
    -57.795         0.00000     0.00000     0.00000     0.00000
    -57.645         0.00000     0.00000     0.00000     0.00000
    -57.495         0.00000     0.00000     0.00000     0.00000
    -57.345         0.00000     0.00000     0.00000     0.00000
    -57.195         0.00000     0.00000     0.00000     0.00000
    -57.045         0.00000     0.00000     0.00000     0.00000
    -56.895         0.00000     0.00000     0.00000     0.00000
    -56.745         0.00000     0.00000     0.00000     0.00000
    -56.595         0.00000     0.00000     0.00000     0.00000
    -56.445         0.00000     0.00000     0.00000     0.00000
    -56.295         0.00000     0.00000     0.00000     0.00000
    -56.145         0.00000     0.00000     0.00000     0.00000
    -55.995         0.00000     0.00000     0.00000     0.00000
    -55.845         0.00000     0.00000     0.00000     0.00000
    -55.695         0.00000     0.00000     0.00000     0.00000
    -55.545         0.00000     0.00000     0.00000     0.00000
    -55.395         0.00000     0.00000     0.00000     0.00000
    -55.245         0.00000     0.00000     0.00000     0.00000
    -55.095         0.00000     0.00000     0.00000     0.00000
    -54.945         0.00000     0.00000     0.00000     0.00000
    -54.795         0.00000     0.00000     0.00000     0.00000
    -54.645         0.00000     0.00000     0.00000     0.00000
    -54.495         0.00000     0.00000     0.00000     0.00000
    -54.345         0.00000     0.00000     0.00000     0.00000
    -54.195         0.00000     0.00000     0.00000     0.00000
    -54.045         0.00000     0.00000     0.00000     0.00000
    -53.895         0.00000     0.00000     0.00000     0.00000
    -53.745         0.00000     0.00000     0.00000     0.00000
    -53.595         0.00000     0.00000     0.00000     0.00000
    -53.445         0.00000     0.00000     0.00000     0.00000
    -53.295         0.00000     0.00000     0.00000     0.00000
    -53.145         0.00000     0.00000     0.00000     0.00000
    -52.995         0.00000     0.00000     0.00000     0.00000
    -52.845         0.00000     0.00000     0.00000     0.00000
    -52.695         0.00000     0.00000     0.00000     0.00000
    -52.545         0.00000     0.00000     0.00000     0.00000
    -52.395         0.00000     0.00000     0.00000     0.00000
    -52.245         0.00000     0.00000     0.00000     0.00000
    -52.095         0.00000     0.00000     0.00000     0.00000
    -51.945         0.00000     0.00000     0.00000     0.00000
    -51.795         0.00000     0.00000     0.00000     0.00000
    -51.645         0.00000     0.00000     0.00000     0.00000
    -51.495         0.00000     0.00000     0.00000     0.00000
    -51.345         0.00000     0.00000     0.00000     0.00000
    -51.195         0.00000     0.00000     0.00000     0.00000
    -51.045         0.00000     0.00000     0.00000     0.00000
    -50.895         0.00000     0.00000     0.00000     0.00000
    -50.745         0.00000     0.00000     0.00000     0.00000
    -50.595         0.00000     0.00000     0.00000     0.00000
    -50.445         0.00000     0.00000     0.00000     0.00000
    -50.295         0.00000     0.00000     0.00000     0.00000
    -50.145         0.00000     0.00000     0.00000     0.00000
    -49.995         0.00000     0.00000     0.00000     0.00000
    -49.845         0.00000     0.00000     0.00000     0.00000
    -49.695         0.00000     0.00000     0.00000     0.00000
    -49.545         0.00000     0.00000     0.00000     0.00000
    -49.395         0.00000     0.00000     0.00000     0.00000
    -49.245         0.00000     0.00000     0.00000     0.00000
    -49.095         0.00000     0.00000     0.00000     0.00000
    -48.945         0.00000     0.00000     0.00000     0.00000
    -48.795         0.00000     0.00000     0.00000     0.00000
    -48.645         0.00000     0.00000     0.00000     0.00000
    -48.495         0.00000     0.00000     0.00000     0.00000
    -48.345         0.00000     0.00000     0.00000     0.00000
    -48.195         0.00000     0.00000     0.00000     0.00000
    -48.045         0.00000     0.00000     0.00000     0.00000
    -47.895         0.00000     0.00000     0.00000     0.00000
    -47.745         0.00000     0.00000     0.00000     0.00000
    -47.595         0.00000     0.00000     0.00000     0.00000
    -47.445         0.00000     0.00000     0.00000     0.00000
    -47.295         0.00000     0.00000     0.00000     0.00000
    -47.145         0.00000     0.00000     0.00000     0.00000
    -46.995         0.00000     0.00000     0.00000     0.00000
    -46.845         0.00000     0.00000     0.00000     0.00000
    -46.695         0.00000     0.00000     0.00000     0.00000
    -46.545         0.00000     0.00000     0.00000     0.00000
    -46.395         0.00000     0.00000     0.00000     0.00000
    -46.245         0.00000     0.00000     0.00000     0.00000
    -46.095         0.00000     0.00000     0.00000     0.00000
    -45.945         0.00000     0.00000     0.00000     0.00000
    -45.795         0.00000     0.00000     0.00000     0.00000
    -45.645         0.00000     0.00000     0.00000     0.00000
    -45.495         0.00000     0.00000     0.00000     0.00000
    -45.345         0.00000     0.00000     0.00000     0.00000
    -45.195         0.00000     0.00000     0.00000     0.00000
    -45.045         0.00000     0.00000     0.00000     0.00000
    -44.895         0.00000     0.00000     0.00000     0.00000
    -44.745         0.00000     0.00000     0.00000     0.00000
    -44.595         0.00000     0.00000     0.00000     0.00000
    -44.445         0.00000     0.00000     0.00000     0.00000
    -44.295         0.00000     0.00000     0.00000     0.00000
    -44.145         0.00000     0.00000     0.00000     0.00000
    -43.995         0.00000     0.00000     0.00000     0.00000
    -43.845         0.00000     0.00000     0.00000     0.00000
    -43.695         0.00000     0.00000     0.00000     0.00000
    -43.545         0.00000     0.00000     0.00000     0.00000
    -43.395         0.00000     0.00000     0.00000     0.00000
    -43.245         0.00000     0.00000     0.00000     0.00000
    -43.095         0.00000     0.00000     0.00000     0.00000
    -42.945         0.00000     0.00000     0.00000     0.00000
    -42.795         0.00000     0.00000     0.00000     0.00000
    -42.645         0.00000     0.00000     0.00000     0.00000
    -42.495         0.00000     0.00000     0.00000     0.00000
    -42.345         0.00000     0.00000     0.00000     0.00000
    -42.195         0.00000     0.00000     0.00000     0.00000
    -42.045         0.00000     0.00000     0.00000     0.00000
    -41.895         0.00000     0.00000     0.00000     0.00000
    -41.745         0.00000     0.00000     0.00000     0.00000
    -41.595         0.00000     0.00000     0.00000     0.00000
    -41.445         0.00000     0.00000     0.00000     0.00000
    -41.295         0.00000     0.00000     0.00000     0.00000
    -41.145         0.00000     0.00000     0.00000     0.00000
    -40.995         0.00000     0.00000     0.00000     0.00000
    -40.845         0.00000     0.00000     0.00000     0.00000
    -40.695         0.00000     0.00000     0.00000     0.00000
    -40.545         0.00000     0.00000     0.00000     0.00000
    -40.395         0.00000     0.00000     0.00000     0.00000
    -40.245         0.00000     0.00000     0.00000     0.00000
    -40.095         0.00000     0.00000     0.00000     0.00000
    -39.945         0.00000     0.00000     0.00000     0.00000
    -39.795         0.00000     0.00000     0.00000     0.00000
    -39.645         0.00000     0.00000     0.00000     0.00000
    -39.495         0.00000     0.00000     0.00000     0.00000
    -39.345         0.00000     0.00000     0.00000     0.00000
    -39.195         0.00000     0.00000     0.00000     0.00000
    -39.045         0.00000     0.00000     0.00000     0.00000
    -38.895         0.00000     0.00000     0.00000     0.00000
    -38.745         0.00000     0.00000     0.00000     0.00000
    -38.595         0.00000     0.00000     0.00000     0.00000
    -38.445         0.00000     0.00000     0.00000     0.00000
    -38.295         0.00000     0.00000     0.00000     0.00000
    -38.145         0.00000     0.00000     0.00000     0.00000
    -37.995         0.00000     0.00000     0.00000     0.00000
    -37.845         0.00000     0.00000     0.00000     0.00000
    -37.695         0.00000     0.00000     0.00000     0.00000
    -37.545         0.00000     0.00000     0.00000     0.00000
    -37.395         0.00000     0.00000     0.00000     0.00000
    -37.245         0.00000     0.00000     0.00000     0.00000
    -37.095         0.00000     0.00000     0.00000     0.00000
    -36.945         0.00000     0.00000     0.00000     0.00000
    -36.795         0.00000     0.00000     0.00000     0.00000
    -36.645         0.00000     0.00000     0.00000     0.00000
    -36.495         0.00000     0.00000     0.00000     0.00000
    -36.345         0.00000     0.00000     0.00000     0.00000
    -36.195         0.00000     0.00000     0.00000     0.00000
    -36.045         0.00000     0.00000     0.00000     0.00000
    -35.895         0.00000     0.00000     0.00000     0.00000
    -35.745         0.00000     0.00000     0.00000     0.00000
    -35.595         0.00000     0.00000     0.00000     0.00000
    -35.445         0.00000     0.00000     0.00000     0.00000
    -35.295         0.00000     0.00000     0.00000     0.00000
    -35.145         0.00000     0.00000     0.00000     0.00000
    -34.995         0.00000     0.00000     0.00000     0.00000
    -34.845         0.00000     0.00000     0.00000     0.00000
    -34.695         0.00000     0.00000     0.00000     0.00000
    -34.545         0.00000     0.00000     0.00000     0.00000
    -34.395         0.00000     0.00000     0.00000     0.00000
    -34.245         0.00000     0.00000     0.00000     0.00000
    -34.095         0.00000     0.00000     0.00000     0.00000
    -33.945         0.00000     0.00000     0.00000     0.00000
    -33.795         0.00000     0.00000     0.00000     0.00000
    -33.645         0.00000     0.00000     0.00000     0.00000
    -33.495         0.00000     0.00000     0.00000     0.00000
    -33.345         0.00000     0.00000     0.00000     0.00000
    -33.195         0.00000     0.00000     0.00000     0.00000
    -33.045         0.00000     0.00000     0.00000     0.00000
    -32.895         0.00000     0.00000     0.00000     0.00000
    -32.745         0.00000     0.00000     0.00000     0.00000
    -32.595         0.00000     0.00000     0.00000     0.00000
    -32.445         0.00000     0.00000     0.00000     0.00000
    -32.295         0.00000     0.00000     0.00000     0.00000
    -32.145         0.00000     0.00000     0.00000     0.00000
    -31.995         0.00000     0.00000     0.00000     0.00000
    -31.845         0.00000     0.00000     0.00000     0.00000
    -31.695         0.00000     0.00000     0.00000     0.00000
    -31.545         0.00000     0.00000     0.00000     0.00000
    -31.395         0.00000     0.00000     0.00000     0.00000
    -31.245         0.00000     0.00000     0.00000     0.00000
    -31.095         0.00000     0.00000     0.00000     0.00000
    -30.945         0.00000     0.00000     0.00000     0.00000
    -30.795         0.00000     0.00000     0.00000     0.00000
    -30.645         0.00000     0.00000     0.00000     0.00000
    -30.495         0.00000     0.00000     0.00000     0.00000
    -30.345         0.00000     0.00000     0.00000     0.00000
    -30.195         0.00000     0.00000     0.00000     0.00000
    -30.045         0.00000     0.00000     0.00000     0.00000
    -29.895         0.00000     0.00000     0.00000     0.00000
    -29.745         0.00000     0.00000     0.00000     0.00000
    -29.595         0.00000     0.00000     0.00000     0.00000
    -29.445         0.00000     0.00000     0.00000     0.00000
    -29.295         0.00000     0.00000     0.00000     0.00000
    -29.145         0.00000     0.00000     0.00000     0.00000
    -28.995         0.00000     0.00000     0.00000     0.00000
    -28.845         0.00000     0.00000     0.00000     0.00000
    -28.695         0.00000     0.00000     0.00000     0.00000
    -28.545         0.00000     0.00000     0.00000     0.00000
    -28.395         0.00000     0.00000     0.00000     0.00000
    -28.245         0.00000     0.00000     0.00000     0.00000
    -28.095         0.00000     0.00000     0.00000     0.00000
    -27.945         0.00000     0.00000     0.00000     0.00000
    -27.795         0.00000     0.00000     0.00000     0.00000
    -27.645         0.00000     0.00000     0.00000     0.00000
    -27.495         0.00000     0.00000     0.00000     0.00000
    -27.345         0.00000     0.00000     0.00000     0.00000
    -27.195         0.00000     0.00000     0.00000     0.00000
    -27.045         0.00000     0.00000     0.00000     0.00000
    -26.895         0.00000     0.00000     0.00000     0.00000
    -26.745         0.00000     0.00000     0.00000     0.00000
    -26.595         0.00000     0.00000     0.00000     0.00000
    -26.445         0.00000     0.00000     0.00000     0.00000
    -26.295         0.00000     0.00000     0.00000     0.00000
    -26.145         0.00000     0.00000     0.00000     0.00000
    -25.995         0.00000     0.00000     0.00000     0.00000
    -25.845         0.00000     0.00000     0.00000     0.00000
    -25.695         0.00000     0.00000     0.00000     0.00000
    -25.545         0.00000     0.00000     0.00000     0.00000
    -25.395         0.00000     0.00000     0.00000     0.00000
    -25.245         0.00000     0.00000     0.00000     0.00000
    -25.095         0.00000     0.00000     0.00000     0.00000
    -24.945         0.00000     0.00000     0.00000     0.00000
    -24.795         0.00000     0.00000     0.00000     0.00000
    -24.645         0.00000     0.00000     0.00000     0.00000
    -24.495         0.00000     0.00000     0.00000     0.00000
    -24.345         0.00000     0.00000     0.00000     0.00000
    -24.195         0.00000     0.00000     0.00000     0.00000
    -24.045         0.00000     0.00000     0.00000     0.00000
    -23.895         0.00000     0.00000     0.00000     0.00000
    -23.745         0.00000     0.00000     0.00000     0.00000
    -23.595         0.00000     0.00000     0.00000     0.00000
    -23.445         0.00000     0.00000     0.00000     0.00000
    -23.295         0.00000     0.00000     0.00000     0.00000
    -23.145         0.00000     0.00000     0.00000     0.00000
    -22.995         0.00000     0.00000     0.00000     0.00000
    -22.845         0.00000     0.00000     0.00000     0.00000
    -22.695         0.00000     0.00000     0.00000     0.00000
    -22.545        -0.00000     0.00000    -0.00000     0.00000
    -22.395        -0.00000     0.00000    -0.00000     0.00000
    -22.245        -0.00000     0.00000    -0.00000     0.00000
    -22.095        -0.00000     0.00000    -0.00000     0.00000
    -21.945        -0.00000     0.00000    -0.00000     0.00000
    -21.795        -0.00000     0.00000    -0.00000     0.00000
    -21.645        -0.00000     0.00000    -0.00000     0.00000
    -21.495        -0.00000     0.00000    -0.00000     0.00000
    -21.345        -0.00000     0.00000    -0.00000     0.00000
    -21.195        -0.00000     0.00000    -0.00000     0.00000
    -21.045        -0.00000     0.00000    -0.00000     0.00000
    -20.895        -0.00001     0.00000    -0.00001     0.00000
    -20.745        -0.00001     0.00000    -0.00001     0.00000
    -20.595        -0.00001     0.00000    -0.00001     0.00000
    -20.445        -0.00002     0.00000    -0.00002     0.00000
    -20.295        -0.00002     0.00000    -0.00002     0.00000
    -20.145        -0.00002     0.00000    -0.00002     0.00000
    -19.995        -0.00002     0.00000    -0.00002     0.00000
    -19.845        -0.00003     0.00000    -0.00003     0.00000
    -19.695        -0.00004     0.00000    -0.00004     0.00000
    -19.545        -0.00004     0.00000    -0.00004     0.00000
    -19.395        -0.00005     0.00000    -0.00005     0.00000
    -19.245        -0.00005     0.00000    -0.00005     0.00000
    -19.095        -0.00006     0.00000    -0.00006     0.00000
    -18.945        -0.00007     0.00000    -0.00007     0.00000
    -18.795        -0.00008     0.00000    -0.00008     0.00000
    -18.645        -0.00008     0.00000    -0.00008     0.00000
    -18.495        -0.00009     0.00000    -0.00009     0.00000
    -18.345        -0.00010     0.00000    -0.00010     0.00000
    -18.195        -0.00011     0.00000    -0.00011     0.00000
    -18.045        -0.00012     0.00000    -0.00012     0.00000
    -17.895        -0.00013     0.00000    -0.00013     0.00000
    -17.745        -0.00014     0.00000    -0.00014     0.00000
    -17.595        -0.00015    -0.00000    -0.00015     0.00000
    -17.445        -0.00016    -0.00000    -0.00016     0.00000
    -17.295        -0.00017     0.00000    -0.00017     0.00000
    -17.145        -0.00018    -0.00000    -0.00018     0.00000
    -16.995        -0.00019    -0.00000    -0.00019     0.00000
    -16.845        -0.00021     0.00000    -0.00021     0.00000
    -16.695        -0.00022     0.00000    -0.00022     0.00000
    -16.545        -0.00097    -0.00074    -0.00023     0.00000
    -16.395        -0.00174    -0.00149    -0.00024     0.00000
    -16.245        -0.00252    -0.00226    -0.00026     0.00000
    -16.095        -0.00612    -0.00585    -0.00027     0.00000
    -15.945        -0.00837    -0.00809    -0.00029     0.00000
    -15.795        -0.01548    -0.01518    -0.00030     0.00000
    -15.645        -0.02199    -0.02167    -0.00032     0.00000
    -15.495        -0.03060    -0.03027    -0.00033     0.00000
    -15.345        -0.04199    -0.04165    -0.00035     0.00000
    -15.195        -0.05739    -0.05703    -0.00037     0.00000
    -15.045        -0.06886    -0.06848    -0.00038     0.00000
    -14.895        -0.07896    -0.07856    -0.00040     0.00000
    -14.745        -0.09437    -0.09395    -0.00042     0.00000
    -14.595        -0.11170    -0.11126    -0.00044     0.00000
    -14.445        -0.12895    -0.12849    -0.00046     0.00000
    -14.295        -0.13899    -0.13851    -0.00048     0.00000
    -14.145        -0.15351    -0.15300    -0.00050     0.00000
    -13.995        -0.16539    -0.16487    -0.00053     0.00000
    -13.845        -0.17908    -0.17853    -0.00055     0.00000
    -13.695        -0.19018    -0.18961    -0.00057     0.00000
    -13.545        -0.20308    -0.20249    -0.00060     0.00000
    -13.395        -0.21649    -0.21587    -0.00062     0.00000
    -13.245        -0.22552    -0.22487    -0.00065     0.00000
    -13.095        -0.24053    -0.23986    -0.00068     0.00000
    -12.945        -0.25480    -0.25410    -0.00070     0.00000
    -12.795        -0.26368    -0.26295    -0.00073     0.00000
    -12.645        -0.27310    -0.27234    -0.00076     0.00000
    -12.495        -0.28303    -0.28223    -0.00079     0.00000
    -12.345        -0.29229    -0.29147    -0.00083     0.00000
    -12.195        -0.29685    -0.29600    -0.00086     0.00000
    -12.045        -0.30542    -0.30453    -0.00089     0.00000
    -11.895        -0.31280    -0.31187    -0.00093     0.00000
    -11.745        -0.32123    -0.32027    -0.00096     0.00000
    -11.595        -0.32632    -0.32532    -0.00100     0.00000
    -11.445        -0.33466    -0.33362    -0.00103     0.00000
    -11.295        -0.34454    -0.34347    -0.00107     0.00000
    -11.145        -0.35272    -0.35162    -0.00111     0.00000
    -10.995        -0.35825    -0.35710    -0.00115     0.00000
    -10.845        -0.36635    -0.36516    -0.00120     0.00000
    -10.695        -0.37077    -0.36953    -0.00124     0.00000
    -10.545        -0.37571    -0.37443    -0.00128     0.00000
    -10.395        -0.38165    -0.38032    -0.00133     0.00000
    -10.245        -0.38991    -0.38765    -0.00227     0.00000
    -10.095        -0.39532    -0.39301    -0.00232     0.00000
    -9.9450        -0.39708    -0.39471    -0.00237     0.00000
    -9.7950        -0.40290    -0.40049    -0.00241     0.00000
    -9.6450        -0.41102    -0.40857    -0.00246     0.00000
    -9.4950        -0.41635    -0.41384    -0.00251     0.00000
    -9.3450        -0.41980    -0.41723    -0.00257     0.00000
    -9.1950        -0.42419    -0.42156    -0.00263     0.00000
    -9.0450        -0.42722    -0.42453    -0.00269     0.00000
    -8.8950        -0.43248    -0.42974    -0.00274     0.00000
    -8.7450        -0.43599    -0.43317    -0.00282     0.00000
    -8.5950        -0.44007    -0.43618    -0.00388     0.00000
    -8.4450        -0.44446    -0.44052    -0.00394     0.00000
    -8.2950        -0.44803    -0.44403    -0.00400     0.00000
    -8.1450        -0.45201    -0.44794    -0.00407     0.00000
    -7.9950        -0.45642    -0.45228    -0.00414     0.00000
    -7.8450        -0.46087    -0.45667    -0.00421     0.00000
    -7.6950        -0.46573    -0.46146    -0.00427     0.00000
    -7.5450        -0.47143    -0.46514    -0.00629     0.00000
    -7.3950        -0.47473    -0.46837    -0.00636    -0.00000
    -7.2450        -0.48199    -0.47431    -0.00644    -0.00125
    -7.0950        -0.49280    -0.47805    -0.00818    -0.00657
    -6.9450        -0.51562    -0.48366    -0.00825    -0.02371
    -6.7950        -0.55833    -0.48925    -0.01044    -0.05864
    -6.6450        -0.62838    -0.49385    -0.01230    -0.12222
    -6.4950        -0.73696    -0.49817    -0.01492    -0.22387
    -6.3450        -0.88353    -0.50290    -0.01688    -0.36375
    -6.1950        -1.05770    -0.50731    -0.01929    -0.53110
    -6.0450        -1.27417    -0.51370    -0.02299    -0.73749
    -5.8950        -1.49442    -0.51711    -0.02620    -0.95111
    -5.7450        -1.73135    -0.52387    -0.02879    -1.17869
    -5.5950        -1.97809    -0.53068    -0.03354    -1.41387
    -5.4450        -2.23780    -0.53808    -0.04024    -1.65948
    -5.2950        -2.49888    -0.54555    -0.04434    -1.90898
    -5.1450        -2.75347    -0.55412    -0.05014    -2.14921
    -4.9950        -2.99906    -0.56323    -0.05726    -2.37857
    -4.8450        -3.23356    -0.57141    -0.06349    -2.59866
    -4.6950        -3.47244    -0.58159    -0.06985    -2.82101
    -4.5450        -3.69566    -0.59065    -0.07562    -3.02939
    -4.3950        -3.90909    -0.60227    -0.08158    -3.22524
    -4.2450        -4.10579    -0.61268    -0.08968    -3.40343
    -4.0950        -4.30951    -0.62298    -0.10000    -3.58653
    -3.9450        -4.50499    -0.63481    -0.11004    -3.76014
    -3.7950        -4.69122    -0.64539    -0.12046    -3.92537
    -3.6450        -4.87526    -0.65771    -0.13438    -4.08317
    -3.4950        -5.04775    -0.67020    -0.14723    -4.23032
    -3.3450        -5.22124    -0.68376    -0.16017    -4.37732
    -3.1950        -5.40267    -0.69700    -0.17583    -4.52984
    -3.0450        -5.58437    -0.71238    -0.19406    -4.67794
    -2.8950        -5.77970    -0.73033    -0.21501    -4.83436
    -2.7450        -5.97734    -0.74900    -0.23787    -4.99047
    -2.5950        -6.19047    -0.76873    -0.26435    -5.15739
    -2.4450        -6.42565    -0.78898    -0.29407    -5.34260
    -2.2950        -6.67583    -0.81401    -0.32341    -5.53841
    -2.1450        -6.95925    -0.84293    -0.35967    -5.75664
    -1.9950        -7.27598    -0.87394    -0.39755    -6.00448
    -1.8450        -7.64468    -0.91046    -0.43970    -6.29452
    -1.6950        -8.07760    -0.94982    -0.48304    -6.64474
    -1.5450        -8.61838    -0.99459    -0.53201    -7.09178
    -1.3950        -9.28956    -1.04773    -0.58893    -7.65290
    -1.2450       -10.10449    -1.10675    -0.65488    -8.34286
    -1.0950       -11.09911    -1.18001    -0.73830    -9.18080
   -0.94500       -12.29965    -1.27357    -0.83895   -10.18714
   -0.79500       -13.78551    -1.39785    -0.96535   -11.42230
   -0.64500       -15.64043    -1.57005    -1.13532   -12.93506
   -0.49500       -18.05120    -1.80911    -1.39308   -14.84901
   -0.34500       -21.32396    -2.20672    -1.81470   -17.30254
   -0.22700       -22.73259    -2.39922    -2.02650   -18.30687
   -0.21300       -22.91531    -2.42440    -2.05463   -18.43628
   -0.20700       -23.10190    -2.45035    -2.08421   -18.56734
   -0.20100       -23.29389    -2.47638    -2.11526   -18.70226
   -0.19500       -23.49020    -2.50316    -2.14702   -18.84002
   -0.18900       -23.69225    -2.53126    -2.17992   -18.98107
   -0.18300       -23.89950    -2.56064    -2.21365   -19.12521
   -0.17700       -24.11285    -2.59099    -2.24798   -19.27388
   -0.17100       -24.33188    -2.62191    -2.28403   -19.42594
   -0.16500       -24.55764    -2.65400    -2.32212   -19.58151
   -0.15900       -24.78806    -2.68689    -2.35987   -19.74131
   -0.15300       -25.03091    -2.72139    -2.39987   -19.90964
   -0.14700       -25.27855    -2.75778    -2.44050   -20.08027
   -0.14100       -25.53590    -2.79426    -2.48346   -20.25818
   -0.13500       -25.80141    -2.83228    -2.52784   -20.44129
   -0.12900       -26.07754    -2.87113    -2.57409   -20.63232
   -0.12300       -26.36474    -2.91211    -2.62257   -20.83006
   -0.11700       -26.66314    -2.95450    -2.67227   -21.03637
   -0.11100       -26.97437    -2.99844    -2.72414   -21.25178
   -0.10500       -27.30034    -3.04376    -2.77767   -21.47891
   -0.99000E-01   -27.64063    -3.09126    -2.83418   -21.71519
   -0.93000E-01   -27.99708    -3.13996    -2.89338   -21.96374
   -0.87000E-01   -28.37357    -3.19118    -2.95555   -22.22684
   -0.81000E-01   -28.77362    -3.24455    -3.02120   -22.50787
   -0.75000E-01   -29.20069    -3.30019    -3.09185   -22.80865
   -0.69000E-01   -29.65818    -3.35928    -3.16736   -23.13155
   -0.63000E-01   -30.15287    -3.42183    -3.25004   -23.48101
   -0.57000E-01   -30.69606    -3.48873    -3.34241   -23.86492
   -0.51000E-01   -31.29586    -3.56201    -3.44517   -24.28868
   -0.45000E-01   -31.96334    -3.64338    -3.55584   -24.76411
   -0.39000E-01   -32.70673    -3.73027    -3.66749   -25.30897
   -0.33000E-01   -33.54559    -3.81739    -3.77648   -25.95172
   -0.27000E-01   -34.51627    -3.90029    -3.87850   -26.73749
   -0.21300E-01   -35.28562    -3.95228    -3.93958   -27.39376
   -0.19500E-01   -35.40817    -3.95946    -3.94788   -27.50083
   -0.18900E-01   -35.53365    -3.96644    -3.95580   -27.61141
   -0.18300E-01   -35.66262    -3.97333    -3.96363   -27.72567
   -0.17700E-01   -35.79496    -3.98009    -3.97131   -27.84356
   -0.17100E-01   -35.93150    -3.98668    -3.97877   -27.96605
   -0.16500E-01   -36.07190    -3.99320    -3.98586   -28.09284
   -0.15900E-01   -36.21692    -3.99944    -3.99281   -28.22467
   -0.15300E-01   -36.36689    -4.00560    -3.99953   -28.36175
   -0.14700E-01   -36.52237    -4.01161    -4.00601   -28.50475
   -0.14100E-01   -36.68343    -4.01732    -4.01230   -28.65381
   -0.13500E-01   -36.85028    -4.02282    -4.01831   -28.80914
   -0.12900E-01   -37.02459    -4.02820    -4.02417   -28.97221
   -0.12300E-01   -37.20582    -4.03342    -4.02979   -29.14261
   -0.11700E-01   -37.39604    -4.03836    -4.03507   -29.32261
   -0.11100E-01   -37.59581    -4.04314    -4.04020   -29.51246
   -0.10500E-01   -37.80669    -4.04762    -4.04499   -29.71408
   -0.99000E-02   -38.02937    -4.05190    -4.04956   -29.92791
   -0.93000E-02   -38.26634    -4.05592    -4.05384   -30.15657
   -0.87000E-02   -38.51979    -4.05971    -4.05781   -30.40227
   -0.81000E-02   -38.79300    -4.06327    -4.06150   -30.66823
   -0.75000E-02   -39.09002    -4.06657    -4.06492   -30.95853
   -0.69000E-02   -39.41685    -4.06964    -4.06806   -31.27915
   -0.63000E-02   -39.77907    -4.07243    -4.07096   -31.63568
   -0.57000E-02   -40.18304    -4.07498    -4.07354   -32.03452
   -0.51000E-02   -40.63627    -4.07729    -4.07586   -32.48312
   -0.45000E-02   -41.14635    -4.07934    -4.07791   -32.98911
   -0.39000E-02   -41.72231    -4.08109    -4.07971   -33.56151
   -0.33000E-02   -42.37406    -4.08258    -4.08120   -34.21028
   -0.27000E-02   -43.11495    -4.08381    -4.08242   -34.94873
   -0.21000E-02   -43.96751    -4.08477    -4.08338   -35.79936
   -0.15000E-02   -44.96461    -4.08545    -4.08406   -36.79510
   -0.90000E-03   -45.94259    -4.08586    -4.08448   -37.77225
   -0.30000E-03   -46.35291    -4.08600    -4.08461   -38.18230
    0.30000E-03   -45.94336    -4.08586    -4.08447   -37.77303
    0.90000E-03   -44.96647    -4.08544    -4.08406   -36.79697
    0.15000E-02   -43.96797    -4.08474    -4.08337   -35.79986
    0.21000E-02   -43.11560    -4.08377    -4.08243   -34.94940
    0.27000E-02   -42.37620    -4.08253    -4.08120   -34.21248
    0.33000E-02   -41.72498    -4.08100    -4.07971   -33.56427
    0.39000E-02   -41.14935    -4.07920    -4.07797   -32.99218
    0.45000E-02   -40.63864    -4.07716    -4.07595   -32.48552
    0.51000E-02   -40.18482    -4.07484    -4.07364   -32.03633
    0.57000E-02   -39.77976    -4.07221    -4.07111   -31.63644
    0.63000E-02   -39.41635    -4.06932    -4.06833   -31.27870
    0.69000E-02   -39.08802    -4.06616    -4.06528   -30.95659
    0.75000E-02   -38.78934    -4.06269    -4.06198   -30.66467
    0.81000E-02   -38.51461    -4.05898    -4.05847   -30.39716
    0.87000E-02   -38.26025    -4.05504    -4.05464   -30.15057
    0.93000E-02   -38.02191    -4.05080    -4.05059   -29.92052
    0.99000E-02   -37.79790    -4.04625    -4.04634   -29.70531
    0.10500E-01   -37.58640    -4.04138    -4.04181   -29.50322
    0.11100E-01   -37.38609    -4.03633    -4.03707   -29.31269
    0.11700E-01   -37.19552    -4.03098    -4.03212   -29.13242
    0.12300E-01   -37.01337    -4.02541    -4.02698   -28.96098
    0.12900E-01   -36.83887    -4.01952    -4.02164   -28.79770
    0.13500E-01   -36.67152    -4.01341    -4.01606   -28.64205
    0.14100E-01   -36.51026    -4.00714    -4.01027   -28.49284
    0.14700E-01   -36.35485    -4.00057    -4.00428   -28.35000
    0.15300E-01   -36.20484    -3.99373    -3.99808   -28.21302
    0.15900E-01   -36.05932    -3.98668    -3.99171   -28.08094
    0.16500E-01   -35.91852    -3.97938    -3.98521   -27.95393
    0.17100E-01   -35.78200    -3.97182    -3.97865   -27.83153
    0.17700E-01   -35.64932    -3.96407    -3.97179   -27.71347
    0.18300E-01   -35.52012    -3.95605    -3.96480   -27.59927
    0.18900E-01   -35.39451    -3.94784    -3.95775   -27.48892
    0.19500E-01   -35.27221    -3.93947    -3.95064   -27.38210
    0.21300E-01   -34.50410    -3.87713    -3.89884   -26.72813
    0.27000E-01   -33.54037    -3.77471    -3.81537   -25.95028
    0.33000E-01   -32.71523    -3.66584    -3.72802   -25.32138
    0.39000E-01   -31.99640    -3.55584    -3.64195   -24.79861
    0.45000E-01   -31.36069    -3.44780    -3.56121   -24.35167
    0.51000E-01   -30.79729    -3.34588    -3.48700   -23.96441
    0.57000E-01   -30.29759    -3.25535    -3.41902   -23.62323
    0.63000E-01   -29.85041    -3.17307    -3.35538   -23.32196
    0.69000E-01   -29.44348    -3.09683    -3.29456   -23.05210
    0.75000E-01   -29.07003    -3.02548    -3.23640   -22.80814
    0.81000E-01   -28.72820    -2.95842    -3.18199   -22.58779
    0.87000E-01   -28.41088    -2.89503    -3.13021   -22.38564
    0.93000E-01   -28.11537    -2.83435    -3.08084   -22.20018
    0.99000E-01   -27.83951    -2.77675    -3.03288   -22.02989
    0.10500       -27.57994    -2.72165    -2.98721   -21.87108
    0.11100       -27.33521    -2.66829    -2.94365   -21.72327
    0.11700       -27.10578    -2.61795    -2.90248   -21.58536
    0.12300       -26.88728    -2.56955    -2.86151   -21.45622
    0.12900       -26.67976    -2.52228    -2.82182   -21.33565
    0.13500       -26.48115    -2.47663    -2.78455   -21.21996
    0.14100       -26.29288    -2.43323    -2.74880   -21.11085
    0.14700       -26.11364    -2.39189    -2.71377   -21.00798
    0.15300       -25.94201    -2.35120    -2.68012   -20.91069
    0.15900       -25.77738    -2.31213    -2.64750   -20.81775
    0.16500       -25.62036    -2.27518    -2.61577   -20.72940
    0.17100       -25.46910    -2.23890    -2.58527   -20.64492
    0.17700       -25.32432    -2.20420    -2.55605   -20.56407
    0.18300       -25.18502    -2.17044    -2.52769   -20.48689
    0.18900       -25.05055    -2.13800    -2.50008   -20.41247
    0.19500       -24.92251    -2.10740    -2.47323   -20.34188
    0.20100       -24.79672    -2.07681    -2.44708   -20.27283
    0.20700       -24.67746    -2.04789    -2.42262   -20.20695
    0.21300       -24.56172    -2.01999    -2.39811   -20.14362
    0.22700       -23.71612    -1.81690    -2.21419   -19.68503
    0.34500       -22.00872    -1.41430    -1.82316   -18.77127
    0.49500       -20.95073    -1.17272    -1.58123   -18.19678
    0.64500       -20.18211    -1.00757    -1.41522   -17.75933
    0.79500       -19.57901    -0.88309    -1.29587   -17.40006
    0.94500       -19.08761    -0.78941    -1.20134   -17.09686
     1.0950       -18.67016    -0.71553    -1.12438   -16.83025
     1.2450       -18.32205    -0.65876    -1.06186   -16.60142
     1.3950       -18.02407    -0.61112    -1.01149   -16.40146
     1.5450       -17.75233    -0.57081    -0.96776   -16.21376
     1.6950       -17.51342    -0.53619    -0.93038   -16.04685
     1.8450       -17.30440    -0.50868    -0.89634   -15.89938
     1.9950       -17.11282    -0.48339    -0.86659   -15.76284
     2.1450       -16.93524    -0.46058    -0.83972   -15.63494
     2.2950       -16.77851    -0.44131    -0.81656   -15.52064
     2.4450       -16.62916    -0.42367    -0.79393   -15.41156
     2.5950       -16.49431    -0.40880    -0.77416   -15.31136
     2.7450       -16.37518    -0.39602    -0.75538   -15.22378
     2.8950       -16.26735    -0.38565    -0.73802   -15.14368
     3.0450       -16.16354    -0.37473    -0.72203   -15.06678
     3.1950       -16.07133    -0.36659    -0.70713   -14.99761
     3.3450       -15.98601    -0.35866    -0.69456   -14.93279
     3.4950       -15.90605    -0.35075    -0.68183   -14.87346
     3.6450       -15.82213    -0.34230    -0.67080   -14.80902
     3.7950       -15.75311    -0.33501    -0.66123   -14.75687
     3.9450       -15.68612    -0.32804    -0.65208   -14.70601
     4.0950       -15.62480    -0.32184    -0.64306   -14.65991
     4.2450       -15.56427    -0.31622    -0.63337   -14.61468
     4.3950       -15.50187    -0.31061    -0.62398   -14.56728
     4.5450       -15.44700    -0.30514    -0.61623   -14.52563
     4.6950       -15.39460    -0.30037    -0.61040   -14.48383
     4.8450       -15.34381    -0.29529    -0.60352   -14.44500
     4.9950       -15.29389    -0.29078    -0.59714   -14.40598
     5.1450       -15.24629    -0.28793    -0.58977   -14.36859
     5.2950       -15.19925    -0.28445    -0.58273   -14.33207
     5.4450       -15.15410    -0.28045    -0.57588   -14.29777
     5.5950       -15.11456    -0.27706    -0.57362   -14.26387
     5.7450       -15.07307    -0.27514    -0.56723   -14.23071
     5.8950       -15.03336    -0.27320    -0.56113   -14.19903
     6.0450       -14.99420    -0.27039    -0.55563   -14.16817
     6.1950       -14.95770    -0.26992    -0.54980   -14.13798
     6.3450       -14.92030    -0.26795    -0.54481   -14.10754
     6.4950       -14.88612    -0.26751    -0.53988   -14.07873
     6.6450       -14.85232    -0.26709    -0.53459   -14.05064
     6.7950       -14.81925    -0.26512    -0.53099   -14.02314
     6.9450       -14.78676    -0.26314    -0.52738   -13.99624
     7.0950       -14.75772    -0.26277    -0.52499   -13.96996
     7.2450       -14.73112    -0.26243    -0.52451   -13.94418
     7.3950       -14.70348    -0.26043    -0.52406   -13.91899
     7.5450       -14.67429    -0.25845    -0.52163   -13.89421
     7.6950       -14.64935    -0.25813    -0.52125   -13.86997
     7.8450       -14.62482    -0.25783    -0.52086   -13.84612
     7.9950       -14.60084    -0.25754    -0.52053   -13.82277
     8.1450       -14.57735    -0.25726    -0.52019   -13.79990
     8.2950       -14.55218    -0.25699    -0.51773   -13.77746
     8.4450       -14.52954    -0.25672    -0.51743   -13.75539
     8.5950       -14.50730    -0.25645    -0.51714   -13.73371
     8.7450       -14.48541    -0.25620    -0.51686   -13.71235
     8.8950       -14.46398    -0.25596    -0.51661   -13.69141
     9.0450       -14.44286    -0.25572    -0.51635   -13.67078
     9.1950       -14.42215    -0.25549    -0.51609   -13.65057
     9.3450       -14.40173    -0.25527    -0.51585   -13.63060
     9.4950       -14.38167    -0.25505    -0.51563   -13.61099
     9.6450       -14.36192    -0.25483    -0.51541   -13.59168
     9.7950       -14.34245    -0.25462    -0.51521   -13.57262
     9.9450       -14.32334    -0.25442    -0.51502   -13.55391
     10.095       -14.30454    -0.25422    -0.51484   -13.53549
     10.245       -14.28604    -0.25402    -0.51466   -13.51736
     10.395       -14.26780    -0.25383    -0.51448   -13.49948
     10.545       -14.24980    -0.25365    -0.51431   -13.48184
     10.695       -14.23212    -0.25347    -0.51415   -13.46451
     10.845       -14.21465    -0.25330    -0.51399   -13.44737
     10.995       -14.19742    -0.25312    -0.51386   -13.43044
     11.145       -14.18040    -0.25295    -0.51371   -13.41374
     11.295       -14.16364    -0.25278    -0.51357   -13.39729
     11.445       -14.14705    -0.25261    -0.51342   -13.38102
     11.595       -14.13075    -0.25244    -0.51330   -13.36500
     11.745       -14.11464    -0.25229    -0.51319   -13.34917
     11.895       -14.09874    -0.25214    -0.51306   -13.33354
     12.045       -14.08308    -0.25199    -0.51293   -13.31817
     12.195       -14.06765    -0.25184    -0.51282   -13.30298
     12.345       -14.05235    -0.25170    -0.51272   -13.28794
     12.495       -14.03719    -0.25156    -0.51260   -13.27303
     12.645       -14.02231    -0.25142    -0.51249   -13.25841
     12.795       -14.00758    -0.25128    -0.51237   -13.24393
     12.945       -13.99302    -0.25114    -0.51226   -13.22962
     13.095       -13.97860    -0.25101    -0.51215   -13.21545
     13.245       -13.96437    -0.25087    -0.51205   -13.20145
     13.395       -13.95034    -0.25074    -0.51196   -13.18764
     13.545       -13.93643    -0.25061    -0.51185   -13.17397
     13.695       -13.92269    -0.25049    -0.51175   -13.16045
     13.845       -13.90915    -0.25036    -0.51166   -13.14713
     13.995       -13.89567    -0.25024    -0.51157   -13.13387
     14.145       -13.88235    -0.25012    -0.51148   -13.12075
     14.295       -13.86919    -0.25000    -0.51139   -13.10780
     14.445       -13.85621    -0.24988    -0.51133   -13.09500
     14.595       -13.84334    -0.24977    -0.51124   -13.08233
     14.745       -13.83059    -0.24965    -0.51117   -13.06978
     14.895       -13.81800    -0.24954    -0.51109   -13.05737
     15.045       -13.80552    -0.24943    -0.51102   -13.04508
     15.195       -13.79318    -0.24932    -0.51094   -13.03292
     15.345       -13.78096    -0.24920    -0.51087   -13.02088
     15.495       -13.76887    -0.24910    -0.51081   -13.00897
     15.645       -13.75688    -0.24900    -0.51074   -12.99714
     15.795       -13.74502    -0.24890    -0.51067   -12.98546
     15.945       -13.73329    -0.24879    -0.51060   -12.97390
     16.095       -13.72168    -0.24869    -0.51054   -12.96245
     16.245       -13.71016    -0.24859    -0.51047   -12.95109
     16.395       -13.69879    -0.24850    -0.51042   -12.93988
     16.545       -13.68751    -0.24841    -0.51036   -12.92874
     16.695       -13.67632    -0.24831    -0.51029   -12.91772
     16.845       -13.66524    -0.24822    -0.51022   -12.90679
     16.995       -13.65428    -0.24813    -0.51016   -12.89599
     17.145       -13.64341    -0.24804    -0.51011   -12.88526
     17.295       -13.63266    -0.24794    -0.51006   -12.87466
     17.445       -13.62197    -0.24785    -0.51000   -12.86413
     17.595       -13.61142    -0.24776    -0.50994   -12.85371
     17.745       -13.60094    -0.24767    -0.50989   -12.84339
     17.895       -13.59051    -0.24758    -0.50984   -12.83309
     18.045       -13.58019    -0.24750    -0.50979   -12.82290
     18.195       -13.56995    -0.24741    -0.50974   -12.81280
     18.345       -13.55978    -0.24732    -0.50969   -12.80277
     18.495       -13.54972    -0.24724    -0.50963   -12.79284
     18.645       -13.53972    -0.24715    -0.50958   -12.78298
     18.795       -13.52982    -0.24707    -0.50955   -12.77320
     18.945       -13.52001    -0.24699    -0.50950   -12.76352
     19.095       -13.51025    -0.24690    -0.50945   -12.75390
     19.245       -13.50059    -0.24682    -0.50940   -12.74437
     19.395       -13.49105    -0.24674    -0.50936   -12.73496
     19.545       -13.48152    -0.24666    -0.50931   -12.72554
     19.695       -13.47206    -0.24658    -0.50927   -12.71620
     19.845       -13.46274    -0.24651    -0.50923   -12.70701
     19.995       -13.45346    -0.24643    -0.50918   -12.69785
     20.145       -13.44424    -0.24635    -0.50914   -12.68875
     20.295       -13.43509    -0.24628    -0.50910   -12.67971
     20.445       -13.42604    -0.24620    -0.50906   -12.67078
     20.595       -13.41703    -0.24613    -0.50902   -12.66188
     20.745       -13.40814    -0.24606    -0.50897   -12.65311
     20.895       -13.39928    -0.24599    -0.50893   -12.64436
     21.045       -13.39050    -0.24591    -0.50889   -12.63569
     21.195       -13.38177    -0.24584    -0.50885   -12.62708
     21.345       -13.37306    -0.24577    -0.50880   -12.61849
     21.495       -13.36443    -0.24570    -0.50876   -12.60998
     21.645       -13.35591    -0.24563    -0.50873   -12.60155
     21.795       -13.34741    -0.24556    -0.50869   -12.59316
     21.945       -13.33900    -0.24548    -0.50866   -12.58486
     22.095       -13.33065    -0.24542    -0.50863   -12.57661
     22.245       -13.32236    -0.24535    -0.50859   -12.56843
     22.395       -13.31417    -0.24528    -0.50855   -12.56034
     22.545       -13.30601    -0.24522    -0.50852   -12.55228
     22.695       -13.29787    -0.24515    -0.50848   -12.54424
     22.845       -13.28982    -0.24508    -0.50845   -12.53629
     22.995       -13.28182    -0.24501    -0.50841   -12.52839
     23.145       -13.27388    -0.24495    -0.50838   -12.52055
     23.295       -13.26598    -0.24488    -0.50835   -12.51275
     23.445       -13.25811    -0.24482    -0.50831   -12.50498
     23.595       -13.25030    -0.24476    -0.50827   -12.49726
     23.745       -13.24258    -0.24470    -0.50824   -12.48964
     23.895       -13.23487    -0.24464    -0.50821   -12.48202
     24.045       -13.22721    -0.24458    -0.50818   -12.47445
     24.195       -13.21962    -0.24452    -0.50815   -12.46696
     24.345       -13.21205    -0.24445    -0.50811   -12.45949
     24.495       -13.20455    -0.24440    -0.50808   -12.45208
     24.645       -13.19712    -0.24434    -0.50804   -12.44474
     24.795       -13.18973    -0.24428    -0.50801   -12.43744
     24.945       -13.18237    -0.24422    -0.50798   -12.43017
     25.095       -13.17506    -0.24416    -0.50795   -12.42296
     25.245       -13.16780    -0.24410    -0.50791   -12.41579
     25.395       -13.16057    -0.24404    -0.50788   -12.40865
     25.545       -13.15338    -0.24399    -0.50785   -12.40154
     25.695       -13.14625    -0.24394    -0.50782   -12.39449
     25.845       -13.13920    -0.24388    -0.50779   -12.38753
     25.995       -13.13215    -0.24382    -0.50776   -12.38057
     26.145       -13.12514    -0.24376    -0.50773   -12.37365
     26.295       -13.11817    -0.24371    -0.50770   -12.36677
     26.445       -13.11126    -0.24365    -0.50767   -12.35994
     26.595       -13.10439    -0.24360    -0.50765   -12.35315
     26.745       -13.09754    -0.24354    -0.50762   -12.34638
     26.895       -13.09074    -0.24348    -0.50759   -12.33966
     27.045       -13.08398    -0.24343    -0.50757   -12.33297
     27.195       -13.07729    -0.24337    -0.50755   -12.32637
     27.345       -13.07063    -0.24332    -0.50753   -12.31978
     27.495       -13.06397    -0.24327    -0.50750   -12.31319
     27.645       -13.05740    -0.24321    -0.50748   -12.30670
     27.795       -13.05085    -0.24316    -0.50746   -12.30023
     27.945       -13.04436    -0.24311    -0.50743   -12.29381
     28.095       -13.03787    -0.24306    -0.50742   -12.28740
     28.245       -13.03141    -0.24301    -0.50739   -12.28101
     28.395       -13.02500    -0.24295    -0.50737   -12.27468
     28.545       -13.01863    -0.24290    -0.50734   -12.26838
     28.695       -13.01228    -0.24285    -0.50732   -12.26211
     28.845       -13.00596    -0.24280    -0.50729   -12.25586
     28.995       -12.99969    -0.24275    -0.50727   -12.24966
     29.145       -12.99344    -0.24270    -0.50725   -12.24349
     29.295       -12.98722    -0.24265    -0.50723   -12.23734
     29.445       -12.98105    -0.24261    -0.50720   -12.23125
     29.595       -12.97491    -0.24256    -0.50718   -12.22517
     29.745       -12.96876    -0.24251    -0.50716   -12.21910
     29.895       -12.96269    -0.24246    -0.50714   -12.21309
     30.045       -12.95664    -0.24241    -0.50712   -12.20710
     30.195       -12.95062    -0.24236    -0.50709   -12.20116
     30.345       -12.94464    -0.24231    -0.50707   -12.19526
     30.495       -12.93869    -0.24227    -0.50705   -12.18937
     30.645       -12.93278    -0.24223    -0.50703   -12.18352
     30.795       -12.92692    -0.24218    -0.50701   -12.17773
     30.945       -12.92106    -0.24213    -0.50699   -12.17193
     31.095       -12.91521    -0.24209    -0.50697   -12.16615
     31.245       -12.90941    -0.24204    -0.50695   -12.16042
     31.395       -12.90366    -0.24199    -0.50694   -12.15474
     31.545       -12.89792    -0.24195    -0.50691   -12.14906
     31.695       -12.89223    -0.24191    -0.50689   -12.14343
     31.845       -12.88656    -0.24186    -0.50687   -12.13783
     31.995       -12.88088    -0.24182    -0.50684   -12.13222
     32.145       -12.87525    -0.24177    -0.50682   -12.12666
     32.295       -12.86962    -0.24173    -0.50679   -12.12110
     32.445       -12.86404    -0.24169    -0.50676   -12.11559
     32.595       -12.85849    -0.24164    -0.50675   -12.11010
     32.745       -12.85299    -0.24160    -0.50673   -12.10466
     32.895       -12.84750    -0.24156    -0.50671   -12.09923
     33.045       -12.84204    -0.24151    -0.50669   -12.09383
     33.195       -12.83659    -0.24147    -0.50667   -12.08845
     33.345       -12.83119    -0.24143    -0.50665   -12.08311
     33.495       -12.82583    -0.24139    -0.50663   -12.07781
     33.645       -12.82047    -0.24135    -0.50661   -12.07251
     33.795       -12.81513    -0.24131    -0.50659   -12.06723
     33.945       -12.80981    -0.24127    -0.50658   -12.06197
     34.095       -12.80452    -0.24123    -0.50655   -12.05674
     34.245       -12.79925    -0.24119    -0.50653   -12.05153
     34.395       -12.79400    -0.24114    -0.50652   -12.04634
     34.545       -12.78878    -0.24110    -0.50649   -12.04119
     34.695       -12.78359    -0.24106    -0.50647   -12.03606
     34.845       -12.77840    -0.24102    -0.50646   -12.03092
     34.995       -12.77329    -0.24098    -0.50644   -12.02587
     35.145       -12.76815    -0.24094    -0.50642   -12.02079
     35.295       -12.76305    -0.24090    -0.50640   -12.01575
     35.445       -12.75800    -0.24086    -0.50638   -12.01076
     35.595       -12.75292    -0.24082    -0.50636   -12.00574
     35.745       -12.74790    -0.24078    -0.50634   -12.00078
     35.895       -12.74291    -0.24074    -0.50632   -11.99585
     36.045       -12.73793    -0.24070    -0.50631   -11.99092
     36.195       -12.73297    -0.24066    -0.50629   -11.98602
     36.345       -12.72802    -0.24062    -0.50628   -11.98113
     36.495       -12.72308    -0.24058    -0.50625   -11.97625
     36.645       -12.71818    -0.24054    -0.50623   -11.97141
     36.795       -12.71333    -0.24051    -0.50622   -11.96660
     36.945       -12.70848    -0.24047    -0.50620   -11.96181
     37.095       -12.70362    -0.24043    -0.50618   -11.95701
     37.245       -12.69879    -0.24039    -0.50616   -11.95224
     37.395       -12.69402    -0.24036    -0.50614   -11.94752
     37.545       -12.68926    -0.24032    -0.50613   -11.94280
     37.695       -12.68449    -0.24028    -0.50611   -11.93809
     37.845       -12.67975    -0.24025    -0.50609   -11.93341
     37.995       -12.67504    -0.24021    -0.50608   -11.92875
     38.145       -12.67038    -0.24018    -0.50607   -11.92414
     38.295       -12.66571    -0.24014    -0.50604   -11.91953
     38.445       -12.66106    -0.24010    -0.50603   -11.91493
     38.595       -12.65644    -0.24007    -0.50602   -11.91035
     38.745       -12.65178    -0.24003    -0.50600   -11.90575
     38.895       -12.64720    -0.24000    -0.50598   -11.90123
     39.045       -12.64262    -0.23996    -0.50596   -11.89670
     39.195       -12.63806    -0.23992    -0.50595   -11.89219
     39.345       -12.63350    -0.23989    -0.50593   -11.88768
     39.495       -12.62897    -0.23985    -0.50592   -11.88320
     39.645       -12.62447    -0.23982    -0.50591   -11.87875
     39.795       -12.61997    -0.23978    -0.50589   -11.87430
     39.945       -12.61551    -0.23975    -0.50587   -11.86989
     40.095       -12.61108    -0.23972    -0.50585   -11.86551
     40.245       -12.60665    -0.23968    -0.50584   -11.86114
     40.395       -12.60224    -0.23965    -0.50582   -11.85678
     40.545       -12.59785    -0.23961    -0.50580   -11.85243
     40.695       -12.59344    -0.23958    -0.50579   -11.84807
     40.845       -12.58907    -0.23955    -0.50577   -11.84375
     40.995       -12.58475    -0.23951    -0.50575   -11.83948
     41.145       -12.58043    -0.23948    -0.50574   -11.83521
     41.295       -12.57610    -0.23945    -0.50572   -11.83093
     41.445       -12.57182    -0.23941    -0.50570   -11.82671
     41.595       -12.56755    -0.23938    -0.50569   -11.82248
     41.745       -12.56327    -0.23935    -0.50568   -11.81825
     41.895       -12.55906    -0.23932    -0.50566   -11.81408
     42.045       -12.55483    -0.23929    -0.50564   -11.80991
     42.195       -12.55059    -0.23925    -0.50562   -11.80572
     42.345       -12.54639    -0.23922    -0.50560   -11.80157
     42.495       -12.54222    -0.23919    -0.50560   -11.79743
     42.645       -12.53806    -0.23915    -0.50558   -11.79333
     42.795       -12.53394    -0.23912    -0.50557   -11.78925
     42.945       -12.52980    -0.23909    -0.50555   -11.78516
     43.095       -12.52567    -0.23906    -0.50554   -11.78107
     43.245       -12.52157    -0.23902    -0.50552   -11.77702
     43.395       -12.51750    -0.23899    -0.50551   -11.77300
     43.545       -12.51343    -0.23896    -0.50549   -11.76898
     43.695       -12.50938    -0.23893    -0.50548   -11.76498
     43.845       -12.50535    -0.23890    -0.50546   -11.76099
     43.995       -12.50130    -0.23887    -0.50544   -11.75699
     44.145       -12.49727    -0.23884    -0.50543   -11.75301
     44.295       -12.49327    -0.23880    -0.50542   -11.74905
     44.445       -12.48929    -0.23877    -0.50541   -11.74511
     44.595       -12.48532    -0.23874    -0.50540   -11.74119
     44.745       -12.48137    -0.23871    -0.50538   -11.73728
     44.895       -12.47743    -0.23868    -0.50536   -11.73339
     45.045       -12.47351    -0.23865    -0.50535   -11.72951
     45.195       -12.46961    -0.23862    -0.50534   -11.72565
     45.345       -12.46570    -0.23859    -0.50532   -11.72178
     45.495       -12.46183    -0.23856    -0.50531   -11.71796
     45.645       -12.45798    -0.23853    -0.50530   -11.71415
     45.795       -12.45415    -0.23850    -0.50528   -11.71036
     45.945       -12.45031    -0.23848    -0.50527   -11.70656
     46.095       -12.44648    -0.23845    -0.50526   -11.70277
     46.245       -12.44266    -0.23842    -0.50524   -11.69900
     46.395       -12.43884    -0.23839    -0.50523   -11.69522
     46.545       -12.43504    -0.23836    -0.50522   -11.69146
     46.695       -12.43128    -0.23833    -0.50521   -11.68774
     46.845       -12.42751    -0.23830    -0.50519   -11.68402
     46.995       -12.42375    -0.23827    -0.50518   -11.68030
     47.145       -12.42001    -0.23824    -0.50517   -11.67660
     47.295       -12.41627    -0.23821    -0.50515   -11.67291
     47.445       -12.41255    -0.23818    -0.50514   -11.66923
     47.595       -12.40886    -0.23815    -0.50513   -11.66558
     47.745       -12.40517    -0.23813    -0.50511   -11.66193
     47.895       -12.40148    -0.23810    -0.50510   -11.65828
     48.045       -12.39783    -0.23807    -0.50509   -11.65467
     48.195       -12.39415    -0.23804    -0.50508   -11.65103
     48.345       -12.39052    -0.23801    -0.50507   -11.64744
     48.495       -12.38689    -0.23798    -0.50505   -11.64386
     48.645       -12.38328    -0.23795    -0.50504   -11.64028
     48.795       -12.37966    -0.23793    -0.50503   -11.63670
     48.945       -12.37608    -0.23790    -0.50501   -11.63317
     49.095       -12.37250    -0.23787    -0.50500   -11.62963
     49.245       -12.36894    -0.23784    -0.50499   -11.62610
     49.395       -12.36538    -0.23781    -0.50498   -11.62258
     49.545       -12.36186    -0.23779    -0.50496   -11.61911
     49.695       -12.35833    -0.23776    -0.50495   -11.61563
     49.845       -12.35482    -0.23773    -0.50494   -11.61215
     49.995       -12.35132    -0.23770    -0.50493   -11.60869
     50.145       -12.34783    -0.23768    -0.50491   -11.60524
     50.295       -12.34433    -0.23765    -0.50491   -11.60177
     50.445       -12.34083    -0.23762    -0.50490   -11.59832
     50.595       -12.33735    -0.23759    -0.50488   -11.59488
     50.745       -12.33389    -0.23757    -0.50486   -11.59146
     50.895       -12.33043    -0.23754    -0.50485   -11.58804
     51.045       -12.32698    -0.23751    -0.50484   -11.58463
     51.195       -12.32357    -0.23748    -0.50483   -11.58125
     51.345       -12.32016    -0.23746    -0.50482   -11.57788
     51.495       -12.31677    -0.23743    -0.50481   -11.57452
     51.645       -12.31339    -0.23740    -0.50480   -11.57118
     51.795       -12.31001    -0.23738    -0.50479   -11.56784
     51.945       -12.30663    -0.23735    -0.50478   -11.56450
     52.095       -12.30326    -0.23733    -0.50476   -11.56117
     52.245       -12.29989    -0.23730    -0.50475   -11.55784
     52.395       -12.29655    -0.23728    -0.50474   -11.55453
     52.545       -12.29321    -0.23725    -0.50473   -11.55123
     52.695       -12.28990    -0.23723    -0.50472   -11.54795
     52.845       -12.28659    -0.23720    -0.50471   -11.54468
     52.995       -12.28331    -0.23717    -0.50470   -11.54144
     53.145       -12.28003    -0.23715    -0.50469   -11.53819
     53.295       -12.27675    -0.23712    -0.50468   -11.53496
     53.445       -12.27347    -0.23710    -0.50466   -11.53171
     53.595       -12.27022    -0.23707    -0.50465   -11.52850
     53.745       -12.26698    -0.23705    -0.50464   -11.52530
     53.895       -12.26373    -0.23702    -0.50463   -11.52209
     54.045       -12.26048    -0.23699    -0.50461   -11.51888
     54.195       -12.25727    -0.23697    -0.50460   -11.51570
     54.345       -12.25404    -0.23694    -0.50459   -11.51251
     54.495       -12.25085    -0.23692    -0.50458   -11.50935
     54.645       -12.24765    -0.23689    -0.50457   -11.50619
     54.795       -12.24446    -0.23687    -0.50455   -11.50304
     54.945       -12.24130    -0.23685    -0.50454   -11.49991
     55.095       -12.23815    -0.23682    -0.50453   -11.49679
     59.433       -11.99014    -0.23492    -0.50366   -11.25156
     80.646       -11.62761    -0.23215    -0.50238   -10.89308
     111.21       -11.27572    -0.22947    -0.50115   -10.54509
     153.36       -10.93433    -0.22685    -0.49993   -10.20756
     211.49       -10.60346    -0.22432    -0.49871    -9.88043
     291.64       -10.28368    -0.22189    -0.49752    -9.56427
     402.18        -9.97469    -0.21949    -0.49632    -9.25888
     554.60        -9.67638    -0.21719    -0.49515    -8.96404
     764.80        -9.38840    -0.21497    -0.49403    -8.67940
     1054.7        -9.11050    -0.21283    -0.49292    -8.40475
     1454.4        -8.84239    -0.21073    -0.49181    -8.13985
     2005.6        -8.58358    -0.20871    -0.49073    -7.88413
     2765.8        -8.33362    -0.20676    -0.48964    -7.63721
     3814.0        -8.09211    -0.20488    -0.48863    -7.39861
     5259.5        -7.85875    -0.20305    -0.48764    -7.16806
     7252.9        -7.63312    -0.20128    -0.48664    -6.94520
     10002.        -7.41509    -0.19957    -0.48569    -6.72983
     13793.        -7.20442    -0.19793    -0.48473    -6.52176
     19020.        -7.00116    -0.19632    -0.48382    -6.32102
     26229.        -6.80564    -0.19480    -0.48292    -6.12792
     36170.        -6.61821    -0.19332    -0.48206    -5.94282
     49878.        -6.43885    -0.19189    -0.48124    -5.76571
     68782.        -6.26737    -0.19053    -0.48044    -5.59640
     94851.        -6.10373    -0.18925    -0.47969    -5.43479
    0.13080E+06    -5.94770    -0.18802    -0.47897    -5.28070
    0.18038E+06    -5.79875    -0.18686    -0.47827    -5.13363
    0.24874E+06    -5.65677    -0.18574    -0.47760    -4.99343
    0.34301E+06    -5.52160    -0.18468    -0.47695    -4.85997
    0.47302E+06    -5.39293    -0.18367    -0.47634    -4.73292
    0.65229E+06    -5.27031    -0.18269    -0.47575    -4.61187
    0.89952E+06    -5.15376    -0.18178    -0.47518    -4.49680
    0.12404E+07    -5.04279    -0.18090    -0.47464    -4.38725
    0.17106E+07    -4.93724    -0.18008    -0.47412    -4.28304
    0.23589E+07    -4.83681    -0.17928    -0.47364    -4.18388
    0.32529E+07    -4.74128    -0.17854    -0.47318    -4.08956
    0.44858E+07    -4.65038    -0.17783    -0.47275    -3.99981
    0.61860E+07    -4.56396    -0.17715    -0.47234    -3.91447
    0.85305E+07    -4.48170    -0.17651    -0.47194    -3.83325
    0.11764E+08    -4.40346    -0.17590    -0.47156    -3.75600
    0.16222E+08    -4.32898    -0.17532    -0.47119    -3.68247
    0.22370E+08    -4.25821    -0.17477    -0.47086    -3.61259
    0.30849E+08    -4.19106    -0.17424    -0.47054    -3.54628
    0.42541E+08    -4.12776    -0.17374    -0.47025    -3.48377
    0.58664E+08    -4.06846    -0.17329    -0.46997    -3.42521
    0.80898E+08    -4.01295    -0.17285    -0.46970    -3.37040
    0.11156E+09    -3.96099    -0.17244    -0.46945    -3.31910
    0.15384E+09    -3.91232    -0.17205    -0.46922    -3.27104
    0.21215E+09    -3.86670    -0.17169    -0.46901    -3.22600
    0.29255E+09    -3.82380    -0.17136    -0.46881    -3.18363
    0.40343E+09    -3.78354    -0.17103    -0.46862    -3.14388
    0.55633E+09    -3.74560    -0.17074    -0.46845    -3.10641
    0.76719E+09    -3.71036    -0.17045    -0.46829    -3.07162
    0.10580E+10    -3.67845    -0.17020    -0.46814    -3.04011
    0.14589E+10    -3.64924    -0.16997    -0.46801    -3.01126
    0.20119E+10    -3.62237    -0.16975    -0.46787    -2.98475
    0.27744E+10    -3.59761    -0.16956    -0.46775    -2.96030
    0.38259E+10    -3.57471    -0.16938    -0.46763    -2.93770
    0.52760E+10    -3.55366    -0.16921    -0.46753    -2.91691
    0.72756E+10    -3.53416    -0.16906    -0.46743    -2.89767
    0.10033E+11    -3.51621    -0.16892    -0.46734    -2.87995
    0.13836E+11    -3.49962    -0.16879    -0.46726    -2.86357
    0.19079E+11    -3.48432    -0.16867    -0.46718    -2.84847
    0.26311E+11    -3.47021    -0.16856    -0.46712    -2.83453
    0.36283E+11    -3.45719    -0.16846    -0.46705    -2.82168
    0.50034E+11    -3.44513    -0.16837    -0.46698    -2.80978
    0.68997E+11    -3.43405    -0.16828    -0.46692    -2.79885
    0.10000E+12    -3.30088    -0.16725    -0.46622    -2.66741
