    -99.945         0.00000     0.00000     0.00000     0.00000
    -99.795         0.00000     0.00000     0.00000     0.00000
    -99.645         0.00000     0.00000     0.00000     0.00000
    -99.495         0.00000     0.00000     0.00000     0.00000
    -99.345         0.00000     0.00000     0.00000     0.00000
    -99.195         0.00000     0.00000     0.00000     0.00000
    -99.045         0.00000     0.00000     0.00000     0.00000
    -98.895         0.00000     0.00000     0.00000     0.00000
    -98.745         0.00000     0.00000     0.00000     0.00000
    -98.595         0.00000     0.00000     0.00000     0.00000
    -98.445         0.00000     0.00000     0.00000     0.00000
    -98.295         0.00000     0.00000     0.00000     0.00000
    -98.145         0.00000     0.00000     0.00000     0.00000
    -97.995         0.00000     0.00000     0.00000     0.00000
    -97.845         0.00000     0.00000     0.00000     0.00000
    -97.695         0.00000     0.00000     0.00000     0.00000
    -97.545         0.00000     0.00000     0.00000     0.00000
    -97.395         0.00000     0.00000     0.00000     0.00000
    -97.245         0.00000     0.00000     0.00000     0.00000
    -97.095         0.00000     0.00000     0.00000     0.00000
    -96.945         0.00000     0.00000     0.00000     0.00000
    -96.795         0.00000     0.00000     0.00000     0.00000
    -96.645         0.00000     0.00000     0.00000     0.00000
    -96.495         0.00000     0.00000     0.00000     0.00000
    -96.345         0.00000     0.00000     0.00000     0.00000
    -96.195         0.00000     0.00000     0.00000     0.00000
    -96.045         0.00000     0.00000     0.00000     0.00000
    -95.895         0.00000     0.00000     0.00000     0.00000
    -95.745         0.00000     0.00000     0.00000     0.00000
    -95.595         0.00000     0.00000     0.00000     0.00000
    -95.445         0.00000     0.00000     0.00000     0.00000
    -95.295         0.00000     0.00000     0.00000     0.00000
    -95.145         0.00000     0.00000     0.00000     0.00000
    -94.995         0.00000     0.00000     0.00000     0.00000
    -94.845         0.00000     0.00000     0.00000     0.00000
    -94.695         0.00000     0.00000     0.00000     0.00000
    -94.545         0.00000     0.00000     0.00000     0.00000
    -94.395         0.00000     0.00000     0.00000     0.00000
    -94.245         0.00000     0.00000     0.00000     0.00000
    -94.095         0.00000     0.00000     0.00000     0.00000
    -93.945         0.00000     0.00000     0.00000     0.00000
    -93.795         0.00000     0.00000     0.00000     0.00000
    -93.645         0.00000     0.00000     0.00000     0.00000
    -93.495         0.00000     0.00000     0.00000     0.00000
    -93.345         0.00000     0.00000     0.00000     0.00000
    -93.195         0.00000     0.00000     0.00000     0.00000
    -93.045         0.00000     0.00000     0.00000     0.00000
    -92.895         0.00000     0.00000     0.00000     0.00000
    -92.745         0.00000     0.00000     0.00000     0.00000
    -92.595         0.00000     0.00000     0.00000     0.00000
    -92.445         0.00000     0.00000     0.00000     0.00000
    -92.295         0.00000     0.00000     0.00000     0.00000
    -92.145         0.00000     0.00000     0.00000     0.00000
    -91.995         0.00000     0.00000     0.00000     0.00000
    -91.845         0.00000     0.00000     0.00000     0.00000
    -91.695         0.00000     0.00000     0.00000     0.00000
    -91.545         0.00000     0.00000     0.00000     0.00000
    -91.395         0.00000     0.00000     0.00000     0.00000
    -91.245         0.00000     0.00000     0.00000     0.00000
    -91.095         0.00000     0.00000     0.00000     0.00000
    -90.945         0.00000     0.00000     0.00000     0.00000
    -90.795         0.00000     0.00000     0.00000     0.00000
    -90.645         0.00000     0.00000     0.00000     0.00000
    -90.495         0.00000     0.00000     0.00000     0.00000
    -90.345         0.00000     0.00000     0.00000     0.00000
    -90.195         0.00000     0.00000     0.00000     0.00000
    -90.045         0.00000     0.00000     0.00000     0.00000
    -89.895         0.00000     0.00000     0.00000     0.00000
    -89.745         0.00000     0.00000     0.00000     0.00000
    -89.595         0.00000     0.00000     0.00000     0.00000
    -89.445         0.00000     0.00000     0.00000     0.00000
    -89.295         0.00000     0.00000     0.00000     0.00000
    -89.145         0.00000     0.00000     0.00000     0.00000
    -88.995         0.00000     0.00000     0.00000     0.00000
    -88.845         0.00000     0.00000     0.00000     0.00000
    -88.695         0.00000     0.00000     0.00000     0.00000
    -88.545         0.00000     0.00000     0.00000     0.00000
    -88.395         0.00000     0.00000     0.00000     0.00000
    -88.245         0.00000     0.00000     0.00000     0.00000
    -88.095         0.00000     0.00000     0.00000     0.00000
    -87.945         0.00000     0.00000     0.00000     0.00000
    -87.795         0.00000     0.00000     0.00000     0.00000
    -87.645         0.00000     0.00000     0.00000     0.00000
    -87.495         0.00000     0.00000     0.00000     0.00000
    -87.345         0.00000     0.00000     0.00000     0.00000
    -87.195         0.00000     0.00000     0.00000     0.00000
    -87.045         0.00000     0.00000     0.00000     0.00000
    -86.895         0.00000     0.00000     0.00000     0.00000
    -86.745         0.00000     0.00000     0.00000     0.00000
    -86.595         0.00000     0.00000     0.00000     0.00000
    -86.445         0.00000     0.00000     0.00000     0.00000
    -86.295         0.00000     0.00000     0.00000     0.00000
    -86.145         0.00000     0.00000     0.00000     0.00000
    -85.995         0.00000     0.00000     0.00000     0.00000
    -85.845         0.00000     0.00000     0.00000     0.00000
    -85.695         0.00000     0.00000     0.00000     0.00000
    -85.545         0.00000     0.00000     0.00000     0.00000
    -85.395         0.00000     0.00000     0.00000     0.00000
    -85.245         0.00000     0.00000     0.00000     0.00000
    -85.095         0.00000     0.00000     0.00000     0.00000
    -84.945         0.00000     0.00000     0.00000     0.00000
    -84.795         0.00000     0.00000     0.00000     0.00000
    -84.645         0.00000     0.00000     0.00000     0.00000
    -84.495         0.00000     0.00000     0.00000     0.00000
    -84.345         0.00000     0.00000     0.00000     0.00000
    -84.195         0.00000     0.00000     0.00000     0.00000
    -84.045         0.00000     0.00000     0.00000     0.00000
    -83.895         0.00000     0.00000     0.00000     0.00000
    -83.745         0.00000     0.00000     0.00000     0.00000
    -83.595         0.00000     0.00000     0.00000     0.00000
    -83.445         0.00000     0.00000     0.00000     0.00000
    -83.295         0.00000     0.00000     0.00000     0.00000
    -83.145         0.00000     0.00000     0.00000     0.00000
    -82.995         0.00000     0.00000     0.00000     0.00000
    -82.845         0.00000     0.00000     0.00000     0.00000
    -82.695         0.00000     0.00000     0.00000     0.00000
    -82.545         0.00000     0.00000     0.00000     0.00000
    -82.395         0.00000     0.00000     0.00000     0.00000
    -82.245         0.00000     0.00000     0.00000     0.00000
    -82.095         0.00000     0.00000     0.00000     0.00000
    -81.945         0.00000     0.00000     0.00000     0.00000
    -81.795         0.00000     0.00000     0.00000     0.00000
    -81.645         0.00000     0.00000     0.00000     0.00000
    -81.495         0.00000     0.00000     0.00000     0.00000
    -81.345         0.00000     0.00000     0.00000     0.00000
    -81.195         0.00000     0.00000     0.00000     0.00000
    -81.045         0.00000     0.00000     0.00000     0.00000
    -80.895         0.00000     0.00000     0.00000     0.00000
    -80.745         0.00000     0.00000     0.00000     0.00000
    -80.595         0.00000     0.00000     0.00000     0.00000
    -80.445         0.00000     0.00000     0.00000     0.00000
    -80.295         0.00000     0.00000     0.00000     0.00000
    -80.145         0.00000     0.00000     0.00000     0.00000
    -79.995         0.00000     0.00000     0.00000     0.00000
    -79.845         0.00000     0.00000     0.00000     0.00000
    -79.695         0.00000     0.00000     0.00000     0.00000
    -79.545         0.00000     0.00000     0.00000     0.00000
    -79.395         0.00000     0.00000     0.00000     0.00000
    -79.245         0.00000     0.00000     0.00000     0.00000
    -79.095         0.00000     0.00000     0.00000     0.00000
    -78.945         0.00000     0.00000     0.00000     0.00000
    -78.795         0.00000     0.00000     0.00000     0.00000
    -78.645         0.00000     0.00000     0.00000     0.00000
    -78.495         0.00000     0.00000     0.00000     0.00000
    -78.345         0.00000     0.00000     0.00000     0.00000
    -78.195         0.00000     0.00000     0.00000     0.00000
    -78.045         0.00000     0.00000     0.00000     0.00000
    -77.895         0.00000     0.00000     0.00000     0.00000
    -77.745         0.00000     0.00000     0.00000     0.00000
    -77.595         0.00000     0.00000     0.00000     0.00000
    -77.445         0.00000     0.00000     0.00000     0.00000
    -77.295         0.00000     0.00000     0.00000     0.00000
    -77.145         0.00000     0.00000     0.00000     0.00000
    -76.995         0.00000     0.00000     0.00000     0.00000
    -76.845         0.00000     0.00000     0.00000     0.00000
    -76.695         0.00000     0.00000     0.00000     0.00000
    -76.545         0.00000     0.00000     0.00000     0.00000
    -76.395         0.00000     0.00000     0.00000     0.00000
    -76.245         0.00000     0.00000     0.00000     0.00000
    -76.095         0.00000     0.00000     0.00000     0.00000
    -75.945         0.00000     0.00000     0.00000     0.00000
    -75.795         0.00000     0.00000     0.00000     0.00000
    -75.645         0.00000     0.00000     0.00000     0.00000
    -75.495         0.00000     0.00000     0.00000     0.00000
    -75.345         0.00000     0.00000     0.00000     0.00000
    -75.195         0.00000     0.00000     0.00000     0.00000
    -75.045         0.00000     0.00000     0.00000     0.00000
    -74.895         0.00000     0.00000     0.00000     0.00000
    -74.745         0.00000     0.00000     0.00000     0.00000
    -74.595         0.00000     0.00000     0.00000     0.00000
    -74.445         0.00000     0.00000     0.00000     0.00000
    -74.295         0.00000     0.00000     0.00000     0.00000
    -74.145         0.00000     0.00000     0.00000     0.00000
    -73.995         0.00000     0.00000     0.00000     0.00000
    -73.845         0.00000     0.00000     0.00000     0.00000
    -73.695         0.00000     0.00000     0.00000     0.00000
    -73.545         0.00000     0.00000     0.00000     0.00000
    -73.395         0.00000     0.00000     0.00000     0.00000
    -73.245         0.00000     0.00000     0.00000     0.00000
    -73.095         0.00000     0.00000     0.00000     0.00000
    -72.945         0.00000     0.00000     0.00000     0.00000
    -72.795         0.00000     0.00000     0.00000     0.00000
    -72.645         0.00000     0.00000     0.00000     0.00000
    -72.495         0.00000     0.00000     0.00000     0.00000
    -72.345         0.00000     0.00000     0.00000     0.00000
    -72.195         0.00000     0.00000     0.00000     0.00000
    -72.045         0.00000     0.00000     0.00000     0.00000
    -71.895         0.00000     0.00000     0.00000     0.00000
    -71.745         0.00000     0.00000     0.00000     0.00000
    -71.595         0.00000     0.00000     0.00000     0.00000
    -71.445         0.00000     0.00000     0.00000     0.00000
    -71.295         0.00000     0.00000     0.00000     0.00000
    -71.145         0.00000     0.00000     0.00000     0.00000
    -70.995         0.00000     0.00000     0.00000     0.00000
    -70.845         0.00000     0.00000     0.00000     0.00000
    -70.695         0.00000     0.00000     0.00000     0.00000
    -70.545         0.00000     0.00000     0.00000     0.00000
    -70.395         0.00000     0.00000     0.00000     0.00000
    -70.245         0.00000     0.00000     0.00000     0.00000
    -70.095         0.00000     0.00000     0.00000     0.00000
    -69.945         0.00000     0.00000     0.00000     0.00000
    -69.795         0.00000     0.00000     0.00000     0.00000
    -69.645         0.00000     0.00000     0.00000     0.00000
    -69.495         0.00000     0.00000     0.00000     0.00000
    -69.345         0.00000     0.00000     0.00000     0.00000
    -69.195         0.00000     0.00000     0.00000     0.00000
    -69.045         0.00000     0.00000     0.00000     0.00000
    -68.895         0.00000     0.00000     0.00000     0.00000
    -68.745         0.00000     0.00000     0.00000     0.00000
    -68.595         0.00000     0.00000     0.00000     0.00000
    -68.445         0.00000     0.00000     0.00000     0.00000
    -68.295         0.00000     0.00000     0.00000     0.00000
    -68.145         0.00000     0.00000     0.00000     0.00000
    -67.995         0.00000     0.00000     0.00000     0.00000
    -67.845         0.00000     0.00000     0.00000     0.00000
    -67.695         0.00000     0.00000     0.00000     0.00000
    -67.545         0.00000     0.00000     0.00000     0.00000
    -67.395         0.00000     0.00000     0.00000     0.00000
    -67.245         0.00000     0.00000     0.00000     0.00000
    -67.095         0.00000     0.00000     0.00000     0.00000
    -66.945         0.00000     0.00000     0.00000     0.00000
    -66.795         0.00000     0.00000     0.00000     0.00000
    -66.645         0.00000     0.00000     0.00000     0.00000
    -66.495         0.00000     0.00000     0.00000     0.00000
    -66.345         0.00000     0.00000     0.00000     0.00000
    -66.195         0.00000     0.00000     0.00000     0.00000
    -66.045         0.00000     0.00000     0.00000     0.00000
    -65.895         0.00000     0.00000     0.00000     0.00000
    -65.745         0.00000     0.00000     0.00000     0.00000
    -65.595         0.00000     0.00000     0.00000     0.00000
    -65.445         0.00000     0.00000     0.00000     0.00000
    -65.295         0.00000     0.00000     0.00000     0.00000
    -65.145         0.00000     0.00000     0.00000     0.00000
    -64.995         0.00000     0.00000     0.00000     0.00000
    -64.845         0.00000     0.00000     0.00000     0.00000
    -64.695         0.00000     0.00000     0.00000     0.00000
    -64.545         0.00000     0.00000     0.00000     0.00000
    -64.395         0.00000     0.00000     0.00000     0.00000
    -64.245         0.00000     0.00000     0.00000     0.00000
    -64.095         0.00000     0.00000     0.00000     0.00000
    -63.945         0.00000     0.00000     0.00000     0.00000
    -63.795         0.00000     0.00000     0.00000     0.00000
    -63.645         0.00000     0.00000     0.00000     0.00000
    -63.495         0.00000     0.00000     0.00000     0.00000
    -63.345         0.00000     0.00000     0.00000     0.00000
    -63.195         0.00000     0.00000     0.00000     0.00000
    -63.045         0.00000     0.00000     0.00000     0.00000
    -62.895         0.00000     0.00000     0.00000     0.00000
    -62.745         0.00000     0.00000     0.00000     0.00000
    -62.595         0.00000     0.00000     0.00000     0.00000
    -62.445         0.00000     0.00000     0.00000     0.00000
    -62.295         0.00000     0.00000     0.00000     0.00000
    -62.145         0.00000     0.00000     0.00000     0.00000
    -61.995         0.00000     0.00000     0.00000     0.00000
    -61.845         0.00000     0.00000     0.00000     0.00000
    -61.695         0.00000     0.00000     0.00000     0.00000
    -61.545         0.00000     0.00000     0.00000     0.00000
    -61.395         0.00000     0.00000     0.00000     0.00000
    -61.245         0.00000     0.00000     0.00000     0.00000
    -61.095         0.00000     0.00000     0.00000     0.00000
    -60.945         0.00000     0.00000     0.00000     0.00000
    -60.795         0.00000     0.00000     0.00000     0.00000
    -60.645         0.00000     0.00000     0.00000     0.00000
    -60.495         0.00000     0.00000     0.00000     0.00000
    -60.345         0.00000     0.00000     0.00000     0.00000
    -60.195         0.00000     0.00000     0.00000     0.00000
    -60.045         0.00000     0.00000     0.00000     0.00000
    -59.895         0.00000     0.00000     0.00000     0.00000
    -59.745         0.00000     0.00000     0.00000     0.00000
    -59.595         0.00000     0.00000     0.00000     0.00000
    -59.445         0.00000     0.00000     0.00000     0.00000
    -59.295         0.00000     0.00000     0.00000     0.00000
    -59.145         0.00000     0.00000     0.00000     0.00000
    -58.995         0.00000     0.00000     0.00000     0.00000
    -58.845         0.00000     0.00000     0.00000     0.00000
    -58.695         0.00000     0.00000     0.00000     0.00000
    -58.545         0.00000     0.00000     0.00000     0.00000
    -58.395         0.00000     0.00000     0.00000     0.00000
    -58.245         0.00000     0.00000     0.00000     0.00000
    -58.095         0.00000     0.00000     0.00000     0.00000
    -57.945         0.00000     0.00000     0.00000     0.00000
    -57.795         0.00000     0.00000     0.00000     0.00000
    -57.645         0.00000     0.00000     0.00000     0.00000
    -57.495         0.00000     0.00000     0.00000     0.00000
    -57.345         0.00000     0.00000     0.00000     0.00000
    -57.195         0.00000     0.00000     0.00000     0.00000
    -57.045         0.00000     0.00000     0.00000     0.00000
    -56.895         0.00000     0.00000     0.00000     0.00000
    -56.745         0.00000     0.00000     0.00000     0.00000
    -56.595         0.00000     0.00000     0.00000     0.00000
    -56.445         0.00000     0.00000     0.00000     0.00000
    -56.295         0.00000     0.00000     0.00000     0.00000
    -56.145         0.00000     0.00000     0.00000     0.00000
    -55.995         0.00000     0.00000     0.00000     0.00000
    -55.845         0.00000     0.00000     0.00000     0.00000
    -55.695         0.00000     0.00000     0.00000     0.00000
    -55.545         0.00000     0.00000     0.00000     0.00000
    -55.395         0.00000     0.00000     0.00000     0.00000
    -55.245         0.00000     0.00000     0.00000     0.00000
    -55.095         0.00000     0.00000     0.00000     0.00000
    -54.945         0.00000     0.00000     0.00000     0.00000
    -54.795         0.00000     0.00000     0.00000     0.00000
    -54.645         0.00000     0.00000     0.00000     0.00000
    -54.495         0.00000     0.00000     0.00000     0.00000
    -54.345         0.00000     0.00000     0.00000     0.00000
    -54.195         0.00000     0.00000     0.00000     0.00000
    -54.045         0.00000     0.00000     0.00000     0.00000
    -53.895         0.00000     0.00000     0.00000     0.00000
    -53.745         0.00000     0.00000     0.00000     0.00000
    -53.595         0.00000     0.00000     0.00000     0.00000
    -53.445         0.00000     0.00000     0.00000     0.00000
    -53.295         0.00000     0.00000     0.00000     0.00000
    -53.145         0.00000     0.00000     0.00000     0.00000
    -52.995         0.00000     0.00000     0.00000     0.00000
    -52.845         0.00000     0.00000     0.00000     0.00000
    -52.695         0.00000     0.00000     0.00000     0.00000
    -52.545         0.00000     0.00000     0.00000     0.00000
    -52.395         0.00000     0.00000     0.00000     0.00000
    -52.245         0.00000     0.00000     0.00000     0.00000
    -52.095         0.00000     0.00000     0.00000     0.00000
    -51.945         0.00000     0.00000     0.00000     0.00000
    -51.795         0.00000     0.00000     0.00000     0.00000
    -51.645         0.00000     0.00000     0.00000     0.00000
    -51.495         0.00000     0.00000     0.00000     0.00000
    -51.345         0.00000     0.00000     0.00000     0.00000
    -51.195         0.00000     0.00000     0.00000     0.00000
    -51.045         0.00000     0.00000     0.00000     0.00000
    -50.895         0.00000     0.00000     0.00000     0.00000
    -50.745         0.00000     0.00000     0.00000     0.00000
    -50.595         0.00000     0.00000     0.00000     0.00000
    -50.445         0.00000     0.00000     0.00000     0.00000
    -50.295         0.00000     0.00000     0.00000     0.00000
    -50.145         0.00000     0.00000     0.00000     0.00000
    -49.995         0.00000     0.00000     0.00000     0.00000
    -49.845         0.00000     0.00000     0.00000     0.00000
    -49.695         0.00000     0.00000     0.00000     0.00000
    -49.545         0.00000     0.00000     0.00000     0.00000
    -49.395         0.00000     0.00000     0.00000     0.00000
    -49.245         0.00000     0.00000     0.00000     0.00000
    -49.095         0.00000     0.00000     0.00000     0.00000
    -48.945         0.00000     0.00000     0.00000     0.00000
    -48.795         0.00000     0.00000     0.00000     0.00000
    -48.645         0.00000     0.00000     0.00000     0.00000
    -48.495         0.00000     0.00000     0.00000     0.00000
    -48.345         0.00000     0.00000     0.00000     0.00000
    -48.195         0.00000     0.00000     0.00000     0.00000
    -48.045         0.00000     0.00000     0.00000     0.00000
    -47.895         0.00000     0.00000     0.00000     0.00000
    -47.745         0.00000     0.00000     0.00000     0.00000
    -47.595         0.00000     0.00000     0.00000     0.00000
    -47.445         0.00000     0.00000     0.00000     0.00000
    -47.295         0.00000     0.00000     0.00000     0.00000
    -47.145         0.00000     0.00000     0.00000     0.00000
    -46.995         0.00000     0.00000     0.00000     0.00000
    -46.845         0.00000     0.00000     0.00000     0.00000
    -46.695         0.00000     0.00000     0.00000     0.00000
    -46.545         0.00000     0.00000     0.00000     0.00000
    -46.395         0.00000     0.00000     0.00000     0.00000
    -46.245         0.00000     0.00000     0.00000     0.00000
    -46.095         0.00000     0.00000     0.00000     0.00000
    -45.945         0.00000     0.00000     0.00000     0.00000
    -45.795         0.00000     0.00000     0.00000     0.00000
    -45.645         0.00000     0.00000     0.00000     0.00000
    -45.495         0.00000     0.00000     0.00000     0.00000
    -45.345         0.00000     0.00000     0.00000     0.00000
    -45.195         0.00000     0.00000     0.00000     0.00000
    -45.045         0.00000     0.00000     0.00000     0.00000
    -44.895         0.00000     0.00000     0.00000     0.00000
    -44.745         0.00000     0.00000     0.00000     0.00000
    -44.595         0.00000     0.00000     0.00000     0.00000
    -44.445         0.00000     0.00000     0.00000     0.00000
    -44.295         0.00000     0.00000     0.00000     0.00000
    -44.145         0.00000     0.00000     0.00000     0.00000
    -43.995         0.00000     0.00000     0.00000     0.00000
    -43.845         0.00000     0.00000     0.00000     0.00000
    -43.695         0.00000     0.00000     0.00000     0.00000
    -43.545         0.00000     0.00000     0.00000     0.00000
    -43.395         0.00000     0.00000     0.00000     0.00000
    -43.245         0.00000     0.00000     0.00000     0.00000
    -43.095         0.00000     0.00000     0.00000     0.00000
    -42.945         0.00000     0.00000     0.00000     0.00000
    -42.795         0.00000     0.00000     0.00000     0.00000
    -42.645         0.00000     0.00000     0.00000     0.00000
    -42.495         0.00000     0.00000     0.00000     0.00000
    -42.345         0.00000     0.00000     0.00000     0.00000
    -42.195         0.00000     0.00000     0.00000     0.00000
    -42.045         0.00000     0.00000     0.00000     0.00000
    -41.895         0.00000     0.00000     0.00000     0.00000
    -41.745         0.00000     0.00000     0.00000     0.00000
    -41.595         0.00000     0.00000     0.00000     0.00000
    -41.445         0.00000     0.00000     0.00000     0.00000
    -41.295         0.00000     0.00000     0.00000     0.00000
    -41.145         0.00000     0.00000     0.00000     0.00000
    -40.995         0.00000     0.00000     0.00000     0.00000
    -40.845         0.00000     0.00000     0.00000     0.00000
    -40.695         0.00000     0.00000     0.00000     0.00000
    -40.545         0.00000     0.00000     0.00000     0.00000
    -40.395         0.00000     0.00000     0.00000     0.00000
    -40.245         0.00000     0.00000     0.00000     0.00000
    -40.095         0.00000     0.00000     0.00000     0.00000
    -39.945         0.00000     0.00000     0.00000     0.00000
    -39.795         0.00000     0.00000     0.00000     0.00000
    -39.645         0.00000     0.00000     0.00000     0.00000
    -39.495         0.00000     0.00000     0.00000     0.00000
    -39.345         0.00000     0.00000     0.00000     0.00000
    -39.195         0.00000     0.00000     0.00000     0.00000
    -39.045         0.00000     0.00000     0.00000     0.00000
    -38.895         0.00000     0.00000     0.00000     0.00000
    -38.745         0.00000     0.00000     0.00000     0.00000
    -38.595         0.00000     0.00000     0.00000     0.00000
    -38.445         0.00000     0.00000     0.00000     0.00000
    -38.295         0.00000     0.00000     0.00000     0.00000
    -38.145         0.00000     0.00000     0.00000     0.00000
    -37.995         0.00000     0.00000     0.00000     0.00000
    -37.845         0.00000     0.00000     0.00000     0.00000
    -37.695         0.00000     0.00000     0.00000     0.00000
    -37.545         0.00000     0.00000     0.00000     0.00000
    -37.395         0.00000     0.00000     0.00000     0.00000
    -37.245         0.00000     0.00000     0.00000     0.00000
    -37.095         0.00000     0.00000     0.00000     0.00000
    -36.945         0.00000     0.00000     0.00000     0.00000
    -36.795         0.00000     0.00000     0.00000     0.00000
    -36.645         0.00000     0.00000     0.00000     0.00000
    -36.495         0.00000     0.00000     0.00000     0.00000
    -36.345         0.00000     0.00000     0.00000     0.00000
    -36.195         0.00000     0.00000     0.00000     0.00000
    -36.045         0.00000     0.00000     0.00000     0.00000
    -35.895         0.00000     0.00000     0.00000     0.00000
    -35.745         0.00000     0.00000     0.00000     0.00000
    -35.595         0.00000     0.00000     0.00000     0.00000
    -35.445         0.00000     0.00000     0.00000     0.00000
    -35.295         0.00000     0.00000     0.00000     0.00000
    -35.145         0.00000     0.00000     0.00000     0.00000
    -34.995         0.00000     0.00000     0.00000     0.00000
    -34.845         0.00000     0.00000     0.00000     0.00000
    -34.695         0.00000     0.00000     0.00000     0.00000
    -34.545         0.00000     0.00000     0.00000     0.00000
    -34.395         0.00000     0.00000     0.00000     0.00000
    -34.245         0.00000     0.00000     0.00000     0.00000
    -34.095         0.00000     0.00000     0.00000     0.00000
    -33.945         0.00000     0.00000     0.00000     0.00000
    -33.795         0.00000     0.00000     0.00000     0.00000
    -33.645         0.00000     0.00000     0.00000     0.00000
    -33.495         0.00000     0.00000     0.00000     0.00000
    -33.345         0.00000     0.00000     0.00000     0.00000
    -33.195         0.00000     0.00000     0.00000     0.00000
    -33.045         0.00000     0.00000     0.00000     0.00000
    -32.895         0.00000     0.00000     0.00000     0.00000
    -32.745         0.00000     0.00000     0.00000     0.00000
    -32.595         0.00000     0.00000     0.00000     0.00000
    -32.445         0.00000     0.00000     0.00000     0.00000
    -32.295         0.00000     0.00000     0.00000     0.00000
    -32.145         0.00000     0.00000     0.00000     0.00000
    -31.995         0.00000     0.00000     0.00000     0.00000
    -31.845         0.00000     0.00000     0.00000     0.00000
    -31.695         0.00000     0.00000     0.00000     0.00000
    -31.545         0.00000     0.00000     0.00000     0.00000
    -31.395         0.00000     0.00000     0.00000     0.00000
    -31.245         0.00000     0.00000     0.00000     0.00000
    -31.095         0.00000     0.00000     0.00000     0.00000
    -30.945         0.00000     0.00000     0.00000     0.00000
    -30.795         0.00000     0.00000     0.00000     0.00000
    -30.645         0.00000     0.00000     0.00000     0.00000
    -30.495         0.00000     0.00000     0.00000     0.00000
    -30.345         0.00000     0.00000     0.00000     0.00000
    -30.195         0.00000     0.00000     0.00000     0.00000
    -30.045         0.00000     0.00000     0.00000     0.00000
    -29.895         0.00000     0.00000     0.00000     0.00000
    -29.745         0.00000     0.00000     0.00000     0.00000
    -29.595         0.00000     0.00000     0.00000     0.00000
    -29.445         0.00000     0.00000     0.00000     0.00000
    -29.295         0.00000     0.00000     0.00000     0.00000
    -29.145         0.00000     0.00000     0.00000     0.00000
    -28.995         0.00000     0.00000     0.00000     0.00000
    -28.845         0.00000     0.00000     0.00000     0.00000
    -28.695         0.00000     0.00000     0.00000     0.00000
    -28.545         0.00000     0.00000     0.00000     0.00000
    -28.395         0.00000     0.00000     0.00000     0.00000
    -28.245         0.00000     0.00000     0.00000     0.00000
    -28.095         0.00000     0.00000     0.00000     0.00000
    -27.945         0.00000     0.00000     0.00000     0.00000
    -27.795         0.00000     0.00000     0.00000     0.00000
    -27.645         0.00000     0.00000     0.00000     0.00000
    -27.495         0.00000     0.00000     0.00000     0.00000
    -27.345         0.00000     0.00000     0.00000     0.00000
    -27.195         0.00000     0.00000     0.00000     0.00000
    -27.045         0.00000     0.00000     0.00000     0.00000
    -26.895         0.00000     0.00000     0.00000     0.00000
    -26.745         0.00000     0.00000     0.00000     0.00000
    -26.595         0.00000     0.00000     0.00000     0.00000
    -26.445         0.00000     0.00000     0.00000     0.00000
    -26.295         0.00000     0.00000     0.00000     0.00000
    -26.145         0.00000     0.00000     0.00000     0.00000
    -25.995         0.00000     0.00000     0.00000     0.00000
    -25.845         0.00000     0.00000     0.00000     0.00000
    -25.695         0.00000     0.00000     0.00000     0.00000
    -25.545         0.00000     0.00000     0.00000     0.00000
    -25.395         0.00000     0.00000     0.00000     0.00000
    -25.245         0.00000     0.00000     0.00000     0.00000
    -25.095         0.00000     0.00000     0.00000     0.00000
    -24.945         0.00000     0.00000     0.00000     0.00000
    -24.795         0.00000     0.00000     0.00000     0.00000
    -24.645         0.00000     0.00000     0.00000     0.00000
    -24.495         0.00000     0.00000     0.00000     0.00000
    -24.345         0.00000     0.00000     0.00000     0.00000
    -24.195         0.00000     0.00000     0.00000     0.00000
    -24.045         0.00000     0.00000     0.00000     0.00000
    -23.895         0.00000     0.00000     0.00000     0.00000
    -23.745         0.00000     0.00000     0.00000     0.00000
    -23.595         0.00000     0.00000     0.00000     0.00000
    -23.445         0.00000     0.00000     0.00000     0.00000
    -23.295         0.00000     0.00000     0.00000     0.00000
    -23.145         0.00000     0.00000     0.00000     0.00000
    -22.995         0.00000     0.00000     0.00000     0.00000
    -22.845         0.00000     0.00000     0.00000     0.00000
    -22.695         0.00000     0.00000     0.00000     0.00000
    -22.545        -0.00000     0.00000    -0.00000     0.00000
    -22.395        -0.00000     0.00000    -0.00000     0.00000
    -22.245        -0.00000     0.00000    -0.00000     0.00000
    -22.095        -0.00000     0.00000    -0.00000     0.00000
    -21.945        -0.00000     0.00000    -0.00000     0.00000
    -21.795        -0.00000     0.00000    -0.00000     0.00000
    -21.645        -0.00000     0.00000    -0.00000     0.00000
    -21.495        -0.00000     0.00000    -0.00000     0.00000
    -21.345        -0.00000     0.00000    -0.00000     0.00000
    -21.195        -0.00001     0.00000    -0.00001     0.00000
    -21.045        -0.00001     0.00000    -0.00001     0.00000
    -20.895        -0.00001     0.00000    -0.00001     0.00000
    -20.745        -0.00001     0.00000    -0.00001     0.00000
    -20.595        -0.00001     0.00000    -0.00001     0.00000
    -20.445        -0.00002     0.00000    -0.00002     0.00000
    -20.295        -0.00002     0.00000    -0.00002     0.00000
    -20.145        -0.00002     0.00000    -0.00002     0.00000
    -19.995        -0.00003     0.00000    -0.00003     0.00000
    -19.845        -0.00003     0.00000    -0.00003     0.00000
    -19.695        -0.00004     0.00000    -0.00004     0.00000
    -19.545        -0.00005     0.00000    -0.00005     0.00000
    -19.395        -0.00005     0.00000    -0.00005     0.00000
    -19.245        -0.00006     0.00000    -0.00006     0.00000
    -19.095        -0.00007     0.00000    -0.00007     0.00000
    -18.945        -0.00007     0.00000    -0.00007     0.00000
    -18.795        -0.00008     0.00000    -0.00008     0.00000
    -18.645        -0.00009     0.00000    -0.00009     0.00000
    -18.495        -0.00010     0.00000    -0.00010     0.00000
    -18.345        -0.00011     0.00000    -0.00011     0.00000
    -18.195        -0.00012     0.00000    -0.00012     0.00000
    -18.045        -0.00013     0.00000    -0.00013     0.00000
    -17.895        -0.00014     0.00000    -0.00014     0.00000
    -17.745        -0.00015     0.00000    -0.00015     0.00000
    -17.595        -0.00016    -0.00000    -0.00016     0.00000
    -17.445        -0.00018    -0.00000    -0.00018     0.00000
    -17.295        -0.00019    -0.00000    -0.00019     0.00000
    -17.145        -0.00020    -0.00000    -0.00020     0.00000
    -16.995        -0.00022    -0.00000    -0.00022     0.00000
    -16.845        -0.00023     0.00000    -0.00023     0.00000
    -16.695        -0.00024    -0.00000    -0.00024     0.00000
    -16.545        -0.00026    -0.00000    -0.00026     0.00000
    -16.395        -0.00027    -0.00000    -0.00027     0.00000
    -16.245        -0.00029    -0.00000    -0.00028     0.00000
    -16.095        -0.00030    -0.00000    -0.00030     0.00000
    -15.945        -0.00032    -0.00000    -0.00032     0.00000
    -15.795        -0.00034    -0.00001    -0.00033     0.00000
    -15.645        -0.00036    -0.00001    -0.00035     0.00000
    -15.495        -0.00039    -0.00002    -0.00037     0.00000
    -15.345        -0.00041    -0.00002    -0.00039     0.00000
    -15.195        -0.00043    -0.00003    -0.00040     0.00000
    -15.045        -0.00047    -0.00004    -0.00042     0.00000
    -14.895        -0.00050    -0.00006    -0.00044     0.00000
    -14.745        -0.00164    -0.00117    -0.00047     0.00000
    -14.595        -0.00168    -0.00119    -0.00049     0.00000
    -14.445        -0.00172    -0.00121    -0.00051     0.00000
    -14.295        -0.00369    -0.00315    -0.00053     0.00000
    -14.145        -0.00373    -0.00317    -0.00056     0.00000
    -13.995        -0.00505    -0.00446    -0.00058     0.00000
    -13.845        -0.00510    -0.00449    -0.00061     0.00000
    -13.695        -0.00646    -0.00583    -0.00064     0.00000
    -13.545        -0.00652    -0.00585    -0.00066     0.00000
    -13.395        -0.00859    -0.00789    -0.00069     0.00000
    -13.245        -0.01067    -0.00994    -0.00072     0.00000
    -13.095        -0.01342    -0.01266    -0.00075     0.00000
    -12.945        -0.01346    -0.01268    -0.00078     0.00000
    -12.795        -0.01623    -0.01541    -0.00081     0.00000
    -12.645        -0.01773    -0.01689    -0.00085     0.00000
    -12.495        -0.01781    -0.01692    -0.00089     0.00000
    -12.345        -0.01934    -0.01842    -0.00092     0.00000
    -12.195        -0.01942    -0.01846    -0.00095     0.00000
    -12.045        -0.02160    -0.02061    -0.00099     0.00000
    -11.895        -0.02169    -0.02065    -0.00104     0.00000
    -11.745        -0.02176    -0.02068    -0.00107     0.00000
    -11.595        -0.02458    -0.02346    -0.00112     0.00000
    -11.445        -0.02682    -0.02566    -0.00116     0.00000
    -11.295        -0.02848    -0.02728    -0.00120     0.00000
    -11.145        -0.03012    -0.02888    -0.00124     0.00000
    -10.995        -0.03241    -0.03111    -0.00129     0.00000
    -10.845        -0.03633    -0.03499    -0.00134     0.00000
    -10.695        -0.03918    -0.03779    -0.00139     0.00000
    -10.545        -0.04151    -0.04007    -0.00144     0.00000
    -10.395        -0.04440    -0.04290    -0.00149     0.00000
    -10.245        -0.04450    -0.04296    -0.00154     0.00000
    -10.095        -0.04743    -0.04583    -0.00160     0.00000
    -9.9450        -0.04919    -0.04753    -0.00165     0.00000
    -9.7950        -0.05095    -0.04925    -0.00171     0.00000
    -9.6450        -0.05391    -0.05214    -0.00176     0.00000
    -9.4950        -0.05639    -0.05457    -0.00182     0.00000
    -9.3450        -0.05820    -0.05630    -0.00190     0.00000
    -9.1950        -0.06072    -0.05875    -0.00196     0.00000
    -9.0450        -0.06254    -0.06051    -0.00203     0.00000
    -8.8950        -0.06559    -0.06350    -0.00209     0.00000
    -8.7450        -0.06818    -0.06599    -0.00218     0.00000
    -8.5950        -0.07001    -0.06774    -0.00226     0.00000
    -8.4450        -0.07012    -0.06779    -0.00233     0.00000
    -8.2950        -0.07454    -0.07213    -0.00241     0.00000
    -8.1450        -0.07812    -0.07563    -0.00249     0.00000
    -7.9950        -0.08174    -0.07917    -0.00257     0.00000
    -7.8450        -0.08498    -0.08233    -0.00265     0.00000
    -7.6950        -0.08870    -0.08596    -0.00274     0.00000
    -7.5450        -0.09055    -0.08772    -0.00282     0.00000
    -7.3950        -0.09386    -0.09095    -0.00291    -0.00000
    -7.2450        -0.09876    -0.09469    -0.00300    -0.00107
    -7.0950        -0.10322    -0.09471    -0.00310    -0.00542
    -6.9450        -0.12113    -0.09851    -0.00320    -0.01942
    -6.7950        -0.16135    -0.10118    -0.00329    -0.05687
    -6.6450        -0.24075    -0.10579    -0.00338    -0.13158
    -6.4950        -0.35006    -0.10848    -0.00347    -0.23811
    -6.3450        -0.49684    -0.11240    -0.00355    -0.38089
    -6.1950        -0.67370    -0.11636    -0.00366    -0.55368
    -6.0450        -0.89782    -0.12275    -0.00370    -0.77136
    -5.8950        -1.13263    -0.12980    -0.00378    -0.99905
    -5.7450        -1.37485    -0.13569    -0.00387    -1.23529
    -5.5950        -1.63290    -0.14193    -0.00392    -1.48705
    -5.4450        -1.90070    -0.14933    -0.00395    -1.74743
    -5.2950        -2.15018    -0.15571    -0.00394    -1.99053
    -5.1450        -2.39779    -0.16325    -0.00396    -2.23058
    -4.9950        -2.65838    -0.17086    -0.00734    -2.48018
    -4.8450        -2.90237    -0.17829    -0.00731    -2.71677
    -4.6950        -3.12705    -0.18556    -0.00864    -2.93285
    -4.5450        -3.34942    -0.19317    -0.01265    -3.14361
    -4.3950        -3.56163    -0.19997    -0.01674    -3.34492
    -4.2450        -3.76630    -0.20884    -0.02170    -3.53575
    -4.0950        -3.95764    -0.21757    -0.02745    -3.71262
    -3.9450        -4.13682    -0.22404    -0.03218    -3.88060
    -3.7950        -4.31994    -0.23349    -0.03960    -4.04685
    -3.6450        -4.49705    -0.24281    -0.04724    -4.20700
    -3.4950        -4.67468    -0.25051    -0.05583    -4.36834
    -3.3450        -4.84252    -0.25857    -0.06635    -4.51759
    -3.1950        -5.01211    -0.27043    -0.07638    -4.66531
    -3.0450        -5.18968    -0.28290    -0.08757    -4.81920
    -2.8950        -5.36366    -0.29366    -0.09907    -4.97093
    -2.7450        -5.54500    -0.30530    -0.11292    -5.12678
    -2.5950        -5.73792    -0.31711    -0.12735    -5.29345
    -2.4450        -5.94438    -0.33184    -0.14729    -5.46525
    -2.2950        -6.17087    -0.34816    -0.16910    -5.65360
    -2.1450        -6.43842    -0.36943    -0.19555    -5.87344
    -1.9950        -6.73490    -0.39239    -0.22598    -6.11652
    -1.8450        -7.08868    -0.41834    -0.26132    -6.40902
    -1.6950        -7.51480    -0.44838    -0.29792    -6.76850
    -1.5450        -8.03200    -0.48236    -0.33852    -7.21112
    -1.3950        -8.68951    -0.52415    -0.38502    -7.78035
    -1.2450        -9.50120    -0.57293    -0.43988    -8.48840
    -1.0950       -10.47558    -0.63266    -0.50829    -9.33462
   -0.94500       -11.68365    -0.71487    -0.59782   -10.37096
   -0.79500       -13.17354    -0.82688    -0.71540   -11.63126
   -0.64500       -15.01624    -0.97869    -0.87986   -13.15769
   -0.49500       -17.38712    -1.19291    -1.11771   -15.07650
   -0.34500       -20.58214    -1.54177    -1.49111   -17.54925
   -0.22700       -21.95695    -1.72047    -1.67399   -18.56249
   -0.21300       -22.13641    -1.74524    -1.69915   -18.69202
   -0.20700       -22.32043    -1.77067    -1.72490   -18.82486
   -0.20100       -22.50848    -1.79618    -1.75228   -18.96002
   -0.19500       -22.70047    -1.82241    -1.78021   -19.09786
   -0.18900       -22.89906    -1.84890    -1.80911   -19.24104
   -0.18300       -23.10254    -1.87692    -1.83907   -19.38655
   -0.17700       -23.31082    -1.90522    -1.86988   -19.53572
   -0.17100       -23.52504    -1.93441    -1.90164   -19.68899
   -0.16500       -23.74588    -1.96457    -1.93487   -19.84645
   -0.15900       -23.97633    -1.99663    -1.97014   -20.00956
   -0.15300       -24.21166    -2.03002    -2.00584   -20.17580
   -0.14700       -24.45674    -2.06390    -2.04333   -20.34951
   -0.14100       -24.71058    -2.09994    -2.08235   -20.52829
   -0.13500       -24.97253    -2.13694    -2.12356   -20.71203
   -0.12900       -25.24499    -2.17597    -2.16588   -20.90314
   -0.12300       -25.52878    -2.21658    -2.21040   -21.10180
   -0.11700       -25.82587    -2.25875    -2.25736   -21.30977
   -0.11100       -26.13526    -2.30228    -2.30683   -21.52615
   -0.10500       -26.45887    -2.34721    -2.35934   -21.75232
   -0.99000E-01   -26.79949    -2.39506    -2.41473   -21.98970
   -0.93000E-01   -27.15701    -2.44511    -2.47318   -22.23873
   -0.87000E-01   -27.53460    -2.49738    -2.53475   -22.50247
   -0.81000E-01   -27.93574    -2.55285    -2.60051   -22.78238
   -0.75000E-01   -28.36621    -2.61118    -2.67121   -23.08382
   -0.69000E-01   -28.82550    -2.67282    -2.74631   -23.40637
   -0.63000E-01   -29.32209    -2.73831    -2.82647   -23.75731
   -0.57000E-01   -29.86120    -2.80783    -2.91372   -24.13965
   -0.51000E-01   -30.45930    -2.88275    -3.01327   -24.56328
   -0.45000E-01   -31.12532    -2.96592    -3.12160   -25.03781
   -0.39000E-01   -31.86921    -3.05468    -3.23213   -25.58240
   -0.33000E-01   -32.70767    -3.14457    -3.34124   -26.22186
   -0.27000E-01   -33.68117    -3.23092    -3.44480   -27.00545
   -0.21300E-01   -34.45134    -3.28476    -3.50762   -27.65896
   -0.19500E-01   -34.57406    -3.29221    -3.51609   -27.76576
   -0.18900E-01   -34.69994    -3.29959    -3.52434   -27.87602
   -0.18300E-01   -34.82881    -3.30668    -3.53240   -27.98973
   -0.17700E-01   -34.96119    -3.31369    -3.54014   -28.10736
   -0.17100E-01   -35.09758    -3.32044    -3.54771   -28.22943
   -0.16500E-01   -35.23781    -3.32716    -3.55503   -28.35561
   -0.15900E-01   -35.38279    -3.33376    -3.56217   -28.48686
   -0.15300E-01   -35.53241    -3.34015    -3.56914   -28.62312
   -0.14700E-01   -35.68754    -3.34629    -3.57580   -28.76544
   -0.14100E-01   -35.84814    -3.35226    -3.58219   -28.91370
   -0.13500E-01   -36.01482    -3.35803    -3.58833   -29.06845
   -0.12900E-01   -36.18870    -3.36358    -3.59419   -29.23093
   -0.12300E-01   -36.37024    -3.36896    -3.59987   -29.40142
   -0.11700E-01   -36.56011    -3.37400    -3.60529   -29.58082
   -0.11100E-01   -36.75939    -3.37888    -3.61041   -29.77010
   -0.10500E-01   -36.96963    -3.38352    -3.61532   -29.97078
   -0.99000E-02   -37.19191    -3.38790    -3.61991   -30.18409
   -0.93000E-02   -37.42777    -3.39199    -3.62425   -30.41153
   -0.87000E-02   -37.68068    -3.39591    -3.62831   -30.65646
   -0.81000E-02   -37.95296    -3.39953    -3.63216   -30.92127
   -0.75000E-02   -38.24953    -3.40295    -3.63572   -31.21087
   -0.69000E-02   -38.57497    -3.40610    -3.63892   -31.52995
   -0.63000E-02   -38.93569    -3.40896    -3.64190   -31.88483
   -0.57000E-02   -39.33789    -3.41154    -3.64461   -32.28175
   -0.51000E-02   -39.78924    -3.41387    -3.64701   -32.72836
   -0.45000E-02   -40.29723    -3.41594    -3.64914   -33.23214
   -0.39000E-02   -40.87091    -3.41775    -3.65098   -33.80218
   -0.33000E-02   -41.52069    -3.41926    -3.65253   -34.44891
   -0.27000E-02   -42.26020    -3.42049    -3.65380   -35.18592
   -0.21000E-02   -43.11323    -3.42147    -3.65479   -36.03697
   -0.15000E-02   -44.11267    -3.42217    -3.65550   -37.03500
   -0.90000E-03   -45.09354    -3.42259    -3.65592   -38.01502
   -0.30000E-03   -45.50495    -3.42273    -3.65606   -38.42616
    0.30000E-03   -45.09423    -3.42260    -3.65592   -38.01571
    0.90000E-03   -44.11693    -3.42218    -3.65549   -37.03925
    0.15000E-02   -43.12201    -3.42148    -3.65480   -36.04574
    0.21000E-02   -42.27226    -3.42049    -3.65382   -35.19794
    0.27000E-02   -41.53360    -3.41922    -3.65256   -34.46182
    0.33000E-02   -40.88395    -3.41769    -3.65104   -33.81522
    0.39000E-02   -40.30944    -3.41588    -3.64923   -33.24433
    0.45000E-02   -39.80020    -3.41378    -3.64713   -32.73930
    0.51000E-02   -39.34706    -3.41138    -3.64475   -32.29092
    0.57000E-02   -38.94265    -3.40874    -3.64213   -31.89178
    0.63000E-02   -38.58013    -3.40579    -3.63922   -31.53511
    0.69000E-02   -38.25255    -3.40258    -3.63607   -31.21390
    0.75000E-02   -37.95483    -3.39906    -3.63268   -30.92309
    0.81000E-02   -37.68107    -3.39527    -3.62904   -30.65676
    0.87000E-02   -37.42710    -3.39126    -3.62513   -30.41071
    0.93000E-02   -37.18965    -3.38700    -3.62102   -30.18163
    0.99000E-02   -36.96648    -3.38242    -3.61662   -29.96744
    0.10500E-01   -36.75592    -3.37756    -3.61197   -29.76639
    0.11100E-01   -36.55634    -3.37242    -3.60705   -29.57687
    0.11700E-01   -36.36618    -3.36705    -3.60192   -29.39721
    0.12300E-01   -36.18448    -3.36144    -3.59653   -29.22651
    0.12900E-01   -36.01060    -3.35554    -3.59105   -29.06401
    0.13500E-01   -35.84328    -3.34933    -3.58524   -28.90872
    0.14100E-01   -35.68269    -3.34291    -3.57926   -28.76051
    0.14700E-01   -35.52785    -3.33624    -3.57306   -28.61855
    0.15300E-01   -35.37736    -3.32932    -3.56670   -28.48133
    0.15900E-01   -35.23244    -3.32221    -3.56012   -28.35011
    0.16500E-01   -35.09164    -3.31486    -3.55333   -28.22345
    0.17100E-01   -34.95546    -3.30732    -3.54649   -28.10165
    0.17700E-01   -34.82281    -3.29954    -3.53948   -27.98379
    0.18300E-01   -34.69323    -3.29155    -3.53230   -27.86939
    0.18900E-01   -34.56749    -3.28315    -3.52499   -27.75935
    0.19500E-01   -34.44472    -3.27459    -3.51756   -27.65256
    0.21300E-01   -33.67484    -3.21166    -3.46363   -26.99955
    0.27000E-01   -32.70890    -3.10825    -3.37747   -26.22318
    0.33000E-01   -31.88230    -2.99810    -3.28762   -25.59658
    0.39000E-01   -31.16097    -2.88659    -3.19973   -25.07465
    0.45000E-01   -30.52474    -2.77697    -3.11686   -24.63092
    0.51000E-01   -29.96256    -2.67478    -3.04156   -24.24622
    0.57000E-01   -29.46497    -2.58331    -2.97278   -23.90889
    0.63000E-01   -29.01629    -2.49918    -2.90834   -23.60876
    0.69000E-01   -28.61193    -2.42249    -2.84759   -23.34185
    0.75000E-01   -28.24292    -2.35124    -2.79052   -23.10117
    0.81000E-01   -27.90408    -2.28498    -2.73587   -22.88323
    0.87000E-01   -27.59148    -2.22266    -2.68329   -22.68552
    0.93000E-01   -27.29959    -2.16369    -2.63302   -22.50289
    0.99000E-01   -27.02728    -2.10768    -2.58489   -22.33471
    0.10500       -26.77410    -2.05426    -2.53950   -22.18035
    0.11100       -26.53443    -2.00324    -2.49562   -22.03558
    0.11700       -26.30854    -1.95522    -2.45299   -21.90034
    0.12300       -26.09520    -1.90929    -2.41228   -21.77364
    0.12900       -25.89428    -1.86571    -2.37355   -21.65503
    0.13500       -25.70342    -1.82435    -2.33637   -21.54270
    0.14100       -25.52164    -1.78446    -2.30083   -21.43635
    0.14700       -25.35022    -1.74691    -2.26642   -21.33689
    0.15300       -25.18705    -1.71084    -2.23352   -21.24270
    0.15900       -25.02933    -1.67510    -2.20222   -21.15200
    0.16500       -24.88158    -1.64283    -2.17191   -21.06683
    0.17100       -24.73836    -1.61115    -2.14257   -20.98464
    0.17700       -24.60081    -1.58100    -2.11398   -20.90584
    0.18300       -24.47026    -1.55174    -2.08730   -20.83122
    0.18900       -24.34394    -1.52401    -2.06037   -20.75956
    0.19500       -24.22075    -1.49678    -2.03380   -20.69017
    0.20100       -24.10364    -1.47088    -2.00876   -20.62400
    0.20700       -23.99042    -1.44555    -1.98463   -20.56024
    0.21300       -23.88165    -1.42180    -1.96042   -20.49942
    0.22700       -23.08881    -1.24713    -1.78492   -20.05676
    0.34500       -21.49725    -0.89348    -1.42838   -19.17539
    0.49500       -20.49642    -0.66848    -1.20328   -18.62465
    0.64500       -19.76996    -0.52304    -1.04344   -18.20348
    0.79500       -19.19697    -0.41234    -0.92481   -17.85982
    0.94500       -18.73124    -0.33111    -0.83326   -17.56687
     1.0950       -18.34051    -0.26605    -0.76035   -17.31411
     1.2450       -18.01051    -0.21327    -0.70258   -17.09466
     1.3950       -17.72524    -0.17207    -0.65517   -16.89800
     1.5450       -17.47470    -0.13903    -0.61510   -16.72058
     1.6950       -17.24919    -0.11078    -0.57943   -16.55898
     1.8450       -17.04943    -0.08596    -0.54696   -16.41650
     1.9950       -16.87418    -0.06641    -0.52063   -16.28714
     2.1450       -16.71563    -0.05121    -0.49509   -16.16933
     2.2950       -16.56926    -0.03763    -0.47139   -16.06025
     2.4450       -16.43493    -0.02531    -0.45060   -15.95901
     2.5950       -16.31561    -0.01769    -0.43209   -15.86583
     2.7450       -16.20337    -0.00893    -0.41365   -15.78079
     2.8950       -16.10333    -0.00365    -0.39934   -15.70034
     3.0450       -16.01267     0.00111    -0.38524   -15.62854
     3.1950       -15.91773     0.00585    -0.37077   -15.55282
     3.3450       -15.83853     0.00763    -0.35715   -15.48901
     3.4950       -15.75960     0.01240    -0.34487   -15.42713
     3.6450       -15.69545     0.01517    -0.33651   -15.37411
     3.7950       -15.63290     0.01717    -0.32914   -15.32094
     3.9450       -15.57402     0.01995    -0.32226   -15.27171
     4.0950       -15.51872     0.02109    -0.31666   -15.22314
     4.2450       -15.46243     0.02527    -0.31029   -15.17740
     4.3950       -15.40905     0.02715    -0.30332   -15.13288
     4.5450       -15.35859     0.02806    -0.29594   -15.09071
     4.6950       -15.31038     0.02891    -0.28905   -15.05024
     4.8450       -15.26302     0.03079    -0.28218   -15.01164
     4.9950       -15.21767     0.03155    -0.27581   -14.97341
     5.1450       -15.17261     0.03345    -0.27000   -14.93606
     5.2950       -15.12859     0.03413    -0.26316   -14.89956
     5.4450       -15.08755     0.03473    -0.25701   -14.86528
     5.5950       -15.04672     0.03535    -0.25067   -14.83140
     5.7450       -15.00699     0.03589    -0.24399   -14.79889
     5.8950       -14.96871     0.03641    -0.23789   -14.76723
     6.0450       -14.93504     0.03692    -0.23557   -14.73639
     6.1950       -14.90118     0.03739    -0.23325   -14.70532
     6.3450       -14.86444     0.03784    -0.22739   -14.67490
     6.4950       -14.83028     0.03829    -0.22246   -14.64610
     6.6450       -14.79663     0.04026    -0.21886   -14.61803
     6.7950       -14.76394     0.04066    -0.21526   -14.58934
     6.9450       -14.73431     0.04104    -0.21289   -14.56246
     7.0950       -14.70307     0.04140    -0.20828   -14.53619
     7.2450       -14.67339     0.04174    -0.20470   -14.51043
     7.3950       -14.64327     0.04207    -0.20009   -14.48525
     7.5450       -14.61465     0.04239    -0.19656   -14.46048
     7.6950       -14.58973     0.04271    -0.19618   -14.43626
     7.8450       -14.56523     0.04301    -0.19581   -14.41243
     7.9950       -14.54128     0.04330    -0.19548   -14.38909
     8.1450       -14.51781     0.04358    -0.19516   -14.36623
     8.2950       -14.49482     0.04384    -0.19486   -14.34381
     8.4450       -14.47219     0.04412    -0.19456   -14.32175
     8.5950       -14.44824     0.04611    -0.19428   -14.30007
     8.7450       -14.42636     0.04637    -0.19401   -14.27872
     8.8950       -14.40496     0.04661    -0.19377   -14.25780
     9.0450       -14.38386     0.04684    -0.19352   -14.23718
     9.1950       -14.36317     0.04707    -0.19327   -14.21697
     9.3450       -14.34277     0.04729    -0.19304   -14.19702
     9.4950       -14.32273     0.04751    -0.19282   -14.17742
     9.6450       -14.30300     0.04773    -0.19261   -14.15812
     9.7950       -14.28355     0.04794    -0.19241   -14.13907
     9.9450       -14.26446     0.04813    -0.19223   -14.12037
     10.095       -14.24568     0.04834    -0.19206   -14.10196
     10.245       -14.22719     0.04853    -0.19188   -14.08384
     10.395       -14.20896     0.04872    -0.19171   -14.06597
     10.545       -14.19098     0.04890    -0.19155   -14.04833
     10.695       -14.17331     0.04908    -0.19139   -14.03100
     10.845       -14.15585     0.04925    -0.19124   -14.01386
     10.995       -14.13864     0.04942    -0.19111   -13.99695
     11.145       -14.12164     0.04960    -0.19097   -13.98027
     11.295       -14.10488     0.04977    -0.19083   -13.96382
     11.445       -14.08831     0.04993    -0.19069   -13.94756
     11.595       -14.07203     0.05010    -0.19057   -13.93155
     11.745       -14.05593     0.05026    -0.19046   -13.91573
     11.895       -14.04004     0.05040    -0.19033   -13.90010
     12.045       -14.02440     0.05055    -0.19021   -13.88474
     12.195       -14.00897     0.05070    -0.19011   -13.86956
     12.345       -13.99369     0.05084    -0.19000   -13.85453
     12.495       -13.97854     0.05098    -0.18989   -13.83963
     12.645       -13.96367     0.05112    -0.18978   -13.82501
     12.795       -13.94894     0.05126    -0.18967   -13.81054
     12.945       -13.93439     0.05140    -0.18956   -13.79623
     13.095       -13.91998     0.05153    -0.18946   -13.78206
     13.245       -13.90576     0.05166    -0.18936   -13.76807
     13.395       -13.89174     0.05180    -0.18927   -13.75427
     13.545       -13.87784     0.05192    -0.18916   -13.74060
     13.695       -13.86411     0.05205    -0.18907   -13.72709
     13.845       -13.85059     0.05217    -0.18898   -13.71378
     13.995       -13.83712     0.05230    -0.18889   -13.70053
     14.145       -13.82381     0.05241    -0.18880   -13.68742
     14.295       -13.81066     0.05253    -0.18872   -13.67448
     14.445       -13.79768     0.05265    -0.18865   -13.66167
     14.595       -13.78482     0.05276    -0.18857   -13.64901
     14.745       -13.77209     0.05288    -0.18850   -13.63646
     14.895       -13.75950     0.05299    -0.18842   -13.62406
     15.045       -13.74704     0.05310    -0.18836   -13.61178
     15.195       -13.73471     0.05321    -0.18829   -13.59963
     15.345       -13.72250     0.05332    -0.18822   -13.58760
     15.495       -13.71042     0.05343    -0.18816   -13.57570
     15.645       -13.69844     0.05353    -0.18809   -13.56388
     15.795       -13.68659     0.05363    -0.18802   -13.55220
     15.945       -13.67486     0.05373    -0.18795   -13.54064
     16.095       -13.66326     0.05383    -0.18790   -13.52919
     16.245       -13.65175     0.05393    -0.18783   -13.51785
     16.395       -13.64039     0.05403    -0.18778   -13.50664
     16.545       -13.62911     0.05412    -0.18773   -13.49550
     16.695       -13.61793     0.05421    -0.18766   -13.48449
     16.845       -13.60686     0.05430    -0.18759   -13.47357
     16.995       -13.59591     0.05439    -0.18753   -13.46277
     17.145       -13.58505     0.05448    -0.18748   -13.45205
     17.295       -13.57430     0.05458    -0.18743   -13.44144
     17.445       -13.56362     0.05467    -0.18737   -13.43092
     17.595       -13.55308     0.05476    -0.18732   -13.42052
     17.745       -13.54261     0.05485    -0.18727   -13.41019
     17.895       -13.53219     0.05494    -0.18722   -13.39991
     18.045       -13.52187     0.05502    -0.18718   -13.38971
     18.195       -13.51164     0.05511    -0.18713   -13.37962
     18.345       -13.50148     0.05519    -0.18707   -13.36960
     18.495       -13.49142     0.05528    -0.18703   -13.35968
     18.645       -13.48143     0.05537    -0.18698   -13.34982
     18.795       -13.47154     0.05545    -0.18694   -13.34005
     18.945       -13.46174     0.05553    -0.18690   -13.33037
     19.095       -13.45199     0.05562    -0.18685   -13.32075
     19.245       -13.44234     0.05570    -0.18681   -13.31123
     19.395       -13.43281     0.05578    -0.18677   -13.30182
     19.545       -13.42328     0.05585    -0.18672   -13.29241
     19.695       -13.41382     0.05593    -0.18668   -13.28307
     19.845       -13.40451     0.05601    -0.18664   -13.27387
     19.995       -13.39524     0.05609    -0.18660   -13.26473
     20.145       -13.38602     0.05616    -0.18656   -13.25563
     20.295       -13.37688     0.05624    -0.18652   -13.24660
     20.445       -13.36784     0.05631    -0.18648   -13.23767
     20.595       -13.35884     0.05638    -0.18644   -13.22878
     20.745       -13.34996     0.05645    -0.18640   -13.22001
     20.895       -13.34110     0.05653    -0.18636   -13.21127
     21.045       -13.33232     0.05660    -0.18632   -13.20259
     21.195       -13.32360     0.05667    -0.18628   -13.19399
     21.345       -13.31490     0.05675    -0.18624   -13.18541
     21.495       -13.30627     0.05682    -0.18619   -13.17690
     21.645       -13.29775     0.05689    -0.18617   -13.16847
     21.795       -13.28926     0.05696    -0.18613   -13.16009
     21.945       -13.28086     0.05703    -0.18610   -13.15179
     22.095       -13.27251     0.05710    -0.18606   -13.14355
     22.245       -13.26423     0.05717    -0.18603   -13.13536
     22.395       -13.25605     0.05723    -0.18599   -13.12728
     22.545       -13.24790     0.05729    -0.18596   -13.11923
     22.695       -13.23976     0.05736    -0.18593   -13.11120
     22.845       -13.23172     0.05743    -0.18590   -13.10325
     22.995       -13.22372     0.05750    -0.18586   -13.09535
     23.145       -13.21578     0.05756    -0.18583   -13.08751
     23.295       -13.20790     0.05763    -0.18580   -13.07972
     23.445       -13.20003     0.05769    -0.18577   -13.07195
     23.595       -13.19222     0.05775    -0.18573   -13.06423
     23.745       -13.18450     0.05781    -0.18570   -13.05661
     23.895       -13.17681     0.05787    -0.18567   -13.04900
     24.045       -13.16915     0.05793    -0.18564   -13.04144
     24.195       -13.16157     0.05799    -0.18562   -13.03394
     24.345       -13.15400     0.05806    -0.18558   -13.02648
     24.495       -13.14651     0.05811    -0.18555   -13.01907
     24.645       -13.13908     0.05817    -0.18551   -13.01173
     24.795       -13.13169     0.05823    -0.18548   -13.00444
     24.945       -13.12434     0.05829    -0.18545   -12.99718
     25.095       -13.11704     0.05835    -0.18542   -12.98997
     25.245       -13.10979     0.05841    -0.18539   -12.98280
     25.395       -13.10256     0.05846    -0.18536   -12.97567
     25.545       -13.09537     0.05852    -0.18533   -12.96856
     25.695       -13.08825     0.05857    -0.18530   -12.96152
     25.845       -13.08120     0.05862    -0.18527   -12.95455
     25.995       -13.07416     0.05868    -0.18525   -12.94760
     26.145       -13.06715     0.05874    -0.18521   -12.94068
     26.295       -13.06019     0.05880    -0.18518   -12.93381
     26.445       -13.05329     0.05885    -0.18516   -12.92698
     26.595       -13.04642     0.05891    -0.18513   -12.92019
     26.745       -13.03957     0.05896    -0.18511   -12.91342
     26.895       -13.03278     0.05902    -0.18509   -12.90671
     27.045       -13.02602     0.05907    -0.18507   -12.90003
     27.195       -13.01934     0.05913    -0.18505   -12.89342
     27.345       -13.01268     0.05918    -0.18503   -12.88683
     27.495       -13.00602     0.05923    -0.18500   -12.88025
     27.645       -12.99946     0.05929    -0.18498   -12.87376
     27.795       -12.99291     0.05934    -0.18496   -12.86729
     27.945       -12.98642     0.05939    -0.18494   -12.86088
     28.095       -12.97994     0.05945    -0.18492   -12.85447
     28.245       -12.97349     0.05949    -0.18490   -12.84808
     28.395       -12.96708     0.05955    -0.18488   -12.84175
     28.545       -12.96072     0.05960    -0.18486   -12.83546
     28.695       -12.95437     0.05965    -0.18484   -12.82919
     28.845       -12.94805     0.05970    -0.18481   -12.82294
     28.995       -12.94178     0.05975    -0.18479   -12.81675
     29.145       -12.93554     0.05980    -0.18476   -12.81057
     29.295       -12.92933     0.05985    -0.18474   -12.80443
     29.445       -12.92317     0.05989    -0.18472   -12.79834
     29.595       -12.91703     0.05994    -0.18470   -12.79226
     29.745       -12.91089     0.05999    -0.18468   -12.78620
     29.895       -12.90482     0.06004    -0.18466   -12.78020
     30.045       -12.89877     0.06009    -0.18464   -12.77421
     30.195       -12.89276     0.06013    -0.18462   -12.76827
     30.345       -12.88679     0.06018    -0.18460   -12.76237
     30.495       -12.88084     0.06023    -0.18458   -12.75649
     30.645       -12.87493     0.06027    -0.18456   -12.75064
     30.795       -12.86907     0.06032    -0.18454   -12.74485
     30.945       -12.86322     0.06036    -0.18453   -12.73906
     31.095       -12.85737     0.06041    -0.18451   -12.73328
     31.245       -12.85158     0.06046    -0.18449   -12.72755
     31.395       -12.84584     0.06050    -0.18448   -12.72187
     31.545       -12.84010     0.06055    -0.18445   -12.71619
     31.695       -12.83441     0.06059    -0.18444   -12.71056
     31.845       -12.82874     0.06064    -0.18441   -12.70496
     31.995       -12.82307     0.06068    -0.18439   -12.69936
     32.145       -12.81744     0.06072    -0.18436   -12.69380
     32.295       -12.81182     0.06077    -0.18434   -12.68824
     32.445       -12.80624     0.06081    -0.18432   -12.68273
     32.595       -12.80069     0.06085    -0.18430   -12.67725
     32.745       -12.79520     0.06090    -0.18428   -12.67181
     32.895       -12.78971     0.06094    -0.18427   -12.66638
     33.045       -12.78425     0.06098    -0.18425   -12.66098
     33.195       -12.77881     0.06102    -0.18423   -12.65560
     33.345       -12.77342     0.06106    -0.18421   -12.65027
     33.495       -12.76806     0.06111    -0.18419   -12.64497
     33.645       -12.76270     0.06115    -0.18418   -12.63968
     33.795       -12.75737     0.06119    -0.18416   -12.63439
     33.945       -12.75205     0.06123    -0.18414   -12.62914
     34.095       -12.74677     0.06127    -0.18412   -12.62392
     34.245       -12.74150     0.06131    -0.18410   -12.61871
     34.395       -12.73625     0.06135    -0.18408   -12.61352
     34.545       -12.73104     0.06139    -0.18406   -12.60837
     34.695       -12.72585     0.06143    -0.18404   -12.60324
     34.845       -12.72067     0.06147    -0.18403   -12.59811
     34.995       -12.71555     0.06151    -0.18401   -12.59306
     35.145       -12.71042     0.06155    -0.18399   -12.58798
     35.295       -12.70532     0.06159    -0.18397   -12.58294
     35.445       -12.70028     0.06163    -0.18396   -12.57795
     35.595       -12.69521     0.06167    -0.18394   -12.57294
     35.745       -12.69019     0.06171    -0.18392   -12.56798
     35.895       -12.68521     0.06175    -0.18390   -12.56305
     36.045       -12.68022     0.06179    -0.18389   -12.55813
     36.195       -12.67527     0.06183    -0.18387   -12.55323
     36.345       -12.67033     0.06187    -0.18386   -12.54834
     36.495       -12.66539     0.06191    -0.18384   -12.54346
     36.645       -12.66049     0.06195    -0.18382   -12.53863
     36.795       -12.65564     0.06198    -0.18380   -12.53382
     36.945       -12.65079     0.06202    -0.18379   -12.52903
     37.095       -12.64594     0.06206    -0.18377   -12.52424
     37.245       -12.64112     0.06210    -0.18375   -12.51947
     37.395       -12.63636     0.06213    -0.18373   -12.51476
     37.545       -12.63159     0.06217    -0.18372   -12.51004
     37.695       -12.62683     0.06221    -0.18370   -12.50533
     37.845       -12.62209     0.06224    -0.18369   -12.50064
     37.995       -12.61739     0.06228    -0.18368   -12.49599
     38.145       -12.61273     0.06231    -0.18366   -12.49138
     38.295       -12.60806     0.06235    -0.18364   -12.48678
     38.445       -12.60342     0.06238    -0.18363   -12.48218
     38.595       -12.59880     0.06242    -0.18362   -12.47760
     38.745       -12.59415     0.06246    -0.18360   -12.47300
     38.895       -12.58957     0.06249    -0.18358   -12.46848
     39.045       -12.58500     0.06253    -0.18357   -12.46396
     39.195       -12.58044     0.06256    -0.18356   -12.45945
     39.345       -12.57589     0.06260    -0.18354   -12.45495
     39.495       -12.57136     0.06264    -0.18353   -12.45047
     39.645       -12.56687     0.06267    -0.18351   -12.44602
     39.795       -12.56237     0.06270    -0.18350   -12.44158
     39.945       -12.55791     0.06274    -0.18348   -12.43717
     40.095       -12.55348     0.06277    -0.18347   -12.43279
     40.245       -12.54906     0.06281    -0.18345   -12.42842
     40.395       -12.54465     0.06284    -0.18343   -12.42406
     40.545       -12.54026     0.06287    -0.18342   -12.41972
     40.695       -12.53586     0.06291    -0.18340   -12.41536
     40.845       -12.53149     0.06294    -0.18339   -12.41105
     40.995       -12.52717     0.06297    -0.18337   -12.40677
     41.145       -12.52286     0.06300    -0.18336   -12.40250
     41.295       -12.51853     0.06304    -0.18334   -12.39823
     41.445       -12.51426     0.06307    -0.18332   -12.39401
     41.595       -12.51000     0.06311    -0.18331   -12.38979
     41.745       -12.50572     0.06314    -0.18330   -12.38555
     41.895       -12.50151     0.06317    -0.18329   -12.38139
     42.045       -12.49729     0.06320    -0.18327   -12.37722
     42.195       -12.49305     0.06323    -0.18325   -12.37303
     42.345       -12.48885     0.06327    -0.18323   -12.36889
     42.495       -12.48468     0.06330    -0.18323   -12.36475
     42.645       -12.48053     0.06333    -0.18322   -12.36065
     42.795       -12.47641     0.06336    -0.18320   -12.35657
     42.945       -12.47228     0.06339    -0.18319   -12.35249
     43.095       -12.46815     0.06343    -0.18317   -12.34840
     43.245       -12.46405     0.06346    -0.18316   -12.34435
     43.395       -12.45999     0.06349    -0.18314   -12.34033
     43.545       -12.45592     0.06352    -0.18313   -12.33632
     43.695       -12.45188     0.06355    -0.18312   -12.33232
     43.845       -12.44785     0.06359    -0.18310   -12.32833
     43.995       -12.44380     0.06361    -0.18308   -12.32434
     44.145       -12.43978     0.06365    -0.18307   -12.32036
     44.295       -12.43578     0.06368    -0.18306   -12.31640
     44.445       -12.43180     0.06371    -0.18305   -12.31246
     44.595       -12.42783     0.06374    -0.18304   -12.30854
     44.745       -12.42388     0.06377    -0.18302   -12.30463
     44.895       -12.41995     0.06380    -0.18301   -12.30074
     45.045       -12.41603     0.06383    -0.18300   -12.29687
     45.195       -12.41213     0.06386    -0.18298   -12.29301
     45.345       -12.40823     0.06389    -0.18297   -12.28915
     45.495       -12.40436     0.06392    -0.18296   -12.28532
     45.645       -12.40051     0.06395    -0.18294   -12.28152
     45.795       -12.39668     0.06398    -0.18293   -12.27773
     45.945       -12.39285     0.06401    -0.18292   -12.27393
     46.095       -12.38902     0.06404    -0.18291   -12.27015
     46.245       -12.38521     0.06407    -0.18290   -12.26638
     46.395       -12.38139     0.06410    -0.18288   -12.26260
     46.545       -12.37759     0.06413    -0.18287   -12.25885
     46.695       -12.37383     0.06415    -0.18286   -12.25513
     46.845       -12.37007     0.06418    -0.18285   -12.25141
     46.995       -12.36632     0.06421    -0.18283   -12.24769
     47.145       -12.36258     0.06424    -0.18282   -12.24399
     47.295       -12.35884     0.06427    -0.18281   -12.24030
     47.445       -12.35512     0.06430    -0.18280   -12.23662
     47.595       -12.35144     0.06433    -0.18278   -12.23298
     47.745       -12.34775     0.06436    -0.18277   -12.22933
     47.895       -12.34406     0.06438    -0.18276   -12.22569
     48.045       -12.34041     0.06441    -0.18275   -12.22208
     48.195       -12.33674     0.06444    -0.18274   -12.21844
     48.345       -12.33311     0.06447    -0.18273   -12.21485
     48.495       -12.32949     0.06450    -0.18272   -12.21127
     48.645       -12.32588     0.06453    -0.18271   -12.20770
     48.795       -12.32226     0.06455    -0.18269   -12.20412
     48.945       -12.31868     0.06458    -0.18268   -12.20058
     49.095       -12.31511     0.06461    -0.18267   -12.19705
     49.245       -12.31155     0.06464    -0.18266   -12.19353
     49.395       -12.30799     0.06467    -0.18265   -12.19001
     49.545       -12.30447     0.06469    -0.18263   -12.18653
     49.695       -12.30095     0.06472    -0.18262   -12.18305
     49.845       -12.29744     0.06475    -0.18261   -12.17958
     49.995       -12.29394     0.06477    -0.18260   -12.17612
     50.145       -12.29045     0.06480    -0.18259   -12.17267
     50.295       -12.28696     0.06483    -0.18258   -12.16921
     50.445       -12.28347     0.06486    -0.18257   -12.16575
     50.595       -12.27999     0.06488    -0.18256   -12.16232
     50.745       -12.27653     0.06491    -0.18254   -12.15890
     50.895       -12.27307     0.06494    -0.18253   -12.15548
     51.045       -12.26963     0.06497    -0.18252   -12.15208
     51.195       -12.26622     0.06500    -0.18251   -12.14870
     51.345       -12.26281     0.06502    -0.18250   -12.14533
     51.495       -12.25942     0.06505    -0.18249   -12.14197
     51.645       -12.25604     0.06508    -0.18248   -12.13863
     51.795       -12.25266     0.06510    -0.18247   -12.13529
     51.945       -12.24929     0.06513    -0.18246   -12.13196
     52.095       -12.24592     0.06515    -0.18244   -12.12863
     52.245       -12.24256     0.06517    -0.18243   -12.12530
     52.395       -12.23922     0.06520    -0.18242   -12.12199
     52.545       -12.23588     0.06523    -0.18241   -12.11869
     52.695       -12.23257     0.06525    -0.18241   -12.11541
     52.845       -12.22927     0.06528    -0.18240   -12.11215
     52.995       -12.22599     0.06530    -0.18239   -12.10891
     53.145       -12.22271     0.06533    -0.18237   -12.10566
     53.295       -12.21944     0.06535    -0.18236   -12.10243
     53.445       -12.21615     0.06538    -0.18235   -12.09918
     53.595       -12.21291     0.06541    -0.18234   -12.09598
     53.745       -12.20967     0.06543    -0.18233   -12.09278
     53.895       -12.20643     0.06546    -0.18232   -12.08957
     54.045       -12.20318     0.06548    -0.18230   -12.08636
     54.195       -12.19998     0.06551    -0.18230   -12.08319
     54.345       -12.19675     0.06553    -0.18228   -12.08000
     54.495       -12.19356     0.06556    -0.18227   -12.07684
     54.645       -12.19036     0.06558    -0.18226   -12.07368
     54.795       -12.18717     0.06561    -0.18225   -12.07053
     54.945       -12.18401     0.06563    -0.18224   -12.06740
     55.095       -12.18087     0.06565    -0.18223   -12.06429
     59.433       -11.93305     0.06755    -0.18141   -11.81919
     80.646       -11.57082     0.07031    -0.18021   -11.46093
     111.21       -11.21922     0.07298    -0.17906   -11.11314
     153.36       -10.87812     0.07560    -0.17791   -10.77581
     211.49       -10.54752     0.07812    -0.17676   -10.44888
     291.64       -10.22801     0.08054    -0.17563   -10.13292
     402.18        -9.91930     0.08293    -0.17451    -9.82773
     554.60        -9.62126     0.08523    -0.17339    -9.53309
     764.80        -9.33353     0.08744    -0.17233    -9.24864
     1054.7        -9.05587     0.08957    -0.17127    -8.97418
     1454.4        -8.78799     0.09167    -0.17021    -8.70945
     2005.6        -8.52939     0.09368    -0.16917    -8.45390
     2765.8        -8.27967     0.09563    -0.16813    -8.20716
     3814.0        -8.03836     0.09751    -0.16715    -7.96871
     5259.5        -7.80519     0.09933    -0.16620    -7.73832
     7252.9        -7.57975     0.10110    -0.16523    -7.51561
     10002.        -7.36190     0.10280    -0.16432    -7.30038
     13793.        -7.15140     0.10444    -0.16338    -7.09245
     19020.        -6.94829     0.10604    -0.16250    -6.89184
     26229.        -6.75294     0.10756    -0.16163    -6.69887
     36170.        -6.56565     0.10903    -0.16080    -6.51389
     49878.        -6.38643     0.11046    -0.16000    -6.33689
     68782.        -6.21508     0.11182    -0.15922    -6.16768
     94851.        -6.05156     0.11310    -0.15848    -6.00618
    0.13080E+06    -5.89564     0.11432    -0.15778    -5.85219
    0.18038E+06    -5.74680     0.11549    -0.15709    -5.70519
    0.24874E+06    -5.60491     0.11660    -0.15643    -5.56508
    0.34301E+06    -5.46983     0.11766    -0.15580    -5.43168
    0.47302E+06    -5.34125     0.11867    -0.15521    -5.30471
    0.65229E+06    -5.21870     0.11964    -0.15463    -5.18371
    0.89952E+06    -5.10221     0.12056    -0.15406    -5.06871
    0.12404E+07    -4.99131     0.12143    -0.15353    -4.95921
    0.17106E+07    -4.88583     0.12225    -0.15303    -4.85505
    0.23589E+07    -4.78546     0.12304    -0.15255    -4.75595
    0.32529E+07    -4.68999     0.12379    -0.15210    -4.66168
    0.44858E+07    -4.59915     0.12450    -0.15168    -4.57197
    0.61860E+07    -4.51277     0.12517    -0.15127    -4.48667
    0.85305E+07    -4.43056     0.12581    -0.15088    -4.40549
    0.11764E+08    -4.35236     0.12642    -0.15051    -4.32828
    0.16222E+08    -4.27792     0.12700    -0.15014    -4.25478
    0.22370E+08    -4.20719     0.12755    -0.14981    -4.18493
    0.30849E+08    -4.14007     0.12808    -0.14950    -4.11865
    0.42541E+08    -4.07681     0.12857    -0.14921    -4.05617
    0.58664E+08    -4.01754     0.12903    -0.14894    -3.99763
    0.80898E+08    -3.96206     0.12947    -0.14868    -3.94285
    0.11156E+09    -3.91012     0.12987    -0.14843    -3.89157
    0.15384E+09    -3.86147     0.13026    -0.14820    -3.84353
    0.21215E+09    -3.81587     0.13062    -0.14799    -3.79850
    0.29255E+09    -3.77300     0.13096    -0.14780    -3.75615
    0.40343E+09    -3.73275     0.13128    -0.14761    -3.71642
    0.55633E+09    -3.69483     0.13157    -0.14744    -3.67897
    0.76719E+09    -3.65961     0.13186    -0.14728    -3.64418
    0.10580E+10    -3.62771     0.13211    -0.14714    -3.61268
    0.14589E+10    -3.59852     0.13234    -0.14700    -3.58385
    0.20119E+10    -3.57166     0.13255    -0.14687    -3.55735
    0.27744E+10    -3.54691     0.13275    -0.14675    -3.53291
    0.38259E+10    -3.52403     0.13292    -0.14664    -3.51032
    0.52760E+10    -3.50298     0.13309    -0.14653    -3.48954
    0.72756E+10    -3.48349     0.13325    -0.14644    -3.47030
    0.10033E+11    -3.46554     0.13338    -0.14634    -3.45258
    0.13836E+11    -3.44896     0.13351    -0.14626    -3.43621
    0.19079E+11    -3.43366     0.13364    -0.14619    -3.42111
    0.26311E+11    -3.41955     0.13374    -0.14612    -3.40717
    0.36283E+11    -3.40653     0.13385    -0.14605    -3.39433
    0.50034E+11    -3.39448     0.13394    -0.14598    -3.38243
    0.68997E+11    -3.38340     0.13403    -0.14593    -3.37150
    0.10000E+12    -3.25023     0.13506    -0.14523    -3.24006
