    -99.945         0.00000     0.00000     0.00000     0.00000
    -99.795         0.00000     0.00000     0.00000     0.00000
    -99.645         0.00000     0.00000     0.00000     0.00000
    -99.495         0.00000     0.00000     0.00000     0.00000
    -99.345         0.00000     0.00000     0.00000     0.00000
    -99.195         0.00000     0.00000     0.00000     0.00000
    -99.045         0.00000     0.00000     0.00000     0.00000
    -98.895         0.00000     0.00000     0.00000     0.00000
    -98.745         0.00000     0.00000     0.00000     0.00000
    -98.595         0.00000     0.00000     0.00000     0.00000
    -98.445         0.00000     0.00000     0.00000     0.00000
    -98.295         0.00000     0.00000     0.00000     0.00000
    -98.145         0.00000     0.00000     0.00000     0.00000
    -97.995         0.00000     0.00000     0.00000     0.00000
    -97.845         0.00000     0.00000     0.00000     0.00000
    -97.695         0.00000     0.00000     0.00000     0.00000
    -97.545         0.00000     0.00000     0.00000     0.00000
    -97.395         0.00000     0.00000     0.00000     0.00000
    -97.245         0.00000     0.00000     0.00000     0.00000
    -97.095         0.00000     0.00000     0.00000     0.00000
    -96.945         0.00000     0.00000     0.00000     0.00000
    -96.795         0.00000     0.00000     0.00000     0.00000
    -96.645         0.00000     0.00000     0.00000     0.00000
    -96.495         0.00000     0.00000     0.00000     0.00000
    -96.345         0.00000     0.00000     0.00000     0.00000
    -96.195         0.00000     0.00000     0.00000     0.00000
    -96.045         0.00000     0.00000     0.00000     0.00000
    -95.895         0.00000     0.00000     0.00000     0.00000
    -95.745         0.00000     0.00000     0.00000     0.00000
    -95.595         0.00000     0.00000     0.00000     0.00000
    -95.445         0.00000     0.00000     0.00000     0.00000
    -95.295         0.00000     0.00000     0.00000     0.00000
    -95.145         0.00000     0.00000     0.00000     0.00000
    -94.995         0.00000     0.00000     0.00000     0.00000
    -94.845         0.00000     0.00000     0.00000     0.00000
    -94.695         0.00000     0.00000     0.00000     0.00000
    -94.545         0.00000     0.00000     0.00000     0.00000
    -94.395         0.00000     0.00000     0.00000     0.00000
    -94.245         0.00000     0.00000     0.00000     0.00000
    -94.095         0.00000     0.00000     0.00000     0.00000
    -93.945         0.00000     0.00000     0.00000     0.00000
    -93.795         0.00000     0.00000     0.00000     0.00000
    -93.645         0.00000     0.00000     0.00000     0.00000
    -93.495         0.00000     0.00000     0.00000     0.00000
    -93.345         0.00000     0.00000     0.00000     0.00000
    -93.195         0.00000     0.00000     0.00000     0.00000
    -93.045         0.00000     0.00000     0.00000     0.00000
    -92.895         0.00000     0.00000     0.00000     0.00000
    -92.745         0.00000     0.00000     0.00000     0.00000
    -92.595         0.00000     0.00000     0.00000     0.00000
    -92.445         0.00000     0.00000     0.00000     0.00000
    -92.295         0.00000     0.00000     0.00000     0.00000
    -92.145         0.00000     0.00000     0.00000     0.00000
    -91.995         0.00000     0.00000     0.00000     0.00000
    -91.845         0.00000     0.00000     0.00000     0.00000
    -91.695         0.00000     0.00000     0.00000     0.00000
    -91.545         0.00000     0.00000     0.00000     0.00000
    -91.395         0.00000     0.00000     0.00000     0.00000
    -91.245         0.00000     0.00000     0.00000     0.00000
    -91.095         0.00000     0.00000     0.00000     0.00000
    -90.945         0.00000     0.00000     0.00000     0.00000
    -90.795         0.00000     0.00000     0.00000     0.00000
    -90.645         0.00000     0.00000     0.00000     0.00000
    -90.495         0.00000     0.00000     0.00000     0.00000
    -90.345         0.00000     0.00000     0.00000     0.00000
    -90.195         0.00000     0.00000     0.00000     0.00000
    -90.045         0.00000     0.00000     0.00000     0.00000
    -89.895         0.00000     0.00000     0.00000     0.00000
    -89.745         0.00000     0.00000     0.00000     0.00000
    -89.595         0.00000     0.00000     0.00000     0.00000
    -89.445         0.00000     0.00000     0.00000     0.00000
    -89.295         0.00000     0.00000     0.00000     0.00000
    -89.145         0.00000     0.00000     0.00000     0.00000
    -88.995         0.00000     0.00000     0.00000     0.00000
    -88.845         0.00000     0.00000     0.00000     0.00000
    -88.695         0.00000     0.00000     0.00000     0.00000
    -88.545         0.00000     0.00000     0.00000     0.00000
    -88.395         0.00000     0.00000     0.00000     0.00000
    -88.245         0.00000     0.00000     0.00000     0.00000
    -88.095         0.00000     0.00000     0.00000     0.00000
    -87.945         0.00000     0.00000     0.00000     0.00000
    -87.795         0.00000     0.00000     0.00000     0.00000
    -87.645         0.00000     0.00000     0.00000     0.00000
    -87.495         0.00000     0.00000     0.00000     0.00000
    -87.345         0.00000     0.00000     0.00000     0.00000
    -87.195         0.00000     0.00000     0.00000     0.00000
    -87.045         0.00000     0.00000     0.00000     0.00000
    -86.895         0.00000     0.00000     0.00000     0.00000
    -86.745         0.00000     0.00000     0.00000     0.00000
    -86.595         0.00000     0.00000     0.00000     0.00000
    -86.445         0.00000     0.00000     0.00000     0.00000
    -86.295         0.00000     0.00000     0.00000     0.00000
    -86.145         0.00000     0.00000     0.00000     0.00000
    -85.995         0.00000     0.00000     0.00000     0.00000
    -85.845         0.00000     0.00000     0.00000     0.00000
    -85.695         0.00000     0.00000     0.00000     0.00000
    -85.545         0.00000     0.00000     0.00000     0.00000
    -85.395         0.00000     0.00000     0.00000     0.00000
    -85.245         0.00000     0.00000     0.00000     0.00000
    -85.095         0.00000     0.00000     0.00000     0.00000
    -84.945         0.00000     0.00000     0.00000     0.00000
    -84.795         0.00000     0.00000     0.00000     0.00000
    -84.645         0.00000     0.00000     0.00000     0.00000
    -84.495         0.00000     0.00000     0.00000     0.00000
    -84.345         0.00000     0.00000     0.00000     0.00000
    -84.195         0.00000     0.00000     0.00000     0.00000
    -84.045         0.00000     0.00000     0.00000     0.00000
    -83.895         0.00000     0.00000     0.00000     0.00000
    -83.745         0.00000     0.00000     0.00000     0.00000
    -83.595         0.00000     0.00000     0.00000     0.00000
    -83.445         0.00000     0.00000     0.00000     0.00000
    -83.295         0.00000     0.00000     0.00000     0.00000
    -83.145         0.00000     0.00000     0.00000     0.00000
    -82.995         0.00000     0.00000     0.00000     0.00000
    -82.845         0.00000     0.00000     0.00000     0.00000
    -82.695         0.00000     0.00000     0.00000     0.00000
    -82.545         0.00000     0.00000     0.00000     0.00000
    -82.395         0.00000     0.00000     0.00000     0.00000
    -82.245         0.00000     0.00000     0.00000     0.00000
    -82.095         0.00000     0.00000     0.00000     0.00000
    -81.945         0.00000     0.00000     0.00000     0.00000
    -81.795         0.00000     0.00000     0.00000     0.00000
    -81.645         0.00000     0.00000     0.00000     0.00000
    -81.495         0.00000     0.00000     0.00000     0.00000
    -81.345         0.00000     0.00000     0.00000     0.00000
    -81.195         0.00000     0.00000     0.00000     0.00000
    -81.045         0.00000     0.00000     0.00000     0.00000
    -80.895         0.00000     0.00000     0.00000     0.00000
    -80.745         0.00000     0.00000     0.00000     0.00000
    -80.595         0.00000     0.00000     0.00000     0.00000
    -80.445         0.00000     0.00000     0.00000     0.00000
    -80.295         0.00000     0.00000     0.00000     0.00000
    -80.145         0.00000     0.00000     0.00000     0.00000
    -79.995         0.00000     0.00000     0.00000     0.00000
    -79.845         0.00000     0.00000     0.00000     0.00000
    -79.695         0.00000     0.00000     0.00000     0.00000
    -79.545         0.00000     0.00000     0.00000     0.00000
    -79.395         0.00000     0.00000     0.00000     0.00000
    -79.245         0.00000     0.00000     0.00000     0.00000
    -79.095         0.00000     0.00000     0.00000     0.00000
    -78.945         0.00000     0.00000     0.00000     0.00000
    -78.795         0.00000     0.00000     0.00000     0.00000
    -78.645         0.00000     0.00000     0.00000     0.00000
    -78.495         0.00000     0.00000     0.00000     0.00000
    -78.345         0.00000     0.00000     0.00000     0.00000
    -78.195         0.00000     0.00000     0.00000     0.00000
    -78.045         0.00000     0.00000     0.00000     0.00000
    -77.895         0.00000     0.00000     0.00000     0.00000
    -77.745         0.00000     0.00000     0.00000     0.00000
    -77.595         0.00000     0.00000     0.00000     0.00000
    -77.445         0.00000     0.00000     0.00000     0.00000
    -77.295         0.00000     0.00000     0.00000     0.00000
    -77.145         0.00000     0.00000     0.00000     0.00000
    -76.995         0.00000     0.00000     0.00000     0.00000
    -76.845         0.00000     0.00000     0.00000     0.00000
    -76.695         0.00000     0.00000     0.00000     0.00000
    -76.545         0.00000     0.00000     0.00000     0.00000
    -76.395         0.00000     0.00000     0.00000     0.00000
    -76.245         0.00000     0.00000     0.00000     0.00000
    -76.095         0.00000     0.00000     0.00000     0.00000
    -75.945         0.00000     0.00000     0.00000     0.00000
    -75.795         0.00000     0.00000     0.00000     0.00000
    -75.645         0.00000     0.00000     0.00000     0.00000
    -75.495         0.00000     0.00000     0.00000     0.00000
    -75.345         0.00000     0.00000     0.00000     0.00000
    -75.195         0.00000     0.00000     0.00000     0.00000
    -75.045         0.00000     0.00000     0.00000     0.00000
    -74.895         0.00000     0.00000     0.00000     0.00000
    -74.745         0.00000     0.00000     0.00000     0.00000
    -74.595         0.00000     0.00000     0.00000     0.00000
    -74.445         0.00000     0.00000     0.00000     0.00000
    -74.295         0.00000     0.00000     0.00000     0.00000
    -74.145         0.00000     0.00000     0.00000     0.00000
    -73.995         0.00000     0.00000     0.00000     0.00000
    -73.845         0.00000     0.00000     0.00000     0.00000
    -73.695         0.00000     0.00000     0.00000     0.00000
    -73.545         0.00000     0.00000     0.00000     0.00000
    -73.395         0.00000     0.00000     0.00000     0.00000
    -73.245         0.00000     0.00000     0.00000     0.00000
    -73.095         0.00000     0.00000     0.00000     0.00000
    -72.945         0.00000     0.00000     0.00000     0.00000
    -72.795         0.00000     0.00000     0.00000     0.00000
    -72.645         0.00000     0.00000     0.00000     0.00000
    -72.495         0.00000     0.00000     0.00000     0.00000
    -72.345         0.00000     0.00000     0.00000     0.00000
    -72.195         0.00000     0.00000     0.00000     0.00000
    -72.045         0.00000     0.00000     0.00000     0.00000
    -71.895         0.00000     0.00000     0.00000     0.00000
    -71.745         0.00000     0.00000     0.00000     0.00000
    -71.595         0.00000     0.00000     0.00000     0.00000
    -71.445         0.00000     0.00000     0.00000     0.00000
    -71.295         0.00000     0.00000     0.00000     0.00000
    -71.145         0.00000     0.00000     0.00000     0.00000
    -70.995         0.00000     0.00000     0.00000     0.00000
    -70.845         0.00000     0.00000     0.00000     0.00000
    -70.695         0.00000     0.00000     0.00000     0.00000
    -70.545         0.00000     0.00000     0.00000     0.00000
    -70.395         0.00000     0.00000     0.00000     0.00000
    -70.245         0.00000     0.00000     0.00000     0.00000
    -70.095         0.00000     0.00000     0.00000     0.00000
    -69.945         0.00000     0.00000     0.00000     0.00000
    -69.795         0.00000     0.00000     0.00000     0.00000
    -69.645         0.00000     0.00000     0.00000     0.00000
    -69.495         0.00000     0.00000     0.00000     0.00000
    -69.345         0.00000     0.00000     0.00000     0.00000
    -69.195         0.00000     0.00000     0.00000     0.00000
    -69.045         0.00000     0.00000     0.00000     0.00000
    -68.895         0.00000     0.00000     0.00000     0.00000
    -68.745         0.00000     0.00000     0.00000     0.00000
    -68.595         0.00000     0.00000     0.00000     0.00000
    -68.445         0.00000     0.00000     0.00000     0.00000
    -68.295         0.00000     0.00000     0.00000     0.00000
    -68.145         0.00000     0.00000     0.00000     0.00000
    -67.995         0.00000     0.00000     0.00000     0.00000
    -67.845         0.00000     0.00000     0.00000     0.00000
    -67.695         0.00000     0.00000     0.00000     0.00000
    -67.545         0.00000     0.00000     0.00000     0.00000
    -67.395         0.00000     0.00000     0.00000     0.00000
    -67.245         0.00000     0.00000     0.00000     0.00000
    -67.095         0.00000     0.00000     0.00000     0.00000
    -66.945         0.00000     0.00000     0.00000     0.00000
    -66.795         0.00000     0.00000     0.00000     0.00000
    -66.645         0.00000     0.00000     0.00000     0.00000
    -66.495         0.00000     0.00000     0.00000     0.00000
    -66.345         0.00000     0.00000     0.00000     0.00000
    -66.195         0.00000     0.00000     0.00000     0.00000
    -66.045         0.00000     0.00000     0.00000     0.00000
    -65.895         0.00000     0.00000     0.00000     0.00000
    -65.745         0.00000     0.00000     0.00000     0.00000
    -65.595         0.00000     0.00000     0.00000     0.00000
    -65.445         0.00000     0.00000     0.00000     0.00000
    -65.295         0.00000     0.00000     0.00000     0.00000
    -65.145         0.00000     0.00000     0.00000     0.00000
    -64.995         0.00000     0.00000     0.00000     0.00000
    -64.845         0.00000     0.00000     0.00000     0.00000
    -64.695         0.00000     0.00000     0.00000     0.00000
    -64.545         0.00000     0.00000     0.00000     0.00000
    -64.395         0.00000     0.00000     0.00000     0.00000
    -64.245         0.00000     0.00000     0.00000     0.00000
    -64.095         0.00000     0.00000     0.00000     0.00000
    -63.945         0.00000     0.00000     0.00000     0.00000
    -63.795         0.00000     0.00000     0.00000     0.00000
    -63.645         0.00000     0.00000     0.00000     0.00000
    -63.495         0.00000     0.00000     0.00000     0.00000
    -63.345         0.00000     0.00000     0.00000     0.00000
    -63.195         0.00000     0.00000     0.00000     0.00000
    -63.045         0.00000     0.00000     0.00000     0.00000
    -62.895         0.00000     0.00000     0.00000     0.00000
    -62.745         0.00000     0.00000     0.00000     0.00000
    -62.595         0.00000     0.00000     0.00000     0.00000
    -62.445         0.00000     0.00000     0.00000     0.00000
    -62.295         0.00000     0.00000     0.00000     0.00000
    -62.145         0.00000     0.00000     0.00000     0.00000
    -61.995         0.00000     0.00000     0.00000     0.00000
    -61.845         0.00000     0.00000     0.00000     0.00000
    -61.695         0.00000     0.00000     0.00000     0.00000
    -61.545         0.00000     0.00000     0.00000     0.00000
    -61.395         0.00000     0.00000     0.00000     0.00000
    -61.245         0.00000     0.00000     0.00000     0.00000
    -61.095         0.00000     0.00000     0.00000     0.00000
    -60.945         0.00000     0.00000     0.00000     0.00000
    -60.795         0.00000     0.00000     0.00000     0.00000
    -60.645         0.00000     0.00000     0.00000     0.00000
    -60.495         0.00000     0.00000     0.00000     0.00000
    -60.345         0.00000     0.00000     0.00000     0.00000
    -60.195         0.00000     0.00000     0.00000     0.00000
    -60.045         0.00000     0.00000     0.00000     0.00000
    -59.895         0.00000     0.00000     0.00000     0.00000
    -59.745         0.00000     0.00000     0.00000     0.00000
    -59.595         0.00000     0.00000     0.00000     0.00000
    -59.445         0.00000     0.00000     0.00000     0.00000
    -59.295         0.00000     0.00000     0.00000     0.00000
    -59.145         0.00000     0.00000     0.00000     0.00000
    -58.995         0.00000     0.00000     0.00000     0.00000
    -58.845         0.00000     0.00000     0.00000     0.00000
    -58.695         0.00000     0.00000     0.00000     0.00000
    -58.545         0.00000     0.00000     0.00000     0.00000
    -58.395         0.00000     0.00000     0.00000     0.00000
    -58.245         0.00000     0.00000     0.00000     0.00000
    -58.095         0.00000     0.00000     0.00000     0.00000
    -57.945         0.00000     0.00000     0.00000     0.00000
    -57.795         0.00000     0.00000     0.00000     0.00000
    -57.645         0.00000     0.00000     0.00000     0.00000
    -57.495         0.00000     0.00000     0.00000     0.00000
    -57.345         0.00000     0.00000     0.00000     0.00000
    -57.195         0.00000     0.00000     0.00000     0.00000
    -57.045         0.00000     0.00000     0.00000     0.00000
    -56.895         0.00000     0.00000     0.00000     0.00000
    -56.745         0.00000     0.00000     0.00000     0.00000
    -56.595         0.00000     0.00000     0.00000     0.00000
    -56.445         0.00000     0.00000     0.00000     0.00000
    -56.295         0.00000     0.00000     0.00000     0.00000
    -56.145         0.00000     0.00000     0.00000     0.00000
    -55.995         0.00000     0.00000     0.00000     0.00000
    -55.845         0.00000     0.00000     0.00000     0.00000
    -55.695         0.00000     0.00000     0.00000     0.00000
    -55.545         0.00000     0.00000     0.00000     0.00000
    -55.395         0.00000     0.00000     0.00000     0.00000
    -55.245         0.00000     0.00000     0.00000     0.00000
    -55.095         0.00000     0.00000     0.00000     0.00000
    -54.945         0.00000     0.00000     0.00000     0.00000
    -54.795         0.00000     0.00000     0.00000     0.00000
    -54.645         0.00000     0.00000     0.00000     0.00000
    -54.495         0.00000     0.00000     0.00000     0.00000
    -54.345         0.00000     0.00000     0.00000     0.00000
    -54.195         0.00000     0.00000     0.00000     0.00000
    -54.045         0.00000     0.00000     0.00000     0.00000
    -53.895         0.00000     0.00000     0.00000     0.00000
    -53.745         0.00000     0.00000     0.00000     0.00000
    -53.595         0.00000     0.00000     0.00000     0.00000
    -53.445         0.00000     0.00000     0.00000     0.00000
    -53.295         0.00000     0.00000     0.00000     0.00000
    -53.145         0.00000     0.00000     0.00000     0.00000
    -52.995         0.00000     0.00000     0.00000     0.00000
    -52.845         0.00000     0.00000     0.00000     0.00000
    -52.695         0.00000     0.00000     0.00000     0.00000
    -52.545         0.00000     0.00000     0.00000     0.00000
    -52.395         0.00000     0.00000     0.00000     0.00000
    -52.245         0.00000     0.00000     0.00000     0.00000
    -52.095         0.00000     0.00000     0.00000     0.00000
    -51.945         0.00000     0.00000     0.00000     0.00000
    -51.795         0.00000     0.00000     0.00000     0.00000
    -51.645         0.00000     0.00000     0.00000     0.00000
    -51.495         0.00000     0.00000     0.00000     0.00000
    -51.345         0.00000     0.00000     0.00000     0.00000
    -51.195         0.00000     0.00000     0.00000     0.00000
    -51.045         0.00000     0.00000     0.00000     0.00000
    -50.895         0.00000     0.00000     0.00000     0.00000
    -50.745         0.00000     0.00000     0.00000     0.00000
    -50.595         0.00000     0.00000     0.00000     0.00000
    -50.445         0.00000     0.00000     0.00000     0.00000
    -50.295         0.00000     0.00000     0.00000     0.00000
    -50.145         0.00000     0.00000     0.00000     0.00000
    -49.995         0.00000     0.00000     0.00000     0.00000
    -49.845         0.00000     0.00000     0.00000     0.00000
    -49.695         0.00000     0.00000     0.00000     0.00000
    -49.545         0.00000     0.00000     0.00000     0.00000
    -49.395         0.00000     0.00000     0.00000     0.00000
    -49.245         0.00000     0.00000     0.00000     0.00000
    -49.095         0.00000     0.00000     0.00000     0.00000
    -48.945         0.00000     0.00000     0.00000     0.00000
    -48.795         0.00000     0.00000     0.00000     0.00000
    -48.645         0.00000     0.00000     0.00000     0.00000
    -48.495         0.00000     0.00000     0.00000     0.00000
    -48.345         0.00000     0.00000     0.00000     0.00000
    -48.195         0.00000     0.00000     0.00000     0.00000
    -48.045         0.00000     0.00000     0.00000     0.00000
    -47.895         0.00000     0.00000     0.00000     0.00000
    -47.745         0.00000     0.00000     0.00000     0.00000
    -47.595         0.00000     0.00000     0.00000     0.00000
    -47.445         0.00000     0.00000     0.00000     0.00000
    -47.295         0.00000     0.00000     0.00000     0.00000
    -47.145         0.00000     0.00000     0.00000     0.00000
    -46.995         0.00000     0.00000     0.00000     0.00000
    -46.845         0.00000     0.00000     0.00000     0.00000
    -46.695         0.00000     0.00000     0.00000     0.00000
    -46.545         0.00000     0.00000     0.00000     0.00000
    -46.395         0.00000     0.00000     0.00000     0.00000
    -46.245         0.00000     0.00000     0.00000     0.00000
    -46.095         0.00000     0.00000     0.00000     0.00000
    -45.945         0.00000     0.00000     0.00000     0.00000
    -45.795         0.00000     0.00000     0.00000     0.00000
    -45.645         0.00000     0.00000     0.00000     0.00000
    -45.495         0.00000     0.00000     0.00000     0.00000
    -45.345         0.00000     0.00000     0.00000     0.00000
    -45.195         0.00000     0.00000     0.00000     0.00000
    -45.045         0.00000     0.00000     0.00000     0.00000
    -44.895         0.00000     0.00000     0.00000     0.00000
    -44.745         0.00000     0.00000     0.00000     0.00000
    -44.595         0.00000     0.00000     0.00000     0.00000
    -44.445         0.00000     0.00000     0.00000     0.00000
    -44.295         0.00000     0.00000     0.00000     0.00000
    -44.145         0.00000     0.00000     0.00000     0.00000
    -43.995         0.00000     0.00000     0.00000     0.00000
    -43.845         0.00000     0.00000     0.00000     0.00000
    -43.695         0.00000     0.00000     0.00000     0.00000
    -43.545         0.00000     0.00000     0.00000     0.00000
    -43.395         0.00000     0.00000     0.00000     0.00000
    -43.245         0.00000     0.00000     0.00000     0.00000
    -43.095         0.00000     0.00000     0.00000     0.00000
    -42.945         0.00000     0.00000     0.00000     0.00000
    -42.795         0.00000     0.00000     0.00000     0.00000
    -42.645         0.00000     0.00000     0.00000     0.00000
    -42.495         0.00000     0.00000     0.00000     0.00000
    -42.345         0.00000     0.00000     0.00000     0.00000
    -42.195         0.00000     0.00000     0.00000     0.00000
    -42.045         0.00000     0.00000     0.00000     0.00000
    -41.895         0.00000     0.00000     0.00000     0.00000
    -41.745         0.00000     0.00000     0.00000     0.00000
    -41.595         0.00000     0.00000     0.00000     0.00000
    -41.445         0.00000     0.00000     0.00000     0.00000
    -41.295         0.00000     0.00000     0.00000     0.00000
    -41.145         0.00000     0.00000     0.00000     0.00000
    -40.995         0.00000     0.00000     0.00000     0.00000
    -40.845         0.00000     0.00000     0.00000     0.00000
    -40.695         0.00000     0.00000     0.00000     0.00000
    -40.545         0.00000     0.00000     0.00000     0.00000
    -40.395         0.00000     0.00000     0.00000     0.00000
    -40.245         0.00000     0.00000     0.00000     0.00000
    -40.095         0.00000     0.00000     0.00000     0.00000
    -39.945         0.00000     0.00000     0.00000     0.00000
    -39.795         0.00000     0.00000     0.00000     0.00000
    -39.645         0.00000     0.00000     0.00000     0.00000
    -39.495         0.00000     0.00000     0.00000     0.00000
    -39.345         0.00000     0.00000     0.00000     0.00000
    -39.195         0.00000     0.00000     0.00000     0.00000
    -39.045         0.00000     0.00000     0.00000     0.00000
    -38.895         0.00000     0.00000     0.00000     0.00000
    -38.745         0.00000     0.00000     0.00000     0.00000
    -38.595         0.00000     0.00000     0.00000     0.00000
    -38.445         0.00000     0.00000     0.00000     0.00000
    -38.295         0.00000     0.00000     0.00000     0.00000
    -38.145         0.00000     0.00000     0.00000     0.00000
    -37.995         0.00000     0.00000     0.00000     0.00000
    -37.845         0.00000     0.00000     0.00000     0.00000
    -37.695         0.00000     0.00000     0.00000     0.00000
    -37.545         0.00000     0.00000     0.00000     0.00000
    -37.395         0.00000     0.00000     0.00000     0.00000
    -37.245         0.00000     0.00000     0.00000     0.00000
    -37.095         0.00000     0.00000     0.00000     0.00000
    -36.945         0.00000     0.00000     0.00000     0.00000
    -36.795         0.00000     0.00000     0.00000     0.00000
    -36.645         0.00000     0.00000     0.00000     0.00000
    -36.495         0.00000     0.00000     0.00000     0.00000
    -36.345         0.00000     0.00000     0.00000     0.00000
    -36.195         0.00000     0.00000     0.00000     0.00000
    -36.045         0.00000     0.00000     0.00000     0.00000
    -35.895         0.00000     0.00000     0.00000     0.00000
    -35.745         0.00000     0.00000     0.00000     0.00000
    -35.595         0.00000     0.00000     0.00000     0.00000
    -35.445         0.00000     0.00000     0.00000     0.00000
    -35.295         0.00000     0.00000     0.00000     0.00000
    -35.145         0.00000     0.00000     0.00000     0.00000
    -34.995         0.00000     0.00000     0.00000     0.00000
    -34.845         0.00000     0.00000     0.00000     0.00000
    -34.695         0.00000     0.00000     0.00000     0.00000
    -34.545         0.00000     0.00000     0.00000     0.00000
    -34.395         0.00000     0.00000     0.00000     0.00000
    -34.245         0.00000     0.00000     0.00000     0.00000
    -34.095         0.00000     0.00000     0.00000     0.00000
    -33.945         0.00000     0.00000     0.00000     0.00000
    -33.795         0.00000     0.00000     0.00000     0.00000
    -33.645         0.00000     0.00000     0.00000     0.00000
    -33.495         0.00000     0.00000     0.00000     0.00000
    -33.345         0.00000     0.00000     0.00000     0.00000
    -33.195         0.00000     0.00000     0.00000     0.00000
    -33.045         0.00000     0.00000     0.00000     0.00000
    -32.895         0.00000     0.00000     0.00000     0.00000
    -32.745         0.00000     0.00000     0.00000     0.00000
    -32.595         0.00000     0.00000     0.00000     0.00000
    -32.445         0.00000     0.00000     0.00000     0.00000
    -32.295         0.00000     0.00000     0.00000     0.00000
    -32.145         0.00000     0.00000     0.00000     0.00000
    -31.995         0.00000     0.00000     0.00000     0.00000
    -31.845         0.00000     0.00000     0.00000     0.00000
    -31.695         0.00000     0.00000     0.00000     0.00000
    -31.545         0.00000     0.00000     0.00000     0.00000
    -31.395         0.00000     0.00000     0.00000     0.00000
    -31.245         0.00000     0.00000     0.00000     0.00000
    -31.095         0.00000     0.00000     0.00000     0.00000
    -30.945         0.00000     0.00000     0.00000     0.00000
    -30.795         0.00000     0.00000     0.00000     0.00000
    -30.645         0.00000     0.00000     0.00000     0.00000
    -30.495         0.00000     0.00000     0.00000     0.00000
    -30.345         0.00000     0.00000     0.00000     0.00000
    -30.195         0.00000     0.00000     0.00000     0.00000
    -30.045         0.00000     0.00000     0.00000     0.00000
    -29.895         0.00000     0.00000     0.00000     0.00000
    -29.745         0.00000     0.00000     0.00000     0.00000
    -29.595         0.00000     0.00000     0.00000     0.00000
    -29.445         0.00000     0.00000     0.00000     0.00000
    -29.295         0.00000     0.00000     0.00000     0.00000
    -29.145         0.00000     0.00000     0.00000     0.00000
    -28.995         0.00000     0.00000     0.00000     0.00000
    -28.845         0.00000     0.00000     0.00000     0.00000
    -28.695         0.00000     0.00000     0.00000     0.00000
    -28.545         0.00000     0.00000     0.00000     0.00000
    -28.395         0.00000     0.00000     0.00000     0.00000
    -28.245         0.00000     0.00000     0.00000     0.00000
    -28.095         0.00000     0.00000     0.00000     0.00000
    -27.945         0.00000     0.00000     0.00000     0.00000
    -27.795         0.00000     0.00000     0.00000     0.00000
    -27.645         0.00000     0.00000     0.00000     0.00000
    -27.495         0.00000     0.00000     0.00000     0.00000
    -27.345         0.00000     0.00000     0.00000     0.00000
    -27.195         0.00000     0.00000     0.00000     0.00000
    -27.045         0.00000     0.00000     0.00000     0.00000
    -26.895         0.00000     0.00000     0.00000     0.00000
    -26.745         0.00000     0.00000     0.00000     0.00000
    -26.595         0.00000     0.00000     0.00000     0.00000
    -26.445         0.00000     0.00000     0.00000     0.00000
    -26.295         0.00000     0.00000     0.00000     0.00000
    -26.145         0.00000     0.00000     0.00000     0.00000
    -25.995         0.00000     0.00000     0.00000     0.00000
    -25.845         0.00000     0.00000     0.00000     0.00000
    -25.695         0.00000     0.00000     0.00000     0.00000
    -25.545         0.00000     0.00000     0.00000     0.00000
    -25.395         0.00000     0.00000     0.00000     0.00000
    -25.245         0.00000     0.00000     0.00000     0.00000
    -25.095         0.00000     0.00000     0.00000     0.00000
    -24.945         0.00000     0.00000     0.00000     0.00000
    -24.795         0.00000     0.00000     0.00000     0.00000
    -24.645         0.00000     0.00000     0.00000     0.00000
    -24.495         0.00000     0.00000     0.00000     0.00000
    -24.345         0.00000     0.00000     0.00000     0.00000
    -24.195         0.00000     0.00000     0.00000     0.00000
    -24.045         0.00000     0.00000     0.00000     0.00000
    -23.895         0.00000     0.00000     0.00000     0.00000
    -23.745         0.00000     0.00000     0.00000     0.00000
    -23.595         0.00000     0.00000     0.00000     0.00000
    -23.445         0.00000     0.00000     0.00000     0.00000
    -23.295         0.00000     0.00000     0.00000     0.00000
    -23.145         0.00000     0.00000     0.00000     0.00000
    -22.995         0.00000     0.00000     0.00000     0.00000
    -22.845         0.00000     0.00000     0.00000     0.00000
    -22.695         0.00000     0.00000     0.00000     0.00000
    -22.545         0.00000     0.00000     0.00000     0.00000
    -22.395         0.00000     0.00000     0.00000     0.00000
    -22.245         0.00000     0.00000     0.00000     0.00000
    -22.095         0.00000     0.00000     0.00000     0.00000
    -21.945         0.00000     0.00000     0.00000     0.00000
    -21.795         0.00000     0.00000     0.00000     0.00000
    -21.645         0.00000     0.00000     0.00000     0.00000
    -21.495         0.00000     0.00000     0.00000     0.00000
    -21.345         0.00000     0.00000     0.00000     0.00000
    -21.195         0.00000     0.00000     0.00000     0.00000
    -21.045         0.00000     0.00000     0.00000     0.00000
    -20.895         0.00000     0.00000     0.00000     0.00000
    -20.745         0.00000     0.00000     0.00000     0.00000
    -20.595         0.00000     0.00000     0.00000     0.00000
    -20.445         0.00000     0.00000     0.00000     0.00000
    -20.295         0.00000     0.00000     0.00000     0.00000
    -20.145         0.00000     0.00000     0.00000     0.00000
    -19.995         0.00000     0.00000     0.00000     0.00000
    -19.845         0.00000     0.00000     0.00000     0.00000
    -19.695         0.00000     0.00000     0.00000     0.00000
    -19.545         0.00000     0.00000     0.00000     0.00000
    -19.395         0.00000     0.00000     0.00000     0.00000
    -19.245         0.00000     0.00000     0.00000     0.00000
    -19.095         0.00000     0.00000     0.00000     0.00000
    -18.945         0.00000     0.00000     0.00000     0.00000
    -18.795         0.00000     0.00000     0.00000     0.00000
    -18.645         0.00000     0.00000     0.00000     0.00000
    -18.495         0.00000     0.00000     0.00000     0.00000
    -18.345         0.00000     0.00000     0.00000     0.00000
    -18.195         0.00000     0.00000     0.00000     0.00000
    -18.045         0.00000     0.00000     0.00000     0.00000
    -17.895         0.00000     0.00000     0.00000     0.00000
    -17.745         0.00000     0.00000     0.00000     0.00000
    -17.595         0.00000     0.00000     0.00000     0.00000
    -17.445         0.00000     0.00000     0.00000     0.00000
    -17.295         0.00000     0.00000     0.00000     0.00000
    -17.145         0.00000     0.00000     0.00000     0.00000
    -16.995         0.00000     0.00000     0.00000     0.00000
    -16.845         0.00000     0.00000     0.00000     0.00000
    -16.695         0.00000     0.00000     0.00000     0.00000
    -16.545         0.00000     0.00000     0.00000     0.00000
    -16.395         0.00000     0.00000     0.00000     0.00000
    -16.245         0.00000     0.00000     0.00000     0.00000
    -16.095         0.00000     0.00000     0.00000     0.00000
    -15.945         0.00000     0.00000     0.00000     0.00000
    -15.795         0.00000     0.00000     0.00000     0.00000
    -15.645         0.00000     0.00000     0.00000     0.00000
    -15.495         0.00000     0.00000     0.00000     0.00000
    -15.345         0.00000     0.00000     0.00000     0.00000
    -15.195         0.00000     0.00000     0.00000     0.00000
    -15.045         0.00000     0.00000     0.00000     0.00000
    -14.895         0.00000     0.00000     0.00000     0.00000
    -14.745         0.00000     0.00000     0.00000     0.00000
    -14.595         0.00000     0.00000     0.00000     0.00000
    -14.445         0.00000     0.00000     0.00000     0.00000
    -14.295         0.00000     0.00000     0.00000     0.00000
    -14.145         0.00000     0.00000     0.00000     0.00000
    -13.995         0.00000     0.00000     0.00000     0.00000
    -13.845         0.00000     0.00000     0.00000     0.00000
    -13.695         0.00000     0.00000     0.00000     0.00000
    -13.545         0.00000     0.00000     0.00000     0.00000
    -13.395         0.00000     0.00000     0.00000     0.00000
    -13.245         0.00000     0.00000     0.00000     0.00000
    -13.095         0.00000     0.00000     0.00000     0.00000
    -12.945         0.00000     0.00000     0.00000     0.00000
    -12.795         0.00000     0.00000     0.00000     0.00000
    -12.645         0.00000     0.00000     0.00000     0.00000
    -12.495         0.00000     0.00000     0.00000     0.00000
    -12.345         0.00000     0.00000     0.00000     0.00000
    -12.195         0.00000     0.00000     0.00000     0.00000
    -12.045         0.00000     0.00000     0.00000     0.00000
    -11.895         0.00000     0.00000     0.00000     0.00000
    -11.745         0.00000     0.00000     0.00000     0.00000
    -11.595         0.00000     0.00000     0.00000     0.00000
    -11.445         0.00000     0.00000     0.00000     0.00000
    -11.295         0.00000     0.00000     0.00000     0.00000
    -11.145         0.00000     0.00000     0.00000     0.00000
    -10.995         0.00000     0.00000     0.00000     0.00000
    -10.845         0.00000     0.00000     0.00000     0.00000
    -10.695         0.00000     0.00000     0.00000     0.00000
    -10.545         0.00000     0.00000     0.00000     0.00000
    -10.395         0.00000     0.00000     0.00000     0.00000
    -10.245         0.00000     0.00000     0.00000     0.00000
    -10.095         0.00000     0.00000     0.00000     0.00000
    -9.9450         0.00000     0.00000     0.00000     0.00000
    -9.7950         0.00000     0.00000     0.00000     0.00000
    -9.6450         0.00000     0.00000     0.00000     0.00000
    -9.4950         0.00000     0.00000     0.00000     0.00000
    -9.3450         0.00000     0.00000     0.00000     0.00000
    -9.1950         0.00000     0.00000     0.00000     0.00000
    -9.0450         0.00000     0.00000     0.00000     0.00000
    -8.8950         0.00000     0.00000     0.00000     0.00000
    -8.7450         0.00000     0.00000     0.00000     0.00000
    -8.5950         0.00000     0.00000     0.00000     0.00000
    -8.4450         0.00000     0.00000     0.00000     0.00000
    -8.2950         0.00000     0.00000     0.00000     0.00000
    -8.1450         0.00000     0.00000     0.00000     0.00000
    -7.9950         0.00000     0.00000     0.00000     0.00000
    -7.8450         0.00000     0.00000     0.00000     0.00000
    -7.6950         0.00000     0.00000     0.00000     0.00000
    -7.5450         0.00000     0.00000     0.00000     0.00000
    -7.3950         0.00000     0.00000     0.00000     0.00000
    -7.2450         0.00000     0.00000     0.00000     0.00000
    -7.0950         0.00000     0.00000     0.00000     0.00000
    -6.9450         0.00000     0.00000     0.00000     0.00000
    -6.7950         0.00000     0.00000     0.00000     0.00000
    -6.6450         0.00000     0.00000     0.00000     0.00000
    -6.4950         0.00000     0.00000     0.00000     0.00000
    -6.3450         0.00000     0.00000     0.00000     0.00000
    -6.1950         0.00000     0.00000     0.00000     0.00000
    -6.0450         0.00000     0.00000     0.00000     0.00000
    -5.8950         0.00000     0.00000     0.00000     0.00000
    -5.7450         0.00000     0.00000     0.00000     0.00000
    -5.5950         0.00000     0.00000     0.00000     0.00000
    -5.4450         0.00000     0.00000     0.00000     0.00000
    -5.2950         0.00000     0.00000     0.00000     0.00000
    -5.1450         0.00000     0.00000     0.00000     0.00000
    -4.9950         0.00000     0.00000     0.00000     0.00000
    -4.8450         0.00000     0.00000     0.00000     0.00000
    -4.6950         0.00000     0.00000     0.00000     0.00000
    -4.5450         0.00000     0.00000     0.00000     0.00000
    -4.3950         0.00000     0.00000     0.00000     0.00000
    -4.2450         0.00000     0.00000     0.00000     0.00000
    -4.0950         0.00000     0.00000     0.00000     0.00000
    -3.9450         0.00000     0.00000     0.00000     0.00000
    -3.7950         0.00000     0.00000     0.00000     0.00000
    -3.6450         0.00000     0.00000     0.00000     0.00000
    -3.4950         0.00000     0.00000     0.00000     0.00000
    -3.3450         0.00000     0.00000     0.00000     0.00000
    -3.1950         0.00000     0.00000     0.00000     0.00000
    -3.0450        -0.00000    -0.00000     0.00000     0.00000
    -2.8950        -0.00000    -0.00000     0.00000     0.00000
    -2.7450        -0.00000    -0.00000     0.00000     0.00000
    -2.5950        -0.00000    -0.00000     0.00000     0.00000
    -2.4450        -0.00000    -0.00000     0.00000     0.00000
    -2.2950        -0.00000    -0.00000     0.00000     0.00000
    -2.1450        -0.00000    -0.00000     0.00000     0.00000
    -1.9950        -0.00001    -0.00001     0.00000     0.00000
    -1.8450        -0.00003    -0.00003     0.00000     0.00000
    -1.6950        -0.00003    -0.00007     0.00000     0.00004
    -1.5450        -0.00058    -0.00015    -0.00010    -0.00033
    -1.3950        -0.00338    -0.00029    -0.00033    -0.00276
    -1.2450        -0.01421    -0.00051    -0.00153    -0.01217
    -1.0950        -0.04934    -0.00084    -0.00654    -0.04196
   -0.94500        -0.17004    -0.00132    -0.01815    -0.15056
   -0.79500        -0.62257    -0.00243    -0.03799    -0.58215
   -0.64500        -2.03443    -0.00396    -0.05987    -1.97060
   -0.49500        -4.65710    -0.00509    -0.07777    -4.57425
   -0.34500        -7.73745    -0.00931    -0.09559    -7.63254
   -0.22700        -8.56691    -0.01173    -0.10179    -8.45339
   -0.21300        -8.65988    -0.01191    -0.10232    -8.54564
   -0.20700        -8.75237    -0.01233    -0.10312    -8.63692
   -0.20100        -8.84401    -0.01278    -0.10401    -8.72722
   -0.19500        -8.93625    -0.01309    -0.10466    -8.81850
   -0.18900        -9.02573    -0.01344    -0.10525    -8.90704
   -0.18300        -9.11718    -0.01388    -0.10621    -8.99709
   -0.17700        -9.20725    -0.01436    -0.10723    -9.08565
   -0.17100        -9.29909    -0.01481    -0.10831    -9.17596
   -0.16500        -9.39183    -0.01534    -0.10938    -9.26710
   -0.15900        -9.48310    -0.01591    -0.11057    -9.35662
   -0.15300        -9.57569    -0.01638    -0.11156    -9.44775
   -0.14700        -9.66834    -0.01700    -0.11260    -9.53874
   -0.14100        -9.76242    -0.01768    -0.11392    -9.63083
   -0.13500        -9.85741    -0.01837    -0.11534    -9.72370
   -0.12900        -9.95380    -0.01910    -0.11664    -9.81807
   -0.12300       -10.05284    -0.01988    -0.11812    -9.91484
   -0.11700       -10.15232    -0.02069    -0.11942   -10.01222
   -0.11100       -10.25463    -0.02152    -0.12101   -10.11210
   -0.10500       -10.36044    -0.02244    -0.12259   -10.21541
   -0.99000E-01   -10.46925    -0.02341    -0.12403   -10.32180
   -0.93000E-01   -10.58279    -0.02448    -0.12578   -10.43253
   -0.87000E-01   -10.70095    -0.02563    -0.12763   -10.54769
   -0.81000E-01   -10.82531    -0.02685    -0.12960   -10.66886
   -0.75000E-01   -10.95695    -0.02818    -0.13162   -10.79715
   -0.69000E-01   -11.09696    -0.02973    -0.13364   -10.93359
   -0.63000E-01   -11.24773    -0.03140    -0.13588   -11.08045
   -0.57000E-01   -11.40989    -0.03327    -0.13839   -11.23823
   -0.51000E-01   -11.58544    -0.03533    -0.14116   -11.40895
   -0.45000E-01   -11.77422    -0.03773    -0.14450   -11.59199
   -0.39000E-01   -11.97737    -0.04053    -0.14821   -11.78863
   -0.33000E-01   -12.19668    -0.04390    -0.15286   -11.99992
   -0.27000E-01   -12.43511    -0.04816    -0.15905   -12.22790
   -0.21300E-01   -12.61180    -0.05170    -0.16495   -12.39515
   -0.19500E-01   -12.63893    -0.05229    -0.16599   -12.42066
   -0.18900E-01   -12.66630    -0.05286    -0.16707   -12.44637
   -0.18300E-01   -12.69404    -0.05345    -0.16821   -12.47237
   -0.17700E-01   -12.72241    -0.05411    -0.16944   -12.49885
   -0.17100E-01   -12.75090    -0.05479    -0.17072   -12.52540
   -0.16500E-01   -12.77989    -0.05546    -0.17211   -12.55233
   -0.15900E-01   -12.80914    -0.05612    -0.17356   -12.57946
   -0.15300E-01   -12.83936    -0.05685    -0.17518   -12.60733
   -0.14700E-01   -12.86990    -0.05759    -0.17690   -12.63541
   -0.14100E-01   -12.90098    -0.05834    -0.17874   -12.66390
   -0.13500E-01   -12.93263    -0.05911    -0.18072   -12.69279
   -0.12900E-01   -12.96495    -0.05993    -0.18289   -12.72213
   -0.12300E-01   -12.99768    -0.06080    -0.18526   -12.75162
   -0.11700E-01   -13.03160    -0.06169    -0.18791   -12.78200
   -0.11100E-01   -13.06605    -0.06263    -0.19075   -12.81267
   -0.10500E-01   -13.10139    -0.06358    -0.19393   -12.84388
   -0.99000E-02   -13.13752    -0.06460    -0.19747   -12.87545
   -0.93000E-02   -13.17461    -0.06566    -0.20146   -12.90748
   -0.87000E-02   -13.21275    -0.06674    -0.20602   -12.93999
   -0.81000E-02   -13.25231    -0.06786    -0.21133   -12.97312
   -0.75000E-02   -13.29305    -0.06906    -0.21753   -13.00646
   -0.69000E-02   -13.33572    -0.07027    -0.22507   -13.04038
   -0.63000E-02   -13.38082    -0.07154    -0.23459   -13.07469
   -0.57000E-02   -13.42936    -0.07288    -0.24704   -13.10944
   -0.51000E-02   -13.48308    -0.07424    -0.26428   -13.14457
   -0.45000E-02   -13.54485    -0.07565    -0.28917   -13.18003
   -0.39000E-02   -13.61899    -0.07709    -0.32600   -13.21590
   -0.33000E-02   -13.70689    -0.07860    -0.37582   -13.25247
   -0.27000E-02   -13.78798    -0.08006    -0.41755   -13.29036
   -0.21000E-02   -13.85182    -0.08149    -0.43843   -13.33190
   -0.15000E-02   -13.91382    -0.08278    -0.44716   -13.38388
   -0.90000E-03   -14.00629    -0.08381    -0.45032   -13.47217
   -0.30000E-03   -15.43561    -0.08427    -0.45099   -14.90035
    0.30000E-03   -14.00706    -0.08360    -0.45053   -13.47293
    0.90000E-03   -13.92241    -0.08047    -0.44951   -13.39243
    0.15000E-02   -13.87834    -0.07184    -0.44824   -13.35826
    0.21000E-02   -13.84087    -0.05116    -0.44683   -13.34287
    0.27000E-02   -13.79105    -0.00967    -0.44538   -13.33600
    0.33000E-02   -13.73679     0.04006    -0.44395   -13.33291
    0.39000E-02   -13.69736     0.07672    -0.44252   -13.33155
    0.45000E-02   -13.67068     0.10140    -0.44113   -13.33095
    0.51000E-02   -13.65190     0.11863    -0.43982   -13.33071
    0.57000E-02   -13.63793     0.13120    -0.43854   -13.33058
    0.63000E-02   -13.62705     0.14079    -0.43731   -13.33053
    0.69000E-02   -13.61826     0.14841    -0.43617   -13.33049
    0.75000E-02   -13.61079     0.15474    -0.43506   -13.33047
    0.81000E-02   -13.60441     0.16003    -0.43398   -13.33045
    0.87000E-02   -13.59883     0.16459    -0.43298   -13.33044
    0.93000E-02   -13.59381     0.16864    -0.43203   -13.33042
    0.99000E-02   -13.58932     0.17219    -0.43112   -13.33040
    0.10500E-01   -13.58524     0.17542    -0.43027   -13.33038
    0.11100E-01   -13.58150     0.17827    -0.42942   -13.33036
    0.11700E-01   -13.57806     0.18091    -0.42863   -13.33034
    0.12300E-01   -13.57486     0.18332    -0.42786   -13.33032
    0.12900E-01   -13.57184     0.18557    -0.42712   -13.33030
    0.13500E-01   -13.56908     0.18763    -0.42643   -13.33028
    0.14100E-01   -13.56652     0.18952    -0.42579   -13.33025
    0.14700E-01   -13.56414     0.19127    -0.42519   -13.33022
    0.15300E-01   -13.56187     0.19293    -0.42460   -13.33020
    0.15900E-01   -13.55974     0.19447    -0.42404   -13.33017
    0.16500E-01   -13.55778     0.19588    -0.42352   -13.33014
    0.17100E-01   -13.55586     0.19726    -0.42301   -13.33011
    0.17700E-01   -13.55406     0.19851    -0.42250   -13.33008
    0.18300E-01   -13.55241     0.19970    -0.42206   -13.33005
    0.18900E-01   -13.55077     0.20082    -0.42157   -13.33002
    0.19500E-01   -13.54917     0.20193    -0.42112   -13.32998
    0.21300E-01   -13.54030     0.20803    -0.41859   -13.32973
    0.27000E-01   -13.53088     0.21434    -0.41594   -13.32928
    0.33000E-01   -13.52417     0.21882    -0.41426   -13.32873
    0.39000E-01   -13.51912     0.22211    -0.41312   -13.32811
    0.45000E-01   -13.51523     0.22458    -0.41240   -13.32742
    0.51000E-01   -13.51208     0.22652    -0.41193   -13.32666
    0.57000E-01   -13.50924     0.22813    -0.41159   -13.32578
    0.63000E-01   -13.50671     0.22952    -0.41139   -13.32484
    0.69000E-01   -13.50435     0.23073    -0.41125   -13.32383
    0.75000E-01   -13.50223     0.23159    -0.41116   -13.32267
    0.81000E-01   -13.50045     0.23219    -0.41109   -13.32155
    0.87000E-01   -13.49859     0.23284    -0.41105   -13.32038
    0.93000E-01   -13.49669     0.23337    -0.41099   -13.31907
    0.99000E-01   -13.49479     0.23379    -0.41096   -13.31763
    0.10500       -13.49284     0.23439    -0.41094   -13.31630
    0.11100       -13.49102     0.23462    -0.41079   -13.31485
    0.11700       -13.48923     0.23482    -0.41078   -13.31327
    0.12300       -13.48750     0.23493    -0.41066   -13.31176
    0.12900       -13.48551     0.23502    -0.41057   -13.30996
    0.13500       -13.48345     0.23517    -0.41047   -13.30814
    0.14100       -13.48139     0.23540    -0.41038   -13.30641
    0.14700       -13.47931     0.23561    -0.41029   -13.30463
    0.15300       -13.47754     0.23562    -0.41020   -13.30296
    0.15900       -13.47550     0.23576    -0.41012   -13.30114
    0.16500       -13.47349     0.23581    -0.41010   -13.29921
    0.17100       -13.47134     0.23581    -0.41002   -13.29713
    0.17700       -13.46912     0.23581    -0.40993   -13.29499
    0.18300       -13.46708     0.23577    -0.40985   -13.29301
    0.18900       -13.46501     0.23573    -0.40976   -13.29098
    0.19500       -13.46262     0.23570    -0.40968   -13.28864
    0.20100       -13.46044     0.23565    -0.40960   -13.28650
    0.20700       -13.45810     0.23560    -0.40952   -13.28419
    0.21300       -13.45585     0.23557    -0.40944   -13.28198
    0.22700       -13.43391     0.23571    -0.40872   -13.26090
    0.34500       -13.36107     0.23538    -0.40687   -13.18959
    0.49500       -13.27921     0.23517    -0.40519   -13.10918
    0.64500       -13.19200     0.23501    -0.40366   -13.02335
    0.79500       -13.10145     0.23486    -0.40271   -12.93360
    0.94500       -13.00804     0.23470    -0.40140   -12.84134
     1.0950       -12.91334     0.23455    -0.40017   -12.74772
     1.2450       -12.81888     0.23443    -0.39904   -12.65427
     1.3950       -12.72462     0.23435    -0.39795   -12.56101
     1.5450       -12.63146     0.23425    -0.39694   -12.46877
     1.6950       -12.54040     0.23416    -0.39597   -12.37859
     1.8450       -12.45196     0.23406    -0.39504   -12.29098
     1.9950       -12.36594     0.23399    -0.39417   -12.20576
     2.1450       -12.28203     0.23392    -0.39333   -12.12262
     2.2950       -12.20122     0.23384    -0.39254   -12.04252
     2.4450       -12.12364     0.23377    -0.39177   -11.96564
     2.5950       -12.04842     0.23369    -0.39104   -11.89108
     2.7450       -11.97551     0.23362    -0.39033   -11.81880
     2.8950       -11.90539     0.23357    -0.38964   -11.74932
     3.0450       -11.83797     0.23352    -0.38899   -11.68250
     3.1950       -11.77319     0.23347    -0.38835   -11.61831
     3.3450       -11.71028     0.23340    -0.38774   -11.55594
     3.4950       -11.64976     0.23335    -0.38715   -11.49596
     3.6450       -11.59127     0.23328    -0.38657   -11.43799
     3.7950       -11.53467     0.23324    -0.38600   -11.38191
     3.9450       -11.47965     0.23320    -0.38546   -11.32739
     4.0950       -11.42627     0.23315    -0.38493   -11.27448
     4.2450       -11.37468     0.23310    -0.38442   -11.22336
     4.3950       -11.32455     0.23306    -0.38393   -11.17368
     4.5450       -11.27596     0.23303    -0.38344   -11.12554
     4.6950       -11.22863     0.23299    -0.38297   -11.07865
     4.8450       -11.18256     0.23294    -0.38250   -11.03300
     4.9950       -11.13774     0.23289    -0.38205   -10.98858
     5.1450       -11.09410     0.23286    -0.38161   -10.94536
     5.2950       -11.05163     0.23281    -0.38118   -10.90327
     5.4450       -11.01020     0.23278    -0.38075   -10.86222
     5.5950       -10.96977     0.23274    -0.38034   -10.82217
     5.7450       -10.93032     0.23270    -0.37994   -10.78309
     5.8950       -10.89172     0.23269    -0.37955   -10.74486
     6.0450       -10.85400     0.23266    -0.37916   -10.70750
     6.1950       -10.81714     0.23262    -0.37878   -10.67097
     6.3450       -10.78107     0.23258    -0.37841   -10.63524
     6.4950       -10.74569     0.23256    -0.37805   -10.60020
     6.6450       -10.71110     0.23254    -0.37770   -10.56594
     6.7950       -10.67728     0.23251    -0.37735   -10.53244
     6.9450       -10.64418     0.23248    -0.37700   -10.49965
     7.0950       -10.61166     0.23246    -0.37667   -10.46745
     7.2450       -10.57986     0.23243    -0.37634   -10.43596
     7.3950       -10.54861     0.23241    -0.37601   -10.40501
     7.5450       -10.51789     0.23239    -0.37569   -10.37460
     7.6950       -10.48774     0.23237    -0.37537   -10.34474
     7.8450       -10.45815     0.23235    -0.37506   -10.31544
     7.9950       -10.42910     0.23233    -0.37476   -10.28667
     8.1450       -10.40059     0.23229    -0.37446   -10.25842
     8.2950       -10.37253     0.23226    -0.37417   -10.23062
     8.4450       -10.34489     0.23224    -0.37388   -10.20326
     8.5950       -10.31777     0.23222    -0.37360   -10.17639
     8.7450       -10.29112     0.23219    -0.37331   -10.15000
     8.8950       -10.26486     0.23217    -0.37304   -10.12400
     9.0450       -10.23906     0.23215    -0.37276   -10.09845
     9.1950       -10.21363     0.23213    -0.37249   -10.07327
     9.3450       -10.18859     0.23212    -0.37223   -10.04848
     9.4950       -10.16393     0.23210    -0.37197   -10.02406
     9.6450       -10.13963     0.23207    -0.37171   -10.00000
     9.7950       -10.11573     0.23205    -0.37145    -9.97633
     9.9450       -10.09220     0.23204    -0.37120    -9.95303
     10.095       -10.06898     0.23201    -0.37095    -9.93003
     10.245       -10.04607     0.23199    -0.37071    -9.90735
     10.395       -10.02348     0.23198    -0.37048    -9.88498
     10.545       -10.00123     0.23196    -0.37024    -9.86295
     10.695        -9.97924     0.23195    -0.37001    -9.84118
     10.845        -9.95754     0.23193    -0.36978    -9.81970
     10.995        -9.93613     0.23192    -0.36955    -9.79851
     11.145        -9.91502     0.23191    -0.36933    -9.77760
     11.295        -9.89418     0.23189    -0.36910    -9.75697
     11.445        -9.87362     0.23187    -0.36888    -9.73662
     11.595        -9.85331     0.23186    -0.36866    -9.71652
     11.745        -9.83326     0.23185    -0.36845    -9.69667
     11.895        -9.81346     0.23184    -0.36824    -9.67706
     12.045        -9.79387     0.23183    -0.36803    -9.65768
     12.195        -9.77459     0.23182    -0.36783    -9.63859
     12.345        -9.75549     0.23181    -0.36762    -9.61968
     12.495        -9.73663     0.23179    -0.36742    -9.60100
     12.645        -9.71798     0.23178    -0.36722    -9.58254
     12.795        -9.69952     0.23177    -0.36702    -9.56427
     12.945        -9.68126     0.23175    -0.36683    -9.54618
     13.095        -9.66323     0.23174    -0.36663    -9.52834
     13.245        -9.64543     0.23173    -0.36645    -9.51072
     13.395        -9.62780     0.23172    -0.36626    -9.49327
     13.545        -9.61036     0.23171    -0.36607    -9.47600
     13.695        -9.59307     0.23170    -0.36588    -9.45889
     13.845        -9.57600     0.23168    -0.36570    -9.44198
     13.995        -9.55911     0.23167    -0.36552    -9.42526
     14.145        -9.54246     0.23166    -0.36534    -9.40878
     14.295        -9.52600     0.23164    -0.36516    -9.39248
     14.445        -9.50964     0.23163    -0.36498    -9.37629
     14.595        -9.49350     0.23162    -0.36481    -9.36032
     14.745        -9.47746     0.23160    -0.36464    -9.34442
     14.895        -9.46155     0.23159    -0.36447    -9.32867
     15.045        -9.44588     0.23158    -0.36430    -9.31317
     15.195        -9.43033     0.23157    -0.36413    -9.29777
     15.345        -9.41497     0.23155    -0.36396    -9.28257
     15.495        -9.39975     0.23154    -0.36379    -9.26749
     15.645        -9.38471     0.23152    -0.36363    -9.25261
     15.795        -9.36977     0.23151    -0.36346    -9.23782
     15.945        -9.35499     0.23149    -0.36330    -9.22317
     16.095        -9.34034     0.23148    -0.36314    -9.20867
     16.245        -9.32584     0.23147    -0.36299    -9.19431
     16.395        -9.31147     0.23145    -0.36283    -9.18008
     16.545        -9.29723     0.23144    -0.36268    -9.16600
     16.695        -9.28314     0.23143    -0.36252    -9.15205
     16.845        -9.26910     0.23142    -0.36237    -9.13815
     16.995        -9.25523     0.23141    -0.36222    -9.12441
     17.145        -9.24146     0.23139    -0.36207    -9.11078
     17.295        -9.22783     0.23138    -0.36192    -9.09729
     17.445        -9.21430     0.23137    -0.36177    -9.08390
     17.595        -9.20085     0.23136    -0.36162    -9.07059
     17.745        -9.18755     0.23135    -0.36148    -9.05743
     17.895        -9.17440     0.23134    -0.36133    -9.04441
     18.045        -9.16135     0.23132    -0.36118    -9.03149
     18.195        -9.14843     0.23131    -0.36104    -9.01870
     18.345        -9.13559     0.23130    -0.36090    -9.00599
     18.495        -9.12283     0.23129    -0.36076    -8.99336
     18.645        -9.11019     0.23128    -0.36062    -8.98085
     18.795        -9.09767     0.23127    -0.36048    -8.96845
     18.945        -9.08519     0.23126    -0.36035    -8.95610
     19.095        -9.07284     0.23126    -0.36021    -8.94389
     19.245        -9.06063     0.23124    -0.36008    -8.93180
     19.395        -9.04851     0.23123    -0.35995    -8.91979
     19.545        -9.03649     0.23122    -0.35982    -8.90789
     19.695        -9.02456     0.23121    -0.35969    -8.89608
     19.845        -9.01272     0.23120    -0.35956    -8.88437
     19.995        -9.00096     0.23120    -0.35943    -8.87273
     20.145        -8.98931     0.23119    -0.35930    -8.86120
     20.295        -8.97769     0.23118    -0.35917    -8.84970
     20.445        -8.96620     0.23117    -0.35904    -8.83833
     20.595        -8.95479     0.23116    -0.35892    -8.82703
     20.745        -8.94343     0.23115    -0.35879    -8.81579
     20.895        -8.93216     0.23114    -0.35867    -8.80463
     21.045        -8.92102     0.23113    -0.35854    -8.79360
     21.195        -8.90993     0.23112    -0.35842    -8.78263
     21.345        -8.89890     0.23111    -0.35830    -8.77171
     21.495        -8.88797     0.23110    -0.35818    -8.76089
     21.645        -8.87711     0.23109    -0.35806    -8.75014
     21.795        -8.86633     0.23108    -0.35794    -8.73947
     21.945        -8.85567     0.23107    -0.35782    -8.72891
     22.095        -8.84502     0.23106    -0.35770    -8.71837
     22.245        -8.83442     0.23106    -0.35759    -8.70789
     22.395        -8.82394     0.23105    -0.35747    -8.69752
     22.545        -8.81354     0.23104    -0.35736    -8.68723
     22.695        -8.80321     0.23103    -0.35724    -8.67700
     22.845        -8.79293     0.23102    -0.35713    -8.66682
     22.995        -8.78272     0.23100    -0.35702    -8.65670
     23.145        -8.77260     0.23099    -0.35691    -8.64669
     23.295        -8.76252     0.23099    -0.35680    -8.63670
     23.445        -8.75250     0.23098    -0.35669    -8.62679
     23.595        -8.74255     0.23098    -0.35658    -8.61695
     23.745        -8.73267     0.23097    -0.35647    -8.60717
     23.895        -8.72288     0.23096    -0.35636    -8.59749
     24.045        -8.71312     0.23096    -0.35625    -8.58783
     24.195        -8.70346     0.23095    -0.35614    -8.57827
     24.345        -8.69385     0.23094    -0.35604    -8.56875
     24.495        -8.68427     0.23093    -0.35593    -8.55927
     24.645        -8.67475     0.23092    -0.35583    -8.54984
     24.795        -8.66530     0.23091    -0.35572    -8.54049
     24.945        -8.65591     0.23091    -0.35562    -8.53119
     25.095        -8.64659     0.23090    -0.35552    -8.52196
     25.245        -8.63732     0.23089    -0.35542    -8.51280
     25.395        -8.62812     0.23089    -0.35532    -8.50369
     25.545        -8.61895     0.23088    -0.35522    -8.49461
     25.695        -8.60985     0.23087    -0.35511    -8.48560
     25.845        -8.60083     0.23086    -0.35501    -8.47668
     25.995        -8.59184     0.23085    -0.35492    -8.46777
     26.145        -8.58290     0.23085    -0.35482    -8.45892
     26.295        -8.57401     0.23084    -0.35472    -8.45013
     26.445        -8.56517     0.23084    -0.35462    -8.44139
     26.595        -8.55635     0.23083    -0.35452    -8.43266
     26.745        -8.54764     0.23082    -0.35443    -8.42404
     26.895        -8.53895     0.23081    -0.35433    -8.41543
     27.045        -8.53031     0.23081    -0.35424    -8.40688
     27.195        -8.52176     0.23080    -0.35414    -8.39841
     27.345        -8.51323     0.23079    -0.35405    -8.38997
     27.495        -8.50476     0.23078    -0.35396    -8.38159
     27.645        -8.49634     0.23077    -0.35386    -8.37325
     27.795        -8.48797     0.23077    -0.35377    -8.36497
     27.945        -8.47961     0.23076    -0.35368    -8.35670
     28.095        -8.47131     0.23076    -0.35358    -8.34849
     28.245        -8.46308     0.23076    -0.35349    -8.34034
     28.395        -8.45489     0.23075    -0.35340    -8.33223
     28.545        -8.44672     0.23074    -0.35331    -8.32415
     28.695        -8.43862     0.23074    -0.35322    -8.31614
     28.845        -8.43053     0.23073    -0.35313    -8.30813
     28.995        -8.42250     0.23072    -0.35304    -8.30017
     29.145        -8.41454     0.23071    -0.35296    -8.29230
     29.295        -8.40660     0.23071    -0.35286    -8.28444
     29.445        -8.39869     0.23070    -0.35278    -8.27662
     29.595        -8.39081     0.23069    -0.35269    -8.26882
     29.745        -8.38299     0.23069    -0.35260    -8.26108
     29.895        -8.37520     0.23068    -0.35251    -8.25336
     30.045        -8.36745     0.23067    -0.35243    -8.24570
     30.195        -8.35974     0.23066    -0.35234    -8.23806
     30.345        -8.35206     0.23065    -0.35225    -8.23046
     30.495        -8.34444     0.23065    -0.35217    -8.22292
     30.645        -8.33689     0.23064    -0.35208    -8.21545
     30.795        -8.32933     0.23064    -0.35200    -8.20798
     30.945        -8.32183     0.23064    -0.35191    -8.20056
     31.095        -8.31436     0.23063    -0.35183    -8.19317
     31.245        -8.30691     0.23063    -0.35175    -8.18579
     31.395        -8.29954     0.23062    -0.35166    -8.17850
     31.545        -8.29217     0.23062    -0.35158    -8.17121
     31.695        -8.28486     0.23061    -0.35150    -8.16397
     31.845        -8.27756     0.23061    -0.35142    -8.15675
     31.995        -8.27034     0.23060    -0.35134    -8.14960
     32.145        -8.26313     0.23059    -0.35126    -8.14246
     32.295        -8.25594     0.23058    -0.35118    -8.13534
     32.445        -8.24879     0.23058    -0.35110    -8.12826
     32.595        -8.24167     0.23057    -0.35102    -8.12122
     32.745        -8.23456     0.23056    -0.35094    -8.11418
     32.895        -8.22753     0.23055    -0.35087    -8.10721
     33.045        -8.22054     0.23054    -0.35079    -8.10029
     33.195        -8.21355     0.23054    -0.35071    -8.09338
     33.345        -8.20663     0.23053    -0.35063    -8.08652
     33.495        -8.19970     0.23052    -0.35055    -8.07967
     33.645        -8.19280     0.23052    -0.35048    -8.07284
     33.795        -8.18595     0.23051    -0.35040    -8.06605
     33.945        -8.17914     0.23050    -0.35032    -8.05932
     34.095        -8.17238     0.23050    -0.35025    -8.05262
     34.245        -8.16567     0.23048    -0.35018    -8.04597
     34.395        -8.15895     0.23048    -0.35010    -8.03932
     34.545        -8.15227     0.23047    -0.35003    -8.03271
     34.695        -8.14562     0.23046    -0.34995    -8.02613
     34.845        -8.13901     0.23046    -0.34988    -8.01959
     34.995        -8.13238     0.23045    -0.34981    -8.01303
     35.145        -8.12582     0.23045    -0.34974    -8.00654
     35.295        -8.11930     0.23045    -0.34966    -8.00008
     35.445        -8.11277     0.23044    -0.34959    -7.99362
     35.595        -8.10631     0.23044    -0.34952    -7.98723
     35.745        -8.09986     0.23043    -0.34945    -7.98085
     35.895        -8.09344     0.23043    -0.34938    -7.97449
     36.045        -8.08706     0.23042    -0.34931    -7.96817
     36.195        -8.08070     0.23042    -0.34924    -7.96189
     36.345        -8.07436     0.23041    -0.34916    -7.95561
     36.495        -8.06804     0.23041    -0.34909    -7.94936
     36.645        -8.06174     0.23040    -0.34902    -7.94312
     36.795        -8.05548     0.23039    -0.34895    -7.93693
     36.945        -8.04924     0.23039    -0.34888    -7.93075
     37.095        -8.04306     0.23038    -0.34881    -7.92463
     37.245        -8.03688     0.23038    -0.34874    -7.91852
     37.395        -8.03072     0.23037    -0.34867    -7.91243
     37.545        -8.02457     0.23036    -0.34860    -7.90634
     37.695        -8.01848     0.23036    -0.34853    -7.90031
     37.845        -8.01239     0.23035    -0.34846    -7.89428
     37.995        -8.00633     0.23035    -0.34839    -7.88828
     38.145        -8.00033     0.23034    -0.34833    -7.88234
     38.295        -7.99433     0.23034    -0.34826    -7.87641
     38.445        -7.98837     0.23033    -0.34819    -7.87051
     38.595        -7.98242     0.23032    -0.34813    -7.86462
     38.745        -7.97650     0.23032    -0.34806    -7.85876
     38.895        -7.97059     0.23031    -0.34800    -7.85291
     39.045        -7.96470     0.23031    -0.34793    -7.84708
     39.195        -7.95887     0.23030    -0.34786    -7.84131
     39.345        -7.95306     0.23030    -0.34780    -7.83556
     39.495        -7.94725     0.23029    -0.34773    -7.82980
     39.645        -7.94147     0.23029    -0.34767    -7.82409
     39.795        -7.93570     0.23028    -0.34760    -7.81838
     39.945        -7.92998     0.23027    -0.34754    -7.81272
     40.095        -7.92427     0.23027    -0.34747    -7.80706
     40.245        -7.91858     0.23027    -0.34741    -7.80143
     40.395        -7.91292     0.23026    -0.34735    -7.79584
     40.545        -7.90723     0.23026    -0.34728    -7.79021
     40.695        -7.90157     0.23025    -0.34721    -7.78461
     40.845        -7.89596     0.23025    -0.34715    -7.77905
     40.995        -7.89037     0.23024    -0.34709    -7.77352
     41.145        -7.88480     0.23023    -0.34703    -7.76800
     41.295        -7.87925     0.23022    -0.34696    -7.76251
     41.445        -7.87371     0.23022    -0.34690    -7.75702
     41.595        -7.86821     0.23021    -0.34684    -7.75158
     41.745        -7.86273     0.23021    -0.34678    -7.74617
     41.895        -7.85730     0.23021    -0.34672    -7.74080
     42.045        -7.85186     0.23020    -0.34665    -7.73541
     42.195        -7.84644     0.23020    -0.34659    -7.73004
     42.345        -7.84105     0.23019    -0.34653    -7.72471
     42.495        -7.83569     0.23018    -0.34647    -7.71941
     42.645        -7.83032     0.23018    -0.34641    -7.71409
     42.795        -7.82498     0.23017    -0.34635    -7.70880
     42.945        -7.81966     0.23016    -0.34628    -7.70354
     43.095        -7.81434     0.23016    -0.34622    -7.69828
     43.245        -7.80907     0.23016    -0.34617    -7.69306
     43.395        -7.80382     0.23016    -0.34611    -7.68787
     43.545        -7.79857     0.23015    -0.34605    -7.68267
     43.695        -7.79334     0.23015    -0.34599    -7.67750
     43.845        -7.78814     0.23015    -0.34593    -7.67235
     43.995        -7.78295     0.23014    -0.34588    -7.66721
     44.145        -7.77780     0.23014    -0.34582    -7.66212
     44.295        -7.77266     0.23013    -0.34576    -7.65703
     44.445        -7.76753     0.23013    -0.34570    -7.65196
     44.595        -7.76244     0.23012    -0.34565    -7.64692
     44.745        -7.75734     0.23012    -0.34559    -7.64187
     44.895        -7.75228     0.23011    -0.34553    -7.63686
     45.045        -7.74724     0.23011    -0.34547    -7.63188
     45.195        -7.74221     0.23010    -0.34542    -7.62690
     45.345        -7.73718     0.23010    -0.34536    -7.62192
     45.495        -7.73218     0.23009    -0.34530    -7.61697
     45.645        -7.72720     0.23009    -0.34525    -7.61204
     45.795        -7.72221     0.23009    -0.34519    -7.60711
     45.945        -7.71723     0.23008    -0.34513    -7.60218
     46.095        -7.71232     0.23008    -0.34508    -7.59732
     46.245        -7.70741     0.23007    -0.34502    -7.59246
     46.395        -7.70252     0.23007    -0.34497    -7.58762
     46.545        -7.69763     0.23006    -0.34492    -7.58278
     46.695        -7.69275     0.23006    -0.34486    -7.57794
     46.845        -7.68792     0.23005    -0.34481    -7.57316
     46.995        -7.68307     0.23005    -0.34475    -7.56836
     47.145        -7.67826     0.23005    -0.34470    -7.56361
     47.295        -7.67348     0.23004    -0.34465    -7.55887
     47.445        -7.66869     0.23004    -0.34459    -7.55413
     47.595        -7.66391     0.23003    -0.34454    -7.54941
     47.745        -7.65914     0.23003    -0.34449    -7.54468
     47.895        -7.65441     0.23002    -0.34443    -7.54000
     48.045        -7.64967     0.23002    -0.34438    -7.53531
     48.195        -7.64499     0.23001    -0.34432    -7.53068
     48.345        -7.64028     0.23001    -0.34427    -7.52602
     48.495        -7.63561     0.23001    -0.34422    -7.52139
     48.645        -7.63092     0.23001    -0.34417    -7.51676
     48.795        -7.62629     0.23000    -0.34412    -7.51217
     48.945        -7.62165     0.23000    -0.34406    -7.50758
     49.095        -7.61704     0.23000    -0.34401    -7.50302
     49.245        -7.61245     0.22999    -0.34396    -7.49848
     49.395        -7.60786     0.22999    -0.34391    -7.49394
     49.545        -7.60328     0.22999    -0.34386    -7.48941
     49.695        -7.59871     0.22998    -0.34381    -7.48489
     49.845        -7.59417     0.22998    -0.34376    -7.48040
     49.995        -7.58965     0.22997    -0.34370    -7.47592
     50.145        -7.58513     0.22997    -0.34365    -7.47145
     50.295        -7.58064     0.22997    -0.34360    -7.46701
     50.445        -7.57615     0.22997    -0.34355    -7.46257
     50.595        -7.57170     0.22996    -0.34350    -7.45816
     50.745        -7.56725     0.22996    -0.34345    -7.45376
     50.895        -7.56278     0.22996    -0.34340    -7.44934
     51.045        -7.55836     0.22995    -0.34335    -7.44496
     51.195        -7.55394     0.22995    -0.34330    -7.44059
     51.345        -7.54952     0.22995    -0.34325    -7.43622
     51.495        -7.54515     0.22994    -0.34320    -7.43190
     51.645        -7.54078     0.22994    -0.34315    -7.42757
     51.795        -7.53641     0.22993    -0.34310    -7.42324
     51.945        -7.53206     0.22993    -0.34305    -7.41894
     52.095        -7.52773     0.22993    -0.34300    -7.41466
     52.245        -7.52340     0.22992    -0.34295    -7.41037
     52.395        -7.51908     0.22992    -0.34290    -7.40610
     52.545        -7.51478     0.22991    -0.34285    -7.40184
     52.695        -7.51049     0.22991    -0.34280    -7.39759
     52.845        -7.50621     0.22991    -0.34276    -7.39336
     52.995        -7.50195     0.22990    -0.34271    -7.38915
     53.145        -7.49771     0.22989    -0.34266    -7.38495
     53.295        -7.49348     0.22989    -0.34261    -7.38075
     53.445        -7.48926     0.22989    -0.34256    -7.37658
     53.595        -7.48505     0.22988    -0.34252    -7.37241
     53.745        -7.48086     0.22988    -0.34247    -7.36827
     53.895        -7.47669     0.22987    -0.34242    -7.36414
     54.045        -7.47252     0.22987    -0.34237    -7.36002
     54.195        -7.46837     0.22987    -0.34233    -7.35591
     54.345        -7.46426     0.22986    -0.34228    -7.35184
     54.495        -7.46013     0.22986    -0.34223    -7.34776
     54.645        -7.45600     0.22985    -0.34219    -7.34367
     54.795        -7.45189     0.22986    -0.34214    -7.33961
     54.945        -7.44779     0.22985    -0.34209    -7.33554
     55.095        -7.44371     0.22985    -0.34205    -7.33151
     59.433        -7.12347     0.22953    -0.33841    -7.01459
     80.646        -6.65461     0.22914    -0.33308    -6.55066
     111.21        -6.19765     0.22871    -0.32785    -6.09851
     153.36        -5.75342     0.22822    -0.32274    -5.65891
     211.49        -5.32227     0.22774    -0.31778    -5.23223
     291.64        -4.90425     0.22727    -0.31295    -4.81857
     402.18        -4.49944     0.22675    -0.30826    -4.41793
     554.60        -4.10755     0.22622    -0.30375    -4.03002
     764.80        -3.72820     0.22569    -0.29939    -3.65451
     1054.7        -3.36105     0.22515    -0.29518    -3.29103
     1454.4        -3.00584     0.22459    -0.29110    -2.93933
     2005.6        -2.66187     0.22400    -0.28715    -2.59872
     2765.8        -2.32868     0.22338    -0.28335    -2.26872
     3814.0        -2.00549     0.22280    -0.27969    -1.94861
     5259.5        -1.69206     0.22224    -0.27614    -1.63816
     7252.9        -1.38791     0.22163    -0.27273    -1.33682
     10002.        -1.09275     0.22103    -0.26942    -1.04436
     13793.        -0.80617     0.22043    -0.26620    -0.76040
     19020.        -0.52865     0.21986    -0.26308    -0.48543
     26229.        -0.26095     0.21929    -0.26006    -0.22018
     36170.        -0.00367     0.21874    -0.25712     0.03471
     49878.         0.24316     0.21821    -0.25427     0.27922
     68782.         0.47913     0.21768    -0.25149     0.51293
     94851.         0.70459     0.21713    -0.24881     0.73628
    0.13080E+06     0.92006     0.21663    -0.24623     0.94967
    0.18038E+06     1.12566     0.21614    -0.24376     1.15328
    0.24874E+06     1.32158     0.21567    -0.24138     1.34729
    0.34301E+06     1.50844     0.21523    -0.23910     1.53232
    0.47302E+06     1.68641     0.21478    -0.23693     1.70855
    0.65229E+06     1.85598     0.21434    -0.23484     1.87649
    0.89952E+06     2.01747     0.21392    -0.23286     2.03641
    0.12404E+07     2.17131     0.21352    -0.23097     2.18876
    0.17106E+07     2.31774     0.21314    -0.22917     2.33377
    0.23589E+07     2.45702     0.21277    -0.22744     2.47169
    0.32529E+07     2.58974     0.21239    -0.22580     2.60315
    0.44858E+07     2.71606     0.21207    -0.22425     2.72823
    0.61860E+07     2.83626     0.21174    -0.22275     2.84727
    0.85305E+07     2.95056     0.21143    -0.22134     2.96047
    0.11764E+08     3.05934     0.21112    -0.21999     3.06821
    0.16222E+08     3.16285     0.21084    -0.21871     3.17072
    0.22370E+08     3.26140     0.21058    -0.21748     3.26830
    0.30849E+08     3.35493     0.21032    -0.21632     3.36093
    0.42541E+08     3.44309     0.21007    -0.21522     3.44824
    0.58664E+08     3.52545     0.20984    -0.21417     3.52978
    0.80898E+08     3.60265     0.20964    -0.21317     3.60618
    0.11156E+09     3.67503     0.20943    -0.21222     3.67782
    0.15384E+09     3.74310     0.20925    -0.21131     3.74516
    0.21215E+09     3.80706     0.20908    -0.21046     3.80844
    0.29255E+09     3.86733     0.20892    -0.20967     3.86808
    0.40343E+09     3.92397     0.20878    -0.20893     3.92412
    0.55633E+09     3.97740     0.20866    -0.20823     3.97697
    0.76719E+09     4.02732     0.20854    -0.20757     4.02636
    0.10580E+10     4.07228     0.20842    -0.20695     4.07080
    0.14589E+10     4.11342     0.20832    -0.20636     4.11146
    0.20119E+10     4.15124     0.20823    -0.20582     4.14883
    0.27744E+10     4.18611     0.20815    -0.20530     4.18326
    0.38259E+10     4.21823     0.20806    -0.20481     4.21497
    0.52760E+10     4.24786     0.20799    -0.20438     4.24425
    0.72756E+10     4.27520     0.20792    -0.20399     4.27127
    0.10033E+11     4.30039     0.20785    -0.20362     4.29616
    0.13836E+11     4.32362     0.20779    -0.20328     4.31911
    0.19079E+11     4.34509     0.20773    -0.20297     4.34033
    0.26311E+11     4.36492     0.20768    -0.20269     4.35992
    0.36283E+11     4.38326     0.20764    -0.20242     4.37805
    0.50034E+11     4.40017     0.20759    -0.20218     4.39476
    0.68997E+11     4.41574     0.20755    -0.20196     4.41015
    0.10000E+12     4.60207     0.20702    -0.19926     4.59431
