    -99.945         0.00000     0.00000     0.00000     0.00000
    -99.795         0.00000     0.00000     0.00000     0.00000
    -99.645         0.00000     0.00000     0.00000     0.00000
    -99.495         0.00000     0.00000     0.00000     0.00000
    -99.345         0.00000     0.00000     0.00000     0.00000
    -99.195         0.00000     0.00000     0.00000     0.00000
    -99.045         0.00000     0.00000     0.00000     0.00000
    -98.895         0.00000     0.00000     0.00000     0.00000
    -98.745         0.00000     0.00000     0.00000     0.00000
    -98.595         0.00000     0.00000     0.00000     0.00000
    -98.445         0.00000     0.00000     0.00000     0.00000
    -98.295         0.00000     0.00000     0.00000     0.00000
    -98.145         0.00000     0.00000     0.00000     0.00000
    -97.995         0.00000     0.00000     0.00000     0.00000
    -97.845         0.00000     0.00000     0.00000     0.00000
    -97.695         0.00000     0.00000     0.00000     0.00000
    -97.545         0.00000     0.00000     0.00000     0.00000
    -97.395         0.00000     0.00000     0.00000     0.00000
    -97.245         0.00000     0.00000     0.00000     0.00000
    -97.095         0.00000     0.00000     0.00000     0.00000
    -96.945         0.00000     0.00000     0.00000     0.00000
    -96.795         0.00000     0.00000     0.00000     0.00000
    -96.645         0.00000     0.00000     0.00000     0.00000
    -96.495         0.00000     0.00000     0.00000     0.00000
    -96.345         0.00000     0.00000     0.00000     0.00000
    -96.195         0.00000     0.00000     0.00000     0.00000
    -96.045         0.00000     0.00000     0.00000     0.00000
    -95.895         0.00000     0.00000     0.00000     0.00000
    -95.745         0.00000     0.00000     0.00000     0.00000
    -95.595         0.00000     0.00000     0.00000     0.00000
    -95.445         0.00000     0.00000     0.00000     0.00000
    -95.295         0.00000     0.00000     0.00000     0.00000
    -95.145         0.00000     0.00000     0.00000     0.00000
    -94.995         0.00000     0.00000     0.00000     0.00000
    -94.845         0.00000     0.00000     0.00000     0.00000
    -94.695         0.00000     0.00000     0.00000     0.00000
    -94.545         0.00000     0.00000     0.00000     0.00000
    -94.395         0.00000     0.00000     0.00000     0.00000
    -94.245         0.00000     0.00000     0.00000     0.00000
    -94.095         0.00000     0.00000     0.00000     0.00000
    -93.945         0.00000     0.00000     0.00000     0.00000
    -93.795         0.00000     0.00000     0.00000     0.00000
    -93.645         0.00000     0.00000     0.00000     0.00000
    -93.495         0.00000     0.00000     0.00000     0.00000
    -93.345         0.00000     0.00000     0.00000     0.00000
    -93.195         0.00000     0.00000     0.00000     0.00000
    -93.045         0.00000     0.00000     0.00000     0.00000
    -92.895         0.00000     0.00000     0.00000     0.00000
    -92.745         0.00000     0.00000     0.00000     0.00000
    -92.595         0.00000     0.00000     0.00000     0.00000
    -92.445         0.00000     0.00000     0.00000     0.00000
    -92.295         0.00000     0.00000     0.00000     0.00000
    -92.145         0.00000     0.00000     0.00000     0.00000
    -91.995         0.00000     0.00000     0.00000     0.00000
    -91.845         0.00000     0.00000     0.00000     0.00000
    -91.695         0.00000     0.00000     0.00000     0.00000
    -91.545         0.00000     0.00000     0.00000     0.00000
    -91.395         0.00000     0.00000     0.00000     0.00000
    -91.245         0.00000     0.00000     0.00000     0.00000
    -91.095         0.00000     0.00000     0.00000     0.00000
    -90.945         0.00000     0.00000     0.00000     0.00000
    -90.795         0.00000     0.00000     0.00000     0.00000
    -90.645         0.00000     0.00000     0.00000     0.00000
    -90.495         0.00000     0.00000     0.00000     0.00000
    -90.345         0.00000     0.00000     0.00000     0.00000
    -90.195         0.00000     0.00000     0.00000     0.00000
    -90.045         0.00000     0.00000     0.00000     0.00000
    -89.895         0.00000     0.00000     0.00000     0.00000
    -89.745         0.00000     0.00000     0.00000     0.00000
    -89.595         0.00000     0.00000     0.00000     0.00000
    -89.445         0.00000     0.00000     0.00000     0.00000
    -89.295         0.00000     0.00000     0.00000     0.00000
    -89.145         0.00000     0.00000     0.00000     0.00000
    -88.995         0.00000     0.00000     0.00000     0.00000
    -88.845         0.00000     0.00000     0.00000     0.00000
    -88.695         0.00000     0.00000     0.00000     0.00000
    -88.545         0.00000     0.00000     0.00000     0.00000
    -88.395         0.00000     0.00000     0.00000     0.00000
    -88.245         0.00000     0.00000     0.00000     0.00000
    -88.095         0.00000     0.00000     0.00000     0.00000
    -87.945         0.00000     0.00000     0.00000     0.00000
    -87.795         0.00000     0.00000     0.00000     0.00000
    -87.645         0.00000     0.00000     0.00000     0.00000
    -87.495         0.00000     0.00000     0.00000     0.00000
    -87.345         0.00000     0.00000     0.00000     0.00000
    -87.195         0.00000     0.00000     0.00000     0.00000
    -87.045         0.00000     0.00000     0.00000     0.00000
    -86.895         0.00000     0.00000     0.00000     0.00000
    -86.745         0.00000     0.00000     0.00000     0.00000
    -86.595         0.00000     0.00000     0.00000     0.00000
    -86.445         0.00000     0.00000     0.00000     0.00000
    -86.295         0.00000     0.00000     0.00000     0.00000
    -86.145         0.00000     0.00000     0.00000     0.00000
    -85.995         0.00000     0.00000     0.00000     0.00000
    -85.845         0.00000     0.00000     0.00000     0.00000
    -85.695         0.00000     0.00000     0.00000     0.00000
    -85.545         0.00000     0.00000     0.00000     0.00000
    -85.395         0.00000     0.00000     0.00000     0.00000
    -85.245         0.00000     0.00000     0.00000     0.00000
    -85.095         0.00000     0.00000     0.00000     0.00000
    -84.945         0.00000     0.00000     0.00000     0.00000
    -84.795         0.00000     0.00000     0.00000     0.00000
    -84.645         0.00000     0.00000     0.00000     0.00000
    -84.495         0.00000     0.00000     0.00000     0.00000
    -84.345         0.00000     0.00000     0.00000     0.00000
    -84.195         0.00000     0.00000     0.00000     0.00000
    -84.045         0.00000     0.00000     0.00000     0.00000
    -83.895         0.00000     0.00000     0.00000     0.00000
    -83.745         0.00000     0.00000     0.00000     0.00000
    -83.595         0.00000     0.00000     0.00000     0.00000
    -83.445         0.00000     0.00000     0.00000     0.00000
    -83.295         0.00000     0.00000     0.00000     0.00000
    -83.145         0.00000     0.00000     0.00000     0.00000
    -82.995         0.00000     0.00000     0.00000     0.00000
    -82.845         0.00000     0.00000     0.00000     0.00000
    -82.695         0.00000     0.00000     0.00000     0.00000
    -82.545         0.00000     0.00000     0.00000     0.00000
    -82.395         0.00000     0.00000     0.00000     0.00000
    -82.245         0.00000     0.00000     0.00000     0.00000
    -82.095         0.00000     0.00000     0.00000     0.00000
    -81.945         0.00000     0.00000     0.00000     0.00000
    -81.795         0.00000     0.00000     0.00000     0.00000
    -81.645         0.00000     0.00000     0.00000     0.00000
    -81.495         0.00000     0.00000     0.00000     0.00000
    -81.345         0.00000     0.00000     0.00000     0.00000
    -81.195         0.00000     0.00000     0.00000     0.00000
    -81.045         0.00000     0.00000     0.00000     0.00000
    -80.895         0.00000     0.00000     0.00000     0.00000
    -80.745         0.00000     0.00000     0.00000     0.00000
    -80.595         0.00000     0.00000     0.00000     0.00000
    -80.445         0.00000     0.00000     0.00000     0.00000
    -80.295         0.00000     0.00000     0.00000     0.00000
    -80.145         0.00000     0.00000     0.00000     0.00000
    -79.995         0.00000     0.00000     0.00000     0.00000
    -79.845         0.00000     0.00000     0.00000     0.00000
    -79.695         0.00000     0.00000     0.00000     0.00000
    -79.545         0.00000     0.00000     0.00000     0.00000
    -79.395         0.00000     0.00000     0.00000     0.00000
    -79.245         0.00000     0.00000     0.00000     0.00000
    -79.095         0.00000     0.00000     0.00000     0.00000
    -78.945         0.00000     0.00000     0.00000     0.00000
    -78.795         0.00000     0.00000     0.00000     0.00000
    -78.645         0.00000     0.00000     0.00000     0.00000
    -78.495         0.00000     0.00000     0.00000     0.00000
    -78.345         0.00000     0.00000     0.00000     0.00000
    -78.195         0.00000     0.00000     0.00000     0.00000
    -78.045         0.00000     0.00000     0.00000     0.00000
    -77.895         0.00000     0.00000     0.00000     0.00000
    -77.745         0.00000     0.00000     0.00000     0.00000
    -77.595         0.00000     0.00000     0.00000     0.00000
    -77.445         0.00000     0.00000     0.00000     0.00000
    -77.295         0.00000     0.00000     0.00000     0.00000
    -77.145         0.00000     0.00000     0.00000     0.00000
    -76.995         0.00000     0.00000     0.00000     0.00000
    -76.845         0.00000     0.00000     0.00000     0.00000
    -76.695         0.00000     0.00000     0.00000     0.00000
    -76.545         0.00000     0.00000     0.00000     0.00000
    -76.395         0.00000     0.00000     0.00000     0.00000
    -76.245         0.00000     0.00000     0.00000     0.00000
    -76.095         0.00000     0.00000     0.00000     0.00000
    -75.945         0.00000     0.00000     0.00000     0.00000
    -75.795         0.00000     0.00000     0.00000     0.00000
    -75.645         0.00000     0.00000     0.00000     0.00000
    -75.495         0.00000     0.00000     0.00000     0.00000
    -75.345         0.00000     0.00000     0.00000     0.00000
    -75.195         0.00000     0.00000     0.00000     0.00000
    -75.045         0.00000     0.00000     0.00000     0.00000
    -74.895         0.00000     0.00000     0.00000     0.00000
    -74.745         0.00000     0.00000     0.00000     0.00000
    -74.595         0.00000     0.00000     0.00000     0.00000
    -74.445         0.00000     0.00000     0.00000     0.00000
    -74.295         0.00000     0.00000     0.00000     0.00000
    -74.145         0.00000     0.00000     0.00000     0.00000
    -73.995         0.00000     0.00000     0.00000     0.00000
    -73.845         0.00000     0.00000     0.00000     0.00000
    -73.695         0.00000     0.00000     0.00000     0.00000
    -73.545         0.00000     0.00000     0.00000     0.00000
    -73.395         0.00000     0.00000     0.00000     0.00000
    -73.245         0.00000     0.00000     0.00000     0.00000
    -73.095         0.00000     0.00000     0.00000     0.00000
    -72.945         0.00000     0.00000     0.00000     0.00000
    -72.795         0.00000     0.00000     0.00000     0.00000
    -72.645         0.00000     0.00000     0.00000     0.00000
    -72.495         0.00000     0.00000     0.00000     0.00000
    -72.345         0.00000     0.00000     0.00000     0.00000
    -72.195         0.00000     0.00000     0.00000     0.00000
    -72.045         0.00000     0.00000     0.00000     0.00000
    -71.895         0.00000     0.00000     0.00000     0.00000
    -71.745         0.00000     0.00000     0.00000     0.00000
    -71.595         0.00000     0.00000     0.00000     0.00000
    -71.445         0.00000     0.00000     0.00000     0.00000
    -71.295         0.00000     0.00000     0.00000     0.00000
    -71.145         0.00000     0.00000     0.00000     0.00000
    -70.995         0.00000     0.00000     0.00000     0.00000
    -70.845         0.00000     0.00000     0.00000     0.00000
    -70.695         0.00000     0.00000     0.00000     0.00000
    -70.545         0.00000     0.00000     0.00000     0.00000
    -70.395         0.00000     0.00000     0.00000     0.00000
    -70.245         0.00000     0.00000     0.00000     0.00000
    -70.095         0.00000     0.00000     0.00000     0.00000
    -69.945         0.00000     0.00000     0.00000     0.00000
    -69.795         0.00000     0.00000     0.00000     0.00000
    -69.645         0.00000     0.00000     0.00000     0.00000
    -69.495         0.00000     0.00000     0.00000     0.00000
    -69.345         0.00000     0.00000     0.00000     0.00000
    -69.195         0.00000     0.00000     0.00000     0.00000
    -69.045         0.00000     0.00000     0.00000     0.00000
    -68.895         0.00000     0.00000     0.00000     0.00000
    -68.745         0.00000     0.00000     0.00000     0.00000
    -68.595         0.00000     0.00000     0.00000     0.00000
    -68.445         0.00000     0.00000     0.00000     0.00000
    -68.295         0.00000     0.00000     0.00000     0.00000
    -68.145         0.00000     0.00000     0.00000     0.00000
    -67.995         0.00000     0.00000     0.00000     0.00000
    -67.845         0.00000     0.00000     0.00000     0.00000
    -67.695         0.00000     0.00000     0.00000     0.00000
    -67.545         0.00000     0.00000     0.00000     0.00000
    -67.395         0.00000     0.00000     0.00000     0.00000
    -67.245         0.00000     0.00000     0.00000     0.00000
    -67.095         0.00000     0.00000     0.00000     0.00000
    -66.945         0.00000     0.00000     0.00000     0.00000
    -66.795         0.00000     0.00000     0.00000     0.00000
    -66.645         0.00000     0.00000     0.00000     0.00000
    -66.495         0.00000     0.00000     0.00000     0.00000
    -66.345         0.00000     0.00000     0.00000     0.00000
    -66.195         0.00000     0.00000     0.00000     0.00000
    -66.045         0.00000     0.00000     0.00000     0.00000
    -65.895         0.00000     0.00000     0.00000     0.00000
    -65.745         0.00000     0.00000     0.00000     0.00000
    -65.595         0.00000     0.00000     0.00000     0.00000
    -65.445         0.00000     0.00000     0.00000     0.00000
    -65.295         0.00000     0.00000     0.00000     0.00000
    -65.145         0.00000     0.00000     0.00000     0.00000
    -64.995         0.00000     0.00000     0.00000     0.00000
    -64.845         0.00000     0.00000     0.00000     0.00000
    -64.695         0.00000     0.00000     0.00000     0.00000
    -64.545         0.00000     0.00000     0.00000     0.00000
    -64.395         0.00000     0.00000     0.00000     0.00000
    -64.245         0.00000     0.00000     0.00000     0.00000
    -64.095         0.00000     0.00000     0.00000     0.00000
    -63.945         0.00000     0.00000     0.00000     0.00000
    -63.795         0.00000     0.00000     0.00000     0.00000
    -63.645         0.00000     0.00000     0.00000     0.00000
    -63.495         0.00000     0.00000     0.00000     0.00000
    -63.345         0.00000     0.00000     0.00000     0.00000
    -63.195         0.00000     0.00000     0.00000     0.00000
    -63.045         0.00000     0.00000     0.00000     0.00000
    -62.895         0.00000     0.00000     0.00000     0.00000
    -62.745         0.00000     0.00000     0.00000     0.00000
    -62.595         0.00000     0.00000     0.00000     0.00000
    -62.445         0.00000     0.00000     0.00000     0.00000
    -62.295         0.00000     0.00000     0.00000     0.00000
    -62.145         0.00000     0.00000     0.00000     0.00000
    -61.995         0.00000     0.00000     0.00000     0.00000
    -61.845         0.00000     0.00000     0.00000     0.00000
    -61.695         0.00000     0.00000     0.00000     0.00000
    -61.545         0.00000     0.00000     0.00000     0.00000
    -61.395         0.00000     0.00000     0.00000     0.00000
    -61.245         0.00000     0.00000     0.00000     0.00000
    -61.095         0.00000     0.00000     0.00000     0.00000
    -60.945         0.00000     0.00000     0.00000     0.00000
    -60.795         0.00000     0.00000     0.00000     0.00000
    -60.645         0.00000     0.00000     0.00000     0.00000
    -60.495         0.00000     0.00000     0.00000     0.00000
    -60.345         0.00000     0.00000     0.00000     0.00000
    -60.195         0.00000     0.00000     0.00000     0.00000
    -60.045         0.00000     0.00000     0.00000     0.00000
    -59.895         0.00000     0.00000     0.00000     0.00000
    -59.745         0.00000     0.00000     0.00000     0.00000
    -59.595         0.00000     0.00000     0.00000     0.00000
    -59.445         0.00000     0.00000     0.00000     0.00000
    -59.295         0.00000     0.00000     0.00000     0.00000
    -59.145         0.00000     0.00000     0.00000     0.00000
    -58.995         0.00000     0.00000     0.00000     0.00000
    -58.845         0.00000     0.00000     0.00000     0.00000
    -58.695         0.00000     0.00000     0.00000     0.00000
    -58.545         0.00000     0.00000     0.00000     0.00000
    -58.395         0.00000     0.00000     0.00000     0.00000
    -58.245         0.00000     0.00000     0.00000     0.00000
    -58.095         0.00000     0.00000     0.00000     0.00000
    -57.945         0.00000     0.00000     0.00000     0.00000
    -57.795         0.00000     0.00000     0.00000     0.00000
    -57.645         0.00000     0.00000     0.00000     0.00000
    -57.495         0.00000     0.00000     0.00000     0.00000
    -57.345         0.00000     0.00000     0.00000     0.00000
    -57.195         0.00000     0.00000     0.00000     0.00000
    -57.045         0.00000     0.00000     0.00000     0.00000
    -56.895         0.00000     0.00000     0.00000     0.00000
    -56.745         0.00000     0.00000     0.00000     0.00000
    -56.595         0.00000     0.00000     0.00000     0.00000
    -56.445         0.00000     0.00000     0.00000     0.00000
    -56.295         0.00000     0.00000     0.00000     0.00000
    -56.145         0.00000     0.00000     0.00000     0.00000
    -55.995         0.00000     0.00000     0.00000     0.00000
    -55.845         0.00000     0.00000     0.00000     0.00000
    -55.695         0.00000     0.00000     0.00000     0.00000
    -55.545         0.00000     0.00000     0.00000     0.00000
    -55.395         0.00000     0.00000     0.00000     0.00000
    -55.245         0.00000     0.00000     0.00000     0.00000
    -55.095         0.00000     0.00000     0.00000     0.00000
    -54.945         0.00000     0.00000     0.00000     0.00000
    -54.795         0.00000     0.00000     0.00000     0.00000
    -54.645         0.00000     0.00000     0.00000     0.00000
    -54.495         0.00000     0.00000     0.00000     0.00000
    -54.345         0.00000     0.00000     0.00000     0.00000
    -54.195         0.00000     0.00000     0.00000     0.00000
    -54.045         0.00000     0.00000     0.00000     0.00000
    -53.895         0.00000     0.00000     0.00000     0.00000
    -53.745         0.00000     0.00000     0.00000     0.00000
    -53.595         0.00000     0.00000     0.00000     0.00000
    -53.445         0.00000     0.00000     0.00000     0.00000
    -53.295         0.00000     0.00000     0.00000     0.00000
    -53.145         0.00000     0.00000     0.00000     0.00000
    -52.995         0.00000     0.00000     0.00000     0.00000
    -52.845         0.00000     0.00000     0.00000     0.00000
    -52.695         0.00000     0.00000     0.00000     0.00000
    -52.545         0.00000     0.00000     0.00000     0.00000
    -52.395         0.00000     0.00000     0.00000     0.00000
    -52.245         0.00000     0.00000     0.00000     0.00000
    -52.095         0.00000     0.00000     0.00000     0.00000
    -51.945         0.00000     0.00000     0.00000     0.00000
    -51.795         0.00000     0.00000     0.00000     0.00000
    -51.645         0.00000     0.00000     0.00000     0.00000
    -51.495         0.00000     0.00000     0.00000     0.00000
    -51.345         0.00000     0.00000     0.00000     0.00000
    -51.195         0.00000     0.00000     0.00000     0.00000
    -51.045         0.00000     0.00000     0.00000     0.00000
    -50.895         0.00000     0.00000     0.00000     0.00000
    -50.745         0.00000     0.00000     0.00000     0.00000
    -50.595         0.00000     0.00000     0.00000     0.00000
    -50.445         0.00000     0.00000     0.00000     0.00000
    -50.295         0.00000     0.00000     0.00000     0.00000
    -50.145         0.00000     0.00000     0.00000     0.00000
    -49.995         0.00000     0.00000     0.00000     0.00000
    -49.845         0.00000     0.00000     0.00000     0.00000
    -49.695         0.00000     0.00000     0.00000     0.00000
    -49.545         0.00000     0.00000     0.00000     0.00000
    -49.395         0.00000     0.00000     0.00000     0.00000
    -49.245         0.00000     0.00000     0.00000     0.00000
    -49.095         0.00000     0.00000     0.00000     0.00000
    -48.945         0.00000     0.00000     0.00000     0.00000
    -48.795         0.00000     0.00000     0.00000     0.00000
    -48.645         0.00000     0.00000     0.00000     0.00000
    -48.495         0.00000     0.00000     0.00000     0.00000
    -48.345         0.00000     0.00000     0.00000     0.00000
    -48.195         0.00000     0.00000     0.00000     0.00000
    -48.045         0.00000     0.00000     0.00000     0.00000
    -47.895         0.00000     0.00000     0.00000     0.00000
    -47.745         0.00000     0.00000     0.00000     0.00000
    -47.595         0.00000     0.00000     0.00000     0.00000
    -47.445         0.00000     0.00000     0.00000     0.00000
    -47.295         0.00000     0.00000     0.00000     0.00000
    -47.145         0.00000     0.00000     0.00000     0.00000
    -46.995         0.00000     0.00000     0.00000     0.00000
    -46.845         0.00000     0.00000     0.00000     0.00000
    -46.695         0.00000     0.00000     0.00000     0.00000
    -46.545         0.00000     0.00000     0.00000     0.00000
    -46.395         0.00000     0.00000     0.00000     0.00000
    -46.245         0.00000     0.00000     0.00000     0.00000
    -46.095         0.00000     0.00000     0.00000     0.00000
    -45.945         0.00000     0.00000     0.00000     0.00000
    -45.795         0.00000     0.00000     0.00000     0.00000
    -45.645         0.00000     0.00000     0.00000     0.00000
    -45.495         0.00000     0.00000     0.00000     0.00000
    -45.345         0.00000     0.00000     0.00000     0.00000
    -45.195         0.00000     0.00000     0.00000     0.00000
    -45.045         0.00000     0.00000     0.00000     0.00000
    -44.895         0.00000     0.00000     0.00000     0.00000
    -44.745         0.00000     0.00000     0.00000     0.00000
    -44.595         0.00000     0.00000     0.00000     0.00000
    -44.445         0.00000     0.00000     0.00000     0.00000
    -44.295         0.00000     0.00000     0.00000     0.00000
    -44.145         0.00000     0.00000     0.00000     0.00000
    -43.995         0.00000     0.00000     0.00000     0.00000
    -43.845         0.00000     0.00000     0.00000     0.00000
    -43.695         0.00000     0.00000     0.00000     0.00000
    -43.545         0.00000     0.00000     0.00000     0.00000
    -43.395         0.00000     0.00000     0.00000     0.00000
    -43.245         0.00000     0.00000     0.00000     0.00000
    -43.095         0.00000     0.00000     0.00000     0.00000
    -42.945         0.00000     0.00000     0.00000     0.00000
    -42.795         0.00000     0.00000     0.00000     0.00000
    -42.645         0.00000     0.00000     0.00000     0.00000
    -42.495         0.00000     0.00000     0.00000     0.00000
    -42.345         0.00000     0.00000     0.00000     0.00000
    -42.195         0.00000     0.00000     0.00000     0.00000
    -42.045         0.00000     0.00000     0.00000     0.00000
    -41.895         0.00000     0.00000     0.00000     0.00000
    -41.745         0.00000     0.00000     0.00000     0.00000
    -41.595         0.00000     0.00000     0.00000     0.00000
    -41.445         0.00000     0.00000     0.00000     0.00000
    -41.295         0.00000     0.00000     0.00000     0.00000
    -41.145         0.00000     0.00000     0.00000     0.00000
    -40.995         0.00000     0.00000     0.00000     0.00000
    -40.845         0.00000     0.00000     0.00000     0.00000
    -40.695         0.00000     0.00000     0.00000     0.00000
    -40.545         0.00000     0.00000     0.00000     0.00000
    -40.395         0.00000     0.00000     0.00000     0.00000
    -40.245         0.00000     0.00000     0.00000     0.00000
    -40.095         0.00000     0.00000     0.00000     0.00000
    -39.945         0.00000     0.00000     0.00000     0.00000
    -39.795         0.00000     0.00000     0.00000     0.00000
    -39.645         0.00000     0.00000     0.00000     0.00000
    -39.495         0.00000     0.00000     0.00000     0.00000
    -39.345         0.00000     0.00000     0.00000     0.00000
    -39.195         0.00000     0.00000     0.00000     0.00000
    -39.045         0.00000     0.00000     0.00000     0.00000
    -38.895         0.00000     0.00000     0.00000     0.00000
    -38.745         0.00000     0.00000     0.00000     0.00000
    -38.595         0.00000     0.00000     0.00000     0.00000
    -38.445         0.00000     0.00000     0.00000     0.00000
    -38.295         0.00000     0.00000     0.00000     0.00000
    -38.145         0.00000     0.00000     0.00000     0.00000
    -37.995         0.00000     0.00000     0.00000     0.00000
    -37.845         0.00000     0.00000     0.00000     0.00000
    -37.695         0.00000     0.00000     0.00000     0.00000
    -37.545         0.00000     0.00000     0.00000     0.00000
    -37.395         0.00000     0.00000     0.00000     0.00000
    -37.245         0.00000     0.00000     0.00000     0.00000
    -37.095         0.00000     0.00000     0.00000     0.00000
    -36.945         0.00000     0.00000     0.00000     0.00000
    -36.795         0.00000     0.00000     0.00000     0.00000
    -36.645         0.00000     0.00000     0.00000     0.00000
    -36.495         0.00000     0.00000     0.00000     0.00000
    -36.345         0.00000     0.00000     0.00000     0.00000
    -36.195         0.00000     0.00000     0.00000     0.00000
    -36.045         0.00000     0.00000     0.00000     0.00000
    -35.895         0.00000     0.00000     0.00000     0.00000
    -35.745         0.00000     0.00000     0.00000     0.00000
    -35.595         0.00000     0.00000     0.00000     0.00000
    -35.445         0.00000     0.00000     0.00000     0.00000
    -35.295         0.00000     0.00000     0.00000     0.00000
    -35.145         0.00000     0.00000     0.00000     0.00000
    -34.995         0.00000     0.00000     0.00000     0.00000
    -34.845         0.00000     0.00000     0.00000     0.00000
    -34.695         0.00000     0.00000     0.00000     0.00000
    -34.545         0.00000     0.00000     0.00000     0.00000
    -34.395         0.00000     0.00000     0.00000     0.00000
    -34.245         0.00000     0.00000     0.00000     0.00000
    -34.095         0.00000     0.00000     0.00000     0.00000
    -33.945         0.00000     0.00000     0.00000     0.00000
    -33.795         0.00000     0.00000     0.00000     0.00000
    -33.645         0.00000     0.00000     0.00000     0.00000
    -33.495         0.00000     0.00000     0.00000     0.00000
    -33.345         0.00000     0.00000     0.00000     0.00000
    -33.195         0.00000     0.00000     0.00000     0.00000
    -33.045         0.00000     0.00000     0.00000     0.00000
    -32.895         0.00000     0.00000     0.00000     0.00000
    -32.745         0.00000     0.00000     0.00000     0.00000
    -32.595         0.00000     0.00000     0.00000     0.00000
    -32.445         0.00000     0.00000     0.00000     0.00000
    -32.295         0.00000     0.00000     0.00000     0.00000
    -32.145         0.00000     0.00000     0.00000     0.00000
    -31.995         0.00000     0.00000     0.00000     0.00000
    -31.845         0.00000     0.00000     0.00000     0.00000
    -31.695         0.00000     0.00000     0.00000     0.00000
    -31.545         0.00000     0.00000     0.00000     0.00000
    -31.395         0.00000     0.00000     0.00000     0.00000
    -31.245         0.00000     0.00000     0.00000     0.00000
    -31.095         0.00000     0.00000     0.00000     0.00000
    -30.945         0.00000     0.00000     0.00000     0.00000
    -30.795         0.00000     0.00000     0.00000     0.00000
    -30.645         0.00000     0.00000     0.00000     0.00000
    -30.495         0.00000     0.00000     0.00000     0.00000
    -30.345         0.00000     0.00000     0.00000     0.00000
    -30.195         0.00000     0.00000     0.00000     0.00000
    -30.045         0.00000     0.00000     0.00000     0.00000
    -29.895         0.00000     0.00000     0.00000     0.00000
    -29.745         0.00000     0.00000     0.00000     0.00000
    -29.595         0.00000     0.00000     0.00000     0.00000
    -29.445         0.00000     0.00000     0.00000     0.00000
    -29.295         0.00000     0.00000     0.00000     0.00000
    -29.145         0.00000     0.00000     0.00000     0.00000
    -28.995         0.00000     0.00000     0.00000     0.00000
    -28.845         0.00000     0.00000     0.00000     0.00000
    -28.695         0.00000     0.00000     0.00000     0.00000
    -28.545         0.00000     0.00000     0.00000     0.00000
    -28.395         0.00000     0.00000     0.00000     0.00000
    -28.245         0.00000     0.00000     0.00000     0.00000
    -28.095         0.00000     0.00000     0.00000     0.00000
    -27.945         0.00000     0.00000     0.00000     0.00000
    -27.795         0.00000     0.00000     0.00000     0.00000
    -27.645         0.00000     0.00000     0.00000     0.00000
    -27.495         0.00000     0.00000     0.00000     0.00000
    -27.345         0.00000     0.00000     0.00000     0.00000
    -27.195         0.00000     0.00000     0.00000     0.00000
    -27.045         0.00000     0.00000     0.00000     0.00000
    -26.895         0.00000     0.00000     0.00000     0.00000
    -26.745         0.00000     0.00000     0.00000     0.00000
    -26.595         0.00000     0.00000     0.00000     0.00000
    -26.445         0.00000     0.00000     0.00000     0.00000
    -26.295         0.00000     0.00000     0.00000     0.00000
    -26.145         0.00000     0.00000     0.00000     0.00000
    -25.995         0.00000     0.00000     0.00000     0.00000
    -25.845         0.00000     0.00000     0.00000     0.00000
    -25.695         0.00000     0.00000     0.00000     0.00000
    -25.545         0.00000     0.00000     0.00000     0.00000
    -25.395         0.00000     0.00000     0.00000     0.00000
    -25.245         0.00000     0.00000     0.00000     0.00000
    -25.095         0.00000     0.00000     0.00000     0.00000
    -24.945         0.00000     0.00000     0.00000     0.00000
    -24.795         0.00000     0.00000     0.00000     0.00000
    -24.645         0.00000     0.00000     0.00000     0.00000
    -24.495         0.00000     0.00000     0.00000     0.00000
    -24.345         0.00000     0.00000     0.00000     0.00000
    -24.195         0.00000     0.00000     0.00000     0.00000
    -24.045         0.00000     0.00000     0.00000     0.00000
    -23.895         0.00000     0.00000     0.00000     0.00000
    -23.745         0.00000     0.00000     0.00000     0.00000
    -23.595         0.00000     0.00000     0.00000     0.00000
    -23.445         0.00000     0.00000     0.00000     0.00000
    -23.295         0.00000     0.00000     0.00000     0.00000
    -23.145         0.00000     0.00000     0.00000     0.00000
    -22.995         0.00000     0.00000     0.00000     0.00000
    -22.845         0.00000     0.00000     0.00000     0.00000
    -22.695         0.00000     0.00000     0.00000     0.00000
    -22.545         0.00000     0.00000     0.00000     0.00000
    -22.395         0.00000     0.00000     0.00000     0.00000
    -22.245         0.00000     0.00000     0.00000     0.00000
    -22.095         0.00000     0.00000     0.00000     0.00000
    -21.945         0.00000     0.00000     0.00000     0.00000
    -21.795         0.00000     0.00000     0.00000     0.00000
    -21.645         0.00000     0.00000     0.00000     0.00000
    -21.495         0.00000     0.00000     0.00000     0.00000
    -21.345         0.00000     0.00000     0.00000     0.00000
    -21.195         0.00000     0.00000     0.00000     0.00000
    -21.045         0.00000     0.00000     0.00000     0.00000
    -20.895         0.00000     0.00000     0.00000     0.00000
    -20.745         0.00000     0.00000     0.00000     0.00000
    -20.595         0.00000     0.00000     0.00000     0.00000
    -20.445         0.00000     0.00000     0.00000     0.00000
    -20.295         0.00000     0.00000     0.00000     0.00000
    -20.145         0.00000     0.00000     0.00000     0.00000
    -19.995         0.00000     0.00000     0.00000     0.00000
    -19.845         0.00000     0.00000     0.00000     0.00000
    -19.695         0.00000     0.00000     0.00000     0.00000
    -19.545         0.00000     0.00000     0.00000     0.00000
    -19.395         0.00000     0.00000     0.00000     0.00000
    -19.245         0.00000     0.00000     0.00000     0.00000
    -19.095         0.00000     0.00000     0.00000     0.00000
    -18.945         0.00000     0.00000     0.00000     0.00000
    -18.795         0.00000     0.00000     0.00000     0.00000
    -18.645         0.00000     0.00000     0.00000     0.00000
    -18.495         0.00000     0.00000     0.00000     0.00000
    -18.345         0.00000     0.00000     0.00000     0.00000
    -18.195         0.00000     0.00000     0.00000     0.00000
    -18.045         0.00000     0.00000     0.00000     0.00000
    -17.895         0.00000     0.00000     0.00000     0.00000
    -17.745         0.00000     0.00000     0.00000     0.00000
    -17.595         0.00000     0.00000     0.00000     0.00000
    -17.445         0.00000     0.00000     0.00000     0.00000
    -17.295         0.00000     0.00000     0.00000     0.00000
    -17.145         0.00000     0.00000     0.00000     0.00000
    -16.995         0.00000     0.00000     0.00000     0.00000
    -16.845         0.00000     0.00000     0.00000     0.00000
    -16.695         0.00000     0.00000     0.00000     0.00000
    -16.545         0.00000     0.00000     0.00000     0.00000
    -16.395         0.00000     0.00000     0.00000     0.00000
    -16.245         0.00000     0.00000     0.00000     0.00000
    -16.095         0.00000     0.00000     0.00000     0.00000
    -15.945         0.00000     0.00000     0.00000     0.00000
    -15.795         0.00000     0.00000     0.00000     0.00000
    -15.645         0.00000     0.00000     0.00000     0.00000
    -15.495         0.00000     0.00000     0.00000     0.00000
    -15.345         0.00000     0.00000     0.00000     0.00000
    -15.195         0.00000     0.00000     0.00000     0.00000
    -15.045         0.00000     0.00000     0.00000     0.00000
    -14.895         0.00000     0.00000     0.00000     0.00000
    -14.745         0.00000     0.00000     0.00000     0.00000
    -14.595         0.00000     0.00000     0.00000     0.00000
    -14.445         0.00000     0.00000     0.00000     0.00000
    -14.295         0.00000     0.00000     0.00000     0.00000
    -14.145         0.00000     0.00000     0.00000     0.00000
    -13.995         0.00000     0.00000     0.00000     0.00000
    -13.845         0.00000     0.00000     0.00000     0.00000
    -13.695         0.00000     0.00000     0.00000     0.00000
    -13.545         0.00000     0.00000     0.00000     0.00000
    -13.395         0.00000     0.00000     0.00000     0.00000
    -13.245         0.00000     0.00000     0.00000     0.00000
    -13.095         0.00000     0.00000     0.00000     0.00000
    -12.945         0.00000     0.00000     0.00000     0.00000
    -12.795         0.00000     0.00000     0.00000     0.00000
    -12.645         0.00000     0.00000     0.00000     0.00000
    -12.495         0.00000     0.00000     0.00000     0.00000
    -12.345         0.00000     0.00000     0.00000     0.00000
    -12.195         0.00000     0.00000     0.00000     0.00000
    -12.045         0.00000     0.00000     0.00000     0.00000
    -11.895         0.00000     0.00000     0.00000     0.00000
    -11.745         0.00000     0.00000     0.00000     0.00000
    -11.595         0.00000     0.00000     0.00000     0.00000
    -11.445         0.00000     0.00000     0.00000     0.00000
    -11.295         0.00000     0.00000     0.00000     0.00000
    -11.145         0.00000     0.00000     0.00000     0.00000
    -10.995         0.00000     0.00000     0.00000     0.00000
    -10.845         0.00000     0.00000     0.00000     0.00000
    -10.695         0.00000     0.00000     0.00000     0.00000
    -10.545         0.00000     0.00000     0.00000     0.00000
    -10.395         0.00000     0.00000     0.00000     0.00000
    -10.245         0.00000     0.00000     0.00000     0.00000
    -10.095         0.00000     0.00000     0.00000     0.00000
    -9.9450         0.00000     0.00000     0.00000     0.00000
    -9.7950         0.00000     0.00000     0.00000     0.00000
    -9.6450         0.00000     0.00000     0.00000     0.00000
    -9.4950         0.00000     0.00000     0.00000     0.00000
    -9.3450         0.00000     0.00000     0.00000     0.00000
    -9.1950         0.00000     0.00000     0.00000     0.00000
    -9.0450         0.00000     0.00000     0.00000     0.00000
    -8.8950         0.00000     0.00000     0.00000     0.00000
    -8.7450         0.00000     0.00000     0.00000     0.00000
    -8.5950         0.00000     0.00000     0.00000     0.00000
    -8.4450         0.00000     0.00000     0.00000     0.00000
    -8.2950         0.00000     0.00000     0.00000     0.00000
    -8.1450         0.00000     0.00000     0.00000     0.00000
    -7.9950         0.00000     0.00000     0.00000     0.00000
    -7.8450         0.00000     0.00000     0.00000     0.00000
    -7.6950         0.00000     0.00000     0.00000     0.00000
    -7.5450         0.00000     0.00000     0.00000     0.00000
    -7.3950         0.00000     0.00000     0.00000     0.00000
    -7.2450         0.00000     0.00000     0.00000     0.00000
    -7.0950         0.00000     0.00000     0.00000     0.00000
    -6.9450         0.00000     0.00000     0.00000     0.00000
    -6.7950         0.00000     0.00000     0.00000     0.00000
    -6.6450         0.00000     0.00000     0.00000     0.00000
    -6.4950         0.00000     0.00000     0.00000     0.00000
    -6.3450         0.00000     0.00000     0.00000     0.00000
    -6.1950         0.00000     0.00000     0.00000     0.00000
    -6.0450         0.00000     0.00000     0.00000     0.00000
    -5.8950         0.00000     0.00000     0.00000     0.00000
    -5.7450         0.00000     0.00000     0.00000     0.00000
    -5.5950         0.00000     0.00000     0.00000     0.00000
    -5.4450         0.00000     0.00000     0.00000     0.00000
    -5.2950         0.00000     0.00000     0.00000     0.00000
    -5.1450         0.00000     0.00000     0.00000     0.00000
    -4.9950         0.00000     0.00000     0.00000     0.00000
    -4.8450         0.00000     0.00000     0.00000     0.00000
    -4.6950         0.00000     0.00000     0.00000     0.00000
    -4.5450         0.00000     0.00000     0.00000     0.00000
    -4.3950         0.00000     0.00000     0.00000     0.00000
    -4.2450         0.00000     0.00000     0.00000     0.00000
    -4.0950         0.00000     0.00000     0.00000     0.00000
    -3.9450         0.00000     0.00000     0.00000     0.00000
    -3.7950         0.00000     0.00000     0.00000     0.00000
    -3.6450         0.00000     0.00000     0.00000     0.00000
    -3.4950         0.00000     0.00000     0.00000     0.00000
    -3.3450         0.00000     0.00000     0.00000     0.00000
    -3.1950         0.00000     0.00000     0.00000     0.00000
    -3.0450         0.00000     0.00000     0.00000     0.00000
    -2.8950         0.00000     0.00000     0.00000     0.00000
    -2.7450         0.00000     0.00000     0.00000     0.00000
    -2.5950         0.00000     0.00000     0.00000     0.00000
    -2.4450         0.00000     0.00000     0.00000     0.00000
    -2.2950         0.00000     0.00000     0.00000     0.00000
    -2.1450         0.00000     0.00000     0.00000     0.00000
    -1.9950         0.00000     0.00000     0.00000     0.00000
    -1.8450         0.00000     0.00000     0.00000     0.00000
    -1.6950         0.00000     0.00000     0.00000     0.00000
    -1.5450         0.00000     0.00000     0.00000     0.00000
    -1.3950         0.00000     0.00000     0.00000     0.00000
    -1.2450         0.00000     0.00000     0.00000     0.00000
    -1.0950         0.00000     0.00000     0.00000     0.00000
   -0.94500         0.00000     0.00000     0.00000     0.00000
   -0.79500        -0.00001     0.00000    -0.00001     0.00000
   -0.64500        -0.00860     0.00000    -0.00860     0.00000
   -0.49500        -0.04383     0.00000    -0.04330    -0.00053
   -0.34500        -0.59855    -0.00012    -0.06281    -0.53562
   -0.22700        -1.22837    -0.00017    -0.06836    -1.15983
   -0.21300        -1.30178    -0.00010    -0.06897    -1.23271
   -0.20700        -1.37365    -0.00007    -0.06960    -1.30398
   -0.20100        -1.44412    -0.00001    -0.07026    -1.37385
   -0.19500        -1.51296    -0.00002    -0.07091    -1.44203
   -0.18900        -1.57974     0.00005    -0.07159    -1.50820
   -0.18300        -1.64445     0.00013    -0.07225    -1.57233
   -0.17700        -1.70709     0.00022    -0.07291    -1.63439
   -0.17100        -1.76809     0.00029    -0.07360    -1.69479
   -0.16500        -1.82771     0.00031    -0.07425    -1.75376
   -0.15900        -1.88573     0.00031    -0.07493    -1.81110
   -0.15300        -1.94234     0.00028    -0.07564    -1.86698
   -0.14700        -1.99761     0.00024    -0.07638    -1.92147
   -0.14100        -2.05167     0.00022    -0.07714    -1.97475
   -0.13500        -2.10495     0.00027    -0.07793    -2.02729
   -0.12900        -2.15720     0.00021    -0.07872    -2.07869
   -0.12300        -2.20892     0.00016    -0.07952    -2.12955
   -0.11700        -2.26000     0.00009    -0.08040    -2.17969
   -0.11100        -2.31082     0.00002    -0.08127    -2.22957
   -0.10500        -2.36163    -0.00013    -0.08219    -2.27930
   -0.99000E-01    -2.41252    -0.00030    -0.08316    -2.32905
   -0.93000E-01    -2.46362    -0.00043    -0.08420    -2.37899
   -0.87000E-01    -2.51516    -0.00050    -0.08530    -2.42936
   -0.81000E-01    -2.56748    -0.00059    -0.08647    -2.48042
   -0.75000E-01    -2.62092    -0.00077    -0.08772    -2.53243
   -0.69000E-01    -2.67596    -0.00093    -0.08910    -2.58594
   -0.63000E-01    -2.73298    -0.00117    -0.09056    -2.64125
   -0.57000E-01    -2.79250    -0.00138    -0.09212    -2.69900
   -0.51000E-01    -2.85518    -0.00166    -0.09381    -2.75971
   -0.45000E-01    -2.92214    -0.00207    -0.09562    -2.82445
   -0.39000E-01    -2.99512    -0.00256    -0.09757    -2.89499
   -0.33000E-01    -3.07734    -0.00320    -0.09971    -2.97443
   -0.27000E-01    -3.17408    -0.00405    -0.10215    -3.06789
   -0.21300E-01    -3.25016    -0.00482    -0.10398    -3.14136
   -0.19500E-01    -3.26208    -0.00495    -0.10426    -3.15286
   -0.18900E-01    -3.27421    -0.00509    -0.10455    -3.16457
   -0.18300E-01    -3.28653    -0.00523    -0.10485    -3.17646
   -0.17700E-01    -3.29905    -0.00538    -0.10515    -3.18852
   -0.17100E-01    -3.31179    -0.00554    -0.10545    -3.20080
   -0.16500E-01    -3.32476    -0.00570    -0.10576    -3.21330
   -0.15900E-01    -3.33793    -0.00587    -0.10607    -3.22599
   -0.15300E-01    -3.35137    -0.00605    -0.10639    -3.23892
   -0.14700E-01    -3.36510    -0.00625    -0.10672    -3.25213
   -0.14100E-01    -3.37901    -0.00646    -0.10705    -3.26550
   -0.13500E-01    -3.39322    -0.00668    -0.10739    -3.27915
   -0.12900E-01    -3.40775    -0.00691    -0.10774    -3.29309
   -0.12300E-01    -3.42257    -0.00716    -0.10810    -3.30731
   -0.11700E-01    -3.43773    -0.00742    -0.10847    -3.32184
   -0.11100E-01    -3.45323    -0.00770    -0.10885    -3.33668
   -0.10500E-01    -3.46913    -0.00801    -0.10925    -3.35188
   -0.99000E-02    -3.48550    -0.00834    -0.10967    -3.36749
   -0.93000E-02    -3.50236    -0.00869    -0.11012    -3.38354
   -0.87000E-02    -3.51979    -0.00909    -0.11061    -3.40010
   -0.81000E-02    -3.53778    -0.00952    -0.11113    -3.41713
   -0.75000E-02    -3.55656    -0.00999    -0.11172    -3.43485
   -0.69000E-02    -3.57613    -0.01052    -0.11236    -3.45325
   -0.63000E-02    -3.59664    -0.01111    -0.11309    -3.47243
   -0.57000E-02    -3.61834    -0.01178    -0.11394    -3.49262
   -0.51000E-02    -3.64139    -0.01255    -0.11493    -3.51391
   -0.45000E-02    -3.66608    -0.01344    -0.11612    -3.53652
   -0.39000E-02    -3.69296    -0.01450    -0.11757    -3.56089
   -0.33000E-02    -3.72255    -0.01576    -0.11942    -3.58736
   -0.27000E-02    -3.75566    -0.01729    -0.12187    -3.61650
   -0.21000E-02    -3.79291    -0.01922    -0.12532    -3.64837
   -0.15000E-02    -3.83347    -0.02171    -0.13075    -3.68101
   -0.90000E-03    -3.88012    -0.02502    -0.14274    -3.71235
   -0.30000E-03    -5.37395    -0.02911    -0.15651    -5.18833
    0.30000E-03    -3.88631    -0.01539    -0.15241    -3.71851
    0.90000E-03    -3.86532    -0.00339    -0.14913    -3.71279
    0.15000E-02    -3.85710     0.00202    -0.14670    -3.71242
    0.21000E-02    -3.85177     0.00545    -0.14482    -3.71240
    0.27000E-02    -3.84786     0.00789    -0.14336    -3.71239
    0.33000E-02    -3.84481     0.00974    -0.14217    -3.71238
    0.39000E-02    -3.84238     0.01120    -0.14121    -3.71237
    0.45000E-02    -3.84041     0.01237    -0.14042    -3.71237
    0.51000E-02    -3.83876     0.01336    -0.13976    -3.71236
    0.57000E-02    -3.83738     0.01418    -0.13921    -3.71235
    0.63000E-02    -3.83619     0.01490    -0.13875    -3.71234
    0.69000E-02    -3.83516     0.01553    -0.13836    -3.71232
    0.75000E-02    -3.83426     0.01608    -0.13804    -3.71231
    0.81000E-02    -3.83348     0.01657    -0.13776    -3.71230
    0.87000E-02    -3.83279     0.01701    -0.13753    -3.71228
    0.93000E-02    -3.83219     0.01741    -0.13734    -3.71226
    0.99000E-02    -3.83166     0.01776    -0.13717    -3.71225
    0.10500E-01    -3.83119     0.01808    -0.13704    -3.71223
    0.11100E-01    -3.83076     0.01837    -0.13693    -3.71221
    0.11700E-01    -3.83037     0.01865    -0.13683    -3.71219
    0.12300E-01    -3.83002     0.01891    -0.13676    -3.71217
    0.12900E-01    -3.82970     0.01914    -0.13669    -3.71214
    0.13500E-01    -3.82941     0.01935    -0.13664    -3.71212
    0.14100E-01    -3.82914     0.01955    -0.13659    -3.71210
    0.14700E-01    -3.82889     0.01974    -0.13656    -3.71207
    0.15300E-01    -3.82866     0.01991    -0.13653    -3.71204
    0.15900E-01    -3.82845     0.02007    -0.13650    -3.71202
    0.16500E-01    -3.82825     0.02022    -0.13648    -3.71199
    0.17100E-01    -3.82806     0.02037    -0.13647    -3.71196
    0.17700E-01    -3.82788     0.02050    -0.13645    -3.71193
    0.18300E-01    -3.82771     0.02063    -0.13644    -3.71190
    0.18900E-01    -3.82755     0.02075    -0.13643    -3.71186
    0.19500E-01    -3.82740     0.02086    -0.13643    -3.71183
    0.21300E-01    -3.82648     0.02150    -0.13640    -3.71158
    0.27000E-01    -3.82537     0.02212    -0.13637    -3.71113
    0.33000E-01    -3.82436     0.02253    -0.13632    -3.71058
    0.39000E-01    -3.82341     0.02282    -0.13627    -3.70995
    0.45000E-01    -3.82244     0.02302    -0.13620    -3.70925
    0.51000E-01    -3.82141     0.02316    -0.13611    -3.70847
    0.57000E-01    -3.82036     0.02328    -0.13603    -3.70761
    0.63000E-01    -3.81935     0.02335    -0.13600    -3.70670
    0.69000E-01    -3.81823     0.02341    -0.13593    -3.70571
    0.75000E-01    -3.81707     0.02345    -0.13586    -3.70466
    0.81000E-01    -3.81587     0.02349    -0.13581    -3.70355
    0.87000E-01    -3.81462     0.02353    -0.13576    -3.70239
    0.93000E-01    -3.81329     0.02356    -0.13567    -3.70118
    0.99000E-01    -3.81191     0.02361    -0.13561    -3.69991
    0.10500        -3.81051     0.02365    -0.13557    -3.69858
    0.11100        -3.80904     0.02369    -0.13553    -3.69720
    0.11700        -3.80752     0.02373    -0.13546    -3.69579
    0.12300        -3.80601     0.02376    -0.13541    -3.69437
    0.12900        -3.80441     0.02379    -0.13533    -3.69288
    0.13500        -3.80278     0.02382    -0.13526    -3.69134
    0.14100        -3.80113     0.02385    -0.13522    -3.68977
    0.14700        -3.79942     0.02388    -0.13513    -3.68817
    0.15300        -3.79768     0.02391    -0.13509    -3.68650
    0.15900        -3.79584     0.02394    -0.13500    -3.68478
    0.16500        -3.79401     0.02396    -0.13493    -3.68304
    0.17100        -3.79215     0.02398    -0.13485    -3.68128
    0.17700        -3.79033     0.02400    -0.13479    -3.67954
    0.18300        -3.78841     0.02403    -0.13471    -3.67772
    0.18900        -3.78644     0.02405    -0.13463    -3.67586
    0.19500        -3.78447     0.02407    -0.13455    -3.67398
    0.20100        -3.78243     0.02409    -0.13448    -3.67204
    0.20700        -3.78046     0.02411    -0.13442    -3.67015
    0.21300        -3.77841     0.02413    -0.13435    -3.66819
    0.22700        -3.76066     0.02427    -0.13417    -3.65077
    0.34500        -3.70242     0.02448    -0.13358    -3.59332
    0.49500        -3.64225     0.02470    -0.13279    -3.53416
    0.64500        -3.58189     0.02487    -0.13204    -3.47473
    0.79500        -3.52342     0.02502    -0.13108    -3.41736
    0.94500        -3.46636     0.02515    -0.13003    -3.36149
     1.0950        -3.41094     0.02525    -0.12902    -3.30716
     1.2450        -3.35721     0.02535    -0.12811    -3.25444
     1.3950        -3.30529     0.02543    -0.12724    -3.20348
     1.5450        -3.25538     0.02550    -0.12642    -3.15446
     1.6950        -3.20701     0.02557    -0.12562    -3.10696
     1.8450        -3.16069     0.02563    -0.12487    -3.06146
     1.9950        -3.11616     0.02569    -0.12414    -3.01770
     2.1450        -3.07348     0.02574    -0.12346    -2.97576
     2.2950        -3.03254     0.02579    -0.12280    -2.93553
     2.4450        -2.99332     0.02584    -0.12218    -2.89697
     2.5950        -2.95565     0.02588    -0.12159    -2.85994
     2.7450        -2.91957     0.02593    -0.12102    -2.82448
     2.8950        -2.88503     0.02597    -0.12048    -2.79052
     3.0450        -2.85186     0.02601    -0.11995    -2.75792
     3.1950        -2.81995     0.02604    -0.11945    -2.72654
     3.3450        -2.78935     0.02608    -0.11896    -2.69646
     3.4950        -2.75998     0.02611    -0.11850    -2.66759
     3.6450        -2.73167     0.02614    -0.11804    -2.63976
     3.7950        -2.70432     0.02617    -0.11761    -2.61287
     3.9450        -2.67790     0.02619    -0.11719    -2.58690
     4.0950        -2.65238     0.02622    -0.11679    -2.56182
     4.2450        -2.62773     0.02625    -0.11639    -2.53758
     4.3950        -2.60379     0.02628    -0.11601    -2.51406
     4.5450        -2.58075     0.02631    -0.11564    -2.49142
     4.6950        -2.55842     0.02633    -0.11528    -2.46946
     4.8450        -2.53658     0.02635    -0.11493    -2.44799
     4.9950        -2.51548     0.02637    -0.11459    -2.42725
     5.1450        -2.49505     0.02639    -0.11426    -2.40717
     5.2950        -2.47520     0.02641    -0.11394    -2.38767
     5.4450        -2.45595     0.02642    -0.11362    -2.36875
     5.5950        -2.43720     0.02644    -0.11331    -2.35032
     5.7450        -2.41889     0.02646    -0.11300    -2.33234
     5.8950        -2.40104     0.02648    -0.11271    -2.31481
     6.0450        -2.38370     0.02650    -0.11243    -2.29777
     6.1950        -2.36669     0.02652    -0.11215    -2.28105
     6.3450        -2.35015     0.02654    -0.11187    -2.26481
     6.4950        -2.33397     0.02655    -0.11160    -2.24892
     6.6450        -2.31816     0.02657    -0.11134    -2.23340
     6.7950        -2.30272     0.02659    -0.11108    -2.21823
     6.9450        -2.28759     0.02661    -0.11083    -2.20336
     7.0950        -2.27281     0.02662    -0.11058    -2.18884
     7.2450        -2.25831     0.02663    -0.11034    -2.17461
     7.3950        -2.24416     0.02665    -0.11010    -2.16071
     7.5450        -2.23031     0.02667    -0.10987    -2.14710
     7.6950        -2.21667     0.02668    -0.10964    -2.13371
     7.8450        -2.20334     0.02670    -0.10942    -2.12061
     7.9950        -2.19026     0.02671    -0.10920    -2.10777
     8.1450        -2.17741     0.02672    -0.10898    -2.09516
     8.2950        -2.16480     0.02674    -0.10877    -2.08277
     8.4450        -2.15245     0.02675    -0.10855    -2.07064
     8.5950        -2.14030     0.02676    -0.10835    -2.05872
     8.7450        -2.12836     0.02678    -0.10815    -2.04699
     8.8950        -2.11665     0.02679    -0.10795    -2.03549
     9.0450        -2.10514     0.02680    -0.10775    -2.02420
     9.1950        -2.09383     0.02681    -0.10756    -2.01309
     9.3450        -2.08272     0.02682    -0.10737    -2.00218
     9.4950        -2.07177     0.02684    -0.10718    -1.99142
     9.6450        -2.06096     0.02685    -0.10700    -1.98081
     9.7950        -2.05033     0.02686    -0.10682    -1.97037
     9.9450        -2.03993     0.02687    -0.10664    -1.96015
     10.095        -2.02966     0.02688    -0.10647    -1.95007
     10.245        -2.01955     0.02689    -0.10629    -1.94015
     10.395        -2.00955     0.02690    -0.10612    -1.93033
     10.545        -1.99974     0.02691    -0.10595    -1.92069
     10.695        -1.99006     0.02692    -0.10579    -1.91119
     10.845        -1.98052     0.02693    -0.10562    -1.90183
     10.995        -1.97111     0.02694    -0.10546    -1.89259
     11.145        -1.96184     0.02695    -0.10530    -1.88349
     11.295        -1.95272     0.02696    -0.10514    -1.87454
     11.445        -1.94370     0.02697    -0.10498    -1.86569
     11.595        -1.93479     0.02698    -0.10483    -1.85694
     11.745        -1.92603     0.02699    -0.10468    -1.84834
     11.895        -1.91736     0.02700    -0.10453    -1.83983
     12.045        -1.90883     0.02701    -0.10438    -1.83146
     12.195        -1.90040     0.02702    -0.10424    -1.82318
     12.345        -1.89206     0.02703    -0.10409    -1.81499
     12.495        -1.88383     0.02704    -0.10395    -1.80692
     12.645        -1.87572     0.02705    -0.10381    -1.79896
     12.795        -1.86769     0.02705    -0.10368    -1.79107
     12.945        -1.85979     0.02706    -0.10354    -1.78331
     13.095        -1.85198     0.02707    -0.10341    -1.77564
     13.245        -1.84425     0.02708    -0.10327    -1.76806
     13.395        -1.83660     0.02708    -0.10314    -1.76055
     13.545        -1.82903     0.02709    -0.10301    -1.75312
     13.695        -1.82159     0.02710    -0.10288    -1.74581
     13.845        -1.81421     0.02711    -0.10275    -1.73857
     13.995        -1.80695     0.02711    -0.10262    -1.73144
     14.145        -1.79974     0.02712    -0.10249    -1.72437
     14.295        -1.79262     0.02713    -0.10237    -1.71738
     14.445        -1.78558     0.02713    -0.10225    -1.71047
     14.595        -1.77863     0.02714    -0.10213    -1.70364
     14.745        -1.77172     0.02715    -0.10201    -1.69686
     14.895        -1.76491     0.02715    -0.10189    -1.69017
     15.045        -1.75816     0.02716    -0.10177    -1.68355
     15.195        -1.75146     0.02717    -0.10166    -1.67697
     15.345        -1.74487     0.02717    -0.10154    -1.67050
     15.495        -1.73832     0.02718    -0.10143    -1.66407
     15.645        -1.73185     0.02719    -0.10132    -1.65772
     15.795        -1.72545     0.02720    -0.10121    -1.65144
     15.945        -1.71910     0.02720    -0.10110    -1.64520
     16.095        -1.71282     0.02721    -0.10098    -1.63905
     16.245        -1.70660     0.02721    -0.10088    -1.63294
     16.395        -1.70044     0.02722    -0.10077    -1.62690
     16.545        -1.69437     0.02723    -0.10066    -1.62094
     16.695        -1.68835     0.02723    -0.10055    -1.61504
     16.845        -1.68238     0.02724    -0.10045    -1.60917
     16.995        -1.67646     0.02725    -0.10034    -1.60336
     17.145        -1.67059     0.02725    -0.10024    -1.59761
     17.295        -1.66480     0.02726    -0.10013    -1.59193
     17.445        -1.65905     0.02727    -0.10003    -1.58628
     17.595        -1.65335     0.02727    -0.09993    -1.58069
     17.745        -1.64771     0.02728    -0.09983    -1.57515
     17.895        -1.64212     0.02728    -0.09973    -1.56967
     18.045        -1.63656     0.02729    -0.09964    -1.56421
     18.195        -1.63105     0.02729    -0.09954    -1.55880
     18.345        -1.62560     0.02730    -0.09944    -1.55346
     18.495        -1.62021     0.02731    -0.09935    -1.54817
     18.645        -1.61485     0.02731    -0.09925    -1.54291
     18.795        -1.60953     0.02731    -0.09916    -1.53769
     18.945        -1.60428     0.02732    -0.09906    -1.53254
     19.095        -1.59906     0.02733    -0.09897    -1.52741
     19.245        -1.59390     0.02733    -0.09888    -1.52235
     19.395        -1.58877     0.02734    -0.09879    -1.51732
     19.545        -1.58369     0.02734    -0.09870    -1.51233
     19.695        -1.57862     0.02735    -0.09862    -1.50736
     19.845        -1.57363     0.02735    -0.09853    -1.50245
     19.995        -1.56867     0.02736    -0.09844    -1.49759
     20.145        -1.56375     0.02736    -0.09835    -1.49276
     20.295        -1.55885     0.02737    -0.09827    -1.48795
     20.445        -1.55399     0.02737    -0.09818    -1.48318
     20.595        -1.54918     0.02738    -0.09809    -1.47846
     20.745        -1.54440     0.02738    -0.09801    -1.47377
     20.895        -1.53966     0.02739    -0.09793    -1.46911
     21.045        -1.53494     0.02739    -0.09784    -1.46449
     21.195        -1.53029     0.02739    -0.09776    -1.45993
     21.345        -1.52568     0.02740    -0.09768    -1.45540
     21.495        -1.52106     0.02740    -0.09759    -1.45087
     21.645        -1.51650     0.02741    -0.09751    -1.44640
     21.795        -1.51198     0.02741    -0.09743    -1.44196
     21.945        -1.50748     0.02742    -0.09735    -1.43755
     22.095        -1.50302     0.02742    -0.09727    -1.43317
     22.245        -1.49858     0.02743    -0.09719    -1.42881
     22.395        -1.49418     0.02743    -0.09712    -1.42450
     22.545        -1.48982     0.02744    -0.09704    -1.42022
     22.695        -1.48549     0.02744    -0.09697    -1.41597
     22.845        -1.48121     0.02745    -0.09689    -1.41176
     22.995        -1.47694     0.02745    -0.09681    -1.40757
     23.145        -1.47270     0.02745    -0.09673    -1.40342
     23.295        -1.46850     0.02746    -0.09666    -1.39930
     23.445        -1.46432     0.02747    -0.09659    -1.39520
     23.595        -1.46018     0.02747    -0.09652    -1.39114
     23.745        -1.45606     0.02748    -0.09644    -1.38709
     23.895        -1.45196     0.02748    -0.09637    -1.38307
     24.045        -1.44789     0.02748    -0.09630    -1.37908
     24.195        -1.44386     0.02749    -0.09622    -1.37512
     24.345        -1.43986     0.02749    -0.09615    -1.37119
     24.495        -1.43586     0.02750    -0.09608    -1.36728
     24.645        -1.43190     0.02750    -0.09601    -1.36339
     24.795        -1.42797     0.02750    -0.09594    -1.35953
     24.945        -1.42406     0.02751    -0.09587    -1.35569
     25.095        -1.42016     0.02751    -0.09580    -1.35187
     25.245        -1.41629     0.02752    -0.09573    -1.34808
     25.395        -1.41246     0.02752    -0.09567    -1.34432
     25.545        -1.40866     0.02752    -0.09560    -1.34059
     25.695        -1.40488     0.02753    -0.09553    -1.33688
     25.845        -1.40112     0.02753    -0.09546    -1.33319
     25.995        -1.39738     0.02754    -0.09539    -1.32952
     26.145        -1.39367     0.02754    -0.09533    -1.32589
     26.295        -1.38999     0.02755    -0.09526    -1.32228
     26.445        -1.38632     0.02755    -0.09520    -1.31867
     26.595        -1.38270     0.02755    -0.09513    -1.31512
     26.745        -1.37907     0.02756    -0.09506    -1.31157
     26.895        -1.37547     0.02756    -0.09500    -1.30803
     27.045        -1.37190     0.02756    -0.09494    -1.30453
     27.195        -1.36833     0.02757    -0.09487    -1.30103
     27.345        -1.36480     0.02757    -0.09481    -1.29756
     27.495        -1.36131     0.02757    -0.09475    -1.29414
     27.645        -1.35782     0.02758    -0.09468    -1.29072
     27.795        -1.35437     0.02758    -0.09462    -1.28733
     27.945        -1.35093     0.02758    -0.09456    -1.28395
     28.095        -1.34750     0.02759    -0.09450    -1.28058
     28.245        -1.34411     0.02759    -0.09444    -1.27725
     28.395        -1.34073     0.02759    -0.09438    -1.27394
     28.545        -1.33735     0.02760    -0.09432    -1.27063
     28.695        -1.33402     0.02760    -0.09426    -1.26736
     28.845        -1.33068     0.02760    -0.09420    -1.26409
     28.995        -1.32738     0.02761    -0.09415    -1.26084
     29.145        -1.32407     0.02761    -0.09409    -1.25759
     29.295        -1.32082     0.02761    -0.09403    -1.25440
     29.445        -1.31755     0.02762    -0.09397    -1.25119
     29.595        -1.31430     0.02762    -0.09391    -1.24801
     29.745        -1.31109     0.02762    -0.09385    -1.24486
     29.895        -1.30788     0.02762    -0.09380    -1.24171
     30.045        -1.30471     0.02763    -0.09374    -1.23860
     30.195        -1.30155     0.02763    -0.09368    -1.23551
     30.345        -1.29843     0.02763    -0.09362    -1.23244
     30.495        -1.29531     0.02764    -0.09357    -1.22938
     30.645        -1.29218     0.02764    -0.09351    -1.22630
     30.795        -1.28908     0.02764    -0.09345    -1.22327
     30.945        -1.28599     0.02764    -0.09340    -1.22024
     31.095        -1.28293     0.02765    -0.09334    -1.21723
     31.245        -1.27988     0.02765    -0.09329    -1.21425
     31.395        -1.27684     0.02765    -0.09323    -1.21126
     31.545        -1.27381     0.02766    -0.09318    -1.20829
     31.695        -1.27080     0.02766    -0.09313    -1.20533
     31.845        -1.26782     0.02766    -0.09307    -1.20241
     31.995        -1.26486     0.02767    -0.09302    -1.19951
     32.145        -1.26189     0.02767    -0.09297    -1.19660
     32.295        -1.25895     0.02767    -0.09291    -1.19371
     32.445        -1.25603     0.02768    -0.09286    -1.19084
     32.595        -1.25311     0.02768    -0.09281    -1.18798
     32.745        -1.25020     0.02768    -0.09276    -1.18512
     32.895        -1.24733     0.02768    -0.09271    -1.18230
     33.045        -1.24446     0.02769    -0.09265    -1.17949
     33.195        -1.24160     0.02769    -0.09260    -1.17669
     33.345        -1.23877     0.02769    -0.09255    -1.17392
     33.495        -1.23594     0.02770    -0.09250    -1.17114
     33.645        -1.23312     0.02770    -0.09245    -1.16837
     33.795        -1.23034     0.02770    -0.09240    -1.16564
     33.945        -1.22756     0.02771    -0.09235    -1.16292
     34.095        -1.22480     0.02771    -0.09230    -1.16020
     34.245        -1.22204     0.02771    -0.09225    -1.15750
     34.395        -1.21929     0.02771    -0.09220    -1.15481
     34.545        -1.21657     0.02772    -0.09215    -1.15213
     34.695        -1.21385     0.02772    -0.09210    -1.14946
     34.845        -1.21114     0.02772    -0.09206    -1.14681
     34.995        -1.20846     0.02772    -0.09201    -1.14418
     35.145        -1.20578     0.02773    -0.09196    -1.14155
     35.295        -1.20312     0.02773    -0.09191    -1.13894
     35.445        -1.20046     0.02773    -0.09186    -1.13634
     35.595        -1.19782     0.02774    -0.09181    -1.13375
     35.745        -1.19519     0.02774    -0.09176    -1.13116
     35.895        -1.19257     0.02774    -0.09172    -1.12860
     36.045        -1.18996     0.02774    -0.09167    -1.12604
     36.195        -1.18736     0.02775    -0.09162    -1.12349
     36.345        -1.18479     0.02775    -0.09157    -1.12096
     36.495        -1.18221     0.02775    -0.09152    -1.11844
     36.645        -1.17966     0.02775    -0.09148    -1.11594
     36.795        -1.17711     0.02776    -0.09143    -1.11344
     36.945        -1.17459     0.02776    -0.09138    -1.11096
     37.095        -1.17207     0.02776    -0.09134    -1.10849
     37.245        -1.16956     0.02776    -0.09129    -1.10602
     37.395        -1.16705     0.02777    -0.09125    -1.10357
     37.545        -1.16457     0.02777    -0.09121    -1.10113
     37.695        -1.16207     0.02777    -0.09116    -1.09868
     37.845        -1.15960     0.02777    -0.09112    -1.09626
     37.995        -1.15715     0.02777    -0.09107    -1.09385
     38.145        -1.15470     0.02777    -0.09103    -1.09145
     38.295        -1.15226     0.02778    -0.09098    -1.08906
     38.445        -1.14985     0.02778    -0.09094    -1.08669
     38.595        -1.14745     0.02778    -0.09090    -1.08433
     38.745        -1.14505     0.02778    -0.09085    -1.08198
     38.895        -1.14266     0.02779    -0.09081    -1.07963
     39.045        -1.14028     0.02779    -0.09077    -1.07730
     39.195        -1.13790     0.02779    -0.09072    -1.07497
     39.345        -1.13555     0.02780    -0.09068    -1.07266
     39.495        -1.13321     0.02780    -0.09064    -1.07036
     39.645        -1.13086     0.02780    -0.09060    -1.06806
     39.795        -1.12853     0.02780    -0.09056    -1.06578
     39.945        -1.12620     0.02780    -0.09051    -1.06349
     40.095        -1.12388     0.02781    -0.09047    -1.06122
     40.245        -1.12158     0.02781    -0.09043    -1.05896
     40.395        -1.11930     0.02781    -0.09039    -1.05672
     40.545        -1.11703     0.02781    -0.09035    -1.05449
     40.695        -1.11475     0.02782    -0.09031    -1.05226
     40.845        -1.11247     0.02782    -0.09027    -1.05002
     40.995        -1.11022     0.02782    -0.09023    -1.04781
     41.145        -1.10797     0.02782    -0.09018    -1.04561
     41.295        -1.10574     0.02783    -0.09014    -1.04342
     41.445        -1.10352     0.02783    -0.09010    -1.04124
     41.595        -1.10131     0.02783    -0.09006    -1.03907
     41.745        -1.09910     0.02783    -0.09002    -1.03691
     41.895        -1.09690     0.02783    -0.08998    -1.03475
     42.045        -1.09471     0.02784    -0.08994    -1.03261
     42.195        -1.09253     0.02784    -0.08990    -1.03047
     42.345        -1.09036     0.02784    -0.08987    -1.02833
     42.495        -1.08820     0.02784    -0.08983    -1.02622
     42.645        -1.08603     0.02785    -0.08978    -1.02410
     42.795        -1.08389     0.02785    -0.08974    -1.02200
     42.945        -1.08174     0.02785    -0.08971    -1.01989
     43.095        -1.07961     0.02785    -0.08967    -1.01779
     43.245        -1.07747     0.02786    -0.08963    -1.01570
     43.395        -1.07536     0.02786    -0.08959    -1.01362
     43.545        -1.07325     0.02786    -0.08955    -1.01156
     43.695        -1.07113     0.02786    -0.08951    -1.00949
     43.845        -1.06904     0.02787    -0.08947    -1.00743
     43.995        -1.06695     0.02787    -0.08944    -1.00538
     44.145        -1.06486     0.02787    -0.08940    -1.00334
     44.295        -1.06278     0.02787    -0.08936    -1.00130
     44.445        -1.06074     0.02787    -0.08933    -0.99928
     44.595        -1.05869     0.02788    -0.08929    -0.99728
     44.745        -1.05665     0.02788    -0.08925    -0.99528
     44.895        -1.05462     0.02788    -0.08921    -0.99329
     45.045        -1.05259     0.02788    -0.08918    -0.99130
     45.195        -1.05058     0.02788    -0.08914    -0.98932
     45.345        -1.04854     0.02789    -0.08910    -0.98732
     45.495        -1.04653     0.02789    -0.08907    -0.98535
     45.645        -1.04454     0.02789    -0.08903    -0.98340
     45.795        -1.04256     0.02789    -0.08899    -0.98145
     45.945        -1.04058     0.02789    -0.08896    -0.97952
     46.095        -1.03859     0.02790    -0.08892    -0.97757
     46.245        -1.03663     0.02790    -0.08888    -0.97564
     46.395        -1.03467     0.02790    -0.08885    -0.97372
     46.545        -1.03272     0.02790    -0.08882    -0.97180
     46.695        -1.03078     0.02790    -0.08878    -0.96990
     46.845        -1.02884     0.02791    -0.08874    -0.96800
     46.995        -1.02691     0.02791    -0.08871    -0.96611
     47.145        -1.02497     0.02791    -0.08867    -0.96420
     47.295        -1.02305     0.02791    -0.08864    -0.96232
     47.445        -1.02114     0.02791    -0.08860    -0.96045
     47.595        -1.01923     0.02791    -0.08856    -0.95859
     47.745        -1.01732     0.02792    -0.08853    -0.95671
     47.895        -1.01543     0.02792    -0.08850    -0.95485
     48.045        -1.01354     0.02792    -0.08846    -0.95300
     48.195        -1.01167     0.02792    -0.08843    -0.95116
     48.345        -1.00979     0.02792    -0.08839    -0.94932
     48.495        -1.00793     0.02793    -0.08836    -0.94749
     48.645        -1.00607     0.02793    -0.08833    -0.94567
     48.795        -1.00421     0.02793    -0.08829    -0.94385
     48.945        -1.00237     0.02793    -0.08826    -0.94205
     49.095        -1.00053     0.02793    -0.08823    -0.94024
     49.245        -0.99869     0.02794    -0.08819    -0.93844
     49.395        -0.99685     0.02794    -0.08816    -0.93663
     49.545        -0.99503     0.02794    -0.08813    -0.93484
     49.695        -0.99320     0.02794    -0.08809    -0.93305
     49.845        -0.99140     0.02795    -0.08806    -0.93129
     49.995        -0.98959     0.02795    -0.08802    -0.92952
     50.145        -0.98780     0.02795    -0.08799    -0.92776
     50.295        -0.98600     0.02795    -0.08796    -0.92600
     50.445        -0.98423     0.02795    -0.08792    -0.92425
     50.595        -0.98245     0.02795    -0.08789    -0.92251
     50.745        -0.98068     0.02796    -0.08786    -0.92077
     50.895        -0.97891     0.02796    -0.08783    -0.91904
     51.045        -0.97715     0.02796    -0.08780    -0.91731
     51.195        -0.97539     0.02796    -0.08777    -0.91559
     51.345        -0.97364     0.02796    -0.08773    -0.91387
     51.495        -0.97189     0.02797    -0.08770    -0.91216
     51.645        -0.97014     0.02797    -0.08767    -0.91044
     51.795        -0.96840     0.02797    -0.08764    -0.90873
     51.945        -0.96666     0.02797    -0.08761    -0.90702
     52.095        -0.96494     0.02797    -0.08758    -0.90534
     52.245        -0.96323     0.02798    -0.08755    -0.90366
     52.395        -0.96152     0.02798    -0.08752    -0.90198
     52.545        -0.95980     0.02798    -0.08749    -0.90029
     52.695        -0.95808     0.02798    -0.08745    -0.89861
     52.845        -0.95638     0.02798    -0.08742    -0.89694
     52.995        -0.95468     0.02799    -0.08739    -0.89528
     53.145        -0.95298     0.02799    -0.08736    -0.89361
     53.295        -0.95131     0.02799    -0.08733    -0.89197
     53.445        -0.94962     0.02799    -0.08730    -0.89031
     53.595        -0.94794     0.02799    -0.08727    -0.88866
     53.745        -0.94627     0.02799    -0.08724    -0.88703
     53.895        -0.94462     0.02800    -0.08721    -0.88540
     54.045        -0.94295     0.02800    -0.08717    -0.88377
     54.195        -0.94129     0.02800    -0.08714    -0.88215
     54.345        -0.93965     0.02800    -0.08711    -0.88053
     54.495        -0.93802     0.02800    -0.08708    -0.87893
     54.645        -0.93639     0.02800    -0.08706    -0.87734
     54.795        -0.93476     0.02800    -0.08703    -0.87574
     54.945        -0.93315     0.02800    -0.08700    -0.87415
     55.095        -0.93153     0.02800    -0.08697    -0.87256
     59.433        -0.80510     0.02814    -0.08467    -0.74857
     80.646        -0.62280     0.02831    -0.08132    -0.56979
     111.21        -0.44840     0.02849    -0.07811    -0.39877
     153.36        -0.28187     0.02865    -0.07503    -0.23548
     211.49        -0.12308     0.02881    -0.07209    -0.07980
     291.64         0.02825     0.02896    -0.06930     0.06859
     402.18         0.17210     0.02910    -0.06664     0.20964
     554.60         0.30858     0.02922    -0.06410     0.34346
     764.80         0.43816     0.02932    -0.06171     0.47055
     1054.7         0.56097     0.02942    -0.05943     0.59099
     1454.4         0.67742     0.02951    -0.05729     0.70520
     2005.6         0.78783     0.02959    -0.05524     0.81348
     2765.8         0.89230     0.02967    -0.05331     0.91594
     3814.0         0.99133     0.02973    -0.05147     1.01307
     5259.5         1.08509     0.02978    -0.04975     1.10507
     7252.9         1.17388     0.02982    -0.04814     1.19220
     10002.         1.25791     0.02985    -0.04660     1.27466
     13793.         1.33749     0.02988    -0.04516     1.35277
     19020.         1.41281     0.02989    -0.04379     1.42671
     26229.         1.48410     0.02990    -0.04250     1.49670
     36170.         1.55158     0.02990    -0.04129     1.56297
     49878.         1.61541     0.02990    -0.04014     1.62566
     68782.         1.67593     0.02989    -0.03906     1.68511
     94851.         1.73315     0.02987    -0.03804     1.74133
    0.13080E+06     1.78730     0.02985    -0.03708     1.79453
    0.18038E+06     1.83859     0.02983    -0.03616     1.84493
    0.24874E+06     1.88708     0.02980    -0.03528     1.89257
    0.34301E+06     1.93305     0.02977    -0.03447     1.93776
    0.47302E+06     1.97652     0.02973    -0.03370     1.98048
    0.65229E+06     2.01769     0.02970    -0.03297     2.02096
    0.89952E+06     2.05665     0.02966    -0.03228     2.05927
    0.12404E+07     2.09347     0.02961    -0.03162     2.09548
    0.17106E+07     2.12832     0.02957    -0.03099     2.12974
    0.23589E+07     2.16130     0.02953    -0.03041     2.16218
    0.32529E+07     2.19253     0.02948    -0.02986     2.19291
    0.44858E+07     2.22203     0.02944    -0.02935     2.22193
    0.61860E+07     2.24992     0.02940    -0.02886     2.24938
    0.85305E+07     2.27630     0.02935    -0.02840     2.27534
    0.11764E+08     2.30132     0.02930    -0.02795     2.29997
    0.16222E+08     2.32498     0.02926    -0.02754     2.32326
    0.22370E+08     2.34732     0.02922    -0.02715     2.34526
    0.30849E+08     2.36846     0.02918    -0.02678     2.36606
    0.42541E+08     2.38849     0.02914    -0.02643     2.38578
    0.58664E+08     2.40747     0.02910    -0.02609     2.40446
    0.80898E+08     2.42539     0.02906    -0.02577     2.42210
    0.11156E+09     2.44234     0.02903    -0.02548     2.43879
    0.15384E+09     2.45838     0.02900    -0.02520     2.45458
    0.21215E+09     2.47354     0.02897    -0.02494     2.46951
    0.29255E+09     2.48793     0.02895    -0.02469     2.48368
    0.40343E+09     2.50156     0.02892    -0.02446     2.49709
    0.55633E+09     2.51446     0.02890    -0.02423     2.50980
    0.76719E+09     2.52652     0.02888    -0.02402     2.52166
    0.10580E+10     2.53735     0.02886    -0.02382     2.53231
    0.14589E+10     2.54728     0.02884    -0.02363     2.54208
    0.20119E+10     2.55635     0.02882    -0.02346     2.55099
    0.27744E+10     2.56475     0.02881    -0.02329     2.55924
    0.38259E+10     2.57248     0.02879    -0.02313     2.56682
    0.52760E+10     2.57958     0.02878    -0.02297     2.57378
    0.72756E+10     2.58615     0.02876    -0.02283     2.58022
    0.10033E+11     2.59222     0.02875    -0.02269     2.58617
    0.13836E+11     2.59785     0.02874    -0.02256     2.59167
    0.19079E+11     2.60302     0.02873    -0.02245     2.59674
    0.26311E+11     2.60779     0.02872    -0.02234     2.60141
    0.36283E+11     2.61219     0.02871    -0.02224     2.60573
    0.50034E+11     2.61627     0.02870    -0.02216     2.60973
    0.68997E+11     2.62002     0.02869    -0.02207     2.61340
    0.10000E+12     2.66501     0.02859    -0.02110     2.65752
