    -99.945         0.00000     0.00000     0.00000     0.00000
    -99.795         0.00000     0.00000     0.00000     0.00000
    -99.645         0.00000     0.00000     0.00000     0.00000
    -99.495         0.00000     0.00000     0.00000     0.00000
    -99.345         0.00000     0.00000     0.00000     0.00000
    -99.195         0.00000     0.00000     0.00000     0.00000
    -99.045         0.00000     0.00000     0.00000     0.00000
    -98.895         0.00000     0.00000     0.00000     0.00000
    -98.745         0.00000     0.00000     0.00000     0.00000
    -98.595         0.00000     0.00000     0.00000     0.00000
    -98.445         0.00000     0.00000     0.00000     0.00000
    -98.295         0.00000     0.00000     0.00000     0.00000
    -98.145         0.00000     0.00000     0.00000     0.00000
    -97.995         0.00000     0.00000     0.00000     0.00000
    -97.845         0.00000     0.00000     0.00000     0.00000
    -97.695         0.00000     0.00000     0.00000     0.00000
    -97.545         0.00000     0.00000     0.00000     0.00000
    -97.395         0.00000     0.00000     0.00000     0.00000
    -97.245         0.00000     0.00000     0.00000     0.00000
    -97.095         0.00000     0.00000     0.00000     0.00000
    -96.945         0.00000     0.00000     0.00000     0.00000
    -96.795         0.00000     0.00000     0.00000     0.00000
    -96.645         0.00000     0.00000     0.00000     0.00000
    -96.495         0.00000     0.00000     0.00000     0.00000
    -96.345         0.00000     0.00000     0.00000     0.00000
    -96.195         0.00000     0.00000     0.00000     0.00000
    -96.045         0.00000     0.00000     0.00000     0.00000
    -95.895         0.00000     0.00000     0.00000     0.00000
    -95.745         0.00000     0.00000     0.00000     0.00000
    -95.595         0.00000     0.00000     0.00000     0.00000
    -95.445         0.00000     0.00000     0.00000     0.00000
    -95.295         0.00000     0.00000     0.00000     0.00000
    -95.145         0.00000     0.00000     0.00000     0.00000
    -94.995         0.00000     0.00000     0.00000     0.00000
    -94.845         0.00000     0.00000     0.00000     0.00000
    -94.695         0.00000     0.00000     0.00000     0.00000
    -94.545         0.00000     0.00000     0.00000     0.00000
    -94.395         0.00000     0.00000     0.00000     0.00000
    -94.245         0.00000     0.00000     0.00000     0.00000
    -94.095         0.00000     0.00000     0.00000     0.00000
    -93.945         0.00000     0.00000     0.00000     0.00000
    -93.795         0.00000     0.00000     0.00000     0.00000
    -93.645         0.00000     0.00000     0.00000     0.00000
    -93.495         0.00000     0.00000     0.00000     0.00000
    -93.345         0.00000     0.00000     0.00000     0.00000
    -93.195         0.00000     0.00000     0.00000     0.00000
    -93.045         0.00000     0.00000     0.00000     0.00000
    -92.895         0.00000     0.00000     0.00000     0.00000
    -92.745         0.00000     0.00000     0.00000     0.00000
    -92.595         0.00000     0.00000     0.00000     0.00000
    -92.445         0.00000     0.00000     0.00000     0.00000
    -92.295         0.00000     0.00000     0.00000     0.00000
    -92.145         0.00000     0.00000     0.00000     0.00000
    -91.995         0.00000     0.00000     0.00000     0.00000
    -91.845         0.00000     0.00000     0.00000     0.00000
    -91.695         0.00000     0.00000     0.00000     0.00000
    -91.545         0.00000     0.00000     0.00000     0.00000
    -91.395         0.00000     0.00000     0.00000     0.00000
    -91.245         0.00000     0.00000     0.00000     0.00000
    -91.095         0.00000     0.00000     0.00000     0.00000
    -90.945         0.00000     0.00000     0.00000     0.00000
    -90.795         0.00000     0.00000     0.00000     0.00000
    -90.645         0.00000     0.00000     0.00000     0.00000
    -90.495         0.00000     0.00000     0.00000     0.00000
    -90.345         0.00000     0.00000     0.00000     0.00000
    -90.195         0.00000     0.00000     0.00000     0.00000
    -90.045         0.00000     0.00000     0.00000     0.00000
    -89.895         0.00000     0.00000     0.00000     0.00000
    -89.745         0.00000     0.00000     0.00000     0.00000
    -89.595         0.00000     0.00000     0.00000     0.00000
    -89.445         0.00000     0.00000     0.00000     0.00000
    -89.295         0.00000     0.00000     0.00000     0.00000
    -89.145         0.00000     0.00000     0.00000     0.00000
    -88.995         0.00000     0.00000     0.00000     0.00000
    -88.845         0.00000     0.00000     0.00000     0.00000
    -88.695         0.00000     0.00000     0.00000     0.00000
    -88.545         0.00000     0.00000     0.00000     0.00000
    -88.395         0.00000     0.00000     0.00000     0.00000
    -88.245         0.00000     0.00000     0.00000     0.00000
    -88.095         0.00000     0.00000     0.00000     0.00000
    -87.945         0.00000     0.00000     0.00000     0.00000
    -87.795         0.00000     0.00000     0.00000     0.00000
    -87.645         0.00000     0.00000     0.00000     0.00000
    -87.495         0.00000     0.00000     0.00000     0.00000
    -87.345         0.00000     0.00000     0.00000     0.00000
    -87.195         0.00000     0.00000     0.00000     0.00000
    -87.045         0.00000     0.00000     0.00000     0.00000
    -86.895         0.00000     0.00000     0.00000     0.00000
    -86.745         0.00000     0.00000     0.00000     0.00000
    -86.595         0.00000     0.00000     0.00000     0.00000
    -86.445         0.00000     0.00000     0.00000     0.00000
    -86.295         0.00000     0.00000     0.00000     0.00000
    -86.145         0.00000     0.00000     0.00000     0.00000
    -85.995         0.00000     0.00000     0.00000     0.00000
    -85.845         0.00000     0.00000     0.00000     0.00000
    -85.695         0.00000     0.00000     0.00000     0.00000
    -85.545         0.00000     0.00000     0.00000     0.00000
    -85.395         0.00000     0.00000     0.00000     0.00000
    -85.245         0.00000     0.00000     0.00000     0.00000
    -85.095         0.00000     0.00000     0.00000     0.00000
    -84.945         0.00000     0.00000     0.00000     0.00000
    -84.795         0.00000     0.00000     0.00000     0.00000
    -84.645         0.00000     0.00000     0.00000     0.00000
    -84.495         0.00000     0.00000     0.00000     0.00000
    -84.345         0.00000     0.00000     0.00000     0.00000
    -84.195         0.00000     0.00000     0.00000     0.00000
    -84.045         0.00000     0.00000     0.00000     0.00000
    -83.895         0.00000     0.00000     0.00000     0.00000
    -83.745         0.00000     0.00000     0.00000     0.00000
    -83.595         0.00000     0.00000     0.00000     0.00000
    -83.445         0.00000     0.00000     0.00000     0.00000
    -83.295         0.00000     0.00000     0.00000     0.00000
    -83.145         0.00000     0.00000     0.00000     0.00000
    -82.995         0.00000     0.00000     0.00000     0.00000
    -82.845         0.00000     0.00000     0.00000     0.00000
    -82.695         0.00000     0.00000     0.00000     0.00000
    -82.545         0.00000     0.00000     0.00000     0.00000
    -82.395         0.00000     0.00000     0.00000     0.00000
    -82.245         0.00000     0.00000     0.00000     0.00000
    -82.095         0.00000     0.00000     0.00000     0.00000
    -81.945         0.00000     0.00000     0.00000     0.00000
    -81.795         0.00000     0.00000     0.00000     0.00000
    -81.645         0.00000     0.00000     0.00000     0.00000
    -81.495         0.00000     0.00000     0.00000     0.00000
    -81.345         0.00000     0.00000     0.00000     0.00000
    -81.195         0.00000     0.00000     0.00000     0.00000
    -81.045         0.00000     0.00000     0.00000     0.00000
    -80.895         0.00000     0.00000     0.00000     0.00000
    -80.745         0.00000     0.00000     0.00000     0.00000
    -80.595         0.00000     0.00000     0.00000     0.00000
    -80.445         0.00000     0.00000     0.00000     0.00000
    -80.295         0.00000     0.00000     0.00000     0.00000
    -80.145         0.00000     0.00000     0.00000     0.00000
    -79.995         0.00000     0.00000     0.00000     0.00000
    -79.845         0.00000     0.00000     0.00000     0.00000
    -79.695         0.00000     0.00000     0.00000     0.00000
    -79.545         0.00000     0.00000     0.00000     0.00000
    -79.395         0.00000     0.00000     0.00000     0.00000
    -79.245         0.00000     0.00000     0.00000     0.00000
    -79.095         0.00000     0.00000     0.00000     0.00000
    -78.945         0.00000     0.00000     0.00000     0.00000
    -78.795         0.00000     0.00000     0.00000     0.00000
    -78.645         0.00000     0.00000     0.00000     0.00000
    -78.495         0.00000     0.00000     0.00000     0.00000
    -78.345         0.00000     0.00000     0.00000     0.00000
    -78.195         0.00000     0.00000     0.00000     0.00000
    -78.045         0.00000     0.00000     0.00000     0.00000
    -77.895         0.00000     0.00000     0.00000     0.00000
    -77.745         0.00000     0.00000     0.00000     0.00000
    -77.595         0.00000     0.00000     0.00000     0.00000
    -77.445         0.00000     0.00000     0.00000     0.00000
    -77.295         0.00000     0.00000     0.00000     0.00000
    -77.145         0.00000     0.00000     0.00000     0.00000
    -76.995         0.00000     0.00000     0.00000     0.00000
    -76.845         0.00000     0.00000     0.00000     0.00000
    -76.695         0.00000     0.00000     0.00000     0.00000
    -76.545         0.00000     0.00000     0.00000     0.00000
    -76.395         0.00000     0.00000     0.00000     0.00000
    -76.245         0.00000     0.00000     0.00000     0.00000
    -76.095         0.00000     0.00000     0.00000     0.00000
    -75.945         0.00000     0.00000     0.00000     0.00000
    -75.795         0.00000     0.00000     0.00000     0.00000
    -75.645         0.00000     0.00000     0.00000     0.00000
    -75.495         0.00000     0.00000     0.00000     0.00000
    -75.345         0.00000     0.00000     0.00000     0.00000
    -75.195         0.00000     0.00000     0.00000     0.00000
    -75.045         0.00000     0.00000     0.00000     0.00000
    -74.895         0.00000     0.00000     0.00000     0.00000
    -74.745         0.00000     0.00000     0.00000     0.00000
    -74.595         0.00000     0.00000     0.00000     0.00000
    -74.445         0.00000     0.00000     0.00000     0.00000
    -74.295         0.00000     0.00000     0.00000     0.00000
    -74.145         0.00000     0.00000     0.00000     0.00000
    -73.995         0.00000     0.00000     0.00000     0.00000
    -73.845         0.00000     0.00000     0.00000     0.00000
    -73.695         0.00000     0.00000     0.00000     0.00000
    -73.545         0.00000     0.00000     0.00000     0.00000
    -73.395         0.00000     0.00000     0.00000     0.00000
    -73.245         0.00000     0.00000     0.00000     0.00000
    -73.095         0.00000     0.00000     0.00000     0.00000
    -72.945         0.00000     0.00000     0.00000     0.00000
    -72.795         0.00000     0.00000     0.00000     0.00000
    -72.645         0.00000     0.00000     0.00000     0.00000
    -72.495         0.00000     0.00000     0.00000     0.00000
    -72.345         0.00000     0.00000     0.00000     0.00000
    -72.195         0.00000     0.00000     0.00000     0.00000
    -72.045         0.00000     0.00000     0.00000     0.00000
    -71.895         0.00000     0.00000     0.00000     0.00000
    -71.745         0.00000     0.00000     0.00000     0.00000
    -71.595         0.00000     0.00000     0.00000     0.00000
    -71.445         0.00000     0.00000     0.00000     0.00000
    -71.295         0.00000     0.00000     0.00000     0.00000
    -71.145         0.00000     0.00000     0.00000     0.00000
    -70.995         0.00000     0.00000     0.00000     0.00000
    -70.845         0.00000     0.00000     0.00000     0.00000
    -70.695         0.00000     0.00000     0.00000     0.00000
    -70.545         0.00000     0.00000     0.00000     0.00000
    -70.395         0.00000     0.00000     0.00000     0.00000
    -70.245         0.00000     0.00000     0.00000     0.00000
    -70.095         0.00000     0.00000     0.00000     0.00000
    -69.945         0.00000     0.00000     0.00000     0.00000
    -69.795         0.00000     0.00000     0.00000     0.00000
    -69.645         0.00000     0.00000     0.00000     0.00000
    -69.495         0.00000     0.00000     0.00000     0.00000
    -69.345         0.00000     0.00000     0.00000     0.00000
    -69.195         0.00000     0.00000     0.00000     0.00000
    -69.045         0.00000     0.00000     0.00000     0.00000
    -68.895         0.00000     0.00000     0.00000     0.00000
    -68.745         0.00000     0.00000     0.00000     0.00000
    -68.595         0.00000     0.00000     0.00000     0.00000
    -68.445         0.00000     0.00000     0.00000     0.00000
    -68.295         0.00000     0.00000     0.00000     0.00000
    -68.145         0.00000     0.00000     0.00000     0.00000
    -67.995         0.00000     0.00000     0.00000     0.00000
    -67.845         0.00000     0.00000     0.00000     0.00000
    -67.695         0.00000     0.00000     0.00000     0.00000
    -67.545         0.00000     0.00000     0.00000     0.00000
    -67.395         0.00000     0.00000     0.00000     0.00000
    -67.245         0.00000     0.00000     0.00000     0.00000
    -67.095         0.00000     0.00000     0.00000     0.00000
    -66.945         0.00000     0.00000     0.00000     0.00000
    -66.795         0.00000     0.00000     0.00000     0.00000
    -66.645         0.00000     0.00000     0.00000     0.00000
    -66.495         0.00000     0.00000     0.00000     0.00000
    -66.345         0.00000     0.00000     0.00000     0.00000
    -66.195         0.00000     0.00000     0.00000     0.00000
    -66.045         0.00000     0.00000     0.00000     0.00000
    -65.895         0.00000     0.00000     0.00000     0.00000
    -65.745         0.00000     0.00000     0.00000     0.00000
    -65.595         0.00000     0.00000     0.00000     0.00000
    -65.445         0.00000     0.00000     0.00000     0.00000
    -65.295         0.00000     0.00000     0.00000     0.00000
    -65.145         0.00000     0.00000     0.00000     0.00000
    -64.995         0.00000     0.00000     0.00000     0.00000
    -64.845         0.00000     0.00000     0.00000     0.00000
    -64.695         0.00000     0.00000     0.00000     0.00000
    -64.545         0.00000     0.00000     0.00000     0.00000
    -64.395         0.00000     0.00000     0.00000     0.00000
    -64.245         0.00000     0.00000     0.00000     0.00000
    -64.095         0.00000     0.00000     0.00000     0.00000
    -63.945         0.00000     0.00000     0.00000     0.00000
    -63.795         0.00000     0.00000     0.00000     0.00000
    -63.645         0.00000     0.00000     0.00000     0.00000
    -63.495         0.00000     0.00000     0.00000     0.00000
    -63.345         0.00000     0.00000     0.00000     0.00000
    -63.195         0.00000     0.00000     0.00000     0.00000
    -63.045         0.00000     0.00000     0.00000     0.00000
    -62.895         0.00000     0.00000     0.00000     0.00000
    -62.745         0.00000     0.00000     0.00000     0.00000
    -62.595         0.00000     0.00000     0.00000     0.00000
    -62.445         0.00000     0.00000     0.00000     0.00000
    -62.295         0.00000     0.00000     0.00000     0.00000
    -62.145         0.00000     0.00000     0.00000     0.00000
    -61.995         0.00000     0.00000     0.00000     0.00000
    -61.845         0.00000     0.00000     0.00000     0.00000
    -61.695         0.00000     0.00000     0.00000     0.00000
    -61.545         0.00000     0.00000     0.00000     0.00000
    -61.395         0.00000     0.00000     0.00000     0.00000
    -61.245         0.00000     0.00000     0.00000     0.00000
    -61.095         0.00000     0.00000     0.00000     0.00000
    -60.945         0.00000     0.00000     0.00000     0.00000
    -60.795         0.00000     0.00000     0.00000     0.00000
    -60.645         0.00000     0.00000     0.00000     0.00000
    -60.495         0.00000     0.00000     0.00000     0.00000
    -60.345         0.00000     0.00000     0.00000     0.00000
    -60.195         0.00000     0.00000     0.00000     0.00000
    -60.045         0.00000     0.00000     0.00000     0.00000
    -59.895         0.00000     0.00000     0.00000     0.00000
    -59.745         0.00000     0.00000     0.00000     0.00000
    -59.595         0.00000     0.00000     0.00000     0.00000
    -59.445         0.00000     0.00000     0.00000     0.00000
    -59.295         0.00000     0.00000     0.00000     0.00000
    -59.145         0.00000     0.00000     0.00000     0.00000
    -58.995         0.00000     0.00000     0.00000     0.00000
    -58.845         0.00000     0.00000     0.00000     0.00000
    -58.695         0.00000     0.00000     0.00000     0.00000
    -58.545         0.00000     0.00000     0.00000     0.00000
    -58.395         0.00000     0.00000     0.00000     0.00000
    -58.245         0.00000     0.00000     0.00000     0.00000
    -58.095         0.00000     0.00000     0.00000     0.00000
    -57.945         0.00000     0.00000     0.00000     0.00000
    -57.795         0.00000     0.00000     0.00000     0.00000
    -57.645         0.00000     0.00000     0.00000     0.00000
    -57.495         0.00000     0.00000     0.00000     0.00000
    -57.345         0.00000     0.00000     0.00000     0.00000
    -57.195         0.00000     0.00000     0.00000     0.00000
    -57.045         0.00000     0.00000     0.00000     0.00000
    -56.895         0.00000     0.00000     0.00000     0.00000
    -56.745         0.00000     0.00000     0.00000     0.00000
    -56.595         0.00000     0.00000     0.00000     0.00000
    -56.445         0.00000     0.00000     0.00000     0.00000
    -56.295         0.00000     0.00000     0.00000     0.00000
    -56.145         0.00000     0.00000     0.00000     0.00000
    -55.995         0.00000     0.00000     0.00000     0.00000
    -55.845         0.00000     0.00000     0.00000     0.00000
    -55.695         0.00000     0.00000     0.00000     0.00000
    -55.545         0.00000     0.00000     0.00000     0.00000
    -55.395         0.00000     0.00000     0.00000     0.00000
    -55.245         0.00000     0.00000     0.00000     0.00000
    -55.095         0.00000     0.00000     0.00000     0.00000
    -54.945         0.00000     0.00000     0.00000     0.00000
    -54.795         0.00000     0.00000     0.00000     0.00000
    -54.645         0.00000     0.00000     0.00000     0.00000
    -54.495         0.00000     0.00000     0.00000     0.00000
    -54.345         0.00000     0.00000     0.00000     0.00000
    -54.195         0.00000     0.00000     0.00000     0.00000
    -54.045         0.00000     0.00000     0.00000     0.00000
    -53.895         0.00000     0.00000     0.00000     0.00000
    -53.745         0.00000     0.00000     0.00000     0.00000
    -53.595         0.00000     0.00000     0.00000     0.00000
    -53.445         0.00000     0.00000     0.00000     0.00000
    -53.295         0.00000     0.00000     0.00000     0.00000
    -53.145         0.00000     0.00000     0.00000     0.00000
    -52.995         0.00000     0.00000     0.00000     0.00000
    -52.845         0.00000     0.00000     0.00000     0.00000
    -52.695         0.00000     0.00000     0.00000     0.00000
    -52.545         0.00000     0.00000     0.00000     0.00000
    -52.395         0.00000     0.00000     0.00000     0.00000
    -52.245         0.00000     0.00000     0.00000     0.00000
    -52.095         0.00000     0.00000     0.00000     0.00000
    -51.945         0.00000     0.00000     0.00000     0.00000
    -51.795         0.00000     0.00000     0.00000     0.00000
    -51.645         0.00000     0.00000     0.00000     0.00000
    -51.495         0.00000     0.00000     0.00000     0.00000
    -51.345         0.00000     0.00000     0.00000     0.00000
    -51.195         0.00000     0.00000     0.00000     0.00000
    -51.045         0.00000     0.00000     0.00000     0.00000
    -50.895         0.00000     0.00000     0.00000     0.00000
    -50.745         0.00000     0.00000     0.00000     0.00000
    -50.595         0.00000     0.00000     0.00000     0.00000
    -50.445         0.00000     0.00000     0.00000     0.00000
    -50.295         0.00000     0.00000     0.00000     0.00000
    -50.145         0.00000     0.00000     0.00000     0.00000
    -49.995         0.00000     0.00000     0.00000     0.00000
    -49.845         0.00000     0.00000     0.00000     0.00000
    -49.695         0.00000     0.00000     0.00000     0.00000
    -49.545         0.00000     0.00000     0.00000     0.00000
    -49.395         0.00000     0.00000     0.00000     0.00000
    -49.245         0.00000     0.00000     0.00000     0.00000
    -49.095         0.00000     0.00000     0.00000     0.00000
    -48.945         0.00000     0.00000     0.00000     0.00000
    -48.795         0.00000     0.00000     0.00000     0.00000
    -48.645         0.00000     0.00000     0.00000     0.00000
    -48.495         0.00000     0.00000     0.00000     0.00000
    -48.345         0.00000     0.00000     0.00000     0.00000
    -48.195         0.00000     0.00000     0.00000     0.00000
    -48.045         0.00000     0.00000     0.00000     0.00000
    -47.895         0.00000     0.00000     0.00000     0.00000
    -47.745         0.00000     0.00000     0.00000     0.00000
    -47.595         0.00000     0.00000     0.00000     0.00000
    -47.445         0.00000     0.00000     0.00000     0.00000
    -47.295         0.00000     0.00000     0.00000     0.00000
    -47.145         0.00000     0.00000     0.00000     0.00000
    -46.995         0.00000     0.00000     0.00000     0.00000
    -46.845         0.00000     0.00000     0.00000     0.00000
    -46.695         0.00000     0.00000     0.00000     0.00000
    -46.545         0.00000     0.00000     0.00000     0.00000
    -46.395         0.00000     0.00000     0.00000     0.00000
    -46.245         0.00000     0.00000     0.00000     0.00000
    -46.095         0.00000     0.00000     0.00000     0.00000
    -45.945         0.00000     0.00000     0.00000     0.00000
    -45.795         0.00000     0.00000     0.00000     0.00000
    -45.645         0.00000     0.00000     0.00000     0.00000
    -45.495         0.00000     0.00000     0.00000     0.00000
    -45.345         0.00000     0.00000     0.00000     0.00000
    -45.195         0.00000     0.00000     0.00000     0.00000
    -45.045         0.00000     0.00000     0.00000     0.00000
    -44.895         0.00000     0.00000     0.00000     0.00000
    -44.745         0.00000     0.00000     0.00000     0.00000
    -44.595         0.00000     0.00000     0.00000     0.00000
    -44.445         0.00000     0.00000     0.00000     0.00000
    -44.295         0.00000     0.00000     0.00000     0.00000
    -44.145         0.00000     0.00000     0.00000     0.00000
    -43.995         0.00000     0.00000     0.00000     0.00000
    -43.845         0.00000     0.00000     0.00000     0.00000
    -43.695         0.00000     0.00000     0.00000     0.00000
    -43.545         0.00000     0.00000     0.00000     0.00000
    -43.395         0.00000     0.00000     0.00000     0.00000
    -43.245         0.00000     0.00000     0.00000     0.00000
    -43.095         0.00000     0.00000     0.00000     0.00000
    -42.945         0.00000     0.00000     0.00000     0.00000
    -42.795         0.00000     0.00000     0.00000     0.00000
    -42.645         0.00000     0.00000     0.00000     0.00000
    -42.495         0.00000     0.00000     0.00000     0.00000
    -42.345         0.00000     0.00000     0.00000     0.00000
    -42.195         0.00000     0.00000     0.00000     0.00000
    -42.045         0.00000     0.00000     0.00000     0.00000
    -41.895         0.00000     0.00000     0.00000     0.00000
    -41.745         0.00000     0.00000     0.00000     0.00000
    -41.595         0.00000     0.00000     0.00000     0.00000
    -41.445         0.00000     0.00000     0.00000     0.00000
    -41.295         0.00000     0.00000     0.00000     0.00000
    -41.145         0.00000     0.00000     0.00000     0.00000
    -40.995         0.00000     0.00000     0.00000     0.00000
    -40.845         0.00000     0.00000     0.00000     0.00000
    -40.695         0.00000     0.00000     0.00000     0.00000
    -40.545         0.00000     0.00000     0.00000     0.00000
    -40.395         0.00000     0.00000     0.00000     0.00000
    -40.245         0.00000     0.00000     0.00000     0.00000
    -40.095         0.00000     0.00000     0.00000     0.00000
    -39.945         0.00000     0.00000     0.00000     0.00000
    -39.795         0.00000     0.00000     0.00000     0.00000
    -39.645         0.00000     0.00000     0.00000     0.00000
    -39.495         0.00000     0.00000     0.00000     0.00000
    -39.345         0.00000     0.00000     0.00000     0.00000
    -39.195         0.00000     0.00000     0.00000     0.00000
    -39.045         0.00000     0.00000     0.00000     0.00000
    -38.895         0.00000     0.00000     0.00000     0.00000
    -38.745         0.00000     0.00000     0.00000     0.00000
    -38.595         0.00000     0.00000     0.00000     0.00000
    -38.445         0.00000     0.00000     0.00000     0.00000
    -38.295         0.00000     0.00000     0.00000     0.00000
    -38.145         0.00000     0.00000     0.00000     0.00000
    -37.995         0.00000     0.00000     0.00000     0.00000
    -37.845         0.00000     0.00000     0.00000     0.00000
    -37.695         0.00000     0.00000     0.00000     0.00000
    -37.545         0.00000     0.00000     0.00000     0.00000
    -37.395         0.00000     0.00000     0.00000     0.00000
    -37.245         0.00000     0.00000     0.00000     0.00000
    -37.095         0.00000     0.00000     0.00000     0.00000
    -36.945         0.00000     0.00000     0.00000     0.00000
    -36.795         0.00000     0.00000     0.00000     0.00000
    -36.645         0.00000     0.00000     0.00000     0.00000
    -36.495         0.00000     0.00000     0.00000     0.00000
    -36.345         0.00000     0.00000     0.00000     0.00000
    -36.195         0.00000     0.00000     0.00000     0.00000
    -36.045         0.00000     0.00000     0.00000     0.00000
    -35.895         0.00000     0.00000     0.00000     0.00000
    -35.745         0.00000     0.00000     0.00000     0.00000
    -35.595         0.00000     0.00000     0.00000     0.00000
    -35.445         0.00000     0.00000     0.00000     0.00000
    -35.295         0.00000     0.00000     0.00000     0.00000
    -35.145         0.00000     0.00000     0.00000     0.00000
    -34.995         0.00000     0.00000     0.00000     0.00000
    -34.845         0.00000     0.00000     0.00000     0.00000
    -34.695         0.00000     0.00000     0.00000     0.00000
    -34.545         0.00000     0.00000     0.00000     0.00000
    -34.395         0.00000     0.00000     0.00000     0.00000
    -34.245         0.00000     0.00000     0.00000     0.00000
    -34.095         0.00000     0.00000     0.00000     0.00000
    -33.945         0.00000     0.00000     0.00000     0.00000
    -33.795         0.00000     0.00000     0.00000     0.00000
    -33.645         0.00000     0.00000     0.00000     0.00000
    -33.495         0.00000     0.00000     0.00000     0.00000
    -33.345         0.00000     0.00000     0.00000     0.00000
    -33.195         0.00000     0.00000     0.00000     0.00000
    -33.045         0.00000     0.00000     0.00000     0.00000
    -32.895         0.00000     0.00000     0.00000     0.00000
    -32.745         0.00000     0.00000     0.00000     0.00000
    -32.595         0.00000     0.00000     0.00000     0.00000
    -32.445         0.00000     0.00000     0.00000     0.00000
    -32.295         0.00000     0.00000     0.00000     0.00000
    -32.145         0.00000     0.00000     0.00000     0.00000
    -31.995         0.00000     0.00000     0.00000     0.00000
    -31.845         0.00000     0.00000     0.00000     0.00000
    -31.695         0.00000     0.00000     0.00000     0.00000
    -31.545         0.00000     0.00000     0.00000     0.00000
    -31.395         0.00000     0.00000     0.00000     0.00000
    -31.245         0.00000     0.00000     0.00000     0.00000
    -31.095         0.00000     0.00000     0.00000     0.00000
    -30.945         0.00000     0.00000     0.00000     0.00000
    -30.795         0.00000     0.00000     0.00000     0.00000
    -30.645         0.00000     0.00000     0.00000     0.00000
    -30.495         0.00000     0.00000     0.00000     0.00000
    -30.345         0.00000     0.00000     0.00000     0.00000
    -30.195         0.00000     0.00000     0.00000     0.00000
    -30.045         0.00000     0.00000     0.00000     0.00000
    -29.895         0.00000     0.00000     0.00000     0.00000
    -29.745         0.00000     0.00000     0.00000     0.00000
    -29.595         0.00000     0.00000     0.00000     0.00000
    -29.445         0.00000     0.00000     0.00000     0.00000
    -29.295         0.00000     0.00000     0.00000     0.00000
    -29.145         0.00000     0.00000     0.00000     0.00000
    -28.995         0.00000     0.00000     0.00000     0.00000
    -28.845         0.00000     0.00000     0.00000     0.00000
    -28.695         0.00000     0.00000     0.00000     0.00000
    -28.545         0.00000     0.00000     0.00000     0.00000
    -28.395         0.00000     0.00000     0.00000     0.00000
    -28.245         0.00000     0.00000     0.00000     0.00000
    -28.095         0.00000     0.00000     0.00000     0.00000
    -27.945         0.00000     0.00000     0.00000     0.00000
    -27.795         0.00000     0.00000     0.00000     0.00000
    -27.645         0.00000     0.00000     0.00000     0.00000
    -27.495         0.00000     0.00000     0.00000     0.00000
    -27.345         0.00000     0.00000     0.00000     0.00000
    -27.195         0.00000     0.00000     0.00000     0.00000
    -27.045         0.00000     0.00000     0.00000     0.00000
    -26.895         0.00000     0.00000     0.00000     0.00000
    -26.745         0.00000     0.00000     0.00000     0.00000
    -26.595         0.00000     0.00000     0.00000     0.00000
    -26.445         0.00000     0.00000     0.00000     0.00000
    -26.295         0.00000     0.00000     0.00000     0.00000
    -26.145         0.00000     0.00000     0.00000     0.00000
    -25.995         0.00000     0.00000     0.00000     0.00000
    -25.845         0.00000     0.00000     0.00000     0.00000
    -25.695         0.00000     0.00000     0.00000     0.00000
    -25.545         0.00000     0.00000     0.00000     0.00000
    -25.395         0.00000     0.00000     0.00000     0.00000
    -25.245         0.00000     0.00000     0.00000     0.00000
    -25.095         0.00000     0.00000     0.00000     0.00000
    -24.945         0.00000     0.00000     0.00000     0.00000
    -24.795         0.00000     0.00000     0.00000     0.00000
    -24.645         0.00000     0.00000     0.00000     0.00000
    -24.495         0.00000     0.00000     0.00000     0.00000
    -24.345         0.00000     0.00000     0.00000     0.00000
    -24.195         0.00000     0.00000     0.00000     0.00000
    -24.045         0.00000     0.00000     0.00000     0.00000
    -23.895         0.00000     0.00000     0.00000     0.00000
    -23.745         0.00000     0.00000     0.00000     0.00000
    -23.595         0.00000     0.00000     0.00000     0.00000
    -23.445         0.00000     0.00000     0.00000     0.00000
    -23.295         0.00000     0.00000     0.00000     0.00000
    -23.145         0.00000     0.00000     0.00000     0.00000
    -22.995         0.00000     0.00000     0.00000     0.00000
    -22.845         0.00000     0.00000     0.00000     0.00000
    -22.695         0.00000     0.00000     0.00000     0.00000
    -22.545         0.00000     0.00000     0.00000     0.00000
    -22.395         0.00000     0.00000     0.00000     0.00000
    -22.245         0.00000     0.00000     0.00000     0.00000
    -22.095         0.00000     0.00000     0.00000     0.00000
    -21.945         0.00000     0.00000     0.00000     0.00000
    -21.795         0.00000     0.00000     0.00000     0.00000
    -21.645         0.00000     0.00000     0.00000     0.00000
    -21.495         0.00000     0.00000     0.00000     0.00000
    -21.345         0.00000     0.00000     0.00000     0.00000
    -21.195         0.00000     0.00000     0.00000     0.00000
    -21.045         0.00000     0.00000     0.00000     0.00000
    -20.895         0.00000     0.00000     0.00000     0.00000
    -20.745         0.00000     0.00000     0.00000     0.00000
    -20.595         0.00000     0.00000     0.00000     0.00000
    -20.445         0.00000     0.00000     0.00000     0.00000
    -20.295         0.00000     0.00000     0.00000     0.00000
    -20.145         0.00000     0.00000     0.00000     0.00000
    -19.995         0.00000     0.00000     0.00000     0.00000
    -19.845         0.00000     0.00000     0.00000     0.00000
    -19.695         0.00000     0.00000     0.00000     0.00000
    -19.545         0.00000     0.00000     0.00000     0.00000
    -19.395         0.00000     0.00000     0.00000     0.00000
    -19.245         0.00000     0.00000     0.00000     0.00000
    -19.095         0.00000     0.00000     0.00000     0.00000
    -18.945         0.00000     0.00000     0.00000     0.00000
    -18.795         0.00000     0.00000     0.00000     0.00000
    -18.645         0.00000     0.00000     0.00000     0.00000
    -18.495         0.00000     0.00000     0.00000     0.00000
    -18.345         0.00000     0.00000     0.00000     0.00000
    -18.195         0.00000     0.00000     0.00000     0.00000
    -18.045         0.00000     0.00000     0.00000     0.00000
    -17.895         0.00000     0.00000     0.00000     0.00000
    -17.745         0.00000     0.00000     0.00000     0.00000
    -17.595         0.00000     0.00000     0.00000     0.00000
    -17.445         0.00000     0.00000     0.00000     0.00000
    -17.295         0.00000     0.00000     0.00000     0.00000
    -17.145         0.00000     0.00000     0.00000     0.00000
    -16.995         0.00000     0.00000     0.00000     0.00000
    -16.845         0.00000     0.00000     0.00000     0.00000
    -16.695         0.00000     0.00000     0.00000     0.00000
    -16.545         0.00000     0.00000     0.00000     0.00000
    -16.395         0.00000     0.00000     0.00000     0.00000
    -16.245         0.00000     0.00000     0.00000     0.00000
    -16.095         0.00000     0.00000     0.00000     0.00000
    -15.945         0.00000     0.00000     0.00000     0.00000
    -15.795         0.00000     0.00000     0.00000     0.00000
    -15.645         0.00000     0.00000     0.00000     0.00000
    -15.495         0.00000     0.00000     0.00000     0.00000
    -15.345         0.00000     0.00000     0.00000     0.00000
    -15.195         0.00000     0.00000     0.00000     0.00000
    -15.045         0.00000     0.00000     0.00000     0.00000
    -14.895         0.00000     0.00000     0.00000     0.00000
    -14.745         0.00000     0.00000     0.00000     0.00000
    -14.595         0.00000     0.00000     0.00000     0.00000
    -14.445         0.00000     0.00000     0.00000     0.00000
    -14.295         0.00000     0.00000     0.00000     0.00000
    -14.145         0.00000     0.00000     0.00000     0.00000
    -13.995         0.00000     0.00000     0.00000     0.00000
    -13.845         0.00000     0.00000     0.00000     0.00000
    -13.695         0.00000     0.00000     0.00000     0.00000
    -13.545         0.00000     0.00000     0.00000     0.00000
    -13.395         0.00000     0.00000     0.00000     0.00000
    -13.245         0.00000     0.00000     0.00000     0.00000
    -13.095         0.00000     0.00000     0.00000     0.00000
    -12.945         0.00000     0.00000     0.00000     0.00000
    -12.795         0.00000     0.00000     0.00000     0.00000
    -12.645         0.00000     0.00000     0.00000     0.00000
    -12.495         0.00000     0.00000     0.00000     0.00000
    -12.345         0.00000     0.00000     0.00000     0.00000
    -12.195         0.00000     0.00000     0.00000     0.00000
    -12.045         0.00000     0.00000     0.00000     0.00000
    -11.895         0.00000     0.00000     0.00000     0.00000
    -11.745         0.00000     0.00000     0.00000     0.00000
    -11.595         0.00000     0.00000     0.00000     0.00000
    -11.445         0.00000     0.00000     0.00000     0.00000
    -11.295         0.00000     0.00000     0.00000     0.00000
    -11.145         0.00000     0.00000     0.00000     0.00000
    -10.995         0.00000     0.00000     0.00000     0.00000
    -10.845         0.00000     0.00000     0.00000     0.00000
    -10.695         0.00000     0.00000     0.00000     0.00000
    -10.545         0.00000     0.00000     0.00000     0.00000
    -10.395         0.00000     0.00000     0.00000     0.00000
    -10.245         0.00000     0.00000     0.00000     0.00000
    -10.095         0.00000     0.00000     0.00000     0.00000
    -9.9450         0.00000     0.00000     0.00000     0.00000
    -9.7950         0.00000     0.00000     0.00000     0.00000
    -9.6450         0.00000     0.00000     0.00000     0.00000
    -9.4950         0.00000     0.00000     0.00000     0.00000
    -9.3450         0.00000     0.00000     0.00000     0.00000
    -9.1950         0.00000     0.00000     0.00000     0.00000
    -9.0450         0.00000     0.00000     0.00000     0.00000
    -8.8950         0.00000     0.00000     0.00000     0.00000
    -8.7450         0.00000     0.00000     0.00000     0.00000
    -8.5950         0.00000     0.00000     0.00000     0.00000
    -8.4450         0.00000     0.00000     0.00000     0.00000
    -8.2950         0.00000     0.00000     0.00000     0.00000
    -8.1450         0.00000     0.00000     0.00000     0.00000
    -7.9950         0.00000     0.00000     0.00000     0.00000
    -7.8450         0.00000     0.00000     0.00000     0.00000
    -7.6950         0.00000     0.00000     0.00000     0.00000
    -7.5450         0.00000     0.00000     0.00000     0.00000
    -7.3950         0.00000     0.00000     0.00000     0.00000
    -7.2450         0.00000     0.00000     0.00000     0.00000
    -7.0950         0.00000     0.00000     0.00000     0.00000
    -6.9450         0.00000     0.00000     0.00000     0.00000
    -6.7950         0.00000     0.00000     0.00000     0.00000
    -6.6450         0.00000     0.00000     0.00000     0.00000
    -6.4950         0.00000     0.00000     0.00000     0.00000
    -6.3450         0.00000     0.00000     0.00000     0.00000
    -6.1950         0.00000     0.00000     0.00000     0.00000
    -6.0450         0.00000     0.00000     0.00000     0.00000
    -5.8950         0.00000     0.00000     0.00000     0.00000
    -5.7450         0.00000     0.00000     0.00000     0.00000
    -5.5950         0.00000     0.00000     0.00000     0.00000
    -5.4450         0.00000     0.00000     0.00000     0.00000
    -5.2950         0.00000     0.00000     0.00000     0.00000
    -5.1450         0.00000     0.00000     0.00000     0.00000
    -4.9950         0.00000     0.00000     0.00000     0.00000
    -4.8450         0.00000     0.00000     0.00000     0.00000
    -4.6950         0.00000     0.00000     0.00000     0.00000
    -4.5450         0.00000     0.00000     0.00000     0.00000
    -4.3950         0.00000     0.00000     0.00000     0.00000
    -4.2450         0.00000     0.00000     0.00000     0.00000
    -4.0950         0.00000     0.00000     0.00000     0.00000
    -3.9450         0.00000     0.00000     0.00000     0.00000
    -3.7950         0.00000     0.00000     0.00000     0.00000
    -3.6450         0.00000     0.00000     0.00000     0.00000
    -3.4950         0.00000     0.00000     0.00000     0.00000
    -3.3450         0.00000     0.00000     0.00000     0.00000
    -3.1950         0.00000     0.00000     0.00000     0.00000
    -3.0450         0.00000     0.00000     0.00000     0.00000
    -2.8950         0.00000     0.00000     0.00000     0.00000
    -2.7450         0.00000     0.00000     0.00000     0.00000
    -2.5950         0.00000     0.00000     0.00000     0.00000
    -2.4450         0.00000     0.00000     0.00000     0.00000
    -2.2950         0.00000     0.00000     0.00000     0.00000
    -2.1450         0.00000     0.00000     0.00000     0.00000
    -1.9950         0.00000     0.00000     0.00000     0.00000
    -1.8450         0.00000     0.00000     0.00000     0.00000
    -1.6950         0.00000     0.00000     0.00000     0.00000
    -1.5450         0.00000     0.00000     0.00000     0.00000
    -1.3950         0.00000     0.00000     0.00000     0.00000
    -1.2450         0.00000     0.00000     0.00000     0.00000
    -1.0950         0.00000     0.00000     0.00000     0.00000
   -0.94500         0.00000     0.00000     0.00000     0.00000
   -0.79500        -0.00002     0.00000    -0.00002     0.00000
   -0.64500        -0.00861     0.00000    -0.00861     0.00000
   -0.49500        -0.04196    -0.00009    -0.04257     0.00070
   -0.34500        -0.59613    -0.00044    -0.06154    -0.53415
   -0.22700        -1.22790    -0.00086    -0.06698    -1.16006
   -0.21300        -1.30175    -0.00076    -0.06753    -1.23346
   -0.20700        -1.37402    -0.00084    -0.06815    -1.30503
   -0.20100        -1.44421    -0.00071    -0.06878    -1.37472
   -0.19500        -1.51312    -0.00081    -0.06933    -1.44298
   -0.18900        -1.57933    -0.00067    -0.07000    -1.50867
   -0.18300        -1.64451    -0.00051    -0.07064    -1.57336
   -0.17700        -1.70682    -0.00062    -0.07127    -1.63494
   -0.17100        -1.76832    -0.00043    -0.07196    -1.69594
   -0.16500        -1.82719    -0.00054    -0.07260    -1.75405
   -0.15900        -1.88479    -0.00065    -0.07324    -1.81089
   -0.15300        -1.94166    -0.00069    -0.07389    -1.86708
   -0.14700        -1.99763    -0.00083    -0.07461    -1.92219
   -0.14100        -2.05183    -0.00096    -0.07538    -1.97549
   -0.13500        -2.10467    -0.00095    -0.07615    -2.02757
   -0.12900        -2.15635    -0.00103    -0.07701    -2.07831
   -0.12300        -2.20801    -0.00119    -0.07779    -2.12903
   -0.11700        -2.25943    -0.00137    -0.07861    -2.17945
   -0.11100        -2.31067    -0.00156    -0.07952    -2.22960
   -0.10500        -2.36093    -0.00175    -0.08043    -2.27875
   -0.99000E-01    -2.41151    -0.00196    -0.08141    -2.32814
   -0.93000E-01    -2.46224    -0.00217    -0.08243    -2.37764
   -0.87000E-01    -2.51443    -0.00240    -0.08352    -2.42851
   -0.81000E-01    -2.56689    -0.00265    -0.08477    -2.47947
   -0.75000E-01    -2.62026    -0.00289    -0.08611    -2.53126
   -0.69000E-01    -2.67543    -0.00318    -0.08753    -2.58472
   -0.63000E-01    -2.73249    -0.00349    -0.08905    -2.63995
   -0.57000E-01    -2.79240    -0.00384    -0.09058    -2.69798
   -0.51000E-01    -2.85542    -0.00422    -0.09233    -2.75887
   -0.45000E-01    -2.92235    -0.00466    -0.09414    -2.82355
   -0.39000E-01    -2.99529    -0.00515    -0.09609    -2.89405
   -0.33000E-01    -3.07819    -0.00578    -0.09820    -2.97421
   -0.27000E-01    -3.17515    -0.00659    -0.10052    -3.06804
   -0.21300E-01    -3.25138    -0.00732    -0.10224    -3.14182
   -0.19500E-01    -3.26317    -0.00744    -0.10251    -3.15321
   -0.18900E-01    -3.27533    -0.00758    -0.10278    -3.16497
   -0.18300E-01    -3.28767    -0.00771    -0.10305    -3.17690
   -0.17700E-01    -3.30018    -0.00786    -0.10335    -3.18897
   -0.17100E-01    -3.31294    -0.00800    -0.10366    -3.20128
   -0.16500E-01    -3.32599    -0.00816    -0.10397    -3.21386
   -0.15900E-01    -3.33912    -0.00832    -0.10426    -3.22654
   -0.15300E-01    -3.35247    -0.00849    -0.10457    -3.23941
   -0.14700E-01    -3.36610    -0.00867    -0.10488    -3.25255
   -0.14100E-01    -3.37990    -0.00886    -0.10519    -3.26585
   -0.13500E-01    -3.39410    -0.00906    -0.10555    -3.27949
   -0.12900E-01    -3.40856    -0.00928    -0.10587    -3.29341
   -0.12300E-01    -3.42339    -0.00951    -0.10623    -3.30764
   -0.11700E-01    -3.43845    -0.00977    -0.10660    -3.32209
   -0.11100E-01    -3.45395    -0.01004    -0.10698    -3.33692
   -0.10500E-01    -3.46983    -0.01032    -0.10736    -3.35214
   -0.99000E-02    -3.48615    -0.01063    -0.10780    -3.36772
   -0.93000E-02    -3.50297    -0.01097    -0.10823    -3.38378
   -0.87000E-02    -3.52032    -0.01134    -0.10871    -3.40027
   -0.81000E-02    -3.53825    -0.01175    -0.10921    -3.41729
   -0.75000E-02    -3.55709    -0.01222    -0.10978    -3.43510
   -0.69000E-02    -3.57660    -0.01272    -0.11042    -3.45345
   -0.63000E-02    -3.59698    -0.01330    -0.11114    -3.47253
   -0.57000E-02    -3.61868    -0.01397    -0.11197    -3.49275
   -0.51000E-02    -3.64178    -0.01472    -0.11294    -3.51412
   -0.45000E-02    -3.66644    -0.01559    -0.11412    -3.53673
   -0.39000E-02    -3.69326    -0.01664    -0.11555    -3.56107
   -0.33000E-02    -3.72290    -0.01790    -0.11738    -3.58762
   -0.27000E-02    -3.75598    -0.01945    -0.11978    -3.61674
   -0.21000E-02    -3.79324    -0.02137    -0.12319    -3.64867
   -0.15000E-02    -3.83377    -0.02386    -0.12858    -3.68133
   -0.90000E-03    -3.88054    -0.02717    -0.14064    -3.71273
   -0.30000E-03    -5.37423    -0.03127    -0.15433    -5.18864
    0.30000E-03    -3.88658    -0.01754    -0.15020    -3.71884
    0.90000E-03    -3.86545    -0.00552    -0.14692    -3.71300
    0.15000E-02    -3.85722    -0.00009    -0.14450    -3.71262
    0.21000E-02    -3.85186     0.00336    -0.14263    -3.71259
    0.27000E-02    -3.84792     0.00584    -0.14118    -3.71259
    0.33000E-02    -3.84486     0.00771    -0.13999    -3.71258
    0.39000E-02    -3.84241     0.00921    -0.13905    -3.71257
    0.45000E-02    -3.84040     0.01041    -0.13825    -3.71257
    0.51000E-02    -3.83875     0.01141    -0.13761    -3.71256
    0.57000E-02    -3.83739     0.01223    -0.13708    -3.71255
    0.63000E-02    -3.83622     0.01294    -0.13663    -3.71253
    0.69000E-02    -3.83520     0.01357    -0.13625    -3.71252
    0.75000E-02    -3.83433     0.01411    -0.13593    -3.71251
    0.81000E-02    -3.83357     0.01458    -0.13566    -3.71249
    0.87000E-02    -3.83289     0.01500    -0.13542    -3.71248
    0.93000E-02    -3.83229     0.01539    -0.13522    -3.71246
    0.99000E-02    -3.83177     0.01572    -0.13506    -3.71244
    0.10500E-01    -3.83131     0.01604    -0.13493    -3.71242
    0.11100E-01    -3.83089     0.01632    -0.13481    -3.71240
    0.11700E-01    -3.83049     0.01660    -0.13472    -3.71238
    0.12300E-01    -3.83016     0.01684    -0.13464    -3.71235
    0.12900E-01    -3.82985     0.01706    -0.13458    -3.71233
    0.13500E-01    -3.82957     0.01726    -0.13452    -3.71231
    0.14100E-01    -3.82931     0.01746    -0.13448    -3.71229
    0.14700E-01    -3.82907     0.01763    -0.13445    -3.71226
    0.15300E-01    -3.82886     0.01779    -0.13442    -3.71223
    0.15900E-01    -3.82865     0.01795    -0.13439    -3.71221
    0.16500E-01    -3.82846     0.01809    -0.13437    -3.71218
    0.17100E-01    -3.82829     0.01822    -0.13436    -3.71215
    0.17700E-01    -3.82811     0.01835    -0.13435    -3.71211
    0.18300E-01    -3.82795     0.01847    -0.13434    -3.71208
    0.18900E-01    -3.82779     0.01858    -0.13432    -3.71205
    0.19500E-01    -3.82764     0.01868    -0.13432    -3.71201
    0.21300E-01    -3.82676     0.01930    -0.13430    -3.71176
    0.27000E-01    -3.82575     0.01984    -0.13428    -3.71131
    0.33000E-01    -3.82484     0.02021    -0.13428    -3.71077
    0.39000E-01    -3.82392     0.02050    -0.13428    -3.71014
    0.45000E-01    -3.82308     0.02066    -0.13427    -3.70947
    0.51000E-01    -3.82207     0.02078    -0.13417    -3.70868
    0.57000E-01    -3.82104     0.02085    -0.13407    -3.70782
    0.63000E-01    -3.81995     0.02092    -0.13397    -3.70690
    0.69000E-01    -3.81879     0.02094    -0.13387    -3.70587
    0.75000E-01    -3.81762     0.02100    -0.13377    -3.70486
    0.81000E-01    -3.81631     0.02100    -0.13367    -3.70365
    0.87000E-01    -3.81509     0.02103    -0.13366    -3.70246
    0.93000E-01    -3.81378     0.02104    -0.13356    -3.70125
    0.99000E-01    -3.81244     0.02107    -0.13355    -3.69996
    0.10500        -3.81104     0.02114    -0.13354    -3.69863
    0.11100        -3.80948     0.02120    -0.13353    -3.69714
    0.11700        -3.80787     0.02125    -0.13344    -3.69568
    0.12300        -3.80638     0.02126    -0.13342    -3.69421
    0.12900        -3.80477     0.02129    -0.13333    -3.69273
    0.13500        -3.80325     0.02132    -0.13324    -3.69133
    0.14100        -3.80166     0.02134    -0.13323    -3.68977
    0.14700        -3.80003     0.02137    -0.13314    -3.68827
    0.15300        -3.79822     0.02141    -0.13305    -3.68658
    0.15900        -3.79631     0.02143    -0.13296    -3.68478
    0.16500        -3.79456     0.02145    -0.13287    -3.68314
    0.17100        -3.79273     0.02148    -0.13278    -3.68142
    0.17700        -3.79079     0.02150    -0.13270    -3.67959
    0.18300        -3.78879     0.02153    -0.13261    -3.67771
    0.18900        -3.78689     0.02155    -0.13253    -3.67591
    0.19500        -3.78494     0.02157    -0.13244    -3.67406
    0.20100        -3.78283     0.02159    -0.13235    -3.67206
    0.20700        -3.78072     0.02161    -0.13227    -3.67005
    0.21300        -3.77872     0.02163    -0.13219    -3.66816
    0.22700        -3.76056     0.02179    -0.13191    -3.65044
    0.34500        -3.70076     0.02210    -0.13132    -3.59154
    0.49500        -3.64035     0.02234    -0.13074    -3.53195
    0.64500        -3.58081     0.02245    -0.13002    -3.47324
    0.79500        -3.52162     0.02260    -0.12933    -3.41489
    0.94500        -3.46466     0.02272    -0.12815    -3.35923
     1.0950        -3.40904     0.02282    -0.12707    -3.30479
     1.2450        -3.35524     0.02292    -0.12638    -3.25177
     1.3950        -3.30355     0.02300    -0.12546    -3.20109
     1.5450        -3.25380     0.02308    -0.12460    -3.15228
     1.6950        -3.20560     0.02314    -0.12379    -3.10495
     1.8450        -3.15938     0.02321    -0.12303    -3.05956
     1.9950        -3.11440     0.02326    -0.12231    -3.01535
     2.1450        -3.07190     0.02332    -0.12163    -2.97359
     2.2950        -3.03113     0.02337    -0.12098    -2.93352
     2.4450        -2.99185     0.02341    -0.12036    -2.89490
     2.5950        -2.95441     0.02346    -0.11976    -2.85810
     2.7450        -2.91850     0.02350    -0.11919    -2.82281
     2.8950        -2.88411     0.02354    -0.11866    -2.78900
     3.0450        -2.85108     0.02358    -0.11814    -2.75652
     3.1950        -2.81938     0.02362    -0.11763    -2.72537
     3.3450        -2.78849     0.02366    -0.11715    -2.69500
     3.4950        -2.75921     0.02369    -0.11669    -2.66621
     3.6450        -2.73107     0.02372    -0.11623    -2.63856
     3.7950        -2.70376     0.02375    -0.11580    -2.61171
     3.9450        -2.67726     0.02377    -0.11539    -2.58565
     4.0950        -2.65184     0.02380    -0.11498    -2.56066
     4.2450        -2.62726     0.02383    -0.11459    -2.53650
     4.3950        -2.60352     0.02386    -0.11420    -2.51317
     4.5450        -2.58054     0.02389    -0.11384    -2.49059
     4.6950        -2.55831     0.02391    -0.11348    -2.46874
     4.8450        -2.53673     0.02393    -0.11313    -2.44752
     4.9950        -2.51576     0.02395    -0.11279    -2.42692
     5.1450        -2.49542     0.02397    -0.11246    -2.40693
     5.2950        -2.47563     0.02399    -0.11214    -2.38748
     5.4450        -2.45642     0.02401    -0.11183    -2.36860
     5.5950        -2.43771     0.02403    -0.11152    -2.35022
     5.7450        -2.41944     0.02405    -0.11121    -2.33228
     5.8950        -2.40164     0.02406    -0.11092    -2.31479
     6.0450        -2.38434     0.02408    -0.11064    -2.29779
     6.1950        -2.36737     0.02410    -0.11036    -2.28111
     6.3450        -2.35086     0.02412    -0.11008    -2.26491
     6.4950        -2.33472     0.02414    -0.10981    -2.24905
     6.6450        -2.31895     0.02416    -0.10955    -2.23356
     6.7950        -2.30354     0.02418    -0.10929    -2.21843
     6.9450        -2.28845     0.02419    -0.10904    -2.20359
     7.0950        -2.27370     0.02421    -0.10880    -2.18911
     7.2450        -2.25924     0.02422    -0.10855    -2.17491
     7.3950        -2.24511     0.02424    -0.10832    -2.16104
     7.5450        -2.23130     0.02426    -0.10809    -2.14746
     7.6950        -2.21769     0.02427    -0.10786    -2.13410
     7.8450        -2.20439     0.02428    -0.10764    -2.12103
     7.9950        -2.19134     0.02430    -0.10741    -2.10822
     8.1450        -2.17852     0.02431    -0.10720    -2.09564
     8.2950        -2.16594     0.02432    -0.10698    -2.08327
     8.4450        -2.15361     0.02434    -0.10677    -2.07118
     8.5950        -2.14149     0.02435    -0.10657    -2.05928
     8.7450        -2.12958     0.02436    -0.10637    -2.04758
     8.8950        -2.11789     0.02438    -0.10617    -2.03610
     9.0450        -2.10641     0.02439    -0.10597    -2.02483
     9.1950        -2.09513     0.02440    -0.10578    -2.01375
     9.3450        -2.08404     0.02441    -0.10559    -2.00286
     9.4950        -2.07311     0.02443    -0.10541    -1.99213
     9.6450        -2.06233     0.02444    -0.10522    -1.98154
     9.7950        -2.05172     0.02445    -0.10505    -1.97113
     9.9450        -2.04134     0.02446    -0.10487    -1.96093
     10.095        -2.03109     0.02447    -0.10469    -1.95087
     10.245        -2.02101     0.02448    -0.10452    -1.94097
     10.395        -2.01103     0.02449    -0.10435    -1.93117
     10.545        -2.00123     0.02450    -0.10418    -1.92155
     10.695        -1.99158     0.02451    -0.10401    -1.91207
     10.845        -1.98206     0.02452    -0.10385    -1.90273
     10.995        -1.97267     0.02453    -0.10369    -1.89351
     11.145        -1.96342     0.02454    -0.10353    -1.88443
     11.295        -1.95432     0.02455    -0.10337    -1.87550
     11.445        -1.94532     0.02456    -0.10321    -1.86667
     11.595        -1.93643     0.02457    -0.10306    -1.85794
     11.745        -1.92768     0.02458    -0.10291    -1.84936
     11.895        -1.91903     0.02459    -0.10276    -1.84086
     12.045        -1.91052     0.02460    -0.10261    -1.83251
     12.195        -1.90210     0.02461    -0.10247    -1.82424
     12.345        -1.89379     0.02462    -0.10233    -1.81608
     12.495        -1.88558     0.02463    -0.10218    -1.80802
     12.645        -1.87748     0.02464    -0.10205    -1.80007
     12.795        -1.86947     0.02465    -0.10191    -1.79220
     12.945        -1.86158     0.02466    -0.10178    -1.78446
     13.095        -1.85379     0.02466    -0.10164    -1.77681
     13.245        -1.84608     0.02467    -0.10150    -1.76924
     13.395        -1.83844     0.02468    -0.10137    -1.76175
     13.545        -1.83089     0.02468    -0.10124    -1.75433
     13.695        -1.82346     0.02469    -0.10111    -1.74704
     13.845        -1.81610     0.02470    -0.10098    -1.73982
     13.995        -1.80885     0.02471    -0.10086    -1.73270
     14.145        -1.80166     0.02471    -0.10073    -1.72564
     14.295        -1.79455     0.02472    -0.10061    -1.71867
     14.445        -1.78753     0.02473    -0.10048    -1.71177
     14.595        -1.78059     0.02473    -0.10036    -1.70496
     14.745        -1.77370     0.02474    -0.10025    -1.69819
     14.895        -1.76690     0.02475    -0.10013    -1.69152
     15.045        -1.76016     0.02476    -0.10001    -1.68491
     15.195        -1.75348     0.02476    -0.09990    -1.67834
     15.345        -1.74690     0.02477    -0.09978    -1.67188
     15.495        -1.74037     0.02478    -0.09967    -1.66547
     15.645        -1.73390     0.02478    -0.09956    -1.65913
     15.795        -1.72752     0.02479    -0.09945    -1.65286
     15.945        -1.72118     0.02480    -0.09934    -1.64664
     16.095        -1.71491     0.02480    -0.09922    -1.64049
     16.245        -1.70871     0.02481    -0.09912    -1.63440
     16.395        -1.70256     0.02482    -0.09901    -1.62837
     16.545        -1.69650     0.02482    -0.09890    -1.62242
     16.695        -1.69050     0.02483    -0.09879    -1.61653
     16.845        -1.68453     0.02484    -0.09869    -1.61068
     16.995        -1.67862     0.02484    -0.09858    -1.60488
     17.145        -1.67277     0.02485    -0.09848    -1.59914
     17.295        -1.66699     0.02485    -0.09838    -1.59347
     17.445        -1.66125     0.02486    -0.09828    -1.58784
     17.595        -1.65556     0.02487    -0.09818    -1.58225
     17.745        -1.64994     0.02487    -0.09808    -1.57673
     17.895        -1.64436     0.02488    -0.09798    -1.57126
     18.045        -1.63881     0.02489    -0.09788    -1.56581
     18.195        -1.63331     0.02489    -0.09778    -1.56041
     18.345        -1.62787     0.02490    -0.09769    -1.55508
     18.495        -1.62249     0.02490    -0.09759    -1.54980
     18.645        -1.61714     0.02491    -0.09750    -1.54456
     18.795        -1.61183     0.02491    -0.09740    -1.53935
     18.945        -1.60659     0.02492    -0.09731    -1.53420
     19.095        -1.60138     0.02492    -0.09722    -1.52908
     19.245        -1.59623     0.02493    -0.09712    -1.52404
     19.395        -1.59111     0.02493    -0.09704    -1.51901
     19.545        -1.58604     0.02494    -0.09695    -1.51403
     19.695        -1.58098     0.02495    -0.09686    -1.50907
     19.845        -1.57600     0.02495    -0.09678    -1.50417
     19.995        -1.57105     0.02496    -0.09669    -1.49932
     20.145        -1.56614     0.02496    -0.09660    -1.49450
     20.295        -1.56125     0.02497    -0.09651    -1.48970
     20.445        -1.55640     0.02497    -0.09643    -1.48494
     20.595        -1.55160     0.02498    -0.09634    -1.48023
     20.745        -1.54683     0.02498    -0.09626    -1.47555
     20.895        -1.54209     0.02498    -0.09617    -1.47090
     21.045        -1.53739     0.02499    -0.09609    -1.46629
     21.195        -1.53275     0.02499    -0.09601    -1.46174
     21.345        -1.52815     0.02500    -0.09593    -1.45722
     21.495        -1.52354     0.02500    -0.09584    -1.45270
     21.645        -1.51899     0.02501    -0.09576    -1.44823
     21.795        -1.51447     0.02501    -0.09568    -1.44380
     21.945        -1.50998     0.02502    -0.09560    -1.43940
     22.095        -1.50553     0.02502    -0.09552    -1.43503
     22.245        -1.50110     0.02503    -0.09544    -1.43068
     22.395        -1.49671     0.02503    -0.09537    -1.42638
     22.545        -1.49235     0.02504    -0.09529    -1.42210
     22.695        -1.48803     0.02504    -0.09522    -1.41786
     22.845        -1.48376     0.02505    -0.09514    -1.41366
     22.995        -1.47949     0.02505    -0.09506    -1.40948
     23.145        -1.47527     0.02506    -0.09499    -1.40534
     23.295        -1.47108     0.02506    -0.09491    -1.40123
     23.445        -1.46691     0.02507    -0.09484    -1.39713
     23.595        -1.46278     0.02507    -0.09477    -1.39308
     23.745        -1.45866     0.02508    -0.09470    -1.38904
     23.895        -1.45457     0.02508    -0.09462    -1.38502
     24.045        -1.45050     0.02508    -0.09455    -1.38104
     24.195        -1.44648     0.02509    -0.09448    -1.37709
     24.345        -1.44249     0.02509    -0.09441    -1.37317
     24.495        -1.43850     0.02510    -0.09433    -1.36926
     24.645        -1.43454     0.02510    -0.09426    -1.36538
     24.795        -1.43062     0.02510    -0.09419    -1.36153
     24.945        -1.42672     0.02511    -0.09413    -1.35770
     25.095        -1.42283     0.02511    -0.09406    -1.35388
     25.245        -1.41897     0.02512    -0.09399    -1.35010
     25.395        -1.41514     0.02512    -0.09392    -1.34635
     25.545        -1.41135     0.02513    -0.09385    -1.34263
     25.695        -1.40758     0.02513    -0.09378    -1.33893
     25.845        -1.40382     0.02513    -0.09372    -1.33524
     25.995        -1.40009     0.02514    -0.09365    -1.33158
     26.145        -1.39639     0.02514    -0.09358    -1.32795
     26.295        -1.39272     0.02515    -0.09352    -1.32435
     26.445        -1.38905     0.02515    -0.09345    -1.32075
     26.595        -1.38544     0.02515    -0.09339    -1.31720
     26.745        -1.38182     0.02516    -0.09332    -1.31366
     26.895        -1.37822     0.02516    -0.09325    -1.31013
     27.045        -1.37466     0.02517    -0.09319    -1.30664
     27.195        -1.37110     0.02517    -0.09313    -1.30314
     27.345        -1.36758     0.02517    -0.09307    -1.29968
     27.495        -1.36409     0.02518    -0.09301    -1.29626
     27.645        -1.36061     0.02518    -0.09294    -1.29285
     27.795        -1.35716     0.02518    -0.09288    -1.28946
     27.945        -1.35373     0.02519    -0.09282    -1.28609
     28.095        -1.35031     0.02519    -0.09276    -1.28274
     28.245        -1.34692     0.02519    -0.09270    -1.27941
     28.395        -1.34355     0.02520    -0.09264    -1.27611
     28.545        -1.34018     0.02520    -0.09258    -1.27280
     28.695        -1.33685     0.02520    -0.09252    -1.26953
     28.845        -1.33352     0.02521    -0.09246    -1.26627
     28.995        -1.33022     0.02521    -0.09240    -1.26303
     29.145        -1.32692     0.02521    -0.09235    -1.25978
     29.295        -1.32367     0.02522    -0.09229    -1.25660
     29.445        -1.32041     0.02522    -0.09223    -1.25340
     29.595        -1.31717     0.02522    -0.09217    -1.25022
     29.745        -1.31396     0.02522    -0.09211    -1.24707
     29.895        -1.31076     0.02523    -0.09205    -1.24394
     30.045        -1.30759     0.02523    -0.09200    -1.24083
     30.195        -1.30445     0.02523    -0.09194    -1.23774
     30.345        -1.30132     0.02524    -0.09188    -1.23468
     30.495        -1.29821     0.02524    -0.09183    -1.23162
     30.645        -1.29508     0.02524    -0.09177    -1.22856
     30.795        -1.29199     0.02525    -0.09171    -1.22553
     30.945        -1.28891     0.02525    -0.09166    -1.22250
     31.095        -1.28586     0.02525    -0.09160    -1.21950
     31.245        -1.28282     0.02526    -0.09155    -1.21652
     31.395        -1.27977     0.02526    -0.09149    -1.21354
     31.545        -1.27675     0.02526    -0.09144    -1.21057
     31.695        -1.27374     0.02526    -0.09139    -1.20762
     31.845        -1.27077     0.02527    -0.09133    -1.20471
     31.995        -1.26782     0.02527    -0.09128    -1.20181
     32.145        -1.26486     0.02527    -0.09123    -1.19891
     32.295        -1.26192     0.02528    -0.09118    -1.19603
     32.445        -1.25901     0.02528    -0.09112    -1.19316
     32.595        -1.25609     0.02528    -0.09107    -1.19030
     32.745        -1.25319     0.02529    -0.09102    -1.18745
     32.895        -1.25032     0.02529    -0.09097    -1.18464
     33.045        -1.24746     0.02529    -0.09092    -1.18183
     33.195        -1.24460     0.02530    -0.09086    -1.17904
     33.345        -1.24178     0.02530    -0.09081    -1.17627
     33.495        -1.23896     0.02530    -0.09076    -1.17350
     33.645        -1.23614     0.02531    -0.09071    -1.17073
     33.795        -1.23336     0.02531    -0.09066    -1.16800
     33.945        -1.23059     0.02531    -0.09061    -1.16529
     34.095        -1.22783     0.02531    -0.09057    -1.16258
     34.245        -1.22508     0.02532    -0.09051    -1.15989
     34.395        -1.22234     0.02532    -0.09046    -1.15719
     34.545        -1.21962     0.02532    -0.09042    -1.15452
     34.695        -1.21690     0.02532    -0.09037    -1.15186
     34.845        -1.21420     0.02533    -0.09032    -1.14921
     34.995        -1.21152     0.02533    -0.09027    -1.14658
     35.145        -1.20885     0.02533    -0.09022    -1.14396
     35.295        -1.20619     0.02534    -0.09017    -1.14135
     35.445        -1.20354     0.02534    -0.09012    -1.13876
     35.595        -1.20091     0.02534    -0.09007    -1.13617
     35.745        -1.19828     0.02534    -0.09003    -1.13360
     35.895        -1.19566     0.02535    -0.08998    -1.13103
     36.045        -1.19306     0.02535    -0.08993    -1.12848
     36.195        -1.19046     0.02535    -0.08988    -1.12593
     36.345        -1.18789     0.02536    -0.08983    -1.12341
     36.495        -1.18533     0.02536    -0.08979    -1.12090
     36.645        -1.18278     0.02536    -0.08974    -1.11840
     36.795        -1.18023     0.02536    -0.08969    -1.11590
     36.945        -1.17772     0.02537    -0.08965    -1.11343
     37.095        -1.17520     0.02537    -0.08960    -1.11096
     37.245        -1.17269     0.02537    -0.08956    -1.10850
     37.395        -1.17019     0.02537    -0.08951    -1.10605
     37.545        -1.16771     0.02537    -0.08947    -1.10362
     37.695        -1.16522     0.02538    -0.08943    -1.10117
     37.845        -1.16276     0.02538    -0.08938    -1.09875
     37.995        -1.16031     0.02538    -0.08934    -1.09635
     38.145        -1.15786     0.02538    -0.08929    -1.09395
     38.295        -1.15543     0.02538    -0.08925    -1.09157
     38.445        -1.15302     0.02539    -0.08921    -1.08920
     38.595        -1.15062     0.02539    -0.08916    -1.08685
     38.745        -1.14823     0.02539    -0.08912    -1.08450
     38.895        -1.14584     0.02539    -0.08908    -1.08216
     39.045        -1.14346     0.02540    -0.08903    -1.07983
     39.195        -1.14109     0.02540    -0.08899    -1.07750
     39.345        -1.13875     0.02540    -0.08895    -1.07520
     39.495        -1.13641     0.02541    -0.08891    -1.07291
     39.645        -1.13407     0.02541    -0.08886    -1.07061
     39.795        -1.13174     0.02541    -0.08882    -1.06833
     39.945        -1.12941     0.02541    -0.08878    -1.06604
     40.095        -1.12710     0.02541    -0.08874    -1.06377
     40.245        -1.12480     0.02542    -0.08870    -1.06152
     40.395        -1.12252     0.02542    -0.08866    -1.05929
     40.545        -1.12026     0.02542    -0.08862    -1.05706
     40.695        -1.11799     0.02542    -0.08858    -1.05483
     40.845        -1.11571     0.02543    -0.08854    -1.05260
     40.995        -1.11346     0.02543    -0.08849    -1.05039
     41.145        -1.11121     0.02543    -0.08845    -1.04819
     41.295        -1.10899     0.02543    -0.08841    -1.04601
     41.445        -1.10677     0.02544    -0.08837    -1.04384
     41.595        -1.10456     0.02544    -0.08833    -1.04167
     41.745        -1.10236     0.02544    -0.08829    -1.03951
     41.895        -1.10016     0.02544    -0.08825    -1.03736
     42.045        -1.09798     0.02544    -0.08821    -1.03522
     42.195        -1.09581     0.02545    -0.08817    -1.03308
     42.345        -1.09363     0.02545    -0.08813    -1.03095
     42.495        -1.09148     0.02545    -0.08809    -1.02884
     42.645        -1.08932     0.02545    -0.08805    -1.02672
     42.795        -1.08718     0.02546    -0.08801    -1.02463
     42.945        -1.08503     0.02546    -0.08797    -1.02252
     43.095        -1.08290     0.02546    -0.08793    -1.02043
     43.245        -1.08077     0.02546    -0.08790    -1.01834
     43.395        -1.07866     0.02547    -0.08786    -1.01627
     43.545        -1.07655     0.02547    -0.08782    -1.01421
     43.695        -1.07445     0.02547    -0.08778    -1.01214
     43.845        -1.07235     0.02548    -0.08774    -1.01008
     43.995        -1.07027     0.02548    -0.08771    -1.00804
     44.145        -1.06819     0.02548    -0.08767    -1.00600
     44.295        -1.06611     0.02548    -0.08763    -1.00396
     44.445        -1.06407     0.02548    -0.08760    -1.00195
     44.595        -1.06202     0.02548    -0.08756    -0.99995
     44.745        -1.05999     0.02549    -0.08752    -0.99796
     44.895        -1.05796     0.02549    -0.08748    -0.99597
     45.045        -1.05594     0.02549    -0.08745    -0.99398
     45.195        -1.05393     0.02549    -0.08741    -0.99201
     45.345        -1.05189     0.02549    -0.08737    -0.99002
     45.495        -1.04989     0.02550    -0.08733    -0.98805
     45.645        -1.04790     0.02550    -0.08730    -0.98609
     45.795        -1.04592     0.02550    -0.08726    -0.98415
     45.945        -1.04394     0.02550    -0.08723    -0.98222
     46.095        -1.04196     0.02551    -0.08719    -0.98027
     46.245        -1.04001     0.02551    -0.08715    -0.97836
     46.395        -1.03805     0.02551    -0.08712    -0.97644
     46.545        -1.03610     0.02551    -0.08709    -0.97452
     46.695        -1.03416     0.02551    -0.08705    -0.97262
     46.845        -1.03223     0.02552    -0.08702    -0.97073
     46.995        -1.03030     0.02552    -0.08698    -0.96884
     47.145        -1.02836     0.02552    -0.08694    -0.96694
     47.295        -1.02645     0.02552    -0.08691    -0.96506
     47.445        -1.02453     0.02552    -0.08687    -0.96319
     47.595        -1.02264     0.02552    -0.08683    -0.96133
     47.745        -1.02073     0.02553    -0.08680    -0.95945
     47.895        -1.01884     0.02553    -0.08677    -0.95760
     48.045        -1.01695     0.02553    -0.08673    -0.95575
     48.195        -1.01508     0.02553    -0.08670    -0.95392
     48.345        -1.01321     0.02553    -0.08666    -0.95208
     48.495        -1.01135     0.02554    -0.08663    -0.95026
     48.645        -1.00950     0.02554    -0.08660    -0.94844
     48.795        -1.00764     0.02554    -0.08656    -0.94662
     48.945        -1.00581     0.02554    -0.08653    -0.94482
     49.095        -1.00396     0.02554    -0.08650    -0.94301
     49.245        -1.00213     0.02555    -0.08646    -0.94121
     49.395        -1.00029     0.02555    -0.08643    -0.93941
     49.545        -0.99847     0.02555    -0.08640    -0.93763
     49.695        -0.99665     0.02555    -0.08636    -0.93584
     49.845        -0.99485     0.02556    -0.08633    -0.93408
     49.995        -0.99305     0.02556    -0.08630    -0.93231
     50.145        -0.99126     0.02556    -0.08626    -0.93055
     50.295        -0.98946     0.02556    -0.08623    -0.92880
     50.445        -0.98769     0.02556    -0.08620    -0.92706
     50.595        -0.98591     0.02556    -0.08617    -0.92531
     50.745        -0.98415     0.02557    -0.08614    -0.92358
     50.895        -0.98238     0.02557    -0.08610    -0.92185
     51.045        -0.98063     0.02557    -0.08607    -0.92013
     51.195        -0.97887     0.02557    -0.08604    -0.91841
     51.345        -0.97712     0.02557    -0.08601    -0.91669
     51.495        -0.97538     0.02558    -0.08597    -0.91498
     51.645        -0.97363     0.02558    -0.08594    -0.91327
     51.795        -0.97189     0.02558    -0.08591    -0.91156
     51.945        -0.97015     0.02558    -0.08588    -0.90985
     52.095        -0.96844     0.02559    -0.08585    -0.90817
     52.245        -0.96673     0.02559    -0.08582    -0.90650
     52.395        -0.96502     0.02559    -0.08579    -0.90482
     52.545        -0.96330     0.02559    -0.08576    -0.90314
     52.695        -0.96159     0.02559    -0.08573    -0.90146
     52.845        -0.95989     0.02560    -0.08570    -0.89979
     52.995        -0.95820     0.02560    -0.08567    -0.89813
     53.145        -0.95650     0.02560    -0.08563    -0.89647
     53.295        -0.95483     0.02560    -0.08560    -0.89482
     53.445        -0.95314     0.02560    -0.08557    -0.89317
     53.595        -0.95146     0.02560    -0.08554    -0.89153
     53.745        -0.94980     0.02561    -0.08551    -0.88990
     53.895        -0.94815     0.02561    -0.08548    -0.88827
     54.045        -0.94649     0.02561    -0.08545    -0.88664
     54.195        -0.94483     0.02561    -0.08542    -0.88502
     54.345        -0.94319     0.02561    -0.08539    -0.88341
     54.495        -0.94156     0.02561    -0.08536    -0.88181
     54.645        -0.93994     0.02561    -0.08533    -0.88022
     54.795        -0.93831     0.02561    -0.08530    -0.87862
     54.945        -0.93670     0.02561    -0.08527    -0.87704
     55.095        -0.93508     0.02562    -0.08524    -0.87545
     59.433        -0.80887     0.02575    -0.08295    -0.75167
     80.646        -0.62687     0.02593    -0.07961    -0.57319
     111.21        -0.45274     0.02611    -0.07640    -0.40244
     153.36        -0.28646     0.02627    -0.07333    -0.23940
     211.49        -0.12790     0.02644    -0.07039    -0.08394
     291.64         0.02323     0.02659    -0.06761     0.06424
     402.18         0.16688     0.02673    -0.06495     0.20510
     554.60         0.30319     0.02686    -0.06241     0.33875
     764.80         0.43261     0.02696    -0.06003     0.46568
     1054.7         0.55527     0.02706    -0.05776     0.58597
     1454.4         0.67159     0.02716    -0.05562     0.70005
     2005.6         0.78188     0.02724    -0.05357     0.80821
     2765.8         0.88624     0.02732    -0.05164     0.91056
     3814.0         0.98516     0.02738    -0.04980     1.00758
     5259.5         1.07883     0.02743    -0.04809     1.09949
     7252.9         1.16753     0.02747    -0.04648     1.18653
     10002.         1.25148     0.02751    -0.04494     1.26892
     13793.         1.33099     0.02754    -0.04350     1.34695
     19020.         1.40624     0.02755    -0.04213     1.42082
     26229.         1.47747     0.02756    -0.04084     1.49075
     36170.         1.54489     0.02757    -0.03964     1.55696
     49878.         1.60867     0.02756    -0.03849     1.61960
     68782.         1.66914     0.02755    -0.03741     1.67900
     94851.         1.72632     0.02754    -0.03639     1.73517
    0.13080E+06     1.78042     0.02751    -0.03543     1.78833
    0.18038E+06     1.83167     0.02749    -0.03451     1.83869
    0.24874E+06     1.88013     0.02747    -0.03364     1.88630
    0.34301E+06     1.92606     0.02743    -0.03282     1.93145
    0.47302E+06     1.96949     0.02740    -0.03205     1.97414
    0.65229E+06     2.01063     0.02736    -0.03132     2.01459
    0.89952E+06     2.04956     0.02733    -0.03064     2.05287
    0.12404E+07     2.08636     0.02728    -0.02998     2.08906
    0.17106E+07     2.12118     0.02724    -0.02935     2.12329
    0.23589E+07     2.15414     0.02720    -0.02877     2.15571
    0.32529E+07     2.18535     0.02715    -0.02822     2.18642
    0.44858E+07     2.21482     0.02711    -0.02770     2.21542
    0.61860E+07     2.24270     0.02706    -0.02722     2.24285
    0.85305E+07     2.26906     0.02702    -0.02675     2.26879
    0.11764E+08     2.29406     0.02697    -0.02631     2.29340
    0.16222E+08     2.31771     0.02693    -0.02590     2.31667
    0.22370E+08     2.34003     0.02689    -0.02551     2.33865
    0.30849E+08     2.36116     0.02685    -0.02514     2.35945
    0.42541E+08     2.38117     0.02681    -0.02479     2.37915
    0.58664E+08     2.40014     0.02677    -0.02445     2.39782
    0.80898E+08     2.41804     0.02673    -0.02413     2.41545
    0.11156E+09     2.43499     0.02670    -0.02384     2.43213
    0.15384E+09     2.45101     0.02667    -0.02356     2.44791
    0.21215E+09     2.46616     0.02664    -0.02330     2.46282
    0.29255E+09     2.48055     0.02662    -0.02305     2.47698
    0.40343E+09     2.49416     0.02659    -0.02282     2.49039
    0.55633E+09     2.50706     0.02657    -0.02260     2.50309
    0.76719E+09     2.51911     0.02655    -0.02238     2.51495
    0.10580E+10     2.52993     0.02653    -0.02218     2.52559
    0.14589E+10     2.53986     0.02651    -0.02200     2.53535
    0.20119E+10     2.54892     0.02649    -0.02182     2.54425
    0.27744E+10     2.55732     0.02648    -0.02165     2.55249
    0.38259E+10     2.56504     0.02646    -0.02149     2.56007
    0.52760E+10     2.57214     0.02644    -0.02133     2.56703
    0.72756E+10     2.57870     0.02643    -0.02119     2.57347
    0.10033E+11     2.58477     0.02642    -0.02106     2.57941
    0.13836E+11     2.59039     0.02641    -0.02093     2.58491
    0.19079E+11     2.59556     0.02640    -0.02081     2.58997
    0.26311E+11     2.60032     0.02639    -0.02070     2.59464
    0.36283E+11     2.60472     0.02638    -0.02061     2.59896
    0.50034E+11     2.60880     0.02637    -0.02052     2.60295
    0.68997E+11     2.61254     0.02636    -0.02044     2.60662
    0.10000E+12     2.65751     0.02626    -0.01947     2.65072
