    -99.945         0.00000     0.00000     0.00000     0.00000
    -99.795         0.00000     0.00000     0.00000     0.00000
    -99.645         0.00000     0.00000     0.00000     0.00000
    -99.495         0.00000     0.00000     0.00000     0.00000
    -99.345         0.00000     0.00000     0.00000     0.00000
    -99.195         0.00000     0.00000     0.00000     0.00000
    -99.045         0.00000     0.00000     0.00000     0.00000
    -98.895         0.00000     0.00000     0.00000     0.00000
    -98.745         0.00000     0.00000     0.00000     0.00000
    -98.595         0.00000     0.00000     0.00000     0.00000
    -98.445         0.00000     0.00000     0.00000     0.00000
    -98.295         0.00000     0.00000     0.00000     0.00000
    -98.145         0.00000     0.00000     0.00000     0.00000
    -97.995         0.00000     0.00000     0.00000     0.00000
    -97.845         0.00000     0.00000     0.00000     0.00000
    -97.695         0.00000     0.00000     0.00000     0.00000
    -97.545         0.00000     0.00000     0.00000     0.00000
    -97.395         0.00000     0.00000     0.00000     0.00000
    -97.245         0.00000     0.00000     0.00000     0.00000
    -97.095         0.00000     0.00000     0.00000     0.00000
    -96.945         0.00000     0.00000     0.00000     0.00000
    -96.795         0.00000     0.00000     0.00000     0.00000
    -96.645         0.00000     0.00000     0.00000     0.00000
    -96.495         0.00000     0.00000     0.00000     0.00000
    -96.345         0.00000     0.00000     0.00000     0.00000
    -96.195         0.00000     0.00000     0.00000     0.00000
    -96.045         0.00000     0.00000     0.00000     0.00000
    -95.895         0.00000     0.00000     0.00000     0.00000
    -95.745         0.00000     0.00000     0.00000     0.00000
    -95.595         0.00000     0.00000     0.00000     0.00000
    -95.445         0.00000     0.00000     0.00000     0.00000
    -95.295         0.00000     0.00000     0.00000     0.00000
    -95.145         0.00000     0.00000     0.00000     0.00000
    -94.995         0.00000     0.00000     0.00000     0.00000
    -94.845         0.00000     0.00000     0.00000     0.00000
    -94.695         0.00000     0.00000     0.00000     0.00000
    -94.545         0.00000     0.00000     0.00000     0.00000
    -94.395         0.00000     0.00000     0.00000     0.00000
    -94.245         0.00000     0.00000     0.00000     0.00000
    -94.095         0.00000     0.00000     0.00000     0.00000
    -93.945         0.00000     0.00000     0.00000     0.00000
    -93.795         0.00000     0.00000     0.00000     0.00000
    -93.645         0.00000     0.00000     0.00000     0.00000
    -93.495         0.00000     0.00000     0.00000     0.00000
    -93.345         0.00000     0.00000     0.00000     0.00000
    -93.195         0.00000     0.00000     0.00000     0.00000
    -93.045         0.00000     0.00000     0.00000     0.00000
    -92.895         0.00000     0.00000     0.00000     0.00000
    -92.745         0.00000     0.00000     0.00000     0.00000
    -92.595         0.00000     0.00000     0.00000     0.00000
    -92.445         0.00000     0.00000     0.00000     0.00000
    -92.295         0.00000     0.00000     0.00000     0.00000
    -92.145         0.00000     0.00000     0.00000     0.00000
    -91.995         0.00000     0.00000     0.00000     0.00000
    -91.845         0.00000     0.00000     0.00000     0.00000
    -91.695         0.00000     0.00000     0.00000     0.00000
    -91.545         0.00000     0.00000     0.00000     0.00000
    -91.395         0.00000     0.00000     0.00000     0.00000
    -91.245         0.00000     0.00000     0.00000     0.00000
    -91.095         0.00000     0.00000     0.00000     0.00000
    -90.945         0.00000     0.00000     0.00000     0.00000
    -90.795         0.00000     0.00000     0.00000     0.00000
    -90.645         0.00000     0.00000     0.00000     0.00000
    -90.495         0.00000     0.00000     0.00000     0.00000
    -90.345         0.00000     0.00000     0.00000     0.00000
    -90.195         0.00000     0.00000     0.00000     0.00000
    -90.045         0.00000     0.00000     0.00000     0.00000
    -89.895         0.00000     0.00000     0.00000     0.00000
    -89.745         0.00000     0.00000     0.00000     0.00000
    -89.595         0.00000     0.00000     0.00000     0.00000
    -89.445         0.00000     0.00000     0.00000     0.00000
    -89.295         0.00000     0.00000     0.00000     0.00000
    -89.145         0.00000     0.00000     0.00000     0.00000
    -88.995         0.00000     0.00000     0.00000     0.00000
    -88.845         0.00000     0.00000     0.00000     0.00000
    -88.695         0.00000     0.00000     0.00000     0.00000
    -88.545         0.00000     0.00000     0.00000     0.00000
    -88.395         0.00000     0.00000     0.00000     0.00000
    -88.245         0.00000     0.00000     0.00000     0.00000
    -88.095         0.00000     0.00000     0.00000     0.00000
    -87.945         0.00000     0.00000     0.00000     0.00000
    -87.795         0.00000     0.00000     0.00000     0.00000
    -87.645         0.00000     0.00000     0.00000     0.00000
    -87.495         0.00000     0.00000     0.00000     0.00000
    -87.345         0.00000     0.00000     0.00000     0.00000
    -87.195         0.00000     0.00000     0.00000     0.00000
    -87.045         0.00000     0.00000     0.00000     0.00000
    -86.895         0.00000     0.00000     0.00000     0.00000
    -86.745         0.00000     0.00000     0.00000     0.00000
    -86.595         0.00000     0.00000     0.00000     0.00000
    -86.445         0.00000     0.00000     0.00000     0.00000
    -86.295         0.00000     0.00000     0.00000     0.00000
    -86.145         0.00000     0.00000     0.00000     0.00000
    -85.995         0.00000     0.00000     0.00000     0.00000
    -85.845         0.00000     0.00000     0.00000     0.00000
    -85.695         0.00000     0.00000     0.00000     0.00000
    -85.545         0.00000     0.00000     0.00000     0.00000
    -85.395         0.00000     0.00000     0.00000     0.00000
    -85.245         0.00000     0.00000     0.00000     0.00000
    -85.095         0.00000     0.00000     0.00000     0.00000
    -84.945         0.00000     0.00000     0.00000     0.00000
    -84.795         0.00000     0.00000     0.00000     0.00000
    -84.645         0.00000     0.00000     0.00000     0.00000
    -84.495         0.00000     0.00000     0.00000     0.00000
    -84.345         0.00000     0.00000     0.00000     0.00000
    -84.195         0.00000     0.00000     0.00000     0.00000
    -84.045         0.00000     0.00000     0.00000     0.00000
    -83.895         0.00000     0.00000     0.00000     0.00000
    -83.745         0.00000     0.00000     0.00000     0.00000
    -83.595         0.00000     0.00000     0.00000     0.00000
    -83.445         0.00000     0.00000     0.00000     0.00000
    -83.295         0.00000     0.00000     0.00000     0.00000
    -83.145         0.00000     0.00000     0.00000     0.00000
    -82.995         0.00000     0.00000     0.00000     0.00000
    -82.845         0.00000     0.00000     0.00000     0.00000
    -82.695         0.00000     0.00000     0.00000     0.00000
    -82.545         0.00000     0.00000     0.00000     0.00000
    -82.395         0.00000     0.00000     0.00000     0.00000
    -82.245         0.00000     0.00000     0.00000     0.00000
    -82.095         0.00000     0.00000     0.00000     0.00000
    -81.945         0.00000     0.00000     0.00000     0.00000
    -81.795         0.00000     0.00000     0.00000     0.00000
    -81.645         0.00000     0.00000     0.00000     0.00000
    -81.495         0.00000     0.00000     0.00000     0.00000
    -81.345         0.00000     0.00000     0.00000     0.00000
    -81.195         0.00000     0.00000     0.00000     0.00000
    -81.045         0.00000     0.00000     0.00000     0.00000
    -80.895         0.00000     0.00000     0.00000     0.00000
    -80.745         0.00000     0.00000     0.00000     0.00000
    -80.595         0.00000     0.00000     0.00000     0.00000
    -80.445         0.00000     0.00000     0.00000     0.00000
    -80.295         0.00000     0.00000     0.00000     0.00000
    -80.145         0.00000     0.00000     0.00000     0.00000
    -79.995         0.00000     0.00000     0.00000     0.00000
    -79.845         0.00000     0.00000     0.00000     0.00000
    -79.695         0.00000     0.00000     0.00000     0.00000
    -79.545         0.00000     0.00000     0.00000     0.00000
    -79.395         0.00000     0.00000     0.00000     0.00000
    -79.245         0.00000     0.00000     0.00000     0.00000
    -79.095         0.00000     0.00000     0.00000     0.00000
    -78.945         0.00000     0.00000     0.00000     0.00000
    -78.795         0.00000     0.00000     0.00000     0.00000
    -78.645         0.00000     0.00000     0.00000     0.00000
    -78.495         0.00000     0.00000     0.00000     0.00000
    -78.345         0.00000     0.00000     0.00000     0.00000
    -78.195         0.00000     0.00000     0.00000     0.00000
    -78.045         0.00000     0.00000     0.00000     0.00000
    -77.895         0.00000     0.00000     0.00000     0.00000
    -77.745         0.00000     0.00000     0.00000     0.00000
    -77.595         0.00000     0.00000     0.00000     0.00000
    -77.445         0.00000     0.00000     0.00000     0.00000
    -77.295         0.00000     0.00000     0.00000     0.00000
    -77.145         0.00000     0.00000     0.00000     0.00000
    -76.995         0.00000     0.00000     0.00000     0.00000
    -76.845         0.00000     0.00000     0.00000     0.00000
    -76.695         0.00000     0.00000     0.00000     0.00000
    -76.545         0.00000     0.00000     0.00000     0.00000
    -76.395         0.00000     0.00000     0.00000     0.00000
    -76.245         0.00000     0.00000     0.00000     0.00000
    -76.095         0.00000     0.00000     0.00000     0.00000
    -75.945         0.00000     0.00000     0.00000     0.00000
    -75.795         0.00000     0.00000     0.00000     0.00000
    -75.645         0.00000     0.00000     0.00000     0.00000
    -75.495         0.00000     0.00000     0.00000     0.00000
    -75.345         0.00000     0.00000     0.00000     0.00000
    -75.195         0.00000     0.00000     0.00000     0.00000
    -75.045         0.00000     0.00000     0.00000     0.00000
    -74.895         0.00000     0.00000     0.00000     0.00000
    -74.745         0.00000     0.00000     0.00000     0.00000
    -74.595         0.00000     0.00000     0.00000     0.00000
    -74.445         0.00000     0.00000     0.00000     0.00000
    -74.295         0.00000     0.00000     0.00000     0.00000
    -74.145         0.00000     0.00000     0.00000     0.00000
    -73.995         0.00000     0.00000     0.00000     0.00000
    -73.845         0.00000     0.00000     0.00000     0.00000
    -73.695         0.00000     0.00000     0.00000     0.00000
    -73.545         0.00000     0.00000     0.00000     0.00000
    -73.395         0.00000     0.00000     0.00000     0.00000
    -73.245         0.00000     0.00000     0.00000     0.00000
    -73.095         0.00000     0.00000     0.00000     0.00000
    -72.945         0.00000     0.00000     0.00000     0.00000
    -72.795         0.00000     0.00000     0.00000     0.00000
    -72.645         0.00000     0.00000     0.00000     0.00000
    -72.495         0.00000     0.00000     0.00000     0.00000
    -72.345         0.00000     0.00000     0.00000     0.00000
    -72.195         0.00000     0.00000     0.00000     0.00000
    -72.045         0.00000     0.00000     0.00000     0.00000
    -71.895         0.00000     0.00000     0.00000     0.00000
    -71.745         0.00000     0.00000     0.00000     0.00000
    -71.595         0.00000     0.00000     0.00000     0.00000
    -71.445         0.00000     0.00000     0.00000     0.00000
    -71.295         0.00000     0.00000     0.00000     0.00000
    -71.145         0.00000     0.00000     0.00000     0.00000
    -70.995         0.00000     0.00000     0.00000     0.00000
    -70.845         0.00000     0.00000     0.00000     0.00000
    -70.695         0.00000     0.00000     0.00000     0.00000
    -70.545         0.00000     0.00000     0.00000     0.00000
    -70.395         0.00000     0.00000     0.00000     0.00000
    -70.245         0.00000     0.00000     0.00000     0.00000
    -70.095         0.00000     0.00000     0.00000     0.00000
    -69.945         0.00000     0.00000     0.00000     0.00000
    -69.795         0.00000     0.00000     0.00000     0.00000
    -69.645         0.00000     0.00000     0.00000     0.00000
    -69.495         0.00000     0.00000     0.00000     0.00000
    -69.345         0.00000     0.00000     0.00000     0.00000
    -69.195         0.00000     0.00000     0.00000     0.00000
    -69.045         0.00000     0.00000     0.00000     0.00000
    -68.895         0.00000     0.00000     0.00000     0.00000
    -68.745         0.00000     0.00000     0.00000     0.00000
    -68.595         0.00000     0.00000     0.00000     0.00000
    -68.445         0.00000     0.00000     0.00000     0.00000
    -68.295         0.00000     0.00000     0.00000     0.00000
    -68.145         0.00000     0.00000     0.00000     0.00000
    -67.995         0.00000     0.00000     0.00000     0.00000
    -67.845         0.00000     0.00000     0.00000     0.00000
    -67.695         0.00000     0.00000     0.00000     0.00000
    -67.545         0.00000     0.00000     0.00000     0.00000
    -67.395         0.00000     0.00000     0.00000     0.00000
    -67.245         0.00000     0.00000     0.00000     0.00000
    -67.095         0.00000     0.00000     0.00000     0.00000
    -66.945         0.00000     0.00000     0.00000     0.00000
    -66.795         0.00000     0.00000     0.00000     0.00000
    -66.645         0.00000     0.00000     0.00000     0.00000
    -66.495         0.00000     0.00000     0.00000     0.00000
    -66.345         0.00000     0.00000     0.00000     0.00000
    -66.195         0.00000     0.00000     0.00000     0.00000
    -66.045         0.00000     0.00000     0.00000     0.00000
    -65.895         0.00000     0.00000     0.00000     0.00000
    -65.745         0.00000     0.00000     0.00000     0.00000
    -65.595         0.00000     0.00000     0.00000     0.00000
    -65.445         0.00000     0.00000     0.00000     0.00000
    -65.295         0.00000     0.00000     0.00000     0.00000
    -65.145         0.00000     0.00000     0.00000     0.00000
    -64.995         0.00000     0.00000     0.00000     0.00000
    -64.845         0.00000     0.00000     0.00000     0.00000
    -64.695         0.00000     0.00000     0.00000     0.00000
    -64.545         0.00000     0.00000     0.00000     0.00000
    -64.395         0.00000     0.00000     0.00000     0.00000
    -64.245         0.00000     0.00000     0.00000     0.00000
    -64.095         0.00000     0.00000     0.00000     0.00000
    -63.945         0.00000     0.00000     0.00000     0.00000
    -63.795         0.00000     0.00000     0.00000     0.00000
    -63.645         0.00000     0.00000     0.00000     0.00000
    -63.495         0.00000     0.00000     0.00000     0.00000
    -63.345         0.00000     0.00000     0.00000     0.00000
    -63.195         0.00000     0.00000     0.00000     0.00000
    -63.045         0.00000     0.00000     0.00000     0.00000
    -62.895         0.00000     0.00000     0.00000     0.00000
    -62.745         0.00000     0.00000     0.00000     0.00000
    -62.595         0.00000     0.00000     0.00000     0.00000
    -62.445         0.00000     0.00000     0.00000     0.00000
    -62.295         0.00000     0.00000     0.00000     0.00000
    -62.145         0.00000     0.00000     0.00000     0.00000
    -61.995         0.00000     0.00000     0.00000     0.00000
    -61.845         0.00000     0.00000     0.00000     0.00000
    -61.695         0.00000     0.00000     0.00000     0.00000
    -61.545         0.00000     0.00000     0.00000     0.00000
    -61.395         0.00000     0.00000     0.00000     0.00000
    -61.245         0.00000     0.00000     0.00000     0.00000
    -61.095         0.00000     0.00000     0.00000     0.00000
    -60.945         0.00000     0.00000     0.00000     0.00000
    -60.795         0.00000     0.00000     0.00000     0.00000
    -60.645         0.00000     0.00000     0.00000     0.00000
    -60.495         0.00000     0.00000     0.00000     0.00000
    -60.345         0.00000     0.00000     0.00000     0.00000
    -60.195         0.00000     0.00000     0.00000     0.00000
    -60.045         0.00000     0.00000     0.00000     0.00000
    -59.895         0.00000     0.00000     0.00000     0.00000
    -59.745         0.00000     0.00000     0.00000     0.00000
    -59.595         0.00000     0.00000     0.00000     0.00000
    -59.445         0.00000     0.00000     0.00000     0.00000
    -59.295         0.00000     0.00000     0.00000     0.00000
    -59.145         0.00000     0.00000     0.00000     0.00000
    -58.995         0.00000     0.00000     0.00000     0.00000
    -58.845         0.00000     0.00000     0.00000     0.00000
    -58.695         0.00000     0.00000     0.00000     0.00000
    -58.545         0.00000     0.00000     0.00000     0.00000
    -58.395         0.00000     0.00000     0.00000     0.00000
    -58.245         0.00000     0.00000     0.00000     0.00000
    -58.095         0.00000     0.00000     0.00000     0.00000
    -57.945         0.00000     0.00000     0.00000     0.00000
    -57.795         0.00000     0.00000     0.00000     0.00000
    -57.645         0.00000     0.00000     0.00000     0.00000
    -57.495         0.00000     0.00000     0.00000     0.00000
    -57.345         0.00000     0.00000     0.00000     0.00000
    -57.195         0.00000     0.00000     0.00000     0.00000
    -57.045         0.00000     0.00000     0.00000     0.00000
    -56.895         0.00000     0.00000     0.00000     0.00000
    -56.745         0.00000     0.00000     0.00000     0.00000
    -56.595         0.00000     0.00000     0.00000     0.00000
    -56.445         0.00000     0.00000     0.00000     0.00000
    -56.295         0.00000     0.00000     0.00000     0.00000
    -56.145         0.00000     0.00000     0.00000     0.00000
    -55.995         0.00000     0.00000     0.00000     0.00000
    -55.845         0.00000     0.00000     0.00000     0.00000
    -55.695         0.00000     0.00000     0.00000     0.00000
    -55.545         0.00000     0.00000     0.00000     0.00000
    -55.395         0.00000     0.00000     0.00000     0.00000
    -55.245         0.00000     0.00000     0.00000     0.00000
    -55.095         0.00000     0.00000     0.00000     0.00000
    -54.945         0.00000     0.00000     0.00000     0.00000
    -54.795         0.00000     0.00000     0.00000     0.00000
    -54.645         0.00000     0.00000     0.00000     0.00000
    -54.495         0.00000     0.00000     0.00000     0.00000
    -54.345         0.00000     0.00000     0.00000     0.00000
    -54.195         0.00000     0.00000     0.00000     0.00000
    -54.045         0.00000     0.00000     0.00000     0.00000
    -53.895         0.00000     0.00000     0.00000     0.00000
    -53.745         0.00000     0.00000     0.00000     0.00000
    -53.595         0.00000     0.00000     0.00000     0.00000
    -53.445         0.00000     0.00000     0.00000     0.00000
    -53.295         0.00000     0.00000     0.00000     0.00000
    -53.145         0.00000     0.00000     0.00000     0.00000
    -52.995         0.00000     0.00000     0.00000     0.00000
    -52.845         0.00000     0.00000     0.00000     0.00000
    -52.695         0.00000     0.00000     0.00000     0.00000
    -52.545         0.00000     0.00000     0.00000     0.00000
    -52.395         0.00000     0.00000     0.00000     0.00000
    -52.245         0.00000     0.00000     0.00000     0.00000
    -52.095         0.00000     0.00000     0.00000     0.00000
    -51.945         0.00000     0.00000     0.00000     0.00000
    -51.795         0.00000     0.00000     0.00000     0.00000
    -51.645         0.00000     0.00000     0.00000     0.00000
    -51.495         0.00000     0.00000     0.00000     0.00000
    -51.345         0.00000     0.00000     0.00000     0.00000
    -51.195         0.00000     0.00000     0.00000     0.00000
    -51.045         0.00000     0.00000     0.00000     0.00000
    -50.895         0.00000     0.00000     0.00000     0.00000
    -50.745         0.00000     0.00000     0.00000     0.00000
    -50.595         0.00000     0.00000     0.00000     0.00000
    -50.445         0.00000     0.00000     0.00000     0.00000
    -50.295         0.00000     0.00000     0.00000     0.00000
    -50.145         0.00000     0.00000     0.00000     0.00000
    -49.995         0.00000     0.00000     0.00000     0.00000
    -49.845         0.00000     0.00000     0.00000     0.00000
    -49.695         0.00000     0.00000     0.00000     0.00000
    -49.545         0.00000     0.00000     0.00000     0.00000
    -49.395         0.00000     0.00000     0.00000     0.00000
    -49.245         0.00000     0.00000     0.00000     0.00000
    -49.095         0.00000     0.00000     0.00000     0.00000
    -48.945         0.00000     0.00000     0.00000     0.00000
    -48.795         0.00000     0.00000     0.00000     0.00000
    -48.645         0.00000     0.00000     0.00000     0.00000
    -48.495         0.00000     0.00000     0.00000     0.00000
    -48.345         0.00000     0.00000     0.00000     0.00000
    -48.195         0.00000     0.00000     0.00000     0.00000
    -48.045         0.00000     0.00000     0.00000     0.00000
    -47.895         0.00000     0.00000     0.00000     0.00000
    -47.745         0.00000     0.00000     0.00000     0.00000
    -47.595         0.00000     0.00000     0.00000     0.00000
    -47.445         0.00000     0.00000     0.00000     0.00000
    -47.295         0.00000     0.00000     0.00000     0.00000
    -47.145         0.00000     0.00000     0.00000     0.00000
    -46.995         0.00000     0.00000     0.00000     0.00000
    -46.845         0.00000     0.00000     0.00000     0.00000
    -46.695         0.00000     0.00000     0.00000     0.00000
    -46.545         0.00000     0.00000     0.00000     0.00000
    -46.395         0.00000     0.00000     0.00000     0.00000
    -46.245         0.00000     0.00000     0.00000     0.00000
    -46.095         0.00000     0.00000     0.00000     0.00000
    -45.945         0.00000     0.00000     0.00000     0.00000
    -45.795         0.00000     0.00000     0.00000     0.00000
    -45.645         0.00000     0.00000     0.00000     0.00000
    -45.495         0.00000     0.00000     0.00000     0.00000
    -45.345         0.00000     0.00000     0.00000     0.00000
    -45.195         0.00000     0.00000     0.00000     0.00000
    -45.045         0.00000     0.00000     0.00000     0.00000
    -44.895         0.00000     0.00000     0.00000     0.00000
    -44.745         0.00000     0.00000     0.00000     0.00000
    -44.595         0.00000     0.00000     0.00000     0.00000
    -44.445         0.00000     0.00000     0.00000     0.00000
    -44.295         0.00000     0.00000     0.00000     0.00000
    -44.145         0.00000     0.00000     0.00000     0.00000
    -43.995         0.00000     0.00000     0.00000     0.00000
    -43.845         0.00000     0.00000     0.00000     0.00000
    -43.695         0.00000     0.00000     0.00000     0.00000
    -43.545         0.00000     0.00000     0.00000     0.00000
    -43.395         0.00000     0.00000     0.00000     0.00000
    -43.245         0.00000     0.00000     0.00000     0.00000
    -43.095         0.00000     0.00000     0.00000     0.00000
    -42.945         0.00000     0.00000     0.00000     0.00000
    -42.795         0.00000     0.00000     0.00000     0.00000
    -42.645         0.00000     0.00000     0.00000     0.00000
    -42.495         0.00000     0.00000     0.00000     0.00000
    -42.345         0.00000     0.00000     0.00000     0.00000
    -42.195         0.00000     0.00000     0.00000     0.00000
    -42.045         0.00000     0.00000     0.00000     0.00000
    -41.895         0.00000     0.00000     0.00000     0.00000
    -41.745         0.00000     0.00000     0.00000     0.00000
    -41.595         0.00000     0.00000     0.00000     0.00000
    -41.445         0.00000     0.00000     0.00000     0.00000
    -41.295         0.00000     0.00000     0.00000     0.00000
    -41.145         0.00000     0.00000     0.00000     0.00000
    -40.995         0.00000     0.00000     0.00000     0.00000
    -40.845         0.00000     0.00000     0.00000     0.00000
    -40.695         0.00000     0.00000     0.00000     0.00000
    -40.545         0.00000     0.00000     0.00000     0.00000
    -40.395         0.00000     0.00000     0.00000     0.00000
    -40.245         0.00000     0.00000     0.00000     0.00000
    -40.095         0.00000     0.00000     0.00000     0.00000
    -39.945         0.00000     0.00000     0.00000     0.00000
    -39.795         0.00000     0.00000     0.00000     0.00000
    -39.645         0.00000     0.00000     0.00000     0.00000
    -39.495         0.00000     0.00000     0.00000     0.00000
    -39.345         0.00000     0.00000     0.00000     0.00000
    -39.195         0.00000     0.00000     0.00000     0.00000
    -39.045         0.00000     0.00000     0.00000     0.00000
    -38.895         0.00000     0.00000     0.00000     0.00000
    -38.745         0.00000     0.00000     0.00000     0.00000
    -38.595         0.00000     0.00000     0.00000     0.00000
    -38.445         0.00000     0.00000     0.00000     0.00000
    -38.295         0.00000     0.00000     0.00000     0.00000
    -38.145         0.00000     0.00000     0.00000     0.00000
    -37.995         0.00000     0.00000     0.00000     0.00000
    -37.845         0.00000     0.00000     0.00000     0.00000
    -37.695         0.00000     0.00000     0.00000     0.00000
    -37.545         0.00000     0.00000     0.00000     0.00000
    -37.395         0.00000     0.00000     0.00000     0.00000
    -37.245         0.00000     0.00000     0.00000     0.00000
    -37.095         0.00000     0.00000     0.00000     0.00000
    -36.945         0.00000     0.00000     0.00000     0.00000
    -36.795         0.00000     0.00000     0.00000     0.00000
    -36.645         0.00000     0.00000     0.00000     0.00000
    -36.495         0.00000     0.00000     0.00000     0.00000
    -36.345         0.00000     0.00000     0.00000     0.00000
    -36.195         0.00000     0.00000     0.00000     0.00000
    -36.045         0.00000     0.00000     0.00000     0.00000
    -35.895         0.00000     0.00000     0.00000     0.00000
    -35.745         0.00000     0.00000     0.00000     0.00000
    -35.595         0.00000     0.00000     0.00000     0.00000
    -35.445         0.00000     0.00000     0.00000     0.00000
    -35.295         0.00000     0.00000     0.00000     0.00000
    -35.145         0.00000     0.00000     0.00000     0.00000
    -34.995         0.00000     0.00000     0.00000     0.00000
    -34.845         0.00000     0.00000     0.00000     0.00000
    -34.695         0.00000     0.00000     0.00000     0.00000
    -34.545         0.00000     0.00000     0.00000     0.00000
    -34.395         0.00000     0.00000     0.00000     0.00000
    -34.245         0.00000     0.00000     0.00000     0.00000
    -34.095         0.00000     0.00000     0.00000     0.00000
    -33.945         0.00000     0.00000     0.00000     0.00000
    -33.795         0.00000     0.00000     0.00000     0.00000
    -33.645         0.00000     0.00000     0.00000     0.00000
    -33.495         0.00000     0.00000     0.00000     0.00000
    -33.345         0.00000     0.00000     0.00000     0.00000
    -33.195         0.00000     0.00000     0.00000     0.00000
    -33.045         0.00000     0.00000     0.00000     0.00000
    -32.895         0.00000     0.00000     0.00000     0.00000
    -32.745         0.00000     0.00000     0.00000     0.00000
    -32.595         0.00000     0.00000     0.00000     0.00000
    -32.445         0.00000     0.00000     0.00000     0.00000
    -32.295         0.00000     0.00000     0.00000     0.00000
    -32.145         0.00000     0.00000     0.00000     0.00000
    -31.995         0.00000     0.00000     0.00000     0.00000
    -31.845         0.00000     0.00000     0.00000     0.00000
    -31.695         0.00000     0.00000     0.00000     0.00000
    -31.545         0.00000     0.00000     0.00000     0.00000
    -31.395         0.00000     0.00000     0.00000     0.00000
    -31.245         0.00000     0.00000     0.00000     0.00000
    -31.095         0.00000     0.00000     0.00000     0.00000
    -30.945         0.00000     0.00000     0.00000     0.00000
    -30.795         0.00000     0.00000     0.00000     0.00000
    -30.645         0.00000     0.00000     0.00000     0.00000
    -30.495         0.00000     0.00000     0.00000     0.00000
    -30.345         0.00000     0.00000     0.00000     0.00000
    -30.195         0.00000     0.00000     0.00000     0.00000
    -30.045         0.00000     0.00000     0.00000     0.00000
    -29.895         0.00000     0.00000     0.00000     0.00000
    -29.745         0.00000     0.00000     0.00000     0.00000
    -29.595         0.00000     0.00000     0.00000     0.00000
    -29.445         0.00000     0.00000     0.00000     0.00000
    -29.295         0.00000     0.00000     0.00000     0.00000
    -29.145         0.00000     0.00000     0.00000     0.00000
    -28.995         0.00000     0.00000     0.00000     0.00000
    -28.845         0.00000     0.00000     0.00000     0.00000
    -28.695         0.00000     0.00000     0.00000     0.00000
    -28.545         0.00000     0.00000     0.00000     0.00000
    -28.395         0.00000     0.00000     0.00000     0.00000
    -28.245         0.00000     0.00000     0.00000     0.00000
    -28.095         0.00000     0.00000     0.00000     0.00000
    -27.945         0.00000     0.00000     0.00000     0.00000
    -27.795         0.00000     0.00000     0.00000     0.00000
    -27.645         0.00000     0.00000     0.00000     0.00000
    -27.495         0.00000     0.00000     0.00000     0.00000
    -27.345         0.00000     0.00000     0.00000     0.00000
    -27.195         0.00000     0.00000     0.00000     0.00000
    -27.045         0.00000     0.00000     0.00000     0.00000
    -26.895         0.00000     0.00000     0.00000     0.00000
    -26.745         0.00000     0.00000     0.00000     0.00000
    -26.595         0.00000     0.00000     0.00000     0.00000
    -26.445         0.00000     0.00000     0.00000     0.00000
    -26.295         0.00000     0.00000     0.00000     0.00000
    -26.145         0.00000     0.00000     0.00000     0.00000
    -25.995         0.00000     0.00000     0.00000     0.00000
    -25.845         0.00000     0.00000     0.00000     0.00000
    -25.695         0.00000     0.00000     0.00000     0.00000
    -25.545         0.00000     0.00000     0.00000     0.00000
    -25.395         0.00000     0.00000     0.00000     0.00000
    -25.245         0.00000     0.00000     0.00000     0.00000
    -25.095         0.00000     0.00000     0.00000     0.00000
    -24.945         0.00000     0.00000     0.00000     0.00000
    -24.795         0.00000     0.00000     0.00000     0.00000
    -24.645         0.00000     0.00000     0.00000     0.00000
    -24.495         0.00000     0.00000     0.00000     0.00000
    -24.345         0.00000     0.00000     0.00000     0.00000
    -24.195         0.00000     0.00000     0.00000     0.00000
    -24.045         0.00000     0.00000     0.00000     0.00000
    -23.895         0.00000     0.00000     0.00000     0.00000
    -23.745         0.00000     0.00000     0.00000     0.00000
    -23.595         0.00000     0.00000     0.00000     0.00000
    -23.445         0.00000     0.00000     0.00000     0.00000
    -23.295         0.00000     0.00000     0.00000     0.00000
    -23.145         0.00000     0.00000     0.00000     0.00000
    -22.995         0.00000     0.00000     0.00000     0.00000
    -22.845         0.00000     0.00000     0.00000     0.00000
    -22.695         0.00000     0.00000     0.00000     0.00000
    -22.545         0.00000     0.00000     0.00000     0.00000
    -22.395         0.00000     0.00000     0.00000     0.00000
    -22.245         0.00000     0.00000     0.00000     0.00000
    -22.095         0.00000     0.00000     0.00000     0.00000
    -21.945         0.00000     0.00000     0.00000     0.00000
    -21.795         0.00000     0.00000     0.00000     0.00000
    -21.645         0.00000     0.00000     0.00000     0.00000
    -21.495         0.00000     0.00000     0.00000     0.00000
    -21.345         0.00000     0.00000     0.00000     0.00000
    -21.195         0.00000     0.00000     0.00000     0.00000
    -21.045         0.00000     0.00000     0.00000     0.00000
    -20.895         0.00000     0.00000     0.00000     0.00000
    -20.745         0.00000     0.00000     0.00000     0.00000
    -20.595         0.00000     0.00000     0.00000     0.00000
    -20.445         0.00000     0.00000     0.00000     0.00000
    -20.295         0.00000     0.00000     0.00000     0.00000
    -20.145         0.00000     0.00000     0.00000     0.00000
    -19.995         0.00000     0.00000     0.00000     0.00000
    -19.845         0.00000     0.00000     0.00000     0.00000
    -19.695         0.00000     0.00000     0.00000     0.00000
    -19.545         0.00000     0.00000     0.00000     0.00000
    -19.395         0.00000     0.00000     0.00000     0.00000
    -19.245         0.00000     0.00000     0.00000     0.00000
    -19.095         0.00000     0.00000     0.00000     0.00000
    -18.945         0.00000     0.00000     0.00000     0.00000
    -18.795         0.00000     0.00000     0.00000     0.00000
    -18.645         0.00000     0.00000     0.00000     0.00000
    -18.495         0.00000     0.00000     0.00000     0.00000
    -18.345         0.00000     0.00000     0.00000     0.00000
    -18.195         0.00000     0.00000     0.00000     0.00000
    -18.045         0.00000     0.00000     0.00000     0.00000
    -17.895         0.00000     0.00000     0.00000     0.00000
    -17.745         0.00000     0.00000     0.00000     0.00000
    -17.595         0.00000     0.00000     0.00000     0.00000
    -17.445         0.00000     0.00000     0.00000     0.00000
    -17.295         0.00000     0.00000     0.00000     0.00000
    -17.145         0.00000     0.00000     0.00000     0.00000
    -16.995         0.00000     0.00000     0.00000     0.00000
    -16.845         0.00000     0.00000     0.00000     0.00000
    -16.695         0.00000     0.00000     0.00000     0.00000
    -16.545         0.00000     0.00000     0.00000     0.00000
    -16.395         0.00000     0.00000     0.00000     0.00000
    -16.245         0.00000     0.00000     0.00000     0.00000
    -16.095         0.00000     0.00000     0.00000     0.00000
    -15.945         0.00000     0.00000     0.00000     0.00000
    -15.795         0.00000     0.00000     0.00000     0.00000
    -15.645         0.00000     0.00000     0.00000     0.00000
    -15.495         0.00000     0.00000     0.00000     0.00000
    -15.345         0.00000     0.00000     0.00000     0.00000
    -15.195         0.00000     0.00000     0.00000     0.00000
    -15.045         0.00000     0.00000     0.00000     0.00000
    -14.895         0.00000     0.00000     0.00000     0.00000
    -14.745         0.00000     0.00000     0.00000     0.00000
    -14.595         0.00000     0.00000     0.00000     0.00000
    -14.445         0.00000     0.00000     0.00000     0.00000
    -14.295         0.00000     0.00000     0.00000     0.00000
    -14.145         0.00000     0.00000     0.00000     0.00000
    -13.995         0.00000     0.00000     0.00000     0.00000
    -13.845         0.00000     0.00000     0.00000     0.00000
    -13.695         0.00000     0.00000     0.00000     0.00000
    -13.545         0.00000     0.00000     0.00000     0.00000
    -13.395         0.00000     0.00000     0.00000     0.00000
    -13.245         0.00000     0.00000     0.00000     0.00000
    -13.095         0.00000     0.00000     0.00000     0.00000
    -12.945         0.00000     0.00000     0.00000     0.00000
    -12.795         0.00000     0.00000     0.00000     0.00000
    -12.645         0.00000     0.00000     0.00000     0.00000
    -12.495         0.00000     0.00000     0.00000     0.00000
    -12.345         0.00000     0.00000     0.00000     0.00000
    -12.195         0.00000     0.00000     0.00000     0.00000
    -12.045         0.00000     0.00000     0.00000     0.00000
    -11.895         0.00000     0.00000     0.00000     0.00000
    -11.745         0.00000     0.00000     0.00000     0.00000
    -11.595         0.00000     0.00000     0.00000     0.00000
    -11.445         0.00000     0.00000     0.00000     0.00000
    -11.295         0.00000     0.00000     0.00000     0.00000
    -11.145         0.00000     0.00000     0.00000     0.00000
    -10.995         0.00000     0.00000     0.00000     0.00000
    -10.845         0.00000     0.00000     0.00000     0.00000
    -10.695         0.00000     0.00000     0.00000     0.00000
    -10.545         0.00000     0.00000     0.00000     0.00000
    -10.395         0.00000     0.00000     0.00000     0.00000
    -10.245         0.00000     0.00000     0.00000     0.00000
    -10.095         0.00000     0.00000     0.00000     0.00000
    -9.9450         0.00000     0.00000     0.00000     0.00000
    -9.7950         0.00000     0.00000     0.00000     0.00000
    -9.6450         0.00000     0.00000     0.00000     0.00000
    -9.4950         0.00000     0.00000     0.00000     0.00000
    -9.3450         0.00000     0.00000     0.00000     0.00000
    -9.1950         0.00000     0.00000     0.00000     0.00000
    -9.0450         0.00000     0.00000     0.00000     0.00000
    -8.8950         0.00000     0.00000     0.00000     0.00000
    -8.7450         0.00000     0.00000     0.00000     0.00000
    -8.5950         0.00000     0.00000     0.00000     0.00000
    -8.4450         0.00000     0.00000     0.00000     0.00000
    -8.2950         0.00000     0.00000     0.00000     0.00000
    -8.1450         0.00000     0.00000     0.00000     0.00000
    -7.9950         0.00000     0.00000     0.00000     0.00000
    -7.8450         0.00000     0.00000     0.00000     0.00000
    -7.6950         0.00000     0.00000     0.00000     0.00000
    -7.5450         0.00000     0.00000     0.00000     0.00000
    -7.3950         0.00000     0.00000     0.00000     0.00000
    -7.2450         0.00000     0.00000     0.00000     0.00000
    -7.0950         0.00000     0.00000     0.00000     0.00000
    -6.9450         0.00000     0.00000     0.00000     0.00000
    -6.7950         0.00000     0.00000     0.00000     0.00000
    -6.6450         0.00000     0.00000     0.00000     0.00000
    -6.4950         0.00000     0.00000     0.00000     0.00000
    -6.3450         0.00000     0.00000     0.00000     0.00000
    -6.1950         0.00000     0.00000     0.00000     0.00000
    -6.0450         0.00000     0.00000     0.00000     0.00000
    -5.8950         0.00000     0.00000     0.00000     0.00000
    -5.7450         0.00000     0.00000     0.00000     0.00000
    -5.5950         0.00000     0.00000     0.00000     0.00000
    -5.4450         0.00000     0.00000     0.00000     0.00000
    -5.2950         0.00000     0.00000     0.00000     0.00000
    -5.1450         0.00000     0.00000     0.00000     0.00000
    -4.9950         0.00000     0.00000     0.00000     0.00000
    -4.8450         0.00000     0.00000     0.00000     0.00000
    -4.6950         0.00000     0.00000     0.00000     0.00000
    -4.5450         0.00000     0.00000     0.00000     0.00000
    -4.3950         0.00000     0.00000     0.00000     0.00000
    -4.2450         0.00000     0.00000     0.00000     0.00000
    -4.0950         0.00000     0.00000     0.00000     0.00000
    -3.9450         0.00000     0.00000     0.00000     0.00000
    -3.7950         0.00000     0.00000     0.00000     0.00000
    -3.6450         0.00000     0.00000     0.00000     0.00000
    -3.4950         0.00000     0.00000     0.00000     0.00000
    -3.3450         0.00000     0.00000     0.00000     0.00000
    -3.1950         0.00000     0.00000     0.00000     0.00000
    -3.0450         0.00000     0.00000     0.00000     0.00000
    -2.8950         0.00000     0.00000     0.00000     0.00000
    -2.7450         0.00000     0.00000     0.00000     0.00000
    -2.5950        -0.00000    -0.00000     0.00000     0.00000
    -2.4450        -0.00000    -0.00000     0.00000     0.00000
    -2.2950         0.00000     0.00000     0.00000     0.00000
    -2.1450         0.00001     0.00001     0.00000     0.00000
    -1.9950         0.00002     0.00002     0.00000     0.00000
    -1.8450         0.00007     0.00007     0.00000     0.00000
    -1.6950        -0.00002     0.00019     0.00000    -0.00021
    -1.5450        -0.00051     0.00043    -0.00012    -0.00081
    -1.3950        -0.00441     0.00018    -0.00095    -0.00364
    -1.2450        -0.01828     0.00030    -0.00620    -0.01237
    -1.0950        -0.06456     0.00047    -0.02225    -0.04278
   -0.94500        -0.21075    -0.00003    -0.05723    -0.15349
   -0.79500        -0.70408    -0.00390    -0.11324    -0.58694
   -0.64500        -2.14632    -0.01052    -0.16811    -1.96769
   -0.49500        -4.77323    -0.02278    -0.21215    -4.53830
   -0.34500        -7.86099    -0.04631    -0.25677    -7.55791
   -0.22700        -8.69450    -0.05871    -0.27424    -8.36155
   -0.21300        -8.78769    -0.06038    -0.27657    -8.45074
   -0.20700        -8.88125    -0.06208    -0.27882    -8.54035
   -0.20100        -8.97550    -0.06392    -0.28134    -8.63024
   -0.19500        -9.06797    -0.06573    -0.28393    -8.71832
   -0.18900        -9.16061    -0.06763    -0.28657    -8.80641
   -0.18300        -9.25365    -0.06956    -0.28934    -8.89475
   -0.17700        -9.34558    -0.07161    -0.29243    -8.98154
   -0.17100        -9.43899    -0.07386    -0.29534    -9.06979
   -0.16500        -9.53188    -0.07600    -0.29853    -9.15735
   -0.15900        -9.62469    -0.07818    -0.30174    -9.24477
   -0.15300        -9.71930    -0.08058    -0.30508    -9.33364
   -0.14700        -9.81425    -0.08295    -0.30864    -9.42266
   -0.14100        -9.90995    -0.08556    -0.31235    -9.51203
   -0.13500       -10.00674    -0.08811    -0.31620    -9.60243
   -0.12900       -10.10561    -0.09073    -0.32019    -9.69470
   -0.12300       -10.20609    -0.09340    -0.32432    -9.78836
   -0.11700       -10.30953    -0.09621    -0.32874    -9.88457
   -0.11100       -10.41508    -0.09900    -0.33328    -9.98279
   -0.10500       -10.52341    -0.10211    -0.33800   -10.08330
   -0.99000E-01   -10.63572    -0.10528    -0.34288   -10.18756
   -0.93000E-01   -10.75225    -0.10873    -0.34807   -10.29545
   -0.87000E-01   -10.87438    -0.11220    -0.35333   -10.40884
   -0.81000E-01   -11.00204    -0.11609    -0.35890   -10.52705
   -0.75000E-01   -11.13682    -0.12017    -0.36476   -10.65189
   -0.69000E-01   -11.28072    -0.12458    -0.37078   -10.78536
   -0.63000E-01   -11.43469    -0.12937    -0.37726   -10.92805
   -0.57000E-01   -11.60021    -0.13449    -0.38438   -11.08135
   -0.51000E-01   -11.77956    -0.13995    -0.39196   -11.24765
   -0.45000E-01   -11.97136    -0.14607    -0.40033   -11.42496
   -0.39000E-01   -12.17894    -0.15301    -0.40985   -11.61609
   -0.33000E-01   -12.40464    -0.16101    -0.42114   -11.82249
   -0.27000E-01   -12.65111    -0.17053    -0.43563   -12.04495
   -0.21300E-01   -12.83512    -0.17832    -0.44864   -12.20816
   -0.19500E-01   -12.86330    -0.17956    -0.45088   -12.23286
   -0.18900E-01   -12.89213    -0.18082    -0.45320   -12.25811
   -0.18300E-01   -12.92141    -0.18212    -0.45566   -12.28362
   -0.17700E-01   -12.95118    -0.18346    -0.45825   -12.30947
   -0.17100E-01   -12.98132    -0.18484    -0.46103   -12.33545
   -0.16500E-01   -13.01204    -0.18624    -0.46394   -12.36185
   -0.15900E-01   -13.04332    -0.18773    -0.46704   -12.38854
   -0.15300E-01   -13.07511    -0.18926    -0.47036   -12.41548
   -0.14700E-01   -13.10747    -0.19083    -0.47385   -12.44279
   -0.14100E-01   -13.14053    -0.19243    -0.47762   -12.47048
   -0.13500E-01   -13.17454    -0.19409    -0.48171   -12.49873
   -0.12900E-01   -13.20919    -0.19581    -0.48608   -12.52730
   -0.12300E-01   -13.24459    -0.19758    -0.49090   -12.55611
   -0.11700E-01   -13.28106    -0.19942    -0.49616   -12.58549
   -0.11100E-01   -13.31866    -0.20133    -0.50194   -12.61539
   -0.10500E-01   -13.35732    -0.20332    -0.50835   -12.64565
   -0.99000E-02   -13.39732    -0.20541    -0.51552   -12.67639
   -0.93000E-02   -13.43869    -0.20753    -0.52364   -12.70752
   -0.87000E-02   -13.48169    -0.20974    -0.53285   -12.73910
   -0.81000E-02   -13.52678    -0.21210    -0.54342   -12.77126
   -0.75000E-02   -13.57405    -0.21454    -0.55578   -12.80373
   -0.69000E-02   -13.62440    -0.21707    -0.57065   -12.83668
   -0.63000E-02   -13.67895    -0.21971    -0.58917   -12.87007
   -0.57000E-02   -13.73953    -0.22247    -0.61307   -12.90399
   -0.51000E-02   -13.80901    -0.22534    -0.64551   -12.93816
   -0.45000E-02   -13.89289    -0.22828    -0.69195   -12.97266
   -0.39000E-02   -13.99941    -0.23128    -0.76053   -13.00760
   -0.33000E-02   -14.13335    -0.23433    -0.85584   -13.04319
   -0.27000E-02   -14.25839    -0.23737    -0.94085   -13.08016
   -0.21000E-02   -14.34533    -0.24032    -0.98420   -13.12080
   -0.15000E-02   -14.41693    -0.24299    -1.00230   -13.17163
   -0.90000E-03   -14.51197    -0.24511    -1.00883   -13.25803
   -0.30000E-03   -15.94418    -0.24607    -1.01023   -14.68787
    0.30000E-03   -14.51290    -0.24468    -1.00927   -13.25895
    0.90000E-03   -14.42529    -0.23815    -1.00716   -13.17998
    0.15000E-02   -14.37096    -0.22003    -1.00447   -13.14646
    0.21000E-02   -14.30943    -0.17664    -1.00154   -13.13125
    0.27000E-02   -14.21438    -0.09139    -0.99852   -13.12447
    0.33000E-02   -14.11280     0.00418    -0.99550   -13.12149
    0.39000E-02   -14.03993     0.07266    -0.99248   -13.12010
    0.45000E-02   -13.98992     0.11915    -0.98957   -13.11949
    0.51000E-02   -13.95429     0.15171    -0.98677   -13.11923
    0.57000E-02   -13.92762     0.17556    -0.98407   -13.11910
    0.63000E-02   -13.90654     0.19397    -0.98146   -13.11904
    0.69000E-02   -13.88917     0.20885    -0.97901   -13.11901
    0.75000E-02   -13.87433     0.22129    -0.97663   -13.11898
    0.81000E-02   -13.86141     0.23193    -0.97438   -13.11896
    0.87000E-02   -13.85012     0.24107    -0.97225   -13.11894
    0.93000E-02   -13.84004     0.24909    -0.97021   -13.11892
    0.99000E-02   -13.83087     0.25631    -0.96827   -13.11891
    0.10500E-01   -13.82248     0.26275    -0.96635   -13.11889
    0.11100E-01   -13.81494     0.26848    -0.96456   -13.11886
    0.11700E-01   -13.80801     0.27368    -0.96284   -13.11885
    0.12300E-01   -13.80154     0.27847    -0.96117   -13.11883
    0.12900E-01   -13.79555     0.28286    -0.95960   -13.11881
    0.13500E-01   -13.78997     0.28690    -0.95809   -13.11879
    0.14100E-01   -13.78466     0.29072    -0.95661   -13.11876
    0.14700E-01   -13.77971     0.29422    -0.95519   -13.11874
    0.15300E-01   -13.77515     0.29742    -0.95386   -13.11871
    0.15900E-01   -13.77082     0.30049    -0.95262   -13.11869
    0.16500E-01   -13.76668     0.30341    -0.95142   -13.11866
    0.17100E-01   -13.76276     0.30611    -0.95024   -13.11863
    0.17700E-01   -13.75900     0.30871    -0.94910   -13.11860
    0.18300E-01   -13.75553     0.31106    -0.94802   -13.11857
    0.18900E-01   -13.75213     0.31336    -0.94695   -13.11854
    0.19500E-01   -13.74891     0.31551    -0.94592   -13.11851
    0.21300E-01   -13.73078     0.32748    -0.94001   -13.11825
    0.27000E-01   -13.71182     0.33967    -0.93369   -13.11781
    0.33000E-01   -13.69872     0.34792    -0.92936   -13.11727
    0.39000E-01   -13.68937     0.35366    -0.92638   -13.11665
    0.45000E-01   -13.68252     0.35782    -0.92441   -13.11593
    0.51000E-01   -13.67744     0.36079    -0.92310   -13.11513
    0.57000E-01   -13.67340     0.36303    -0.92223   -13.11420
    0.63000E-01   -13.67015     0.36473    -0.92161   -13.11326
    0.69000E-01   -13.66750     0.36594    -0.92123   -13.11221
    0.75000E-01   -13.66536     0.36674    -0.92097   -13.11113
    0.81000E-01   -13.66342     0.36735    -0.92080   -13.10997
    0.87000E-01   -13.66156     0.36788    -0.92069   -13.10875
    0.93000E-01   -13.65979     0.36824    -0.92059   -13.10744
    0.99000E-01   -13.65802     0.36854    -0.92052   -13.10604
    0.10500       -13.65636     0.36874    -0.92045   -13.10465
    0.11100       -13.65475     0.36888    -0.92042   -13.10322
    0.11700       -13.65282     0.36903    -0.92018   -13.10167
    0.12300       -13.65113     0.36912    -0.92015   -13.10011
    0.12900       -13.64907     0.36922    -0.91995   -13.09834
    0.13500       -13.64707     0.36929    -0.91977   -13.09659
    0.14100       -13.64520     0.36937    -0.91974   -13.09482
    0.14700       -13.64319     0.36942    -0.91957   -13.09305
    0.15300       -13.64122     0.36947    -0.91954   -13.09115
    0.15900       -13.63914     0.36952    -0.91937   -13.08929
    0.16500       -13.63687     0.36956    -0.91921   -13.08722
    0.17100       -13.63472     0.36960    -0.91904   -13.08528
    0.17700       -13.63248     0.36964    -0.91888   -13.08324
    0.18300       -13.63021     0.36984    -0.91871   -13.08133
    0.18900       -13.62798     0.36988    -0.91869   -13.07917
    0.19500       -13.62553     0.37007    -0.91853   -13.07707
    0.20100       -13.62312     0.37025    -0.91836   -13.07501
    0.20700       -13.62064     0.37044    -0.91820   -13.07288
    0.21300       -13.61802     0.37061    -0.91804   -13.07059
    0.22700       -13.59580     0.37134    -0.91722   -13.04991
    0.34500       -13.52085     0.37392    -0.91590   -12.97888
    0.49500       -13.43618     0.37565    -0.91374   -12.89809
    0.64500       -13.34615     0.37722    -0.91140   -12.81197
    0.79500       -13.25191     0.37964    -0.90865   -12.72290
    0.94500       -13.15624     0.38182    -0.90610   -12.63196
     1.0950       -13.05978     0.38378    -0.90372   -12.53985
     1.2450       -12.96386     0.38528    -0.90150   -12.44765
     1.3950       -12.86899     0.38700    -0.89976   -12.35623
     1.5450       -12.77512     0.38859    -0.89778   -12.26593
     1.6950       -12.68121     0.39008    -0.89589   -12.17539
     1.8450       -12.59168     0.39147    -0.89433   -12.08882
     1.9950       -12.50470     0.39279    -0.89261   -12.00488
     2.1450       -12.42037     0.39405    -0.89098   -11.92344
     2.2950       -12.33857     0.39523    -0.88941   -11.84439
     2.4450       -12.25929     0.39636    -0.88792   -11.76773
     2.5950       -12.18351     0.39744    -0.88649   -11.69446
     2.7450       -12.11037     0.39848    -0.88510   -11.62375
     2.8950       -12.03940     0.39948    -0.88377   -11.55510
     3.0450       -11.97123     0.40044    -0.88249   -11.48918
     3.1950       -11.90541     0.40137    -0.88126   -11.42552
     3.3450       -11.84166     0.40225    -0.88005   -11.36386
     3.4950       -11.78021     0.40309    -0.87887   -11.30443
     3.6450       -11.72076     0.40393    -0.87774   -11.24695
     3.7950       -11.66300     0.40472    -0.87666   -11.19107
     3.9450       -11.60748     0.40550    -0.87559   -11.13739
     4.0950       -11.55337     0.40624    -0.87456   -11.08505
     4.2450       -11.50115     0.40696    -0.87356   -11.03456
     4.3950       -11.45033     0.40768    -0.87258   -10.98543
     4.5450       -11.40098     0.40837    -0.87162   -10.93772
     4.6950       -11.35303     0.40903    -0.87069   -10.89137
     4.8450       -11.30627     0.40967    -0.86978   -10.84616
     4.9950       -11.26076     0.41031    -0.86889   -10.80218
     5.1450       -11.21657     0.41092    -0.86804   -10.75946
     5.2950       -11.17352     0.41152    -0.86720   -10.71784
     5.4450       -11.13151     0.41211    -0.86638   -10.67723
     5.5950       -11.09051     0.41269    -0.86558   -10.63763
     5.7450       -11.04989     0.41324    -0.86480   -10.59833
     5.8950       -11.01084     0.41379    -0.86403   -10.56060
     6.0450       -10.97262     0.41432    -0.86327   -10.52367
     6.1950       -10.93522     0.41484    -0.86253   -10.48754
     6.3450       -10.89859     0.41536    -0.86180   -10.45214
     6.4950       -10.86281     0.41586    -0.86110   -10.41757
     6.6450       -10.82777     0.41635    -0.86040   -10.38372
     6.7950       -10.79343     0.41683    -0.85973   -10.35052
     6.9450       -10.75977     0.41730    -0.85907   -10.31801
     7.0950       -10.72675     0.41776    -0.85840   -10.28610
     7.2450       -10.69438     0.41823    -0.85776   -10.25485
     7.3950       -10.66259     0.41867    -0.85713   -10.22413
     7.5450       -10.63149     0.41910    -0.85651   -10.19408
     7.6950       -10.60097     0.41953    -0.85589   -10.16460
     7.8450       -10.57097     0.41996    -0.85528   -10.13564
     7.9950       -10.54146     0.42037    -0.85470   -10.10713
     8.1450       -10.51250     0.42078    -0.85411   -10.07917
     8.2950       -10.48404     0.42118    -0.85353   -10.05169
     8.4450       -10.45604     0.42159    -0.85297   -10.02466
     8.5950       -10.42851     0.42198    -0.85241    -9.99807
     8.7450       -10.40146     0.42235    -0.85186    -9.97195
     8.8950       -10.37477     0.42273    -0.85132    -9.94618
     9.0450       -10.34858     0.42310    -0.85080    -9.92088
     9.1950       -10.32274     0.42347    -0.85027    -9.89594
     9.3450       -10.29732     0.42382    -0.84976    -9.87138
     9.4950       -10.27228     0.42418    -0.84926    -9.84721
     9.6450       -10.24768     0.42453    -0.84874    -9.82346
     9.7950       -10.22337     0.42487    -0.84825    -9.79999
     9.9450       -10.19950     0.42521    -0.84777    -9.77694
     10.095       -10.17592     0.42554    -0.84729    -9.75417
     10.245       -10.15269     0.42586    -0.84680    -9.73174
     10.395       -10.12973     0.42618    -0.84633    -9.70958
     10.545       -10.10717     0.42650    -0.84587    -9.68781
     10.695       -10.08490     0.42682    -0.84542    -9.66630
     10.845       -10.06290     0.42714    -0.84497    -9.64506
     10.995       -10.04113     0.42745    -0.84452    -9.62406
     11.145       -10.01970     0.42775    -0.84409    -9.60336
     11.295        -9.99854     0.42804    -0.84365    -9.58294
     11.445        -9.97769     0.42834    -0.84322    -9.56280
     11.595        -9.95706     0.42864    -0.84279    -9.54290
     11.745        -9.93667     0.42893    -0.84237    -9.52323
     11.895        -9.91658     0.42922    -0.84195    -9.50385
     12.045        -9.89672     0.42951    -0.84154    -9.48469
     12.195        -9.87711     0.42978    -0.84113    -9.46576
     12.345        -9.85773     0.43006    -0.84073    -9.44705
     12.495        -9.83858     0.43033    -0.84034    -9.42857
     12.645        -9.81966     0.43061    -0.83995    -9.41031
     12.795        -9.80092     0.43087    -0.83957    -9.39222
     12.945        -9.78237     0.43113    -0.83918    -9.37432
     13.095        -9.76410     0.43140    -0.83880    -9.35669
     13.245        -9.74603     0.43166    -0.83842    -9.33926
     13.395        -9.72810     0.43191    -0.83805    -9.32196
     13.545        -9.71040     0.43216    -0.83768    -9.30488
     13.695        -9.69289     0.43241    -0.83731    -9.28798
     13.845        -9.67558     0.43266    -0.83696    -9.27129
     13.995        -9.65844     0.43291    -0.83660    -9.25475
     14.145        -9.64148     0.43315    -0.83625    -9.23839
     14.295        -9.62474     0.43340    -0.83589    -9.22224
     14.445        -9.60817     0.43364    -0.83555    -9.20627
     14.595        -9.59172     0.43387    -0.83520    -9.19039
     14.745        -9.57547     0.43410    -0.83486    -9.17471
     14.895        -9.55934     0.43433    -0.83452    -9.15915
     15.045        -9.54344     0.43456    -0.83419    -9.14380
     15.195        -9.52769     0.43479    -0.83387    -9.12862
     15.345        -9.51207     0.43501    -0.83354    -9.11354
     15.495        -9.49661     0.43523    -0.83323    -9.09861
     15.645        -9.48131     0.43545    -0.83290    -9.08385
     15.795        -9.46616     0.43567    -0.83259    -9.06924
     15.945        -9.45115     0.43589    -0.83227    -9.05477
     16.095        -9.43626     0.43610    -0.83196    -9.04040
     16.245        -9.42149     0.43631    -0.83164    -9.02616
     16.395        -9.40684     0.43652    -0.83133    -9.01203
     16.545        -9.39238     0.43673    -0.83103    -8.99809
     16.695        -9.37805     0.43693    -0.83072    -8.98426
     16.845        -9.36383     0.43714    -0.83042    -8.97054
     16.995        -9.34969     0.43733    -0.83012    -8.95691
     17.145        -9.33572     0.43754    -0.82982    -8.94344
     17.295        -9.32189     0.43773    -0.82952    -8.93010
     17.445        -9.30817     0.43793    -0.82923    -8.91687
     17.595        -9.29453     0.43812    -0.82894    -8.90371
     17.745        -9.28105     0.43832    -0.82866    -8.89071
     17.895        -9.26765     0.43851    -0.82837    -8.87779
     18.045        -9.25444     0.43870    -0.82809    -8.86505
     18.195        -9.24132     0.43889    -0.82781    -8.85240
     18.345        -9.22824     0.43908    -0.82753    -8.83979
     18.495        -9.21526     0.43927    -0.82726    -8.82727
     18.645        -9.20244     0.43945    -0.82698    -8.81491
     18.795        -9.18974     0.43963    -0.82672    -8.80265
     18.945        -9.17711     0.43981    -0.82646    -8.79046
     19.095        -9.16454     0.43999    -0.82619    -8.77834
     19.245        -9.15207     0.44017    -0.82593    -8.76631
     19.395        -9.13972     0.44035    -0.82567    -8.75440
     19.545        -9.12748     0.44052    -0.82541    -8.74259
     19.695        -9.11533     0.44070    -0.82515    -8.73087
     19.845        -9.10324     0.44088    -0.82490    -8.71922
     19.995        -9.09127     0.44105    -0.82464    -8.70768
     20.145        -9.07941     0.44122    -0.82439    -8.69624
     20.295        -9.06761     0.44139    -0.82414    -8.68486
     20.445        -9.05587     0.44156    -0.82389    -8.67355
     20.595        -9.04424     0.44173    -0.82364    -8.66233
     20.745        -9.03271     0.44189    -0.82339    -8.65121
     20.895        -9.02128     0.44205    -0.82315    -8.64019
     21.045        -9.00991     0.44222    -0.82291    -8.62922
     21.195        -8.99862     0.44238    -0.82267    -8.61834
     21.345        -8.98739     0.44254    -0.82243    -8.60750
     21.495        -8.97628     0.44270    -0.82219    -8.59679
     21.645        -8.96527     0.44286    -0.82196    -8.58618
     21.795        -8.95430     0.44302    -0.82173    -8.57560
     21.945        -8.94346     0.44318    -0.82150    -8.56514
     22.095        -8.93267     0.44333    -0.82127    -8.55473
     22.245        -8.92196     0.44349    -0.82104    -8.54440
     22.395        -8.91132     0.44365    -0.82081    -8.53415
     22.545        -8.90075     0.44380    -0.82059    -8.52396
     22.695        -8.89028     0.44396    -0.82037    -8.51387
     22.845        -8.87984     0.44411    -0.82014    -8.50380
     22.995        -8.86947     0.44426    -0.81992    -8.49381
     23.145        -8.85917     0.44441    -0.81970    -8.48387
     23.295        -8.84899     0.44455    -0.81949    -8.47406
     23.445        -8.83886     0.44470    -0.81927    -8.46429
     23.595        -8.82880     0.44484    -0.81905    -8.45459
     23.745        -8.81878     0.44499    -0.81884    -8.44493
     23.895        -8.80883     0.44513    -0.81863    -8.43534
     24.045        -8.79895     0.44527    -0.81842    -8.42581
     24.195        -8.78911     0.44541    -0.81821    -8.41631
     24.345        -8.77930     0.44556    -0.81800    -8.40686
     24.495        -8.76957     0.44569    -0.81779    -8.39747
     24.645        -8.75991     0.44583    -0.81759    -8.38815
     24.795        -8.75038     0.44597    -0.81739    -8.37896
     24.945        -8.74086     0.44611    -0.81718    -8.36978
     25.095        -8.73138     0.44625    -0.81698    -8.36065
     25.245        -8.72199     0.44638    -0.81677    -8.35160
     25.395        -8.71262     0.44652    -0.81658    -8.34256
     25.545        -8.70331     0.44665    -0.81638    -8.33358
     25.695        -8.69406     0.44679    -0.81617    -8.32467
     25.845        -8.68486     0.44692    -0.81597    -8.31580
     25.995        -8.67573     0.44705    -0.81578    -8.30701
     26.145        -8.66660     0.44719    -0.81558    -8.29822
     26.295        -8.65760     0.44732    -0.81539    -8.28953
     26.445        -8.64861     0.44745    -0.81519    -8.28087
     26.595        -8.63968     0.44758    -0.81500    -8.27226
     26.745        -8.63084     0.44771    -0.81482    -8.26373
     26.895        -8.62202     0.44784    -0.81463    -8.25522
     27.045        -8.61325     0.44797    -0.81445    -8.24677
     27.195        -8.60454     0.44810    -0.81426    -8.23837
     27.345        -8.59587     0.44822    -0.81407    -8.23002
     27.495        -8.58725     0.44835    -0.81389    -8.22171
     27.645        -8.57871     0.44847    -0.81370    -8.21348
     27.795        -8.57018     0.44859    -0.81352    -8.20526
     27.945        -8.56173     0.44872    -0.81334    -8.19711
     28.095        -8.55330     0.44884    -0.81316    -8.18899
     28.245        -8.54494     0.44896    -0.81298    -8.18093
     28.395        -8.53660     0.44909    -0.81280    -8.17289
     28.545        -8.52829     0.44921    -0.81261    -8.16488
     28.695        -8.52005     0.44933    -0.81244    -8.15694
     28.845        -8.51183     0.44944    -0.81226    -8.14901
     28.995        -8.50370     0.44956    -0.81208    -8.14117
     29.145        -8.49556     0.44968    -0.81191    -8.13333
     29.295        -8.48747     0.44980    -0.81174    -8.12553
     29.445        -8.47943     0.44991    -0.81157    -8.11778
     29.595        -8.47145     0.45003    -0.81140    -8.11009
     29.745        -8.46350     0.45015    -0.81122    -8.10242
     29.895        -8.45558     0.45026    -0.81105    -8.09479
     30.045        -8.44772     0.45038    -0.81089    -8.08721
     30.195        -8.43989     0.45049    -0.81072    -8.07967
     30.345        -8.43212     0.45061    -0.81055    -8.07218
     30.495        -8.42439     0.45072    -0.81038    -8.06473
     30.645        -8.41669     0.45083    -0.81022    -8.05731
     30.795        -8.40902     0.45095    -0.81005    -8.04991
     30.945        -8.40137     0.45106    -0.80988    -8.04255
     31.095        -8.39377     0.45117    -0.80971    -8.03522
     31.245        -8.38622     0.45128    -0.80955    -8.02796
     31.395        -8.37871     0.45139    -0.80939    -8.02071
     31.545        -8.37126     0.45150    -0.80923    -8.01353
     31.695        -8.36384     0.45161    -0.80907    -8.00639
     31.845        -8.35642     0.45172    -0.80890    -7.99924
     31.995        -8.34906     0.45183    -0.80875    -7.99214
     32.145        -8.34171     0.45193    -0.80859    -7.98505
     32.295        -8.33442     0.45203    -0.80843    -7.97802
     32.445        -8.32716     0.45214    -0.80827    -7.97102
     32.595        -8.31994     0.45224    -0.80812    -7.96407
     32.745        -8.31276     0.45235    -0.80796    -7.95715
     32.895        -8.30560     0.45245    -0.80781    -7.95024
     33.045        -8.29848     0.45255    -0.80765    -7.94338
     33.195        -8.29139     0.45266    -0.80750    -7.93655
     33.345        -8.28436     0.45276    -0.80735    -7.92977
     33.495        -8.27736     0.45286    -0.80720    -7.92302
     33.645        -8.27035     0.45296    -0.80705    -7.91626
     33.795        -8.26339     0.45306    -0.80690    -7.90955
     33.945        -8.25646     0.45316    -0.80674    -7.90288
     34.095        -8.24954     0.45326    -0.80659    -7.89621
     34.245        -8.24270     0.45336    -0.80644    -7.88962
     34.395        -8.23586     0.45346    -0.80629    -7.88302
     34.545        -8.22908     0.45356    -0.80615    -7.87649
     34.695        -8.22233     0.45366    -0.80600    -7.86999
     34.845        -8.21562     0.45375    -0.80585    -7.86352
     34.995        -8.20892     0.45385    -0.80571    -7.85706
     35.145        -8.20226     0.45395    -0.80557    -7.85064
     35.295        -8.19561     0.45404    -0.80543    -7.84423
     35.445        -8.18900     0.45414    -0.80528    -7.83785
     35.595        -8.18241     0.45424    -0.80514    -7.83150
     35.745        -8.17586     0.45433    -0.80500    -7.82519
     35.895        -8.16935     0.45443    -0.80486    -7.81892
     36.045        -8.16287     0.45452    -0.80471    -7.81268
     36.195        -8.15638     0.45461    -0.80457    -7.80642
     36.345        -8.14995     0.45470    -0.80443    -7.80022
     36.495        -8.14354     0.45480    -0.80429    -7.79405
     36.645        -8.13713     0.45489    -0.80415    -7.78787
     36.795        -8.13078     0.45498    -0.80402    -7.78174
     36.945        -8.12443     0.45507    -0.80388    -7.77562
     37.095        -8.11812     0.45516    -0.80374    -7.76954
     37.245        -8.11182     0.45525    -0.80360    -7.76347
     37.395        -8.10557     0.45534    -0.80347    -7.75744
     37.545        -8.09935     0.45544    -0.80334    -7.75145
     37.695        -8.09314     0.45553    -0.80320    -7.74547
     37.845        -8.08699     0.45562    -0.80306    -7.73955
     37.995        -8.08083     0.45571    -0.80293    -7.73361
     38.145        -8.07472     0.45580    -0.80279    -7.72772
     38.295        -8.06862     0.45589    -0.80266    -7.72184
     38.445        -8.06252     0.45598    -0.80253    -7.71597
     38.595        -8.05649     0.45607    -0.80239    -7.71016
     38.745        -8.05046     0.45615    -0.80227    -7.70435
     38.895        -8.04445     0.45624    -0.80214    -7.69855
     39.045        -8.03848     0.45633    -0.80201    -7.69280
     39.195        -8.03251     0.45642    -0.80188    -7.68705
     39.345        -8.02658     0.45650    -0.80175    -7.68133
     39.495        -8.02071     0.45659    -0.80163    -7.67567
     39.645        -8.01483     0.45667    -0.80150    -7.67000
     39.795        -8.00897     0.45676    -0.80137    -7.66436
     39.945        -8.00315     0.45684    -0.80124    -7.65875
     40.095        -7.99733     0.45692    -0.80112    -7.65314
     40.245        -7.99156     0.45701    -0.80099    -7.64757
     40.395        -7.98581     0.45709    -0.80087    -7.64203
     40.545        -7.98007     0.45717    -0.80074    -7.63650
     40.695        -7.97435     0.45726    -0.80062    -7.63099
     40.845        -7.96864     0.45734    -0.80049    -7.62548
     40.995        -7.96297     0.45742    -0.80037    -7.62002
     41.145        -7.95734     0.45750    -0.80025    -7.61459
     41.295        -7.95170     0.45758    -0.80013    -7.60915
     41.445        -7.94608     0.45766    -0.80001    -7.60374
     41.595        -7.94048     0.45775    -0.79988    -7.59835
     41.745        -7.93493     0.45783    -0.79976    -7.59299
     41.895        -7.92937     0.45791    -0.79964    -7.58763
     42.045        -7.92382     0.45799    -0.79952    -7.58229
     42.195        -7.91833     0.45807    -0.79940    -7.57699
     42.345        -7.91284     0.45815    -0.79928    -7.57171
     42.495        -7.90737     0.45823    -0.79916    -7.56643
     42.645        -7.90192     0.45831    -0.79905    -7.56119
     42.795        -7.89649     0.45839    -0.79893    -7.55595
     42.945        -7.89109     0.45847    -0.79881    -7.55075
     43.095        -7.88571     0.45854    -0.79869    -7.54556
     43.245        -7.88034     0.45861    -0.79857    -7.54038
     43.395        -7.87501     0.45869    -0.79846    -7.53525
     43.545        -7.86970     0.45877    -0.79834    -7.53012
     43.695        -7.86438     0.45885    -0.79823    -7.52500
     43.845        -7.85909     0.45893    -0.79811    -7.51990
     43.995        -7.85382     0.45900    -0.79799    -7.51483
     44.145        -7.84858     0.45908    -0.79788    -7.50978
     44.295        -7.84335     0.45916    -0.79776    -7.50475
     44.445        -7.83815     0.45923    -0.79765    -7.49973
     44.595        -7.83294     0.45931    -0.79754    -7.49472
     44.745        -7.82776     0.45939    -0.79742    -7.48973
     44.895        -7.82262     0.45946    -0.79731    -7.48477
     45.045        -7.81748     0.45954    -0.79719    -7.47982
     45.195        -7.81235     0.45961    -0.79708    -7.47488
     45.345        -7.80724     0.45969    -0.79697    -7.46995
     45.495        -7.80217     0.45976    -0.79686    -7.46507
     45.645        -7.79709     0.45984    -0.79676    -7.46017
     45.795        -7.79204     0.45991    -0.79665    -7.45530
     45.945        -7.78704     0.45998    -0.79654    -7.45048
     46.095        -7.78200     0.46006    -0.79643    -7.44563
     46.245        -7.77701     0.46013    -0.79632    -7.44082
     46.395        -7.77201     0.46021    -0.79621    -7.43601
     46.545        -7.76707     0.46028    -0.79610    -7.43125
     46.695        -7.76213     0.46035    -0.79599    -7.42649
     46.845        -7.75717     0.46042    -0.79589    -7.42171
     46.995        -7.75225     0.46050    -0.79578    -7.41696
     47.145        -7.74734     0.46057    -0.79567    -7.41224
     47.295        -7.74246     0.46064    -0.79557    -7.40753
     47.445        -7.73758     0.46071    -0.79546    -7.40283
     47.595        -7.73271     0.46078    -0.79535    -7.39814
     47.745        -7.72787     0.46085    -0.79524    -7.39348
     47.895        -7.72307     0.46092    -0.79514    -7.38885
     48.045        -7.71828     0.46099    -0.79503    -7.38424
     48.195        -7.71350     0.46107    -0.79493    -7.37964
     48.345        -7.70872     0.46114    -0.79482    -7.37504
     48.495        -7.70397     0.46120    -0.79471    -7.37046
     48.645        -7.69926     0.46127    -0.79461    -7.36592
     48.795        -7.69456     0.46134    -0.79451    -7.36139
     48.945        -7.68984     0.46141    -0.79441    -7.35685
     49.095        -7.68516     0.46148    -0.79431    -7.35233
     49.245        -7.68049     0.46154    -0.79420    -7.34783
     49.395        -7.67582     0.46161    -0.79410    -7.34333
     49.545        -7.67116     0.46168    -0.79400    -7.33884
     49.695        -7.66655     0.46174    -0.79390    -7.33439
     49.845        -7.66192     0.46181    -0.79380    -7.32994
     49.995        -7.65733     0.46188    -0.79370    -7.32551
     50.145        -7.65274     0.46195    -0.79360    -7.32109
     50.295        -7.64817     0.46201    -0.79350    -7.31669
     50.445        -7.64362     0.46208    -0.79340    -7.31230
     50.595        -7.63906     0.46214    -0.79329    -7.30791
     50.745        -7.63453     0.46221    -0.79319    -7.30355
     50.895        -7.63002     0.46228    -0.79310    -7.29920
     51.045        -7.62551     0.46234    -0.79300    -7.29485
     51.195        -7.62102     0.46240    -0.79290    -7.29052
     51.345        -7.61656     0.46247    -0.79280    -7.28622
     51.495        -7.61208     0.46254    -0.79271    -7.28191
     51.645        -7.60762     0.46260    -0.79261    -7.27761
     51.795        -7.60318     0.46266    -0.79251    -7.27333
     51.945        -7.59876     0.46273    -0.79241    -7.26907
     52.095        -7.59435     0.46279    -0.79232    -7.26483
     52.245        -7.58994     0.46285    -0.79222    -7.26057
     52.395        -7.58554     0.46292    -0.79213    -7.25633
     52.545        -7.58117     0.46298    -0.79203    -7.25212
     52.695        -7.57681     0.46304    -0.79194    -7.24791
     52.845        -7.57247     0.46311    -0.79184    -7.24374
     52.995        -7.56814     0.46318    -0.79175    -7.23957
     53.145        -7.56385     0.46324    -0.79165    -7.23544
     53.295        -7.55954     0.46330    -0.79156    -7.23129
     53.445        -7.55522     0.46337    -0.79146    -7.22713
     53.595        -7.55095     0.46343    -0.79137    -7.22301
     53.745        -7.54670     0.46350    -0.79128    -7.21892
     53.895        -7.54245     0.46356    -0.79119    -7.21482
     54.045        -7.53822     0.46362    -0.79109    -7.21074
     54.195        -7.53400     0.46368    -0.79100    -7.20668
     54.345        -7.52978     0.46374    -0.79091    -7.20262
     54.495        -7.52558     0.46380    -0.79081    -7.19857
     54.645        -7.52141     0.46386    -0.79073    -7.19454
     54.795        -7.51723     0.46393    -0.79063    -7.19052
     54.945        -7.51307     0.46399    -0.79054    -7.18652
     55.095        -7.50894     0.46405    -0.79045    -7.18254
     59.433        -7.18342     0.46884    -0.78330    -6.86896
     80.646        -6.70693     0.47589    -0.77279    -6.41003
     111.21        -6.24262     0.48279    -0.76251    -5.96290
     153.36        -5.79105     0.48954    -0.75246    -5.52814
     211.49        -5.35282     0.49613    -0.74270    -5.10625
     291.64        -4.92791     0.50254    -0.73323    -4.69722
     402.18        -4.51626     0.50876    -0.72402    -4.30100
     554.60        -4.11779     0.51479    -0.71514    -3.91744
     764.80        -3.73186     0.52067    -0.70655    -3.54598
     1054.7        -3.35868     0.52633    -0.69824    -3.18677
     1454.4        -2.99713     0.53183    -0.69022    -2.83874
     2005.6        -2.64700     0.53718    -0.68246    -2.50172
     2765.8        -2.30788     0.54237    -0.67500    -2.17525
     3814.0        -1.97916     0.54739    -0.66776    -1.85880
     5259.5        -1.66041     0.55228    -0.66078    -1.55191
     7252.9        -1.35093     0.55704    -0.65401    -1.25396
     10002.        -1.05059     0.56167    -0.64746    -0.96479
     13793.        -0.75905     0.56615    -0.64114    -0.68406
     19020.        -0.47686     0.57050    -0.63499    -0.41236
     26229.        -0.20466     0.57466    -0.62906    -0.15026
     36170.         0.05719     0.57867    -0.62328     0.10179
     49878.         0.30818     0.58253    -0.61768     0.34333
     68782.         0.54841     0.58622    -0.61224     0.57444
     94851.         0.77790     0.58973    -0.60697     0.79514
    0.13080E+06     0.99719     0.59309    -0.60188     1.00598
    0.18038E+06     1.20652     0.59628    -0.59699     1.20723
    0.24874E+06     1.40614     0.59933    -0.59230     1.39910
    0.34301E+06     1.59638     0.60224    -0.58783     1.58197
    0.47302E+06     1.77753     0.60500    -0.58353     1.75605
    0.65229E+06     1.95032     0.60765    -0.57942     1.92209
    0.89952E+06     2.11481     0.61015    -0.57551     2.08017
    0.12404E+07     2.27146     0.61254    -0.57177     2.23069
    0.17106E+07     2.42060     0.61480    -0.56820     2.37399
    0.23589E+07     2.56251     0.61695    -0.56482     2.51037
    0.32529E+07     2.69753     0.61901    -0.56159     2.64011
    0.44858E+07     2.82614     0.62095    -0.55853     2.76372
    0.61860E+07     2.94846     0.62280    -0.55559     2.88125
    0.85305E+07     3.06497     0.62457    -0.55279     2.99319
    0.11764E+08     3.17583     0.62625    -0.55014     3.09972
    0.16222E+08     3.28124     0.62784    -0.54762     3.20102
    0.22370E+08     3.38155     0.62934    -0.54521     3.29742
    0.30849E+08     3.47670     0.63077    -0.54289     3.38882
    0.42541E+08     3.56656     0.63213    -0.54072     3.47515
    0.58664E+08     3.65045     0.63341    -0.53864     3.55568
    0.80898E+08     3.72900     0.63459    -0.53665     3.63106
    0.11156E+09     3.80278     0.63569    -0.53478     3.70187
    0.15384E+09     3.87221     0.63673    -0.53300     3.76848
    0.21215E+09     3.93744     0.63770    -0.53133     3.83107
    0.29255E+09     3.99888     0.63863    -0.52977     3.89001
    0.40343E+09     4.05664     0.63950    -0.52829     3.94543
    0.55633E+09     4.11107     0.64032    -0.52691     3.99766
    0.76719E+09     4.16183     0.64110    -0.52561     4.04634
    0.10580E+10     4.20779     0.64180    -0.52438     4.09038
    0.14589E+10     4.24970     0.64243    -0.52322     4.13049
    0.20119E+10     4.28833     0.64302    -0.52214     4.16745
    0.27744E+10     4.32392     0.64356    -0.52111     4.20148
    0.38259E+10     4.35671     0.64405    -0.52016     4.23281
    0.52760E+10     4.38691     0.64451    -0.51931     4.26172
    0.72756E+10     4.41486     0.64493    -0.51854     4.28848
    0.10033E+11     4.44056     0.64531    -0.51782     4.31307
    0.13836E+11     4.46423     0.64567    -0.51715     4.33571
    0.19079E+11     4.48612     0.64600    -0.51654     4.35666
    0.26311E+11     4.50633     0.64630    -0.51597     4.37600
    0.36283E+11     4.52501     0.64658    -0.51544     4.39387
    0.50034E+11     4.54229     0.64684    -0.51495     4.41040
    0.68997E+11     4.55818     0.64708    -0.51451     4.42560
    0.10000E+12     4.74837     0.64992    -0.50920     4.60765
