    -99.945         0.00000     0.00000     0.00000     0.00000
    -99.795         0.00000     0.00000     0.00000     0.00000
    -99.645         0.00000     0.00000     0.00000     0.00000
    -99.495         0.00000     0.00000     0.00000     0.00000
    -99.345         0.00000     0.00000     0.00000     0.00000
    -99.195         0.00000     0.00000     0.00000     0.00000
    -99.045         0.00000     0.00000     0.00000     0.00000
    -98.895         0.00000     0.00000     0.00000     0.00000
    -98.745         0.00000     0.00000     0.00000     0.00000
    -98.595         0.00000     0.00000     0.00000     0.00000
    -98.445         0.00000     0.00000     0.00000     0.00000
    -98.295         0.00000     0.00000     0.00000     0.00000
    -98.145         0.00000     0.00000     0.00000     0.00000
    -97.995         0.00000     0.00000     0.00000     0.00000
    -97.845         0.00000     0.00000     0.00000     0.00000
    -97.695         0.00000     0.00000     0.00000     0.00000
    -97.545         0.00000     0.00000     0.00000     0.00000
    -97.395         0.00000     0.00000     0.00000     0.00000
    -97.245         0.00000     0.00000     0.00000     0.00000
    -97.095         0.00000     0.00000     0.00000     0.00000
    -96.945         0.00000     0.00000     0.00000     0.00000
    -96.795         0.00000     0.00000     0.00000     0.00000
    -96.645         0.00000     0.00000     0.00000     0.00000
    -96.495         0.00000     0.00000     0.00000     0.00000
    -96.345         0.00000     0.00000     0.00000     0.00000
    -96.195         0.00000     0.00000     0.00000     0.00000
    -96.045         0.00000     0.00000     0.00000     0.00000
    -95.895         0.00000     0.00000     0.00000     0.00000
    -95.745         0.00000     0.00000     0.00000     0.00000
    -95.595         0.00000     0.00000     0.00000     0.00000
    -95.445         0.00000     0.00000     0.00000     0.00000
    -95.295         0.00000     0.00000     0.00000     0.00000
    -95.145         0.00000     0.00000     0.00000     0.00000
    -94.995         0.00000     0.00000     0.00000     0.00000
    -94.845         0.00000     0.00000     0.00000     0.00000
    -94.695         0.00000     0.00000     0.00000     0.00000
    -94.545         0.00000     0.00000     0.00000     0.00000
    -94.395         0.00000     0.00000     0.00000     0.00000
    -94.245         0.00000     0.00000     0.00000     0.00000
    -94.095         0.00000     0.00000     0.00000     0.00000
    -93.945         0.00000     0.00000     0.00000     0.00000
    -93.795         0.00000     0.00000     0.00000     0.00000
    -93.645         0.00000     0.00000     0.00000     0.00000
    -93.495         0.00000     0.00000     0.00000     0.00000
    -93.345         0.00000     0.00000     0.00000     0.00000
    -93.195         0.00000     0.00000     0.00000     0.00000
    -93.045         0.00000     0.00000     0.00000     0.00000
    -92.895         0.00000     0.00000     0.00000     0.00000
    -92.745         0.00000     0.00000     0.00000     0.00000
    -92.595         0.00000     0.00000     0.00000     0.00000
    -92.445         0.00000     0.00000     0.00000     0.00000
    -92.295         0.00000     0.00000     0.00000     0.00000
    -92.145         0.00000     0.00000     0.00000     0.00000
    -91.995         0.00000     0.00000     0.00000     0.00000
    -91.845         0.00000     0.00000     0.00000     0.00000
    -91.695         0.00000     0.00000     0.00000     0.00000
    -91.545         0.00000     0.00000     0.00000     0.00000
    -91.395         0.00000     0.00000     0.00000     0.00000
    -91.245         0.00000     0.00000     0.00000     0.00000
    -91.095         0.00000     0.00000     0.00000     0.00000
    -90.945         0.00000     0.00000     0.00000     0.00000
    -90.795         0.00000     0.00000     0.00000     0.00000
    -90.645         0.00000     0.00000     0.00000     0.00000
    -90.495         0.00000     0.00000     0.00000     0.00000
    -90.345         0.00000     0.00000     0.00000     0.00000
    -90.195         0.00000     0.00000     0.00000     0.00000
    -90.045         0.00000     0.00000     0.00000     0.00000
    -89.895         0.00000     0.00000     0.00000     0.00000
    -89.745         0.00000     0.00000     0.00000     0.00000
    -89.595         0.00000     0.00000     0.00000     0.00000
    -89.445         0.00000     0.00000     0.00000     0.00000
    -89.295         0.00000     0.00000     0.00000     0.00000
    -89.145         0.00000     0.00000     0.00000     0.00000
    -88.995         0.00000     0.00000     0.00000     0.00000
    -88.845         0.00000     0.00000     0.00000     0.00000
    -88.695         0.00000     0.00000     0.00000     0.00000
    -88.545         0.00000     0.00000     0.00000     0.00000
    -88.395         0.00000     0.00000     0.00000     0.00000
    -88.245         0.00000     0.00000     0.00000     0.00000
    -88.095         0.00000     0.00000     0.00000     0.00000
    -87.945         0.00000     0.00000     0.00000     0.00000
    -87.795         0.00000     0.00000     0.00000     0.00000
    -87.645         0.00000     0.00000     0.00000     0.00000
    -87.495         0.00000     0.00000     0.00000     0.00000
    -87.345         0.00000     0.00000     0.00000     0.00000
    -87.195         0.00000     0.00000     0.00000     0.00000
    -87.045         0.00000     0.00000     0.00000     0.00000
    -86.895         0.00000     0.00000     0.00000     0.00000
    -86.745         0.00000     0.00000     0.00000     0.00000
    -86.595         0.00000     0.00000     0.00000     0.00000
    -86.445         0.00000     0.00000     0.00000     0.00000
    -86.295         0.00000     0.00000     0.00000     0.00000
    -86.145         0.00000     0.00000     0.00000     0.00000
    -85.995         0.00000     0.00000     0.00000     0.00000
    -85.845         0.00000     0.00000     0.00000     0.00000
    -85.695         0.00000     0.00000     0.00000     0.00000
    -85.545         0.00000     0.00000     0.00000     0.00000
    -85.395         0.00000     0.00000     0.00000     0.00000
    -85.245         0.00000     0.00000     0.00000     0.00000
    -85.095         0.00000     0.00000     0.00000     0.00000
    -84.945         0.00000     0.00000     0.00000     0.00000
    -84.795         0.00000     0.00000     0.00000     0.00000
    -84.645         0.00000     0.00000     0.00000     0.00000
    -84.495         0.00000     0.00000     0.00000     0.00000
    -84.345         0.00000     0.00000     0.00000     0.00000
    -84.195         0.00000     0.00000     0.00000     0.00000
    -84.045         0.00000     0.00000     0.00000     0.00000
    -83.895         0.00000     0.00000     0.00000     0.00000
    -83.745         0.00000     0.00000     0.00000     0.00000
    -83.595         0.00000     0.00000     0.00000     0.00000
    -83.445         0.00000     0.00000     0.00000     0.00000
    -83.295         0.00000     0.00000     0.00000     0.00000
    -83.145         0.00000     0.00000     0.00000     0.00000
    -82.995         0.00000     0.00000     0.00000     0.00000
    -82.845         0.00000     0.00000     0.00000     0.00000
    -82.695         0.00000     0.00000     0.00000     0.00000
    -82.545         0.00000     0.00000     0.00000     0.00000
    -82.395         0.00000     0.00000     0.00000     0.00000
    -82.245         0.00000     0.00000     0.00000     0.00000
    -82.095         0.00000     0.00000     0.00000     0.00000
    -81.945         0.00000     0.00000     0.00000     0.00000
    -81.795         0.00000     0.00000     0.00000     0.00000
    -81.645         0.00000     0.00000     0.00000     0.00000
    -81.495         0.00000     0.00000     0.00000     0.00000
    -81.345         0.00000     0.00000     0.00000     0.00000
    -81.195         0.00000     0.00000     0.00000     0.00000
    -81.045         0.00000     0.00000     0.00000     0.00000
    -80.895         0.00000     0.00000     0.00000     0.00000
    -80.745         0.00000     0.00000     0.00000     0.00000
    -80.595         0.00000     0.00000     0.00000     0.00000
    -80.445         0.00000     0.00000     0.00000     0.00000
    -80.295         0.00000     0.00000     0.00000     0.00000
    -80.145         0.00000     0.00000     0.00000     0.00000
    -79.995         0.00000     0.00000     0.00000     0.00000
    -79.845         0.00000     0.00000     0.00000     0.00000
    -79.695         0.00000     0.00000     0.00000     0.00000
    -79.545         0.00000     0.00000     0.00000     0.00000
    -79.395         0.00000     0.00000     0.00000     0.00000
    -79.245         0.00000     0.00000     0.00000     0.00000
    -79.095         0.00000     0.00000     0.00000     0.00000
    -78.945         0.00000     0.00000     0.00000     0.00000
    -78.795         0.00000     0.00000     0.00000     0.00000
    -78.645         0.00000     0.00000     0.00000     0.00000
    -78.495         0.00000     0.00000     0.00000     0.00000
    -78.345         0.00000     0.00000     0.00000     0.00000
    -78.195         0.00000     0.00000     0.00000     0.00000
    -78.045         0.00000     0.00000     0.00000     0.00000
    -77.895         0.00000     0.00000     0.00000     0.00000
    -77.745         0.00000     0.00000     0.00000     0.00000
    -77.595         0.00000     0.00000     0.00000     0.00000
    -77.445         0.00000     0.00000     0.00000     0.00000
    -77.295         0.00000     0.00000     0.00000     0.00000
    -77.145         0.00000     0.00000     0.00000     0.00000
    -76.995         0.00000     0.00000     0.00000     0.00000
    -76.845         0.00000     0.00000     0.00000     0.00000
    -76.695         0.00000     0.00000     0.00000     0.00000
    -76.545         0.00000     0.00000     0.00000     0.00000
    -76.395         0.00000     0.00000     0.00000     0.00000
    -76.245         0.00000     0.00000     0.00000     0.00000
    -76.095         0.00000     0.00000     0.00000     0.00000
    -75.945         0.00000     0.00000     0.00000     0.00000
    -75.795         0.00000     0.00000     0.00000     0.00000
    -75.645         0.00000     0.00000     0.00000     0.00000
    -75.495         0.00000     0.00000     0.00000     0.00000
    -75.345         0.00000     0.00000     0.00000     0.00000
    -75.195         0.00000     0.00000     0.00000     0.00000
    -75.045         0.00000     0.00000     0.00000     0.00000
    -74.895         0.00000     0.00000     0.00000     0.00000
    -74.745         0.00000     0.00000     0.00000     0.00000
    -74.595         0.00000     0.00000     0.00000     0.00000
    -74.445         0.00000     0.00000     0.00000     0.00000
    -74.295         0.00000     0.00000     0.00000     0.00000
    -74.145         0.00000     0.00000     0.00000     0.00000
    -73.995         0.00000     0.00000     0.00000     0.00000
    -73.845         0.00000     0.00000     0.00000     0.00000
    -73.695         0.00000     0.00000     0.00000     0.00000
    -73.545         0.00000     0.00000     0.00000     0.00000
    -73.395         0.00000     0.00000     0.00000     0.00000
    -73.245         0.00000     0.00000     0.00000     0.00000
    -73.095         0.00000     0.00000     0.00000     0.00000
    -72.945         0.00000     0.00000     0.00000     0.00000
    -72.795         0.00000     0.00000     0.00000     0.00000
    -72.645         0.00000     0.00000     0.00000     0.00000
    -72.495         0.00000     0.00000     0.00000     0.00000
    -72.345         0.00000     0.00000     0.00000     0.00000
    -72.195         0.00000     0.00000     0.00000     0.00000
    -72.045         0.00000     0.00000     0.00000     0.00000
    -71.895         0.00000     0.00000     0.00000     0.00000
    -71.745         0.00000     0.00000     0.00000     0.00000
    -71.595         0.00000     0.00000     0.00000     0.00000
    -71.445         0.00000     0.00000     0.00000     0.00000
    -71.295         0.00000     0.00000     0.00000     0.00000
    -71.145         0.00000     0.00000     0.00000     0.00000
    -70.995         0.00000     0.00000     0.00000     0.00000
    -70.845         0.00000     0.00000     0.00000     0.00000
    -70.695         0.00000     0.00000     0.00000     0.00000
    -70.545         0.00000     0.00000     0.00000     0.00000
    -70.395         0.00000     0.00000     0.00000     0.00000
    -70.245         0.00000     0.00000     0.00000     0.00000
    -70.095         0.00000     0.00000     0.00000     0.00000
    -69.945         0.00000     0.00000     0.00000     0.00000
    -69.795         0.00000     0.00000     0.00000     0.00000
    -69.645         0.00000     0.00000     0.00000     0.00000
    -69.495         0.00000     0.00000     0.00000     0.00000
    -69.345         0.00000     0.00000     0.00000     0.00000
    -69.195         0.00000     0.00000     0.00000     0.00000
    -69.045         0.00000     0.00000     0.00000     0.00000
    -68.895         0.00000     0.00000     0.00000     0.00000
    -68.745         0.00000     0.00000     0.00000     0.00000
    -68.595         0.00000     0.00000     0.00000     0.00000
    -68.445         0.00000     0.00000     0.00000     0.00000
    -68.295         0.00000     0.00000     0.00000     0.00000
    -68.145         0.00000     0.00000     0.00000     0.00000
    -67.995         0.00000     0.00000     0.00000     0.00000
    -67.845         0.00000     0.00000     0.00000     0.00000
    -67.695         0.00000     0.00000     0.00000     0.00000
    -67.545         0.00000     0.00000     0.00000     0.00000
    -67.395         0.00000     0.00000     0.00000     0.00000
    -67.245         0.00000     0.00000     0.00000     0.00000
    -67.095         0.00000     0.00000     0.00000     0.00000
    -66.945         0.00000     0.00000     0.00000     0.00000
    -66.795         0.00000     0.00000     0.00000     0.00000
    -66.645         0.00000     0.00000     0.00000     0.00000
    -66.495         0.00000     0.00000     0.00000     0.00000
    -66.345         0.00000     0.00000     0.00000     0.00000
    -66.195         0.00000     0.00000     0.00000     0.00000
    -66.045         0.00000     0.00000     0.00000     0.00000
    -65.895         0.00000     0.00000     0.00000     0.00000
    -65.745         0.00000     0.00000     0.00000     0.00000
    -65.595         0.00000     0.00000     0.00000     0.00000
    -65.445         0.00000     0.00000     0.00000     0.00000
    -65.295         0.00000     0.00000     0.00000     0.00000
    -65.145         0.00000     0.00000     0.00000     0.00000
    -64.995         0.00000     0.00000     0.00000     0.00000
    -64.845         0.00000     0.00000     0.00000     0.00000
    -64.695         0.00000     0.00000     0.00000     0.00000
    -64.545         0.00000     0.00000     0.00000     0.00000
    -64.395         0.00000     0.00000     0.00000     0.00000
    -64.245         0.00000     0.00000     0.00000     0.00000
    -64.095         0.00000     0.00000     0.00000     0.00000
    -63.945         0.00000     0.00000     0.00000     0.00000
    -63.795         0.00000     0.00000     0.00000     0.00000
    -63.645         0.00000     0.00000     0.00000     0.00000
    -63.495         0.00000     0.00000     0.00000     0.00000
    -63.345         0.00000     0.00000     0.00000     0.00000
    -63.195         0.00000     0.00000     0.00000     0.00000
    -63.045         0.00000     0.00000     0.00000     0.00000
    -62.895         0.00000     0.00000     0.00000     0.00000
    -62.745         0.00000     0.00000     0.00000     0.00000
    -62.595         0.00000     0.00000     0.00000     0.00000
    -62.445         0.00000     0.00000     0.00000     0.00000
    -62.295         0.00000     0.00000     0.00000     0.00000
    -62.145         0.00000     0.00000     0.00000     0.00000
    -61.995         0.00000     0.00000     0.00000     0.00000
    -61.845         0.00000     0.00000     0.00000     0.00000
    -61.695         0.00000     0.00000     0.00000     0.00000
    -61.545         0.00000     0.00000     0.00000     0.00000
    -61.395         0.00000     0.00000     0.00000     0.00000
    -61.245         0.00000     0.00000     0.00000     0.00000
    -61.095         0.00000     0.00000     0.00000     0.00000
    -60.945         0.00000     0.00000     0.00000     0.00000
    -60.795         0.00000     0.00000     0.00000     0.00000
    -60.645         0.00000     0.00000     0.00000     0.00000
    -60.495         0.00000     0.00000     0.00000     0.00000
    -60.345         0.00000     0.00000     0.00000     0.00000
    -60.195         0.00000     0.00000     0.00000     0.00000
    -60.045         0.00000     0.00000     0.00000     0.00000
    -59.895         0.00000     0.00000     0.00000     0.00000
    -59.745         0.00000     0.00000     0.00000     0.00000
    -59.595         0.00000     0.00000     0.00000     0.00000
    -59.445         0.00000     0.00000     0.00000     0.00000
    -59.295         0.00000     0.00000     0.00000     0.00000
    -59.145         0.00000     0.00000     0.00000     0.00000
    -58.995         0.00000     0.00000     0.00000     0.00000
    -58.845         0.00000     0.00000     0.00000     0.00000
    -58.695         0.00000     0.00000     0.00000     0.00000
    -58.545         0.00000     0.00000     0.00000     0.00000
    -58.395         0.00000     0.00000     0.00000     0.00000
    -58.245         0.00000     0.00000     0.00000     0.00000
    -58.095         0.00000     0.00000     0.00000     0.00000
    -57.945         0.00000     0.00000     0.00000     0.00000
    -57.795         0.00000     0.00000     0.00000     0.00000
    -57.645         0.00000     0.00000     0.00000     0.00000
    -57.495         0.00000     0.00000     0.00000     0.00000
    -57.345         0.00000     0.00000     0.00000     0.00000
    -57.195         0.00000     0.00000     0.00000     0.00000
    -57.045         0.00000     0.00000     0.00000     0.00000
    -56.895         0.00000     0.00000     0.00000     0.00000
    -56.745         0.00000     0.00000     0.00000     0.00000
    -56.595         0.00000     0.00000     0.00000     0.00000
    -56.445         0.00000     0.00000     0.00000     0.00000
    -56.295         0.00000     0.00000     0.00000     0.00000
    -56.145         0.00000     0.00000     0.00000     0.00000
    -55.995         0.00000     0.00000     0.00000     0.00000
    -55.845         0.00000     0.00000     0.00000     0.00000
    -55.695         0.00000     0.00000     0.00000     0.00000
    -55.545         0.00000     0.00000     0.00000     0.00000
    -55.395         0.00000     0.00000     0.00000     0.00000
    -55.245         0.00000     0.00000     0.00000     0.00000
    -55.095         0.00000     0.00000     0.00000     0.00000
    -54.945         0.00000     0.00000     0.00000     0.00000
    -54.795         0.00000     0.00000     0.00000     0.00000
    -54.645         0.00000     0.00000     0.00000     0.00000
    -54.495         0.00000     0.00000     0.00000     0.00000
    -54.345         0.00000     0.00000     0.00000     0.00000
    -54.195         0.00000     0.00000     0.00000     0.00000
    -54.045         0.00000     0.00000     0.00000     0.00000
    -53.895         0.00000     0.00000     0.00000     0.00000
    -53.745         0.00000     0.00000     0.00000     0.00000
    -53.595         0.00000     0.00000     0.00000     0.00000
    -53.445         0.00000     0.00000     0.00000     0.00000
    -53.295         0.00000     0.00000     0.00000     0.00000
    -53.145         0.00000     0.00000     0.00000     0.00000
    -52.995         0.00000     0.00000     0.00000     0.00000
    -52.845         0.00000     0.00000     0.00000     0.00000
    -52.695         0.00000     0.00000     0.00000     0.00000
    -52.545         0.00000     0.00000     0.00000     0.00000
    -52.395         0.00000     0.00000     0.00000     0.00000
    -52.245         0.00000     0.00000     0.00000     0.00000
    -52.095         0.00000     0.00000     0.00000     0.00000
    -51.945         0.00000     0.00000     0.00000     0.00000
    -51.795         0.00000     0.00000     0.00000     0.00000
    -51.645         0.00000     0.00000     0.00000     0.00000
    -51.495         0.00000     0.00000     0.00000     0.00000
    -51.345         0.00000     0.00000     0.00000     0.00000
    -51.195         0.00000     0.00000     0.00000     0.00000
    -51.045         0.00000     0.00000     0.00000     0.00000
    -50.895         0.00000     0.00000     0.00000     0.00000
    -50.745         0.00000     0.00000     0.00000     0.00000
    -50.595         0.00000     0.00000     0.00000     0.00000
    -50.445         0.00000     0.00000     0.00000     0.00000
    -50.295         0.00000     0.00000     0.00000     0.00000
    -50.145         0.00000     0.00000     0.00000     0.00000
    -49.995         0.00000     0.00000     0.00000     0.00000
    -49.845         0.00000     0.00000     0.00000     0.00000
    -49.695         0.00000     0.00000     0.00000     0.00000
    -49.545         0.00000     0.00000     0.00000     0.00000
    -49.395         0.00000     0.00000     0.00000     0.00000
    -49.245         0.00000     0.00000     0.00000     0.00000
    -49.095         0.00000     0.00000     0.00000     0.00000
    -48.945         0.00000     0.00000     0.00000     0.00000
    -48.795         0.00000     0.00000     0.00000     0.00000
    -48.645         0.00000     0.00000     0.00000     0.00000
    -48.495         0.00000     0.00000     0.00000     0.00000
    -48.345         0.00000     0.00000     0.00000     0.00000
    -48.195         0.00000     0.00000     0.00000     0.00000
    -48.045         0.00000     0.00000     0.00000     0.00000
    -47.895         0.00000     0.00000     0.00000     0.00000
    -47.745         0.00000     0.00000     0.00000     0.00000
    -47.595         0.00000     0.00000     0.00000     0.00000
    -47.445         0.00000     0.00000     0.00000     0.00000
    -47.295         0.00000     0.00000     0.00000     0.00000
    -47.145         0.00000     0.00000     0.00000     0.00000
    -46.995         0.00000     0.00000     0.00000     0.00000
    -46.845         0.00000     0.00000     0.00000     0.00000
    -46.695         0.00000     0.00000     0.00000     0.00000
    -46.545         0.00000     0.00000     0.00000     0.00000
    -46.395         0.00000     0.00000     0.00000     0.00000
    -46.245         0.00000     0.00000     0.00000     0.00000
    -46.095         0.00000     0.00000     0.00000     0.00000
    -45.945         0.00000     0.00000     0.00000     0.00000
    -45.795         0.00000     0.00000     0.00000     0.00000
    -45.645         0.00000     0.00000     0.00000     0.00000
    -45.495         0.00000     0.00000     0.00000     0.00000
    -45.345         0.00000     0.00000     0.00000     0.00000
    -45.195         0.00000     0.00000     0.00000     0.00000
    -45.045         0.00000     0.00000     0.00000     0.00000
    -44.895         0.00000     0.00000     0.00000     0.00000
    -44.745         0.00000     0.00000     0.00000     0.00000
    -44.595         0.00000     0.00000     0.00000     0.00000
    -44.445         0.00000     0.00000     0.00000     0.00000
    -44.295         0.00000     0.00000     0.00000     0.00000
    -44.145         0.00000     0.00000     0.00000     0.00000
    -43.995         0.00000     0.00000     0.00000     0.00000
    -43.845         0.00000     0.00000     0.00000     0.00000
    -43.695         0.00000     0.00000     0.00000     0.00000
    -43.545         0.00000     0.00000     0.00000     0.00000
    -43.395         0.00000     0.00000     0.00000     0.00000
    -43.245         0.00000     0.00000     0.00000     0.00000
    -43.095         0.00000     0.00000     0.00000     0.00000
    -42.945         0.00000     0.00000     0.00000     0.00000
    -42.795         0.00000     0.00000     0.00000     0.00000
    -42.645         0.00000     0.00000     0.00000     0.00000
    -42.495         0.00000     0.00000     0.00000     0.00000
    -42.345         0.00000     0.00000     0.00000     0.00000
    -42.195         0.00000     0.00000     0.00000     0.00000
    -42.045         0.00000     0.00000     0.00000     0.00000
    -41.895         0.00000     0.00000     0.00000     0.00000
    -41.745         0.00000     0.00000     0.00000     0.00000
    -41.595         0.00000     0.00000     0.00000     0.00000
    -41.445         0.00000     0.00000     0.00000     0.00000
    -41.295         0.00000     0.00000     0.00000     0.00000
    -41.145         0.00000     0.00000     0.00000     0.00000
    -40.995         0.00000     0.00000     0.00000     0.00000
    -40.845         0.00000     0.00000     0.00000     0.00000
    -40.695         0.00000     0.00000     0.00000     0.00000
    -40.545         0.00000     0.00000     0.00000     0.00000
    -40.395         0.00000     0.00000     0.00000     0.00000
    -40.245         0.00000     0.00000     0.00000     0.00000
    -40.095         0.00000     0.00000     0.00000     0.00000
    -39.945         0.00000     0.00000     0.00000     0.00000
    -39.795         0.00000     0.00000     0.00000     0.00000
    -39.645         0.00000     0.00000     0.00000     0.00000
    -39.495         0.00000     0.00000     0.00000     0.00000
    -39.345         0.00000     0.00000     0.00000     0.00000
    -39.195         0.00000     0.00000     0.00000     0.00000
    -39.045         0.00000     0.00000     0.00000     0.00000
    -38.895         0.00000     0.00000     0.00000     0.00000
    -38.745         0.00000     0.00000     0.00000     0.00000
    -38.595         0.00000     0.00000     0.00000     0.00000
    -38.445         0.00000     0.00000     0.00000     0.00000
    -38.295         0.00000     0.00000     0.00000     0.00000
    -38.145         0.00000     0.00000     0.00000     0.00000
    -37.995         0.00000     0.00000     0.00000     0.00000
    -37.845         0.00000     0.00000     0.00000     0.00000
    -37.695         0.00000     0.00000     0.00000     0.00000
    -37.545         0.00000     0.00000     0.00000     0.00000
    -37.395         0.00000     0.00000     0.00000     0.00000
    -37.245         0.00000     0.00000     0.00000     0.00000
    -37.095         0.00000     0.00000     0.00000     0.00000
    -36.945         0.00000     0.00000     0.00000     0.00000
    -36.795         0.00000     0.00000     0.00000     0.00000
    -36.645         0.00000     0.00000     0.00000     0.00000
    -36.495         0.00000     0.00000     0.00000     0.00000
    -36.345         0.00000     0.00000     0.00000     0.00000
    -36.195         0.00000     0.00000     0.00000     0.00000
    -36.045         0.00000     0.00000     0.00000     0.00000
    -35.895         0.00000     0.00000     0.00000     0.00000
    -35.745         0.00000     0.00000     0.00000     0.00000
    -35.595         0.00000     0.00000     0.00000     0.00000
    -35.445         0.00000     0.00000     0.00000     0.00000
    -35.295         0.00000     0.00000     0.00000     0.00000
    -35.145         0.00000     0.00000     0.00000     0.00000
    -34.995         0.00000     0.00000     0.00000     0.00000
    -34.845         0.00000     0.00000     0.00000     0.00000
    -34.695         0.00000     0.00000     0.00000     0.00000
    -34.545         0.00000     0.00000     0.00000     0.00000
    -34.395         0.00000     0.00000     0.00000     0.00000
    -34.245         0.00000     0.00000     0.00000     0.00000
    -34.095         0.00000     0.00000     0.00000     0.00000
    -33.945         0.00000     0.00000     0.00000     0.00000
    -33.795         0.00000     0.00000     0.00000     0.00000
    -33.645         0.00000     0.00000     0.00000     0.00000
    -33.495         0.00000     0.00000     0.00000     0.00000
    -33.345         0.00000     0.00000     0.00000     0.00000
    -33.195         0.00000     0.00000     0.00000     0.00000
    -33.045         0.00000     0.00000     0.00000     0.00000
    -32.895         0.00000     0.00000     0.00000     0.00000
    -32.745         0.00000     0.00000     0.00000     0.00000
    -32.595         0.00000     0.00000     0.00000     0.00000
    -32.445         0.00000     0.00000     0.00000     0.00000
    -32.295         0.00000     0.00000     0.00000     0.00000
    -32.145         0.00000     0.00000     0.00000     0.00000
    -31.995         0.00000     0.00000     0.00000     0.00000
    -31.845         0.00000     0.00000     0.00000     0.00000
    -31.695         0.00000     0.00000     0.00000     0.00000
    -31.545         0.00000     0.00000     0.00000     0.00000
    -31.395         0.00000     0.00000     0.00000     0.00000
    -31.245         0.00000     0.00000     0.00000     0.00000
    -31.095         0.00000     0.00000     0.00000     0.00000
    -30.945         0.00000     0.00000     0.00000     0.00000
    -30.795         0.00000     0.00000     0.00000     0.00000
    -30.645         0.00000     0.00000     0.00000     0.00000
    -30.495         0.00000     0.00000     0.00000     0.00000
    -30.345         0.00000     0.00000     0.00000     0.00000
    -30.195         0.00000     0.00000     0.00000     0.00000
    -30.045         0.00000     0.00000     0.00000     0.00000
    -29.895         0.00000     0.00000     0.00000     0.00000
    -29.745         0.00000     0.00000     0.00000     0.00000
    -29.595         0.00000     0.00000     0.00000     0.00000
    -29.445         0.00000     0.00000     0.00000     0.00000
    -29.295         0.00000     0.00000     0.00000     0.00000
    -29.145         0.00000     0.00000     0.00000     0.00000
    -28.995         0.00000     0.00000     0.00000     0.00000
    -28.845         0.00000     0.00000     0.00000     0.00000
    -28.695         0.00000     0.00000     0.00000     0.00000
    -28.545         0.00000     0.00000     0.00000     0.00000
    -28.395         0.00000     0.00000     0.00000     0.00000
    -28.245         0.00000     0.00000     0.00000     0.00000
    -28.095         0.00000     0.00000     0.00000     0.00000
    -27.945         0.00000     0.00000     0.00000     0.00000
    -27.795         0.00000     0.00000     0.00000     0.00000
    -27.645         0.00000     0.00000     0.00000     0.00000
    -27.495         0.00000     0.00000     0.00000     0.00000
    -27.345         0.00000     0.00000     0.00000     0.00000
    -27.195         0.00000     0.00000     0.00000     0.00000
    -27.045         0.00000     0.00000     0.00000     0.00000
    -26.895         0.00000     0.00000     0.00000     0.00000
    -26.745         0.00000     0.00000     0.00000     0.00000
    -26.595         0.00000     0.00000     0.00000     0.00000
    -26.445         0.00000     0.00000     0.00000     0.00000
    -26.295         0.00000     0.00000     0.00000     0.00000
    -26.145         0.00000     0.00000     0.00000     0.00000
    -25.995         0.00000     0.00000     0.00000     0.00000
    -25.845         0.00000     0.00000     0.00000     0.00000
    -25.695         0.00000     0.00000     0.00000     0.00000
    -25.545         0.00000     0.00000     0.00000     0.00000
    -25.395         0.00000     0.00000     0.00000     0.00000
    -25.245         0.00000     0.00000     0.00000     0.00000
    -25.095         0.00000     0.00000     0.00000     0.00000
    -24.945         0.00000     0.00000     0.00000     0.00000
    -24.795         0.00000     0.00000     0.00000     0.00000
    -24.645         0.00000     0.00000     0.00000     0.00000
    -24.495         0.00000     0.00000     0.00000     0.00000
    -24.345         0.00000     0.00000     0.00000     0.00000
    -24.195         0.00000     0.00000     0.00000     0.00000
    -24.045         0.00000     0.00000     0.00000     0.00000
    -23.895         0.00000     0.00000     0.00000     0.00000
    -23.745         0.00000     0.00000     0.00000     0.00000
    -23.595         0.00000     0.00000     0.00000     0.00000
    -23.445         0.00000     0.00000     0.00000     0.00000
    -23.295         0.00000     0.00000     0.00000     0.00000
    -23.145         0.00000     0.00000     0.00000     0.00000
    -22.995         0.00000     0.00000     0.00000     0.00000
    -22.845         0.00000     0.00000     0.00000     0.00000
    -22.695         0.00000     0.00000     0.00000     0.00000
    -22.545         0.00000     0.00000     0.00000     0.00000
    -22.395         0.00000     0.00000     0.00000     0.00000
    -22.245         0.00000     0.00000     0.00000     0.00000
    -22.095         0.00000     0.00000     0.00000     0.00000
    -21.945         0.00000     0.00000     0.00000     0.00000
    -21.795         0.00000     0.00000     0.00000     0.00000
    -21.645         0.00000     0.00000     0.00000     0.00000
    -21.495         0.00000     0.00000     0.00000     0.00000
    -21.345         0.00000     0.00000     0.00000     0.00000
    -21.195         0.00000     0.00000     0.00000     0.00000
    -21.045         0.00000     0.00000     0.00000     0.00000
    -20.895         0.00000     0.00000     0.00000     0.00000
    -20.745         0.00000     0.00000     0.00000     0.00000
    -20.595         0.00000     0.00000     0.00000     0.00000
    -20.445         0.00000     0.00000     0.00000     0.00000
    -20.295         0.00000     0.00000     0.00000     0.00000
    -20.145         0.00000     0.00000     0.00000     0.00000
    -19.995         0.00000     0.00000     0.00000     0.00000
    -19.845         0.00000     0.00000     0.00000     0.00000
    -19.695         0.00000     0.00000     0.00000     0.00000
    -19.545         0.00000     0.00000     0.00000     0.00000
    -19.395         0.00000     0.00000     0.00000     0.00000
    -19.245         0.00000     0.00000     0.00000     0.00000
    -19.095         0.00000     0.00000     0.00000     0.00000
    -18.945         0.00000     0.00000     0.00000     0.00000
    -18.795         0.00000     0.00000     0.00000     0.00000
    -18.645         0.00000     0.00000     0.00000     0.00000
    -18.495         0.00000     0.00000     0.00000     0.00000
    -18.345         0.00000     0.00000     0.00000     0.00000
    -18.195         0.00000     0.00000     0.00000     0.00000
    -18.045         0.00000     0.00000     0.00000     0.00000
    -17.895         0.00000     0.00000     0.00000     0.00000
    -17.745         0.00000     0.00000     0.00000     0.00000
    -17.595         0.00000     0.00000     0.00000     0.00000
    -17.445         0.00000     0.00000     0.00000     0.00000
    -17.295         0.00000     0.00000     0.00000     0.00000
    -17.145         0.00000     0.00000     0.00000     0.00000
    -16.995         0.00000     0.00000     0.00000     0.00000
    -16.845         0.00000     0.00000     0.00000     0.00000
    -16.695         0.00000     0.00000     0.00000     0.00000
    -16.545         0.00000     0.00000     0.00000     0.00000
    -16.395         0.00000     0.00000     0.00000     0.00000
    -16.245         0.00000     0.00000     0.00000     0.00000
    -16.095         0.00000     0.00000     0.00000     0.00000
    -15.945         0.00000     0.00000     0.00000     0.00000
    -15.795         0.00000     0.00000     0.00000     0.00000
    -15.645         0.00000     0.00000     0.00000     0.00000
    -15.495         0.00000     0.00000     0.00000     0.00000
    -15.345         0.00000     0.00000     0.00000     0.00000
    -15.195         0.00000     0.00000     0.00000     0.00000
    -15.045         0.00000     0.00000     0.00000     0.00000
    -14.895         0.00000     0.00000     0.00000     0.00000
    -14.745         0.00000     0.00000     0.00000     0.00000
    -14.595         0.00000     0.00000     0.00000     0.00000
    -14.445         0.00000     0.00000     0.00000     0.00000
    -14.295         0.00000     0.00000     0.00000     0.00000
    -14.145         0.00000     0.00000     0.00000     0.00000
    -13.995         0.00000     0.00000     0.00000     0.00000
    -13.845         0.00000     0.00000     0.00000     0.00000
    -13.695         0.00000     0.00000     0.00000     0.00000
    -13.545         0.00000     0.00000     0.00000     0.00000
    -13.395         0.00000     0.00000     0.00000     0.00000
    -13.245         0.00000     0.00000     0.00000     0.00000
    -13.095         0.00000     0.00000     0.00000     0.00000
    -12.945         0.00000     0.00000     0.00000     0.00000
    -12.795         0.00000     0.00000     0.00000     0.00000
    -12.645         0.00000     0.00000     0.00000     0.00000
    -12.495         0.00000     0.00000     0.00000     0.00000
    -12.345         0.00000     0.00000     0.00000     0.00000
    -12.195         0.00000     0.00000     0.00000     0.00000
    -12.045         0.00000     0.00000     0.00000     0.00000
    -11.895         0.00000     0.00000     0.00000     0.00000
    -11.745         0.00000     0.00000     0.00000     0.00000
    -11.595         0.00000     0.00000     0.00000     0.00000
    -11.445         0.00000     0.00000     0.00000     0.00000
    -11.295         0.00000     0.00000     0.00000     0.00000
    -11.145         0.00000     0.00000     0.00000     0.00000
    -10.995         0.00000     0.00000     0.00000     0.00000
    -10.845         0.00000     0.00000     0.00000     0.00000
    -10.695         0.00000     0.00000     0.00000     0.00000
    -10.545         0.00000     0.00000     0.00000     0.00000
    -10.395         0.00000     0.00000     0.00000     0.00000
    -10.245         0.00000     0.00000     0.00000     0.00000
    -10.095         0.00000     0.00000     0.00000     0.00000
    -9.9450         0.00000     0.00000     0.00000     0.00000
    -9.7950         0.00000     0.00000     0.00000     0.00000
    -9.6450         0.00000     0.00000     0.00000     0.00000
    -9.4950         0.00000     0.00000     0.00000     0.00000
    -9.3450         0.00000     0.00000     0.00000     0.00000
    -9.1950         0.00000     0.00000     0.00000     0.00000
    -9.0450         0.00000     0.00000     0.00000     0.00000
    -8.8950         0.00000     0.00000     0.00000     0.00000
    -8.7450         0.00000     0.00000     0.00000     0.00000
    -8.5950         0.00000     0.00000     0.00000     0.00000
    -8.4450         0.00000     0.00000     0.00000     0.00000
    -8.2950         0.00000     0.00000     0.00000     0.00000
    -8.1450         0.00000     0.00000     0.00000     0.00000
    -7.9950         0.00000     0.00000     0.00000     0.00000
    -7.8450         0.00000     0.00000     0.00000     0.00000
    -7.6950         0.00000     0.00000     0.00000     0.00000
    -7.5450         0.00000     0.00000     0.00000     0.00000
    -7.3950         0.00000     0.00000     0.00000     0.00000
    -7.2450         0.00000     0.00000     0.00000     0.00000
    -7.0950         0.00000     0.00000     0.00000     0.00000
    -6.9450         0.00000     0.00000     0.00000     0.00000
    -6.7950         0.00000     0.00000     0.00000     0.00000
    -6.6450         0.00000     0.00000     0.00000     0.00000
    -6.4950         0.00000     0.00000     0.00000     0.00000
    -6.3450         0.00000     0.00000     0.00000     0.00000
    -6.1950         0.00000     0.00000     0.00000     0.00000
    -6.0450         0.00000     0.00000     0.00000     0.00000
    -5.8950         0.00000     0.00000     0.00000     0.00000
    -5.7450         0.00000     0.00000     0.00000     0.00000
    -5.5950         0.00000     0.00000     0.00000     0.00000
    -5.4450         0.00000     0.00000     0.00000     0.00000
    -5.2950         0.00000     0.00000     0.00000     0.00000
    -5.1450         0.00000     0.00000     0.00000     0.00000
    -4.9950         0.00000     0.00000     0.00000     0.00000
    -4.8450         0.00000     0.00000     0.00000     0.00000
    -4.6950         0.00000     0.00000     0.00000     0.00000
    -4.5450         0.00000     0.00000     0.00000     0.00000
    -4.3950         0.00000     0.00000     0.00000     0.00000
    -4.2450         0.00000     0.00000     0.00000     0.00000
    -4.0950         0.00000     0.00000     0.00000     0.00000
    -3.9450         0.00000     0.00000     0.00000     0.00000
    -3.7950         0.00000     0.00000     0.00000     0.00000
    -3.6450         0.00000     0.00000     0.00000     0.00000
    -3.4950         0.00000     0.00000     0.00000     0.00000
    -3.3450         0.00000     0.00000     0.00000     0.00000
    -3.1950         0.00000     0.00000     0.00000     0.00000
    -3.0450         0.00000     0.00000     0.00000     0.00000
    -2.8950         0.00000     0.00000     0.00000     0.00000
    -2.7450         0.00000     0.00000     0.00000     0.00000
    -2.5950         0.00000     0.00000     0.00000     0.00000
    -2.4450         0.00000     0.00000     0.00000     0.00000
    -2.2950         0.00000     0.00000     0.00000     0.00000
    -2.1450         0.00000     0.00000     0.00000     0.00000
    -1.9950         0.00000     0.00000     0.00000     0.00000
    -1.8450         0.00000     0.00000     0.00000     0.00000
    -1.6950         0.00000     0.00000     0.00000     0.00000
    -1.5450        -0.00000    -0.00000     0.00000     0.00000
    -1.3950        -0.00000    -0.00000     0.00000     0.00000
    -1.2450        -0.00000    -0.00000     0.00000     0.00000
    -1.0950        -0.00000    -0.00000     0.00000     0.00000
   -0.94500        -0.00001    -0.00002     0.00000     0.00001
   -0.79500        -0.00110    -0.00008    -0.00000    -0.00102
   -0.64500        -0.03035    -0.00022     0.00001    -0.03014
   -0.49500        -0.39192    -0.00121    -0.00046    -0.39025
   -0.34500        -2.26759    -0.00303    -0.00415    -2.26041
   -0.22700        -2.95744    -0.00424    -0.00687    -2.94632
   -0.21300        -3.02965    -0.00441    -0.00707    -3.01817
   -0.20700        -3.10098    -0.00457    -0.00744    -3.08897
   -0.20100        -3.16939    -0.00474    -0.00760    -3.15704
   -0.19500        -3.23788    -0.00455    -0.00776    -3.22557
   -0.18900        -3.30406    -0.00474    -0.00814    -3.29118
   -0.18300        -3.36962    -0.00494    -0.00858    -3.35611
   -0.17700        -3.43399    -0.00514    -0.00901    -3.41984
   -0.17100        -3.49614    -0.00518    -0.00932    -3.48164
   -0.16500        -3.55875    -0.00539    -0.00978    -3.54358
   -0.15900        -3.62090    -0.00562    -0.01017    -3.60511
   -0.15300        -3.68304    -0.00585    -0.01058    -3.66661
   -0.14700        -3.74392    -0.00610    -0.01106    -3.72676
   -0.14100        -3.80367    -0.00614    -0.01156    -3.78596
   -0.13500        -3.86404    -0.00641    -0.01194    -3.84569
   -0.12900        -3.92487    -0.00669    -0.01239    -3.90578
   -0.12300        -3.98559    -0.00698    -0.01283    -3.96578
   -0.11700        -4.04657    -0.00730    -0.01337    -4.02590
   -0.11100        -4.10818    -0.00762    -0.01392    -4.08664
   -0.10500        -4.16995    -0.00796    -0.01452    -4.14747
   -0.99000E-01    -4.23277    -0.00832    -0.01513    -4.20932
   -0.93000E-01    -4.29693    -0.00872    -0.01576    -4.27245
   -0.87000E-01    -4.36283    -0.00916    -0.01642    -4.33725
   -0.81000E-01    -4.43093    -0.00965    -0.01714    -4.40414
   -0.75000E-01    -4.50065    -0.01016    -0.01789    -4.47259
   -0.69000E-01    -4.57397    -0.01072    -0.01870    -4.54455
   -0.63000E-01    -4.65106    -0.01135    -0.01963    -4.62008
   -0.57000E-01    -4.73304    -0.01212    -0.02066    -4.70026
   -0.51000E-01    -4.82154    -0.01297    -0.02176    -4.78681
   -0.45000E-01    -4.91880    -0.01396    -0.02310    -4.88173
   -0.39000E-01    -5.02757    -0.01511    -0.02458    -4.98789
   -0.33000E-01    -5.15235    -0.01664    -0.02632    -5.10938
   -0.27000E-01    -5.29504    -0.01861    -0.02862    -5.24781
   -0.21300E-01    -5.40275    -0.02031    -0.03079    -5.35165
   -0.19500E-01    -5.41934    -0.02060    -0.03116    -5.36758
   -0.18900E-01    -5.43613    -0.02090    -0.03154    -5.38368
   -0.18300E-01    -5.45297    -0.02123    -0.03194    -5.39980
   -0.17700E-01    -5.47011    -0.02155    -0.03234    -5.41622
   -0.17100E-01    -5.48781    -0.02189    -0.03276    -5.43316
   -0.16500E-01    -5.50569    -0.02224    -0.03322    -5.45023
   -0.15900E-01    -5.52396    -0.02262    -0.03370    -5.46764
   -0.15300E-01    -5.54256    -0.02301    -0.03421    -5.48534
   -0.14700E-01    -5.56133    -0.02342    -0.03472    -5.50319
   -0.14100E-01    -5.58041    -0.02382    -0.03528    -5.52132
   -0.13500E-01    -5.60003    -0.02428    -0.03586    -5.53989
   -0.12900E-01    -5.62002    -0.02475    -0.03648    -5.55879
   -0.12300E-01    -5.64045    -0.02527    -0.03717    -5.57801
   -0.11700E-01    -5.66156    -0.02580    -0.03792    -5.59784
   -0.11100E-01    -5.68311    -0.02635    -0.03868    -5.61808
   -0.10500E-01    -5.70532    -0.02693    -0.03953    -5.63886
   -0.99000E-02    -5.72818    -0.02755    -0.04046    -5.66017
   -0.93000E-02    -5.75184    -0.02822    -0.04145    -5.68216
   -0.87000E-02    -5.77621    -0.02896    -0.04253    -5.70472
   -0.81000E-02    -5.80155    -0.02974    -0.04373    -5.72808
   -0.75000E-02    -5.82803    -0.03061    -0.04508    -5.75234
   -0.69000E-02    -5.85566    -0.03157    -0.04654    -5.77755
   -0.63000E-02    -5.88465    -0.03258    -0.04823    -5.80383
   -0.57000E-02    -5.91527    -0.03369    -0.05020    -5.83139
   -0.51000E-02    -5.94762    -0.03492    -0.05252    -5.86018
   -0.45000E-02    -5.98186    -0.03631    -0.05534    -5.89020
   -0.39000E-02    -6.01820    -0.03785    -0.05877    -5.92158
   -0.33000E-02    -6.05674    -0.03959    -0.06325    -5.95390
   -0.27000E-02    -6.09756    -0.04155    -0.06939    -5.98661
   -0.21000E-02    -6.14189    -0.04378    -0.07915    -6.01895
   -0.15000E-02    -6.19526    -0.04627    -0.09765    -6.05134
   -0.90000E-03    -6.26719    -0.04890    -0.12480    -6.09349
   -0.30000E-03    -7.73851    -0.05085    -0.13046    -7.55721
    0.30000E-03    -6.27037    -0.04524    -0.12848    -6.09664
    0.90000E-03    -6.21597    -0.01794    -0.12586    -6.07216
    0.15000E-02    -6.19042     0.00026    -0.12342    -6.06726
    0.21000E-02    -6.17759     0.00994    -0.12126    -6.06627
    0.27000E-02    -6.16926     0.01615    -0.11934    -6.06607
    0.33000E-02    -6.16295     0.02071    -0.11765    -6.06602
    0.39000E-02    -6.15794     0.02423    -0.11616    -6.06600
    0.45000E-02    -6.15370     0.02711    -0.11482    -6.06600
    0.51000E-02    -6.15010     0.02950    -0.11361    -6.06599
    0.57000E-02    -6.14695     0.03154    -0.11252    -6.06598
    0.63000E-02    -6.14420     0.03331    -0.11154    -6.06597
    0.69000E-02    -6.14175     0.03484    -0.11064    -6.06595
    0.75000E-02    -6.13956     0.03620    -0.10982    -6.06594
    0.81000E-02    -6.13759     0.03740    -0.10906    -6.06593
    0.87000E-02    -6.13575     0.03850    -0.10834    -6.06591
    0.93000E-02    -6.13411     0.03947    -0.10767    -6.06590
    0.99000E-02    -6.13257     0.04038    -0.10707    -6.06588
    0.10500E-01    -6.13115     0.04120    -0.10649    -6.06586
    0.11100E-01    -6.12984     0.04196    -0.10595    -6.06585
    0.11700E-01    -6.12862     0.04267    -0.10546    -6.06583
    0.12300E-01    -6.12751     0.04331    -0.10501    -6.06581
    0.12900E-01    -6.12645     0.04391    -0.10457    -6.06579
    0.13500E-01    -6.12549     0.04444    -0.10417    -6.06576
    0.14100E-01    -6.12455     0.04497    -0.10378    -6.06574
    0.14700E-01    -6.12368     0.04547    -0.10343    -6.06572
    0.15300E-01    -6.12282     0.04595    -0.10308    -6.06569
    0.15900E-01    -6.12207     0.04637    -0.10278    -6.06567
    0.16500E-01    -6.12134     0.04680    -0.10250    -6.06564
    0.17100E-01    -6.12063     0.04720    -0.10222    -6.06561
    0.17700E-01    -6.11996     0.04758    -0.10196    -6.06558
    0.18300E-01    -6.11929     0.04796    -0.10169    -6.06556
    0.18900E-01    -6.11868     0.04831    -0.10146    -6.06553
    0.19500E-01    -6.11809     0.04865    -0.10125    -6.06549
    0.21300E-01    -6.11480     0.05047    -0.10000    -6.06527
    0.27000E-01    -6.11119     0.05249    -0.09884    -6.06484
    0.33000E-01    -6.10852     0.05389    -0.09810    -6.06431
    0.39000E-01    -6.10648     0.05487    -0.09760    -6.06375
    0.45000E-01    -6.10474     0.05565    -0.09729    -6.06310
    0.51000E-01    -6.10316     0.05628    -0.09708    -6.06236
    0.57000E-01    -6.10172     0.05678    -0.09692    -6.06158
    0.63000E-01    -6.10041     0.05716    -0.09679    -6.06077
    0.69000E-01    -6.09908     0.05748    -0.09673    -6.05984
    0.75000E-01    -6.09786     0.05772    -0.09668    -6.05890
    0.81000E-01    -6.09652     0.05785    -0.09662    -6.05776
    0.87000E-01    -6.09522     0.05801    -0.09658    -6.05666
    0.93000E-01    -6.09381     0.05811    -0.09655    -6.05537
    0.99000E-01    -6.09237     0.05820    -0.09652    -6.05404
    0.10500        -6.09093     0.05831    -0.09651    -6.05272
    0.11100        -6.08936     0.05841    -0.09643    -6.05134
    0.11700        -6.08788     0.05843    -0.09636    -6.04995
    0.12300        -6.08635     0.05845    -0.09635    -6.04845
    0.12900        -6.08480     0.05851    -0.09630    -6.04701
    0.13500        -6.08332     0.05849    -0.09626    -6.04555
    0.14100        -6.08163     0.05847    -0.09624    -6.04386
    0.14700        -6.07994     0.05855    -0.09619    -6.04230
    0.15300        -6.07825     0.05855    -0.09616    -6.04064
    0.15900        -6.07656     0.05860    -0.09613    -6.03903
    0.16500        -6.07472     0.05865    -0.09610    -6.03728
    0.17100        -6.07275     0.05868    -0.09606    -6.03537
    0.17700        -6.07087     0.05869    -0.09603    -6.03354
    0.18300        -6.06911     0.05872    -0.09600    -6.03183
    0.18900        -6.06722     0.05874    -0.09597    -6.02999
    0.19500        -6.06528     0.05877    -0.09595    -6.02809
    0.20100        -6.06335     0.05878    -0.09592    -6.02621
    0.20700        -6.06138     0.05880    -0.09589    -6.02430
    0.21300        -6.05930     0.05881    -0.09586    -6.02226
    0.22700        -6.04087     0.05892    -0.09562    -6.00417
    0.34500        -5.98004     0.05907    -0.09503    -5.94408
    0.49500        -5.91557     0.05920    -0.09456    -5.88020
    0.64500        -5.84974     0.05928    -0.09415    -5.81487
    0.79500        -5.78338     0.05935    -0.09379    -5.74894
    0.94500        -5.71774     0.05939    -0.09346    -5.68368
     1.0950        -5.65373     0.05945    -0.09315    -5.62003
     1.2450        -5.59084     0.05950    -0.09287    -5.55748
     1.3950        -5.52936     0.05954    -0.09261    -5.49629
     1.5450        -5.46934     0.05957    -0.09237    -5.43654
     1.6950        -5.41109     0.05961    -0.09216    -5.37855
     1.8450        -5.35465     0.05964    -0.09195    -5.32234
     1.9950        -5.30017     0.05968    -0.09176    -5.26809
     2.1450        -5.24759     0.05971    -0.09157    -5.21573
     2.2950        -5.19708     0.05974    -0.09138    -5.16544
     2.4450        -5.14839     0.05976    -0.09121    -5.11694
     2.5950        -5.10130     0.05978    -0.09106    -5.07003
     2.7450        -5.05637     0.05980    -0.09090    -5.02527
     2.8950        -5.01325     0.05982    -0.09076    -4.98231
     3.0450        -4.97160     0.05984    -0.09062    -4.94082
     3.1950        -4.93108     0.05987    -0.09047    -4.90049
     3.3450        -4.89274     0.05988    -0.09033    -4.86229
     3.4950        -4.85572     0.05990    -0.09021    -4.82541
     3.6450        -4.82004     0.05991    -0.09008    -4.78987
     3.7950        -4.78535     0.05993    -0.08996    -4.75532
     3.9450        -4.75204     0.05995    -0.08983    -4.72215
     4.0950        -4.71989     0.05996    -0.08972    -4.69013
     4.2450        -4.68868     0.05997    -0.08960    -4.65904
     4.3950        -4.65800     0.05998    -0.08949    -4.62849
     4.5450        -4.62870     0.05999    -0.08938    -4.59931
     4.6950        -4.60031     0.05999    -0.08928    -4.57103
     4.8450        -4.57273     0.06001    -0.08918    -4.54356
     4.9950        -4.54595     0.06002    -0.08908    -4.51688
     5.1450        -4.51987     0.06003    -0.08899    -4.49091
     5.2950        -4.49449     0.06004    -0.08889    -4.46564
     5.4450        -4.46977     0.06006    -0.08880    -4.44104
     5.5950        -4.44572     0.06007    -0.08871    -4.41709
     5.7450        -4.42228     0.06008    -0.08862    -4.39374
     5.8950        -4.39936     0.06009    -0.08854    -4.37091
     6.0450        -4.37704     0.06010    -0.08845    -4.34869
     6.1950        -4.35526     0.06011    -0.08837    -4.32699
     6.3450        -4.33394     0.06011    -0.08829    -4.30576
     6.4950        -4.31315     0.06012    -0.08821    -4.28506
     6.6450        -4.29281     0.06013    -0.08814    -4.26480
     6.7950        -4.27291     0.06013    -0.08806    -4.24498
     6.9450        -4.25340     0.06014    -0.08799    -4.22555
     7.0950        -4.23431     0.06016    -0.08792    -4.20655
     7.2450        -4.21559     0.06016    -0.08785    -4.18791
     7.3950        -4.19728     0.06017    -0.08777    -4.16967
     7.5450        -4.17929     0.06018    -0.08771    -4.15176
     7.6950        -4.16162     0.06019    -0.08764    -4.13417
     7.8450        -4.14435     0.06019    -0.08758    -4.11696
     7.9950        -4.12737     0.06020    -0.08751    -4.10005
     8.1450        -4.11075     0.06021    -0.08744    -4.08352
     8.2950        -4.09438     0.06022    -0.08739    -4.06721
     8.4450        -4.07833     0.06023    -0.08733    -4.05123
     8.5950        -4.06254     0.06023    -0.08727    -4.03551
     8.7450        -4.04708     0.06024    -0.08720    -4.02012
     8.8950        -4.03182     0.06024    -0.08715    -4.00491
     9.0450        -4.01681     0.06025    -0.08709    -3.98997
     9.1950        -4.00212     0.06026    -0.08703    -3.97534
     9.3450        -3.98762     0.06026    -0.08698    -3.96090
     9.4950        -3.97336     0.06027    -0.08692    -3.94671
     9.6450        -3.95930     0.06027    -0.08686    -3.93271
     9.7950        -3.94544     0.06028    -0.08681    -3.91892
     9.9450        -3.93181     0.06029    -0.08675    -3.90534
     10.095        -3.91842     0.06029    -0.08670    -3.89201
     10.245        -3.90522     0.06030    -0.08665    -3.87887
     10.395        -3.89223     0.06030    -0.08660    -3.86593
     10.545        -3.87939     0.06031    -0.08655    -3.85315
     10.695        -3.86675     0.06031    -0.08650    -3.84056
     10.845        -3.85428     0.06032    -0.08645    -3.82815
     10.995        -3.84202     0.06033    -0.08640    -3.81595
     11.145        -3.82988     0.06033    -0.08635    -3.80386
     11.295        -3.81790     0.06034    -0.08631    -3.79194
     11.445        -3.80611     0.06034    -0.08626    -3.78019
     11.595        -3.79446     0.06035    -0.08621    -3.76860
     11.745        -3.78298     0.06035    -0.08616    -3.75716
     11.895        -3.77162     0.06036    -0.08612    -3.74585
     12.045        -3.76043     0.06036    -0.08608    -3.73471
     12.195        -3.74935     0.06036    -0.08603    -3.72368
     12.345        -3.73842     0.06037    -0.08599    -3.71280
     12.495        -3.72764     0.06037    -0.08594    -3.70206
     12.645        -3.71700     0.06037    -0.08590    -3.69147
     12.795        -3.70643     0.06038    -0.08586    -3.68095
     12.945        -3.69600     0.06038    -0.08582    -3.67057
     13.095        -3.68572     0.06039    -0.08578    -3.66033
     13.245        -3.67556     0.06039    -0.08574    -3.65021
     13.395        -3.66554     0.06039    -0.08570    -3.64024
     13.545        -3.65564     0.06040    -0.08566    -3.63038
     13.695        -3.64579     0.06040    -0.08562    -3.62057
     13.845        -3.63614     0.06041    -0.08558    -3.61097
     13.995        -3.62655     0.06042    -0.08554    -3.60143
     14.145        -3.61710     0.06042    -0.08550    -3.59202
     14.295        -3.60769     0.06042    -0.08546    -3.58265
     14.445        -3.59840     0.06043    -0.08543    -3.57340
     14.595        -3.58922     0.06043    -0.08539    -3.56426
     14.745        -3.58014     0.06043    -0.08535    -3.55522
     14.895        -3.57113     0.06044    -0.08532    -3.54625
     15.045        -3.56227     0.06044    -0.08528    -3.53743
     15.195        -3.55347     0.06045    -0.08525    -3.52867
     15.345        -3.54473     0.06045    -0.08521    -3.51997
     15.495        -3.53612     0.06046    -0.08517    -3.51140
     15.645        -3.52759     0.06046    -0.08514    -3.50292
     15.795        -3.51911     0.06046    -0.08510    -3.49447
     15.945        -3.51072     0.06047    -0.08506    -3.48612
     16.095        -3.50244     0.06047    -0.08503    -3.47789
     16.245        -3.49422     0.06048    -0.08499    -3.46971
     16.395        -3.48610     0.06048    -0.08496    -3.46162
     16.545        -3.47804     0.06048    -0.08493    -3.45359
     16.695        -3.47005     0.06049    -0.08490    -3.44564
     16.845        -3.46215     0.06049    -0.08487    -3.43777
     16.995        -3.45430     0.06049    -0.08484    -3.42996
     17.145        -3.44654     0.06049    -0.08481    -3.42222
     17.295        -3.43886     0.06050    -0.08477    -3.41458
     17.445        -3.43125     0.06050    -0.08474    -3.40700
     17.595        -3.42367     0.06051    -0.08471    -3.39947
     17.745        -3.41620     0.06051    -0.08468    -3.39203
     17.895        -3.40878     0.06051    -0.08465    -3.38464
     18.045        -3.40141     0.06052    -0.08462    -3.37730
     18.195        -3.39411     0.06052    -0.08459    -3.37004
     18.345        -3.38686     0.06053    -0.08456    -3.36283
     18.495        -3.37969     0.06053    -0.08453    -3.35569
     18.645        -3.37258     0.06053    -0.08450    -3.34861
     18.795        -3.36553     0.06054    -0.08447    -3.34160
     18.945        -3.35856     0.06054    -0.08444    -3.33465
     19.095        -3.35163     0.06054    -0.08442    -3.32775
     19.245        -3.34478     0.06054    -0.08439    -3.32093
     19.395        -3.33795     0.06055    -0.08436    -3.31414
     19.545        -3.33121     0.06055    -0.08433    -3.30744
     19.695        -3.32451     0.06056    -0.08430    -3.30077
     19.845        -3.31787     0.06056    -0.08427    -3.29415
     19.995        -3.31127     0.06056    -0.08425    -3.28758
     20.145        -3.30472     0.06056    -0.08422    -3.28106
     20.295        -3.29821     0.06056    -0.08419    -3.27459
     20.445        -3.29178     0.06057    -0.08416    -3.26818
     20.595        -3.28535     0.06057    -0.08413    -3.26179
     20.745        -3.27900     0.06058    -0.08411    -3.25546
     20.895        -3.27272     0.06058    -0.08408    -3.24921
     21.045        -3.26648     0.06058    -0.08406    -3.24300
     21.195        -3.26030     0.06058    -0.08403    -3.23685
     21.345        -3.25415     0.06059    -0.08400    -3.23073
     21.495        -3.24805     0.06059    -0.08397    -3.22466
     21.645        -3.24199     0.06059    -0.08395    -3.21864
     21.795        -3.23598     0.06060    -0.08393    -3.21266
     21.945        -3.23002     0.06060    -0.08390    -3.20672
     22.095        -3.22411     0.06061    -0.08387    -3.20085
     22.245        -3.21822     0.06061    -0.08385    -3.19498
     22.395        -3.21239     0.06061    -0.08382    -3.18918
     22.545        -3.20659     0.06061    -0.08380    -3.18340
     22.695        -3.20084     0.06062    -0.08378    -3.17768
     22.845        -3.19510     0.06061    -0.08375    -3.17197
     22.995        -3.18943     0.06061    -0.08372    -3.16632
     23.145        -3.18379     0.06062    -0.08369    -3.16071
     23.295        -3.17818     0.06062    -0.08367    -3.15513
     23.445        -3.17262     0.06062    -0.08365    -3.14959
     23.595        -3.16708     0.06063    -0.08363    -3.14408
     23.745        -3.16158     0.06063    -0.08360    -3.13861
     23.895        -3.15610     0.06064    -0.08358    -3.13316
     24.045        -3.15068     0.06064    -0.08356    -3.12776
     24.195        -3.14529     0.06064    -0.08353    -3.12240
     24.345        -3.13995     0.06064    -0.08351    -3.11708
     24.495        -3.13462     0.06064    -0.08348    -3.11179
     24.645        -3.12932     0.06065    -0.08346    -3.10651
     24.795        -3.12408     0.06065    -0.08344    -3.10129
     24.945        -3.11889     0.06065    -0.08342    -3.09612
     25.095        -3.11372     0.06065    -0.08340    -3.09098
     25.245        -3.10858     0.06065    -0.08337    -3.08587
     25.395        -3.10347     0.06066    -0.08335    -3.08078
     25.545        -3.09839     0.06066    -0.08333    -3.07572
     25.695        -3.09333     0.06066    -0.08330    -3.07069
     25.845        -3.08832     0.06066    -0.08328    -3.06570
     25.995        -3.08333     0.06066    -0.08326    -3.06073
     26.145        -3.07839     0.06067    -0.08324    -3.05582
     26.295        -3.07344     0.06067    -0.08321    -3.05090
     26.445        -3.06854     0.06067    -0.08319    -3.04602
     26.595        -3.06368     0.06067    -0.08317    -3.04119
     26.745        -3.05884     0.06067    -0.08315    -3.03637
     26.895        -3.05402     0.06068    -0.08313    -3.03157
     27.045        -3.04922     0.06068    -0.08310    -3.02680
     27.195        -3.04448     0.06068    -0.08308    -3.02209
     27.345        -3.03976     0.06069    -0.08306    -3.01739
     27.495        -3.03505     0.06069    -0.08304    -3.01270
     27.645        -3.03039     0.06069    -0.08302    -3.00806
     27.795        -3.02575     0.06069    -0.08300    -3.00344
     27.945        -3.02116     0.06069    -0.08298    -2.99888
     28.095        -3.01658     0.06070    -0.08296    -2.99432
     28.245        -3.01203     0.06070    -0.08294    -2.98979
     28.395        -3.00750     0.06070    -0.08292    -2.98528
     28.545        -3.00299     0.06071    -0.08290    -2.98079
     28.695        -2.99850     0.06071    -0.08288    -2.97633
     28.845        -2.99404     0.06071    -0.08286    -2.97189
     28.995        -2.98959     0.06071    -0.08284    -2.96746
     29.145        -2.98519     0.06071    -0.08282    -2.96308
     29.295        -2.98083     0.06072    -0.08280    -2.95874
     29.445        -2.97647     0.06072    -0.08278    -2.95441
     29.595        -2.97214     0.06072    -0.08276    -2.95010
     29.745        -2.96783     0.06072    -0.08275    -2.94581
     29.895        -2.96354     0.06072    -0.08273    -2.94154
     30.045        -2.95928     0.06072    -0.08271    -2.93730
     30.195        -2.95504     0.06073    -0.08269    -2.93308
     30.345        -2.95081     0.06073    -0.08267    -2.92887
     30.495        -2.94663     0.06073    -0.08265    -2.92471
     30.645        -2.94244     0.06074    -0.08264    -2.92054
     30.795        -2.93831     0.06074    -0.08262    -2.91643
     30.945        -2.93419     0.06074    -0.08260    -2.91232
     31.095        -2.93007     0.06074    -0.08258    -2.90823
     31.245        -2.92600     0.06074    -0.08256    -2.90418
     31.395        -2.92193     0.06074    -0.08255    -2.90012
     31.545        -2.91787     0.06074    -0.08253    -2.89608
     31.695        -2.91384     0.06075    -0.08251    -2.89208
     31.845        -2.90984     0.06075    -0.08250    -2.88809
     31.995        -2.90587     0.06075    -0.08248    -2.88414
     32.145        -2.90191     0.06075    -0.08246    -2.88020
     32.295        -2.89797     0.06075    -0.08244    -2.87628
     32.445        -2.89406     0.06075    -0.08243    -2.87238
     32.595        -2.89016     0.06075    -0.08241    -2.86850
     32.745        -2.88626     0.06075    -0.08239    -2.86462
     32.895        -2.88239     0.06075    -0.08238    -2.86076
     33.045        -2.87855     0.06075    -0.08236    -2.85694
     33.195        -2.87473     0.06075    -0.08234    -2.85314
     33.345        -2.87092     0.06075    -0.08232    -2.84935
     33.495        -2.86714     0.06076    -0.08231    -2.84558
     33.645        -2.86336     0.06076    -0.08229    -2.84183
     33.795        -2.85961     0.06076    -0.08227    -2.83810
     33.945        -2.85586     0.06076    -0.08225    -2.83437
     34.095        -2.85215     0.06076    -0.08224    -2.83067
     34.245        -2.84844     0.06076    -0.08222    -2.82698
     34.395        -2.84476     0.06076    -0.08220    -2.82331
     34.545        -2.84109     0.06076    -0.08219    -2.81966
     34.695        -2.83743     0.06076    -0.08217    -2.81603
     34.845        -2.83380     0.06077    -0.08216    -2.81242
     34.995        -2.83020     0.06077    -0.08214    -2.80883
     35.145        -2.82661     0.06077    -0.08213    -2.80526
     35.295        -2.82304     0.06077    -0.08211    -2.80170
     35.445        -2.81946     0.06078    -0.08210    -2.79814
     35.595        -2.81591     0.06078    -0.08208    -2.79461
     35.745        -2.81238     0.06078    -0.08206    -2.79110
     35.895        -2.80888     0.06078    -0.08205    -2.78761
     36.045        -2.80537     0.06078    -0.08203    -2.78412
     36.195        -2.80187     0.06079    -0.08202    -2.78064
     36.345        -2.79839     0.06079    -0.08200    -2.77718
     36.495        -2.79491     0.06079    -0.08198    -2.77372
     36.645        -2.79147     0.06079    -0.08197    -2.77030
     36.795        -2.78803     0.06079    -0.08195    -2.76687
     36.945        -2.78461     0.06079    -0.08194    -2.76347
     37.095        -2.78122     0.06080    -0.08192    -2.76009
     37.245        -2.77783     0.06080    -0.08191    -2.75672
     37.395        -2.77446     0.06080    -0.08189    -2.75337
     37.545        -2.77113     0.06080    -0.08188    -2.75006
     37.695        -2.76779     0.06080    -0.08186    -2.74673
     37.845        -2.76448     0.06080    -0.08185    -2.74344
     37.995        -2.76118     0.06080    -0.08183    -2.74015
     38.145        -2.75785     0.06080    -0.08182    -2.73684
     38.295        -2.75457     0.06081    -0.08180    -2.73358
     38.445        -2.75131     0.06081    -0.08179    -2.73033
     38.595        -2.74806     0.06081    -0.08177    -2.72710
     38.745        -2.74483     0.06081    -0.08176    -2.72388
     38.895        -2.74161     0.06081    -0.08174    -2.72068
     39.045        -2.73841     0.06081    -0.08173    -2.71749
     39.195        -2.73523     0.06081    -0.08171    -2.71433
     39.345        -2.73206     0.06081    -0.08170    -2.71117
     39.495        -2.72889     0.06082    -0.08169    -2.70802
     39.645        -2.72572     0.06081    -0.08167    -2.70486
     39.795        -2.72259     0.06082    -0.08166    -2.70175
     39.945        -2.71945     0.06082    -0.08164    -2.69862
     40.095        -2.71634     0.06082    -0.08163    -2.69552
     40.245        -2.71322     0.06082    -0.08162    -2.69242
     40.395        -2.71011     0.06082    -0.08161    -2.68933
     40.545        -2.70701     0.06082    -0.08159    -2.68624
     40.695        -2.70395     0.06082    -0.08158    -2.68320
     40.845        -2.70089     0.06083    -0.08156    -2.68015
     40.995        -2.69786     0.06083    -0.08155    -2.67713
     41.145        -2.69481     0.06083    -0.08154    -2.67411
     41.295        -2.69178     0.06083    -0.08153    -2.67109
     41.445        -2.68876     0.06083    -0.08151    -2.66808
     41.595        -2.68577     0.06084    -0.08150    -2.66510
     41.745        -2.68279     0.06084    -0.08149    -2.66215
     41.895        -2.67983     0.06084    -0.08147    -2.65920
     42.045        -2.67688     0.06084    -0.08146    -2.65626
     42.195        -2.67393     0.06085    -0.08144    -2.65333
     42.345        -2.67099     0.06085    -0.08143    -2.65040
     42.495        -2.66806     0.06085    -0.08142    -2.64748
     42.645        -2.66515     0.06085    -0.08141    -2.64459
     42.795        -2.66225     0.06085    -0.08140    -2.64170
     42.945        -2.65937     0.06085    -0.08138    -2.63883
     43.095        -2.65648     0.06085    -0.08137    -2.63596
     43.245        -2.65360     0.06085    -0.08136    -2.63310
     43.395        -2.65074     0.06086    -0.08134    -2.63026
     43.545        -2.64789     0.06086    -0.08133    -2.62741
     43.695        -2.64504     0.06086    -0.08132    -2.62458
     43.845        -2.64222     0.06086    -0.08131    -2.62177
     43.995        -2.63941     0.06086    -0.08130    -2.61897
     44.145        -2.63659     0.06086    -0.08128    -2.61616
     44.295        -2.63380     0.06086    -0.08127    -2.61338
     44.445        -2.63102     0.06086    -0.08126    -2.61062
     44.595        -2.62825     0.06086    -0.08125    -2.60787
     44.745        -2.62549     0.06086    -0.08123    -2.60512
     44.895        -2.62274     0.06086    -0.08122    -2.60238
     45.045        -2.61998     0.06087    -0.08121    -2.59964
     45.195        -2.61725     0.06087    -0.08120    -2.59692
     45.345        -2.61451     0.06087    -0.08119    -2.59419
     45.495        -2.61178     0.06087    -0.08118    -2.59148
     45.645        -2.60907     0.06087    -0.08116    -2.58878
     45.795        -2.60637     0.06087    -0.08115    -2.58609
     45.945        -2.60368     0.06088    -0.08114    -2.58341
     46.095        -2.60101     0.06088    -0.08113    -2.58076
     46.245        -2.59835     0.06088    -0.08112    -2.57811
     46.395        -2.59570     0.06088    -0.08111    -2.57547
     46.545        -2.59305     0.06088    -0.08110    -2.57283
     46.695        -2.59042     0.06088    -0.08108    -2.57021
     46.845        -2.58778     0.06088    -0.08107    -2.56758
     46.995        -2.58519     0.06088    -0.08106    -2.56501
     47.145        -2.58257     0.06088    -0.08105    -2.56241
     47.295        -2.57998     0.06088    -0.08104    -2.55983
     47.445        -2.57738     0.06088    -0.08103    -2.55724
     47.595        -2.57479     0.06089    -0.08102    -2.55466
     47.745        -2.57221     0.06089    -0.08100    -2.55209
     47.895        -2.56965     0.06089    -0.08099    -2.54955
     48.045        -2.56709     0.06089    -0.08098    -2.54699
     48.195        -2.56454     0.06089    -0.08097    -2.54445
     48.345        -2.56201     0.06089    -0.08096    -2.54194
     48.495        -2.55948     0.06089    -0.08095    -2.53942
     48.645        -2.55696     0.06089    -0.08094    -2.53691
     48.795        -2.55444     0.06089    -0.08093    -2.53441
     48.945        -2.55195     0.06089    -0.08091    -2.53193
     49.095        -2.54944     0.06089    -0.08090    -2.52943
     49.245        -2.54694     0.06089    -0.08089    -2.52695
     49.395        -2.54448     0.06090    -0.08088    -2.52449
     49.545        -2.54201     0.06090    -0.08087    -2.52204
     49.695        -2.53954     0.06090    -0.08086    -2.51958
     49.845        -2.53708     0.06090    -0.08085    -2.51713
     49.995        -2.53463     0.06090    -0.08084    -2.51470
     50.145        -2.53219     0.06090    -0.08082    -2.51226
     50.295        -2.52974     0.06090    -0.08081    -2.50983
     50.445        -2.52732     0.06090    -0.08080    -2.50742
     50.595        -2.52491     0.06090    -0.08079    -2.50502
     50.745        -2.52249     0.06090    -0.08078    -2.50261
     50.895        -2.52007     0.06090    -0.08077    -2.50021
     51.045        -2.51767     0.06090    -0.08076    -2.49782
     51.195        -2.51529     0.06091    -0.08075    -2.49544
     51.345        -2.51291     0.06091    -0.08074    -2.49308
     51.495        -2.51054     0.06091    -0.08073    -2.49072
     51.645        -2.50818     0.06091    -0.08072    -2.48837
     51.795        -2.50581     0.06091    -0.08071    -2.48601
     51.945        -2.50347     0.06091    -0.08070    -2.48368
     52.095        -2.50113     0.06092    -0.08069    -2.48136
     52.245        -2.49881     0.06092    -0.08068    -2.47905
     52.395        -2.49649     0.06092    -0.08067    -2.47674
     52.545        -2.49419     0.06092    -0.08066    -2.47445
     52.695        -2.49187     0.06092    -0.08065    -2.47214
     52.845        -2.48956     0.06092    -0.08064    -2.46985
     52.995        -2.48727     0.06092    -0.08063    -2.46756
     53.145        -2.48498     0.06092    -0.08062    -2.46528
     53.295        -2.48270     0.06092    -0.08061    -2.46301
     53.445        -2.48042     0.06092    -0.08060    -2.46074
     53.595        -2.47815     0.06092    -0.08059    -2.45849
     53.745        -2.47588     0.06092    -0.08057    -2.45623
     53.895        -2.47363     0.06092    -0.08057    -2.45398
     54.045        -2.47137     0.06092    -0.08055    -2.45174
     54.195        -2.46912     0.06093    -0.08054    -2.44950
     54.345        -2.46687     0.06093    -0.08053    -2.44727
     54.495        -2.46465     0.06093    -0.08052    -2.44506
     54.645        -2.46243     0.06093    -0.08051    -2.44285
     54.795        -2.46022     0.06093    -0.08050    -2.44065
     54.945        -2.45801     0.06093    -0.08049    -2.43845
     55.095        -2.45581     0.06093    -0.08048    -2.43626
     59.433        -2.28401     0.06102    -0.07969    -2.26534
     80.646        -2.03486     0.06113    -0.07851    -2.01748
     111.21        -1.79473     0.06124    -0.07737    -1.77859
     153.36        -1.56380     0.06135    -0.07626    -1.54889
     211.49        -1.34235     0.06144    -0.07518    -1.32862
     291.64        -1.13009     0.06153    -0.07413    -1.11749
     402.18        -0.92695     0.06160    -0.07312    -0.91544
     554.60        -0.73256     0.06167    -0.07214    -0.72210
     764.80        -0.54676     0.06171    -0.07120    -0.53728
     1054.7        -0.36941     0.06176    -0.07029    -0.36088
     1454.4        -0.19990     0.06179    -0.06942    -0.19227
     2005.6        -0.03823     0.06182    -0.06859    -0.03146
     2765.8         0.11594     0.06183    -0.06779     0.12190
     3814.0         0.26312     0.06184    -0.06703     0.26832
     5259.5         0.40351     0.06183    -0.06630     0.40797
     7252.9         0.53744     0.06182    -0.06560     0.54122
     10002.         0.66515     0.06180    -0.06493     0.66829
     13793.         0.78694     0.06178    -0.06431     0.78947
     19020.         0.90311     0.06174    -0.06370     0.90506
     26229.         1.01391     0.06170    -0.06313     1.01534
     36170.         1.11950     0.06163    -0.06258     1.12045
     49878.         1.22001     0.06158    -0.06206     1.22050
     68782.         1.31568     0.06151    -0.06157     1.31574
     94851.         1.40675     0.06144    -0.06110     1.40640
    0.13080E+06     1.49344     0.06136    -0.06065     1.49273
    0.18038E+06     1.57571     0.06129    -0.06023     1.57465
    0.24874E+06     1.65404     0.06120    -0.05981     1.65265
    0.34301E+06     1.72855     0.06113    -0.05943     1.72686
    0.47302E+06     1.79930     0.06104    -0.05906     1.79732
    0.65229E+06     1.86638     0.06096    -0.05871     1.86413
    0.89952E+06     1.93021     0.06088    -0.05839     1.92772
    0.12404E+07     1.99082     0.06080    -0.05808     1.98809
    0.17106E+07     2.04827     0.06072    -0.05779     2.04534
    0.23589E+07     2.10281     0.06064    -0.05751     2.09968
    0.32529E+07     2.15461     0.06056    -0.05725     2.15130
    0.44858E+07     2.20380     0.06048    -0.05700     2.20032
    0.61860E+07     2.25042     0.06040    -0.05677     2.24679
    0.85305E+07     2.29466     0.06032    -0.05655     2.29089
    0.11764E+08     2.33667     0.06025    -0.05634     2.33276
    0.16222E+08     2.37657     0.06018    -0.05615     2.37254
    0.22370E+08     2.41435     0.06011    -0.05596     2.41021
    0.30849E+08     2.45029     0.06004    -0.05579     2.44604
    0.42541E+08     2.48422     0.05997    -0.05563     2.47988
    0.58664E+08     2.51613     0.05991    -0.05548     2.51170
    0.80898E+08     2.54614     0.05985    -0.05533     2.54162
    0.11156E+09     2.57440     0.05979    -0.05520     2.56981
    0.15384E+09     2.60109     0.05974    -0.05508     2.59643
    0.21215E+09     2.62630     0.05969    -0.05496     2.62157
    0.29255E+09     2.65001     0.05965    -0.05485     2.64522
    0.40343E+09     2.67238     0.05961    -0.05475     2.66753
    0.55633E+09     2.69356     0.05957    -0.05466     2.68864
    0.76719E+09     2.71338     0.05954    -0.05457     2.70841
    0.10580E+10     2.73117     0.05950    -0.05450     2.72617
    0.14589E+10     2.74742     0.05947    -0.05442     2.74237
    0.20119E+10     2.76234     0.05944    -0.05436     2.75726
    0.27744E+10     2.77608     0.05941    -0.05430     2.77096
    0.38259E+10     2.78873     0.05939    -0.05424     2.78358
    0.52760E+10     2.80042     0.05937    -0.05419     2.79524
    0.72756E+10     2.81120     0.05935    -0.05414     2.80600
    0.10033E+11     2.82117     0.05933    -0.05410     2.81593
    0.13836E+11     2.83035     0.05931    -0.05406     2.82510
    0.19079E+11     2.83885     0.05930    -0.05402     2.83357
    0.26311E+11     2.84667     0.05928    -0.05399     2.84138
    0.36283E+11     2.85391     0.05927    -0.05396     2.84860
    0.50034E+11     2.86058     0.05925    -0.05393     2.85525
    0.68997E+11     2.86674     0.05924    -0.05390     2.86140
    0.10000E+12     2.94038     0.05909    -0.05357     2.93486
