    -99.945         0.00000     0.00000     0.00000     0.00000
    -99.795         0.00000     0.00000     0.00000     0.00000
    -99.645         0.00000     0.00000     0.00000     0.00000
    -99.495         0.00000     0.00000     0.00000     0.00000
    -99.345         0.00000     0.00000     0.00000     0.00000
    -99.195         0.00000     0.00000     0.00000     0.00000
    -99.045         0.00000     0.00000     0.00000     0.00000
    -98.895         0.00000     0.00000     0.00000     0.00000
    -98.745         0.00000     0.00000     0.00000     0.00000
    -98.595         0.00000     0.00000     0.00000     0.00000
    -98.445         0.00000     0.00000     0.00000     0.00000
    -98.295         0.00000     0.00000     0.00000     0.00000
    -98.145         0.00000     0.00000     0.00000     0.00000
    -97.995         0.00000     0.00000     0.00000     0.00000
    -97.845         0.00000     0.00000     0.00000     0.00000
    -97.695         0.00000     0.00000     0.00000     0.00000
    -97.545         0.00000     0.00000     0.00000     0.00000
    -97.395         0.00000     0.00000     0.00000     0.00000
    -97.245         0.00000     0.00000     0.00000     0.00000
    -97.095         0.00000     0.00000     0.00000     0.00000
    -96.945         0.00000     0.00000     0.00000     0.00000
    -96.795         0.00000     0.00000     0.00000     0.00000
    -96.645         0.00000     0.00000     0.00000     0.00000
    -96.495         0.00000     0.00000     0.00000     0.00000
    -96.345         0.00000     0.00000     0.00000     0.00000
    -96.195         0.00000     0.00000     0.00000     0.00000
    -96.045         0.00000     0.00000     0.00000     0.00000
    -95.895         0.00000     0.00000     0.00000     0.00000
    -95.745         0.00000     0.00000     0.00000     0.00000
    -95.595         0.00000     0.00000     0.00000     0.00000
    -95.445         0.00000     0.00000     0.00000     0.00000
    -95.295         0.00000     0.00000     0.00000     0.00000
    -95.145         0.00000     0.00000     0.00000     0.00000
    -94.995         0.00000     0.00000     0.00000     0.00000
    -94.845         0.00000     0.00000     0.00000     0.00000
    -94.695         0.00000     0.00000     0.00000     0.00000
    -94.545         0.00000     0.00000     0.00000     0.00000
    -94.395         0.00000     0.00000     0.00000     0.00000
    -94.245         0.00000     0.00000     0.00000     0.00000
    -94.095         0.00000     0.00000     0.00000     0.00000
    -93.945         0.00000     0.00000     0.00000     0.00000
    -93.795         0.00000     0.00000     0.00000     0.00000
    -93.645         0.00000     0.00000     0.00000     0.00000
    -93.495         0.00000     0.00000     0.00000     0.00000
    -93.345         0.00000     0.00000     0.00000     0.00000
    -93.195         0.00000     0.00000     0.00000     0.00000
    -93.045         0.00000     0.00000     0.00000     0.00000
    -92.895         0.00000     0.00000     0.00000     0.00000
    -92.745         0.00000     0.00000     0.00000     0.00000
    -92.595         0.00000     0.00000     0.00000     0.00000
    -92.445         0.00000     0.00000     0.00000     0.00000
    -92.295         0.00000     0.00000     0.00000     0.00000
    -92.145         0.00000     0.00000     0.00000     0.00000
    -91.995         0.00000     0.00000     0.00000     0.00000
    -91.845         0.00000     0.00000     0.00000     0.00000
    -91.695         0.00000     0.00000     0.00000     0.00000
    -91.545         0.00000     0.00000     0.00000     0.00000
    -91.395         0.00000     0.00000     0.00000     0.00000
    -91.245         0.00000     0.00000     0.00000     0.00000
    -91.095         0.00000     0.00000     0.00000     0.00000
    -90.945         0.00000     0.00000     0.00000     0.00000
    -90.795         0.00000     0.00000     0.00000     0.00000
    -90.645         0.00000     0.00000     0.00000     0.00000
    -90.495         0.00000     0.00000     0.00000     0.00000
    -90.345         0.00000     0.00000     0.00000     0.00000
    -90.195         0.00000     0.00000     0.00000     0.00000
    -90.045         0.00000     0.00000     0.00000     0.00000
    -89.895         0.00000     0.00000     0.00000     0.00000
    -89.745         0.00000     0.00000     0.00000     0.00000
    -89.595         0.00000     0.00000     0.00000     0.00000
    -89.445         0.00000     0.00000     0.00000     0.00000
    -89.295         0.00000     0.00000     0.00000     0.00000
    -89.145         0.00000     0.00000     0.00000     0.00000
    -88.995         0.00000     0.00000     0.00000     0.00000
    -88.845         0.00000     0.00000     0.00000     0.00000
    -88.695         0.00000     0.00000     0.00000     0.00000
    -88.545         0.00000     0.00000     0.00000     0.00000
    -88.395         0.00000     0.00000     0.00000     0.00000
    -88.245         0.00000     0.00000     0.00000     0.00000
    -88.095         0.00000     0.00000     0.00000     0.00000
    -87.945         0.00000     0.00000     0.00000     0.00000
    -87.795         0.00000     0.00000     0.00000     0.00000
    -87.645         0.00000     0.00000     0.00000     0.00000
    -87.495         0.00000     0.00000     0.00000     0.00000
    -87.345         0.00000     0.00000     0.00000     0.00000
    -87.195         0.00000     0.00000     0.00000     0.00000
    -87.045         0.00000     0.00000     0.00000     0.00000
    -86.895         0.00000     0.00000     0.00000     0.00000
    -86.745         0.00000     0.00000     0.00000     0.00000
    -86.595         0.00000     0.00000     0.00000     0.00000
    -86.445         0.00000     0.00000     0.00000     0.00000
    -86.295         0.00000     0.00000     0.00000     0.00000
    -86.145         0.00000     0.00000     0.00000     0.00000
    -85.995         0.00000     0.00000     0.00000     0.00000
    -85.845         0.00000     0.00000     0.00000     0.00000
    -85.695         0.00000     0.00000     0.00000     0.00000
    -85.545         0.00000     0.00000     0.00000     0.00000
    -85.395         0.00000     0.00000     0.00000     0.00000
    -85.245         0.00000     0.00000     0.00000     0.00000
    -85.095         0.00000     0.00000     0.00000     0.00000
    -84.945         0.00000     0.00000     0.00000     0.00000
    -84.795         0.00000     0.00000     0.00000     0.00000
    -84.645         0.00000     0.00000     0.00000     0.00000
    -84.495         0.00000     0.00000     0.00000     0.00000
    -84.345         0.00000     0.00000     0.00000     0.00000
    -84.195         0.00000     0.00000     0.00000     0.00000
    -84.045         0.00000     0.00000     0.00000     0.00000
    -83.895         0.00000     0.00000     0.00000     0.00000
    -83.745         0.00000     0.00000     0.00000     0.00000
    -83.595         0.00000     0.00000     0.00000     0.00000
    -83.445         0.00000     0.00000     0.00000     0.00000
    -83.295         0.00000     0.00000     0.00000     0.00000
    -83.145         0.00000     0.00000     0.00000     0.00000
    -82.995         0.00000     0.00000     0.00000     0.00000
    -82.845         0.00000     0.00000     0.00000     0.00000
    -82.695         0.00000     0.00000     0.00000     0.00000
    -82.545         0.00000     0.00000     0.00000     0.00000
    -82.395         0.00000     0.00000     0.00000     0.00000
    -82.245         0.00000     0.00000     0.00000     0.00000
    -82.095         0.00000     0.00000     0.00000     0.00000
    -81.945         0.00000     0.00000     0.00000     0.00000
    -81.795         0.00000     0.00000     0.00000     0.00000
    -81.645         0.00000     0.00000     0.00000     0.00000
    -81.495         0.00000     0.00000     0.00000     0.00000
    -81.345         0.00000     0.00000     0.00000     0.00000
    -81.195         0.00000     0.00000     0.00000     0.00000
    -81.045         0.00000     0.00000     0.00000     0.00000
    -80.895         0.00000     0.00000     0.00000     0.00000
    -80.745         0.00000     0.00000     0.00000     0.00000
    -80.595         0.00000     0.00000     0.00000     0.00000
    -80.445         0.00000     0.00000     0.00000     0.00000
    -80.295         0.00000     0.00000     0.00000     0.00000
    -80.145         0.00000     0.00000     0.00000     0.00000
    -79.995         0.00000     0.00000     0.00000     0.00000
    -79.845         0.00000     0.00000     0.00000     0.00000
    -79.695         0.00000     0.00000     0.00000     0.00000
    -79.545         0.00000     0.00000     0.00000     0.00000
    -79.395         0.00000     0.00000     0.00000     0.00000
    -79.245         0.00000     0.00000     0.00000     0.00000
    -79.095         0.00000     0.00000     0.00000     0.00000
    -78.945         0.00000     0.00000     0.00000     0.00000
    -78.795         0.00000     0.00000     0.00000     0.00000
    -78.645         0.00000     0.00000     0.00000     0.00000
    -78.495         0.00000     0.00000     0.00000     0.00000
    -78.345         0.00000     0.00000     0.00000     0.00000
    -78.195         0.00000     0.00000     0.00000     0.00000
    -78.045         0.00000     0.00000     0.00000     0.00000
    -77.895         0.00000     0.00000     0.00000     0.00000
    -77.745         0.00000     0.00000     0.00000     0.00000
    -77.595         0.00000     0.00000     0.00000     0.00000
    -77.445         0.00000     0.00000     0.00000     0.00000
    -77.295         0.00000     0.00000     0.00000     0.00000
    -77.145         0.00000     0.00000     0.00000     0.00000
    -76.995         0.00000     0.00000     0.00000     0.00000
    -76.845         0.00000     0.00000     0.00000     0.00000
    -76.695         0.00000     0.00000     0.00000     0.00000
    -76.545         0.00000     0.00000     0.00000     0.00000
    -76.395         0.00000     0.00000     0.00000     0.00000
    -76.245         0.00000     0.00000     0.00000     0.00000
    -76.095         0.00000     0.00000     0.00000     0.00000
    -75.945         0.00000     0.00000     0.00000     0.00000
    -75.795         0.00000     0.00000     0.00000     0.00000
    -75.645         0.00000     0.00000     0.00000     0.00000
    -75.495         0.00000     0.00000     0.00000     0.00000
    -75.345         0.00000     0.00000     0.00000     0.00000
    -75.195         0.00000     0.00000     0.00000     0.00000
    -75.045         0.00000     0.00000     0.00000     0.00000
    -74.895         0.00000     0.00000     0.00000     0.00000
    -74.745         0.00000     0.00000     0.00000     0.00000
    -74.595         0.00000     0.00000     0.00000     0.00000
    -74.445         0.00000     0.00000     0.00000     0.00000
    -74.295         0.00000     0.00000     0.00000     0.00000
    -74.145         0.00000     0.00000     0.00000     0.00000
    -73.995         0.00000     0.00000     0.00000     0.00000
    -73.845         0.00000     0.00000     0.00000     0.00000
    -73.695         0.00000     0.00000     0.00000     0.00000
    -73.545         0.00000     0.00000     0.00000     0.00000
    -73.395         0.00000     0.00000     0.00000     0.00000
    -73.245         0.00000     0.00000     0.00000     0.00000
    -73.095         0.00000     0.00000     0.00000     0.00000
    -72.945         0.00000     0.00000     0.00000     0.00000
    -72.795         0.00000     0.00000     0.00000     0.00000
    -72.645         0.00000     0.00000     0.00000     0.00000
    -72.495         0.00000     0.00000     0.00000     0.00000
    -72.345         0.00000     0.00000     0.00000     0.00000
    -72.195         0.00000     0.00000     0.00000     0.00000
    -72.045         0.00000     0.00000     0.00000     0.00000
    -71.895         0.00000     0.00000     0.00000     0.00000
    -71.745         0.00000     0.00000     0.00000     0.00000
    -71.595         0.00000     0.00000     0.00000     0.00000
    -71.445         0.00000     0.00000     0.00000     0.00000
    -71.295         0.00000     0.00000     0.00000     0.00000
    -71.145         0.00000     0.00000     0.00000     0.00000
    -70.995         0.00000     0.00000     0.00000     0.00000
    -70.845         0.00000     0.00000     0.00000     0.00000
    -70.695         0.00000     0.00000     0.00000     0.00000
    -70.545         0.00000     0.00000     0.00000     0.00000
    -70.395         0.00000     0.00000     0.00000     0.00000
    -70.245         0.00000     0.00000     0.00000     0.00000
    -70.095         0.00000     0.00000     0.00000     0.00000
    -69.945         0.00000     0.00000     0.00000     0.00000
    -69.795         0.00000     0.00000     0.00000     0.00000
    -69.645         0.00000     0.00000     0.00000     0.00000
    -69.495         0.00000     0.00000     0.00000     0.00000
    -69.345         0.00000     0.00000     0.00000     0.00000
    -69.195         0.00000     0.00000     0.00000     0.00000
    -69.045         0.00000     0.00000     0.00000     0.00000
    -68.895         0.00000     0.00000     0.00000     0.00000
    -68.745         0.00000     0.00000     0.00000     0.00000
    -68.595         0.00000     0.00000     0.00000     0.00000
    -68.445         0.00000     0.00000     0.00000     0.00000
    -68.295         0.00000     0.00000     0.00000     0.00000
    -68.145         0.00000     0.00000     0.00000     0.00000
    -67.995         0.00000     0.00000     0.00000     0.00000
    -67.845         0.00000     0.00000     0.00000     0.00000
    -67.695         0.00000     0.00000     0.00000     0.00000
    -67.545         0.00000     0.00000     0.00000     0.00000
    -67.395         0.00000     0.00000     0.00000     0.00000
    -67.245         0.00000     0.00000     0.00000     0.00000
    -67.095         0.00000     0.00000     0.00000     0.00000
    -66.945         0.00000     0.00000     0.00000     0.00000
    -66.795         0.00000     0.00000     0.00000     0.00000
    -66.645         0.00000     0.00000     0.00000     0.00000
    -66.495         0.00000     0.00000     0.00000     0.00000
    -66.345         0.00000     0.00000     0.00000     0.00000
    -66.195         0.00000     0.00000     0.00000     0.00000
    -66.045         0.00000     0.00000     0.00000     0.00000
    -65.895         0.00000     0.00000     0.00000     0.00000
    -65.745         0.00000     0.00000     0.00000     0.00000
    -65.595         0.00000     0.00000     0.00000     0.00000
    -65.445         0.00000     0.00000     0.00000     0.00000
    -65.295         0.00000     0.00000     0.00000     0.00000
    -65.145         0.00000     0.00000     0.00000     0.00000
    -64.995         0.00000     0.00000     0.00000     0.00000
    -64.845         0.00000     0.00000     0.00000     0.00000
    -64.695         0.00000     0.00000     0.00000     0.00000
    -64.545         0.00000     0.00000     0.00000     0.00000
    -64.395         0.00000     0.00000     0.00000     0.00000
    -64.245         0.00000     0.00000     0.00000     0.00000
    -64.095         0.00000     0.00000     0.00000     0.00000
    -63.945         0.00000     0.00000     0.00000     0.00000
    -63.795         0.00000     0.00000     0.00000     0.00000
    -63.645         0.00000     0.00000     0.00000     0.00000
    -63.495         0.00000     0.00000     0.00000     0.00000
    -63.345         0.00000     0.00000     0.00000     0.00000
    -63.195         0.00000     0.00000     0.00000     0.00000
    -63.045         0.00000     0.00000     0.00000     0.00000
    -62.895         0.00000     0.00000     0.00000     0.00000
    -62.745         0.00000     0.00000     0.00000     0.00000
    -62.595         0.00000     0.00000     0.00000     0.00000
    -62.445         0.00000     0.00000     0.00000     0.00000
    -62.295         0.00000     0.00000     0.00000     0.00000
    -62.145         0.00000     0.00000     0.00000     0.00000
    -61.995         0.00000     0.00000     0.00000     0.00000
    -61.845         0.00000     0.00000     0.00000     0.00000
    -61.695         0.00000     0.00000     0.00000     0.00000
    -61.545         0.00000     0.00000     0.00000     0.00000
    -61.395         0.00000     0.00000     0.00000     0.00000
    -61.245         0.00000     0.00000     0.00000     0.00000
    -61.095         0.00000     0.00000     0.00000     0.00000
    -60.945         0.00000     0.00000     0.00000     0.00000
    -60.795         0.00000     0.00000     0.00000     0.00000
    -60.645         0.00000     0.00000     0.00000     0.00000
    -60.495         0.00000     0.00000     0.00000     0.00000
    -60.345         0.00000     0.00000     0.00000     0.00000
    -60.195         0.00000     0.00000     0.00000     0.00000
    -60.045         0.00000     0.00000     0.00000     0.00000
    -59.895         0.00000     0.00000     0.00000     0.00000
    -59.745         0.00000     0.00000     0.00000     0.00000
    -59.595         0.00000     0.00000     0.00000     0.00000
    -59.445         0.00000     0.00000     0.00000     0.00000
    -59.295         0.00000     0.00000     0.00000     0.00000
    -59.145         0.00000     0.00000     0.00000     0.00000
    -58.995         0.00000     0.00000     0.00000     0.00000
    -58.845         0.00000     0.00000     0.00000     0.00000
    -58.695         0.00000     0.00000     0.00000     0.00000
    -58.545         0.00000     0.00000     0.00000     0.00000
    -58.395         0.00000     0.00000     0.00000     0.00000
    -58.245         0.00000     0.00000     0.00000     0.00000
    -58.095         0.00000     0.00000     0.00000     0.00000
    -57.945         0.00000     0.00000     0.00000     0.00000
    -57.795         0.00000     0.00000     0.00000     0.00000
    -57.645         0.00000     0.00000     0.00000     0.00000
    -57.495         0.00000     0.00000     0.00000     0.00000
    -57.345         0.00000     0.00000     0.00000     0.00000
    -57.195         0.00000     0.00000     0.00000     0.00000
    -57.045         0.00000     0.00000     0.00000     0.00000
    -56.895         0.00000     0.00000     0.00000     0.00000
    -56.745         0.00000     0.00000     0.00000     0.00000
    -56.595         0.00000     0.00000     0.00000     0.00000
    -56.445         0.00000     0.00000     0.00000     0.00000
    -56.295         0.00000     0.00000     0.00000     0.00000
    -56.145         0.00000     0.00000     0.00000     0.00000
    -55.995         0.00000     0.00000     0.00000     0.00000
    -55.845         0.00000     0.00000     0.00000     0.00000
    -55.695         0.00000     0.00000     0.00000     0.00000
    -55.545         0.00000     0.00000     0.00000     0.00000
    -55.395         0.00000     0.00000     0.00000     0.00000
    -55.245         0.00000     0.00000     0.00000     0.00000
    -55.095         0.00000     0.00000     0.00000     0.00000
    -54.945         0.00000     0.00000     0.00000     0.00000
    -54.795         0.00000     0.00000     0.00000     0.00000
    -54.645         0.00000     0.00000     0.00000     0.00000
    -54.495         0.00000     0.00000     0.00000     0.00000
    -54.345         0.00000     0.00000     0.00000     0.00000
    -54.195         0.00000     0.00000     0.00000     0.00000
    -54.045         0.00000     0.00000     0.00000     0.00000
    -53.895         0.00000     0.00000     0.00000     0.00000
    -53.745         0.00000     0.00000     0.00000     0.00000
    -53.595         0.00000     0.00000     0.00000     0.00000
    -53.445         0.00000     0.00000     0.00000     0.00000
    -53.295         0.00000     0.00000     0.00000     0.00000
    -53.145         0.00000     0.00000     0.00000     0.00000
    -52.995         0.00000     0.00000     0.00000     0.00000
    -52.845         0.00000     0.00000     0.00000     0.00000
    -52.695         0.00000     0.00000     0.00000     0.00000
    -52.545         0.00000     0.00000     0.00000     0.00000
    -52.395         0.00000     0.00000     0.00000     0.00000
    -52.245         0.00000     0.00000     0.00000     0.00000
    -52.095         0.00000     0.00000     0.00000     0.00000
    -51.945         0.00000     0.00000     0.00000     0.00000
    -51.795         0.00000     0.00000     0.00000     0.00000
    -51.645         0.00000     0.00000     0.00000     0.00000
    -51.495         0.00000     0.00000     0.00000     0.00000
    -51.345         0.00000     0.00000     0.00000     0.00000
    -51.195         0.00000     0.00000     0.00000     0.00000
    -51.045         0.00000     0.00000     0.00000     0.00000
    -50.895         0.00000     0.00000     0.00000     0.00000
    -50.745         0.00000     0.00000     0.00000     0.00000
    -50.595         0.00000     0.00000     0.00000     0.00000
    -50.445         0.00000     0.00000     0.00000     0.00000
    -50.295         0.00000     0.00000     0.00000     0.00000
    -50.145         0.00000     0.00000     0.00000     0.00000
    -49.995         0.00000     0.00000     0.00000     0.00000
    -49.845         0.00000     0.00000     0.00000     0.00000
    -49.695         0.00000     0.00000     0.00000     0.00000
    -49.545         0.00000     0.00000     0.00000     0.00000
    -49.395         0.00000     0.00000     0.00000     0.00000
    -49.245         0.00000     0.00000     0.00000     0.00000
    -49.095         0.00000     0.00000     0.00000     0.00000
    -48.945         0.00000     0.00000     0.00000     0.00000
    -48.795         0.00000     0.00000     0.00000     0.00000
    -48.645         0.00000     0.00000     0.00000     0.00000
    -48.495         0.00000     0.00000     0.00000     0.00000
    -48.345         0.00000     0.00000     0.00000     0.00000
    -48.195         0.00000     0.00000     0.00000     0.00000
    -48.045         0.00000     0.00000     0.00000     0.00000
    -47.895         0.00000     0.00000     0.00000     0.00000
    -47.745         0.00000     0.00000     0.00000     0.00000
    -47.595         0.00000     0.00000     0.00000     0.00000
    -47.445         0.00000     0.00000     0.00000     0.00000
    -47.295         0.00000     0.00000     0.00000     0.00000
    -47.145         0.00000     0.00000     0.00000     0.00000
    -46.995         0.00000     0.00000     0.00000     0.00000
    -46.845         0.00000     0.00000     0.00000     0.00000
    -46.695         0.00000     0.00000     0.00000     0.00000
    -46.545         0.00000     0.00000     0.00000     0.00000
    -46.395         0.00000     0.00000     0.00000     0.00000
    -46.245         0.00000     0.00000     0.00000     0.00000
    -46.095         0.00000     0.00000     0.00000     0.00000
    -45.945         0.00000     0.00000     0.00000     0.00000
    -45.795         0.00000     0.00000     0.00000     0.00000
    -45.645         0.00000     0.00000     0.00000     0.00000
    -45.495         0.00000     0.00000     0.00000     0.00000
    -45.345         0.00000     0.00000     0.00000     0.00000
    -45.195         0.00000     0.00000     0.00000     0.00000
    -45.045         0.00000     0.00000     0.00000     0.00000
    -44.895         0.00000     0.00000     0.00000     0.00000
    -44.745         0.00000     0.00000     0.00000     0.00000
    -44.595         0.00000     0.00000     0.00000     0.00000
    -44.445         0.00000     0.00000     0.00000     0.00000
    -44.295         0.00000     0.00000     0.00000     0.00000
    -44.145         0.00000     0.00000     0.00000     0.00000
    -43.995         0.00000     0.00000     0.00000     0.00000
    -43.845         0.00000     0.00000     0.00000     0.00000
    -43.695         0.00000     0.00000     0.00000     0.00000
    -43.545         0.00000     0.00000     0.00000     0.00000
    -43.395         0.00000     0.00000     0.00000     0.00000
    -43.245         0.00000     0.00000     0.00000     0.00000
    -43.095         0.00000     0.00000     0.00000     0.00000
    -42.945         0.00000     0.00000     0.00000     0.00000
    -42.795         0.00000     0.00000     0.00000     0.00000
    -42.645         0.00000     0.00000     0.00000     0.00000
    -42.495         0.00000     0.00000     0.00000     0.00000
    -42.345         0.00000     0.00000     0.00000     0.00000
    -42.195         0.00000     0.00000     0.00000     0.00000
    -42.045         0.00000     0.00000     0.00000     0.00000
    -41.895         0.00000     0.00000     0.00000     0.00000
    -41.745         0.00000     0.00000     0.00000     0.00000
    -41.595         0.00000     0.00000     0.00000     0.00000
    -41.445         0.00000     0.00000     0.00000     0.00000
    -41.295         0.00000     0.00000     0.00000     0.00000
    -41.145         0.00000     0.00000     0.00000     0.00000
    -40.995         0.00000     0.00000     0.00000     0.00000
    -40.845         0.00000     0.00000     0.00000     0.00000
    -40.695         0.00000     0.00000     0.00000     0.00000
    -40.545         0.00000     0.00000     0.00000     0.00000
    -40.395         0.00000     0.00000     0.00000     0.00000
    -40.245         0.00000     0.00000     0.00000     0.00000
    -40.095         0.00000     0.00000     0.00000     0.00000
    -39.945         0.00000     0.00000     0.00000     0.00000
    -39.795         0.00000     0.00000     0.00000     0.00000
    -39.645         0.00000     0.00000     0.00000     0.00000
    -39.495         0.00000     0.00000     0.00000     0.00000
    -39.345         0.00000     0.00000     0.00000     0.00000
    -39.195         0.00000     0.00000     0.00000     0.00000
    -39.045         0.00000     0.00000     0.00000     0.00000
    -38.895         0.00000     0.00000     0.00000     0.00000
    -38.745         0.00000     0.00000     0.00000     0.00000
    -38.595         0.00000     0.00000     0.00000     0.00000
    -38.445         0.00000     0.00000     0.00000     0.00000
    -38.295         0.00000     0.00000     0.00000     0.00000
    -38.145         0.00000     0.00000     0.00000     0.00000
    -37.995         0.00000     0.00000     0.00000     0.00000
    -37.845         0.00000     0.00000     0.00000     0.00000
    -37.695         0.00000     0.00000     0.00000     0.00000
    -37.545         0.00000     0.00000     0.00000     0.00000
    -37.395         0.00000     0.00000     0.00000     0.00000
    -37.245         0.00000     0.00000     0.00000     0.00000
    -37.095         0.00000     0.00000     0.00000     0.00000
    -36.945         0.00000     0.00000     0.00000     0.00000
    -36.795         0.00000     0.00000     0.00000     0.00000
    -36.645         0.00000     0.00000     0.00000     0.00000
    -36.495         0.00000     0.00000     0.00000     0.00000
    -36.345         0.00000     0.00000     0.00000     0.00000
    -36.195         0.00000     0.00000     0.00000     0.00000
    -36.045         0.00000     0.00000     0.00000     0.00000
    -35.895         0.00000     0.00000     0.00000     0.00000
    -35.745         0.00000     0.00000     0.00000     0.00000
    -35.595         0.00000     0.00000     0.00000     0.00000
    -35.445         0.00000     0.00000     0.00000     0.00000
    -35.295         0.00000     0.00000     0.00000     0.00000
    -35.145         0.00000     0.00000     0.00000     0.00000
    -34.995         0.00000     0.00000     0.00000     0.00000
    -34.845         0.00000     0.00000     0.00000     0.00000
    -34.695         0.00000     0.00000     0.00000     0.00000
    -34.545         0.00000     0.00000     0.00000     0.00000
    -34.395         0.00000     0.00000     0.00000     0.00000
    -34.245         0.00000     0.00000     0.00000     0.00000
    -34.095         0.00000     0.00000     0.00000     0.00000
    -33.945         0.00000     0.00000     0.00000     0.00000
    -33.795         0.00000     0.00000     0.00000     0.00000
    -33.645         0.00000     0.00000     0.00000     0.00000
    -33.495         0.00000     0.00000     0.00000     0.00000
    -33.345         0.00000     0.00000     0.00000     0.00000
    -33.195         0.00000     0.00000     0.00000     0.00000
    -33.045         0.00000     0.00000     0.00000     0.00000
    -32.895         0.00000     0.00000     0.00000     0.00000
    -32.745         0.00000     0.00000     0.00000     0.00000
    -32.595         0.00000     0.00000     0.00000     0.00000
    -32.445         0.00000     0.00000     0.00000     0.00000
    -32.295         0.00000     0.00000     0.00000     0.00000
    -32.145         0.00000     0.00000     0.00000     0.00000
    -31.995         0.00000     0.00000     0.00000     0.00000
    -31.845         0.00000     0.00000     0.00000     0.00000
    -31.695         0.00000     0.00000     0.00000     0.00000
    -31.545         0.00000     0.00000     0.00000     0.00000
    -31.395         0.00000     0.00000     0.00000     0.00000
    -31.245         0.00000     0.00000     0.00000     0.00000
    -31.095         0.00000     0.00000     0.00000     0.00000
    -30.945         0.00000     0.00000     0.00000     0.00000
    -30.795         0.00000     0.00000     0.00000     0.00000
    -30.645         0.00000     0.00000     0.00000     0.00000
    -30.495         0.00000     0.00000     0.00000     0.00000
    -30.345         0.00000     0.00000     0.00000     0.00000
    -30.195         0.00000     0.00000     0.00000     0.00000
    -30.045         0.00000     0.00000     0.00000     0.00000
    -29.895         0.00000     0.00000     0.00000     0.00000
    -29.745         0.00000     0.00000     0.00000     0.00000
    -29.595         0.00000     0.00000     0.00000     0.00000
    -29.445         0.00000     0.00000     0.00000     0.00000
    -29.295         0.00000     0.00000     0.00000     0.00000
    -29.145         0.00000     0.00000     0.00000     0.00000
    -28.995         0.00000     0.00000     0.00000     0.00000
    -28.845         0.00000     0.00000     0.00000     0.00000
    -28.695         0.00000     0.00000     0.00000     0.00000
    -28.545         0.00000     0.00000     0.00000     0.00000
    -28.395         0.00000     0.00000     0.00000     0.00000
    -28.245         0.00000     0.00000     0.00000     0.00000
    -28.095         0.00000     0.00000     0.00000     0.00000
    -27.945         0.00000     0.00000     0.00000     0.00000
    -27.795         0.00000     0.00000     0.00000     0.00000
    -27.645         0.00000     0.00000     0.00000     0.00000
    -27.495         0.00000     0.00000     0.00000     0.00000
    -27.345         0.00000     0.00000     0.00000     0.00000
    -27.195         0.00000     0.00000     0.00000     0.00000
    -27.045         0.00000     0.00000     0.00000     0.00000
    -26.895         0.00000     0.00000     0.00000     0.00000
    -26.745         0.00000     0.00000     0.00000     0.00000
    -26.595         0.00000     0.00000     0.00000     0.00000
    -26.445         0.00000     0.00000     0.00000     0.00000
    -26.295         0.00000     0.00000     0.00000     0.00000
    -26.145         0.00000     0.00000     0.00000     0.00000
    -25.995         0.00000     0.00000     0.00000     0.00000
    -25.845         0.00000     0.00000     0.00000     0.00000
    -25.695         0.00000     0.00000     0.00000     0.00000
    -25.545         0.00000     0.00000     0.00000     0.00000
    -25.395         0.00000     0.00000     0.00000     0.00000
    -25.245         0.00000     0.00000     0.00000     0.00000
    -25.095         0.00000     0.00000     0.00000     0.00000
    -24.945         0.00000     0.00000     0.00000     0.00000
    -24.795         0.00000     0.00000     0.00000     0.00000
    -24.645         0.00000     0.00000     0.00000     0.00000
    -24.495         0.00000     0.00000     0.00000     0.00000
    -24.345         0.00000     0.00000     0.00000     0.00000
    -24.195         0.00000     0.00000     0.00000     0.00000
    -24.045         0.00000     0.00000     0.00000     0.00000
    -23.895         0.00000     0.00000     0.00000     0.00000
    -23.745         0.00000     0.00000     0.00000     0.00000
    -23.595         0.00000     0.00000     0.00000     0.00000
    -23.445         0.00000     0.00000     0.00000     0.00000
    -23.295         0.00000     0.00000     0.00000     0.00000
    -23.145         0.00000     0.00000     0.00000     0.00000
    -22.995         0.00000     0.00000     0.00000     0.00000
    -22.845         0.00000     0.00000     0.00000     0.00000
    -22.695         0.00000     0.00000     0.00000     0.00000
    -22.545         0.00000     0.00000     0.00000     0.00000
    -22.395         0.00000     0.00000     0.00000     0.00000
    -22.245         0.00000     0.00000     0.00000     0.00000
    -22.095         0.00000     0.00000     0.00000     0.00000
    -21.945         0.00000     0.00000     0.00000     0.00000
    -21.795         0.00000     0.00000     0.00000     0.00000
    -21.645         0.00000     0.00000     0.00000     0.00000
    -21.495         0.00000     0.00000     0.00000     0.00000
    -21.345         0.00000     0.00000     0.00000     0.00000
    -21.195         0.00000     0.00000     0.00000     0.00000
    -21.045         0.00000     0.00000     0.00000     0.00000
    -20.895         0.00000     0.00000     0.00000     0.00000
    -20.745         0.00000     0.00000     0.00000     0.00000
    -20.595         0.00000     0.00000     0.00000     0.00000
    -20.445         0.00000     0.00000     0.00000     0.00000
    -20.295         0.00000     0.00000     0.00000     0.00000
    -20.145         0.00000     0.00000     0.00000     0.00000
    -19.995         0.00000     0.00000     0.00000     0.00000
    -19.845         0.00000     0.00000     0.00000     0.00000
    -19.695         0.00000     0.00000     0.00000     0.00000
    -19.545         0.00000     0.00000     0.00000     0.00000
    -19.395         0.00000     0.00000     0.00000     0.00000
    -19.245         0.00000     0.00000     0.00000     0.00000
    -19.095         0.00000     0.00000     0.00000     0.00000
    -18.945         0.00000     0.00000     0.00000     0.00000
    -18.795         0.00000     0.00000     0.00000     0.00000
    -18.645         0.00000     0.00000     0.00000     0.00000
    -18.495         0.00000     0.00000     0.00000     0.00000
    -18.345         0.00000     0.00000     0.00000     0.00000
    -18.195         0.00000     0.00000     0.00000     0.00000
    -18.045         0.00000     0.00000     0.00000     0.00000
    -17.895         0.00000     0.00000     0.00000     0.00000
    -17.745         0.00000     0.00000     0.00000     0.00000
    -17.595         0.00000     0.00000     0.00000     0.00000
    -17.445         0.00000     0.00000     0.00000     0.00000
    -17.295         0.00000     0.00000     0.00000     0.00000
    -17.145         0.00000     0.00000     0.00000     0.00000
    -16.995         0.00000     0.00000     0.00000     0.00000
    -16.845         0.00000     0.00000     0.00000     0.00000
    -16.695         0.00000     0.00000     0.00000     0.00000
    -16.545         0.00000     0.00000     0.00000     0.00000
    -16.395         0.00000     0.00000     0.00000     0.00000
    -16.245         0.00000     0.00000     0.00000     0.00000
    -16.095         0.00000     0.00000     0.00000     0.00000
    -15.945         0.00000     0.00000     0.00000     0.00000
    -15.795         0.00000     0.00000     0.00000     0.00000
    -15.645         0.00000     0.00000     0.00000     0.00000
    -15.495         0.00000     0.00000     0.00000     0.00000
    -15.345         0.00000     0.00000     0.00000     0.00000
    -15.195         0.00000     0.00000     0.00000     0.00000
    -15.045         0.00000     0.00000     0.00000     0.00000
    -14.895         0.00000     0.00000     0.00000     0.00000
    -14.745         0.00000     0.00000     0.00000     0.00000
    -14.595         0.00000     0.00000     0.00000     0.00000
    -14.445         0.00000     0.00000     0.00000     0.00000
    -14.295         0.00000     0.00000     0.00000     0.00000
    -14.145         0.00000     0.00000     0.00000     0.00000
    -13.995         0.00000     0.00000     0.00000     0.00000
    -13.845         0.00000     0.00000     0.00000     0.00000
    -13.695         0.00000     0.00000     0.00000     0.00000
    -13.545         0.00000     0.00000     0.00000     0.00000
    -13.395         0.00000     0.00000     0.00000     0.00000
    -13.245         0.00000     0.00000     0.00000     0.00000
    -13.095         0.00000     0.00000     0.00000     0.00000
    -12.945         0.00000     0.00000     0.00000     0.00000
    -12.795         0.00000     0.00000     0.00000     0.00000
    -12.645         0.00000     0.00000     0.00000     0.00000
    -12.495         0.00000     0.00000     0.00000     0.00000
    -12.345         0.00000     0.00000     0.00000     0.00000
    -12.195         0.00000     0.00000     0.00000     0.00000
    -12.045         0.00000     0.00000     0.00000     0.00000
    -11.895         0.00000     0.00000     0.00000     0.00000
    -11.745         0.00000     0.00000     0.00000     0.00000
    -11.595         0.00000     0.00000     0.00000     0.00000
    -11.445         0.00000     0.00000     0.00000     0.00000
    -11.295         0.00000     0.00000     0.00000     0.00000
    -11.145         0.00000     0.00000     0.00000     0.00000
    -10.995         0.00000     0.00000     0.00000     0.00000
    -10.845         0.00000     0.00000     0.00000     0.00000
    -10.695         0.00000     0.00000     0.00000     0.00000
    -10.545         0.00000     0.00000     0.00000     0.00000
    -10.395         0.00000     0.00000     0.00000     0.00000
    -10.245         0.00000     0.00000     0.00000     0.00000
    -10.095         0.00000     0.00000     0.00000     0.00000
    -9.9450         0.00000     0.00000     0.00000     0.00000
    -9.7950         0.00000     0.00000     0.00000     0.00000
    -9.6450         0.00000     0.00000     0.00000     0.00000
    -9.4950         0.00000     0.00000     0.00000     0.00000
    -9.3450         0.00000     0.00000     0.00000     0.00000
    -9.1950         0.00000     0.00000     0.00000     0.00000
    -9.0450         0.00000     0.00000     0.00000     0.00000
    -8.8950         0.00000     0.00000     0.00000     0.00000
    -8.7450         0.00000     0.00000     0.00000     0.00000
    -8.5950         0.00000     0.00000     0.00000     0.00000
    -8.4450         0.00000     0.00000     0.00000     0.00000
    -8.2950         0.00000     0.00000     0.00000     0.00000
    -8.1450         0.00000     0.00000     0.00000     0.00000
    -7.9950         0.00000     0.00000     0.00000     0.00000
    -7.8450         0.00000     0.00000     0.00000     0.00000
    -7.6950         0.00000     0.00000     0.00000     0.00000
    -7.5450         0.00000     0.00000     0.00000     0.00000
    -7.3950         0.00000     0.00000     0.00000     0.00000
    -7.2450         0.00000     0.00000     0.00000     0.00000
    -7.0950         0.00000     0.00000     0.00000     0.00000
    -6.9450         0.00000     0.00000     0.00000     0.00000
    -6.7950         0.00000     0.00000     0.00000     0.00000
    -6.6450         0.00000     0.00000     0.00000     0.00000
    -6.4950         0.00000     0.00000     0.00000     0.00000
    -6.3450         0.00000     0.00000     0.00000     0.00000
    -6.1950         0.00000     0.00000     0.00000     0.00000
    -6.0450         0.00000     0.00000     0.00000     0.00000
    -5.8950         0.00000     0.00000     0.00000     0.00000
    -5.7450         0.00000     0.00000     0.00000     0.00000
    -5.5950         0.00000     0.00000     0.00000     0.00000
    -5.4450         0.00000     0.00000     0.00000     0.00000
    -5.2950         0.00000     0.00000     0.00000     0.00000
    -5.1450         0.00000     0.00000     0.00000     0.00000
    -4.9950         0.00000     0.00000     0.00000     0.00000
    -4.8450         0.00000     0.00000     0.00000     0.00000
    -4.6950         0.00000     0.00000     0.00000     0.00000
    -4.5450         0.00000     0.00000     0.00000     0.00000
    -4.3950         0.00000     0.00000     0.00000     0.00000
    -4.2450         0.00000     0.00000     0.00000     0.00000
    -4.0950         0.00000     0.00000     0.00000     0.00000
    -3.9450         0.00000     0.00000     0.00000     0.00000
    -3.7950         0.00000     0.00000     0.00000     0.00000
    -3.6450         0.00000     0.00000     0.00000     0.00000
    -3.4950         0.00000     0.00000     0.00000     0.00000
    -3.3450         0.00000     0.00000     0.00000     0.00000
    -3.1950         0.00000     0.00000     0.00000     0.00000
    -3.0450         0.00000     0.00000     0.00000     0.00000
    -2.8950         0.00000     0.00000     0.00000     0.00000
    -2.7450         0.00000     0.00000     0.00000     0.00000
    -2.5950         0.00000     0.00000     0.00000     0.00000
    -2.4450         0.00000     0.00000     0.00000     0.00000
    -2.2950         0.00000     0.00000     0.00000     0.00000
    -2.1450         0.00000     0.00000     0.00000     0.00000
    -1.9950         0.00000     0.00000     0.00000     0.00000
    -1.8450        -0.00000    -0.00000     0.00000     0.00000
    -1.6950        -0.00000    -0.00000     0.00000     0.00000
    -1.5450        -0.00000    -0.00000     0.00000     0.00000
    -1.3950        -0.00001    -0.00001     0.00000     0.00000
    -1.2450        -0.00002    -0.00002     0.00000     0.00000
    -1.0950        -0.00029    -0.00006     0.00000    -0.00023
   -0.94500        -0.00298    -0.00016     0.00000    -0.00282
   -0.79500        -0.02269    -0.00034     0.00000    -0.02235
   -0.64500        -0.19549    -0.00114     0.00006    -0.19442
   -0.49500        -1.24062    -0.00274     0.00143    -1.23930
   -0.34500        -3.72125    -0.00586     0.00203    -3.71741
   -0.22700        -4.40906    -0.00752     0.00148    -4.40302
   -0.21300        -4.48325    -0.00775     0.00171    -4.47721
   -0.20700        -4.55435    -0.00798     0.00173    -4.54810
   -0.20100        -4.62688    -0.00823     0.00177    -4.62042
   -0.19500        -4.69708    -0.00848     0.00271    -4.69132
   -0.18900        -4.76800    -0.00873     0.00242    -4.76169
   -0.18300        -4.83604    -0.00899     0.00260    -4.82965
   -0.17700        -4.90439    -0.00927     0.00223    -4.89734
   -0.17100        -4.97367    -0.00955     0.00171    -4.96582
   -0.16500        -5.04212    -0.00985     0.00154    -5.03381
   -0.15900        -5.11034    -0.01016     0.00120    -5.10138
   -0.15300        -5.17815    -0.01048     0.00106    -5.16873
   -0.14700        -5.24629    -0.01082     0.00064    -5.23611
   -0.14100        -5.31441    -0.01117     0.00045    -5.30368
   -0.13500        -5.38313    -0.01155     0.00003    -5.37162
   -0.12900        -5.45107    -0.01194     0.00006    -5.43919
   -0.12300        -5.52074    -0.01235    -0.00025    -5.50814
   -0.11700        -5.59066    -0.01278    -0.00060    -5.57728
   -0.11100        -5.66198    -0.01323    -0.00108    -5.64766
   -0.10500        -5.73437    -0.01371    -0.00173    -5.71893
   -0.99000E-01    -5.80790    -0.01422    -0.00214    -5.79154
   -0.93000E-01    -5.88335    -0.01477    -0.00267    -5.86591
   -0.87000E-01    -5.96091    -0.01535    -0.00318    -5.94238
   -0.81000E-01    -6.04175    -0.01600    -0.00387    -6.02189
   -0.75000E-01    -6.12654    -0.01669    -0.00464    -6.10522
   -0.69000E-01    -6.21559    -0.01744    -0.00559    -6.19256
   -0.63000E-01    -6.31041    -0.01827    -0.00654    -6.28560
   -0.57000E-01    -6.41230    -0.01921    -0.00751    -6.38558
   -0.51000E-01    -6.52443    -0.02029    -0.00881    -6.49533
   -0.45000E-01    -6.64935    -0.02152    -0.01035    -6.61748
   -0.39000E-01    -6.78864    -0.02300    -0.01218    -6.75345
   -0.33000E-01    -6.94465    -0.02482    -0.01452    -6.90531
   -0.27000E-01    -7.11729    -0.02717    -0.01765    -7.07246
   -0.21300E-01    -7.24640    -0.02930    -0.02053    -7.19658
   -0.19500E-01    -7.26621    -0.02968    -0.02105    -7.21548
   -0.18900E-01    -7.28633    -0.03006    -0.02158    -7.23469
   -0.18300E-01    -7.30678    -0.03045    -0.02213    -7.25420
   -0.17700E-01    -7.32751    -0.03087    -0.02272    -7.27392
   -0.17100E-01    -7.34847    -0.03131    -0.02334    -7.29381
   -0.16500E-01    -7.37000    -0.03177    -0.02398    -7.31425
   -0.15900E-01    -7.39188    -0.03224    -0.02466    -7.33497
   -0.15300E-01    -7.41404    -0.03273    -0.02539    -7.35592
   -0.14700E-01    -7.43648    -0.03326    -0.02615    -7.37707
   -0.14100E-01    -7.45959    -0.03383    -0.02696    -7.39880
   -0.13500E-01    -7.48320    -0.03442    -0.02783    -7.42095
   -0.12900E-01    -7.50725    -0.03505    -0.02878    -7.44342
   -0.12300E-01    -7.53198    -0.03569    -0.02979    -7.46650
   -0.11700E-01    -7.55734    -0.03637    -0.03092    -7.49004
   -0.11100E-01    -7.58343    -0.03712    -0.03214    -7.51417
   -0.10500E-01    -7.61015    -0.03788    -0.03346    -7.53880
   -0.99000E-02    -7.63761    -0.03872    -0.03488    -7.56400
   -0.93000E-02    -7.66599    -0.03961    -0.03646    -7.58992
   -0.87000E-02    -7.69552    -0.04056    -0.03826    -7.61670
   -0.81000E-02    -7.72597    -0.04158    -0.04021    -7.64418
   -0.75000E-02    -7.75759    -0.04267    -0.04251    -7.67242
   -0.69000E-02    -7.79032    -0.04385    -0.04509    -7.70139
   -0.63000E-02    -7.82441    -0.04510    -0.04812    -7.73119
   -0.57000E-02    -7.85991    -0.04642    -0.05167    -7.76181
   -0.51000E-02    -7.89701    -0.04790    -0.05593    -7.79318
   -0.45000E-02    -7.93588    -0.04948    -0.06116    -7.82524
   -0.39000E-02    -7.97658    -0.05118    -0.06783    -7.85757
   -0.33000E-02    -8.02010    -0.05305    -0.07690    -7.89016
   -0.27000E-02    -8.06846    -0.05507    -0.09069    -7.92269
   -0.21000E-02    -8.12691    -0.05721    -0.11431    -7.95539
   -0.15000E-02    -8.19978    -0.05939    -0.14953    -7.99087
   -0.90000E-03    -8.27205    -0.06141    -0.16626    -8.04438
   -0.30000E-03    -9.73041    -0.06260    -0.16869    -9.49911
    0.30000E-03    -8.27428    -0.06015    -0.16752    -8.04661
    0.90000E-03    -8.21668    -0.04368    -0.16550    -8.00750
    0.15000E-02    -8.16919    -0.00914    -0.16332    -7.99673
    0.21000E-02    -8.14031     0.01452    -0.16118    -7.99366
    0.27000E-02    -8.12344     0.02850    -0.15917    -7.99277
    0.33000E-02    -8.11224     0.03761    -0.15732    -7.99253
    0.39000E-02    -8.10379     0.04429    -0.15562    -7.99246
    0.45000E-02    -8.09697     0.04953    -0.15407    -7.99244
    0.51000E-02    -8.09127     0.05379    -0.15264    -7.99242
    0.57000E-02    -8.08641     0.05733    -0.15133    -7.99241
    0.63000E-02    -8.08214     0.06038    -0.15011    -7.99240
    0.69000E-02    -8.07839     0.06301    -0.14900    -7.99239
    0.75000E-02    -8.07502     0.06532    -0.14796    -7.99238
    0.81000E-02    -8.07200     0.06737    -0.14700    -7.99237
    0.87000E-02    -8.06926     0.06923    -0.14614    -7.99236
    0.93000E-02    -8.06676     0.07088    -0.14529    -7.99234
    0.99000E-02    -8.06453     0.07237    -0.14457    -7.99233
    0.10500E-01    -8.06244     0.07374    -0.14388    -7.99231
    0.11100E-01    -8.06047     0.07501    -0.14319    -7.99229
    0.11700E-01    -8.05862     0.07618    -0.14254    -7.99227
    0.12300E-01    -8.05694     0.07725    -0.14194    -7.99225
    0.12900E-01    -8.05541     0.07821    -0.14139    -7.99223
    0.13500E-01    -8.05393     0.07914    -0.14085    -7.99222
    0.14100E-01    -8.05257     0.07999    -0.14036    -7.99220
    0.14700E-01    -8.05126     0.08079    -0.13988    -7.99217
    0.15300E-01    -8.05002     0.08154    -0.13942    -7.99215
    0.15900E-01    -8.04890     0.08221    -0.13900    -7.99212
    0.16500E-01    -8.04782     0.08288    -0.13860    -7.99209
    0.17100E-01    -8.04679     0.08350    -0.13823    -7.99207
    0.17700E-01    -8.04582     0.08407    -0.13784    -7.99204
    0.18300E-01    -8.04490     0.08461    -0.13749    -7.99202
    0.18900E-01    -8.04400     0.08513    -0.13714    -7.99199
    0.19500E-01    -8.04318     0.08562    -0.13684    -7.99196
    0.21300E-01    -8.03842     0.08836    -0.13507    -7.99171
    0.27000E-01    -8.03344     0.09121    -0.13331    -7.99133
    0.33000E-01    -8.03002     0.09301    -0.13221    -7.99082
    0.39000E-01    -8.02745     0.09429    -0.13150    -7.99024
    0.45000E-01    -8.02536     0.09521    -0.13098    -7.98959
    0.51000E-01    -8.02361     0.09589    -0.13060    -7.98889
    0.57000E-01    -8.02211     0.09635    -0.13037    -7.98809
    0.63000E-01    -8.02064     0.09680    -0.13018    -7.98726
    0.69000E-01    -8.01910     0.09725    -0.13002    -7.98633
    0.75000E-01    -8.01762     0.09765    -0.12990    -7.98537
    0.81000E-01    -8.01613     0.09803    -0.12983    -7.98432
    0.87000E-01    -8.01464     0.09832    -0.12977    -7.98318
    0.93000E-01    -8.01329     0.09857    -0.12973    -7.98214
    0.99000E-01    -8.01188     0.09878    -0.12969    -7.98097
    0.10500        -8.01022     0.09895    -0.12947    -7.97971
    0.11100        -8.00851     0.09909    -0.12929    -7.97830
    0.11700        -8.00705     0.09909    -0.12928    -7.97687
    0.12300        -8.00546     0.09911    -0.12916    -7.97540
    0.12900        -8.00392     0.09923    -0.12915    -7.97400
    0.13500        -8.00229     0.09930    -0.12907    -7.97251
    0.14100        -8.00064     0.09928    -0.12902    -7.97089
    0.14700        -7.99893     0.09934    -0.12897    -7.96930
    0.15300        -7.99733     0.09938    -0.12892    -7.96779
    0.15900        -7.99551     0.09944    -0.12888    -7.96607
    0.16500        -7.99368     0.09949    -0.12885    -7.96433
    0.17100        -7.99185     0.09955    -0.12881    -7.96259
    0.17700        -7.98991     0.09959    -0.12878    -7.96072
    0.18300        -7.98801     0.09962    -0.12875    -7.95888
    0.18900        -7.98610     0.09962    -0.12872    -7.95700
    0.19500        -7.98421     0.09964    -0.12869    -7.95515
    0.20100        -7.98221     0.09965    -0.12867    -7.95319
    0.20700        -7.98038     0.09965    -0.12864    -7.95139
    0.21300        -7.97839     0.09967    -0.12861    -7.94945
    0.22700        -7.96050     0.09955    -0.12839    -7.93165
    0.34500        -7.89867     0.09933    -0.12788    -7.87012
    0.49500        -7.82930     0.09935    -0.12745    -7.80120
    0.64500        -7.75932     0.09941    -0.12705    -7.73168
    0.79500        -7.68820     0.09939    -0.12671    -7.66089
    0.94500        -7.61696     0.09939    -0.12636    -7.58998
     1.0950        -7.54583     0.09938    -0.12607    -7.51915
     1.2450        -7.47519     0.09937    -0.12580    -7.44876
     1.3950        -7.40548     0.09936    -0.12555    -7.37930
     1.5450        -7.33732     0.09935    -0.12531    -7.31136
     1.6950        -7.27056     0.09935    -0.12509    -7.24481
     1.8450        -7.20585     0.09935    -0.12489    -7.18030
     1.9950        -7.14328     0.09936    -0.12469    -7.11796
     2.1450        -7.08297     0.09936    -0.12450    -7.05783
     2.2950        -7.02445     0.09935    -0.12431    -6.99949
     2.4450        -6.96827     0.09935    -0.12415    -6.94348
     2.5950        -6.91402     0.09934    -0.12398    -6.88937
     2.7450        -6.86163     0.09933    -0.12382    -6.83714
     2.8950        -6.81169     0.09933    -0.12367    -6.78735
     3.0450        -6.76347     0.09933    -0.12353    -6.73928
     3.1950        -6.71707     0.09933    -0.12340    -6.69299
     3.3450        -6.67243     0.09931    -0.12325    -6.64849
     3.4950        -6.62899     0.09931    -0.12312    -6.60517
     3.6450        -6.58710     0.09930    -0.12300    -6.56340
     3.7950        -6.54664     0.09930    -0.12287    -6.52306
     3.9450        -6.50765     0.09931    -0.12275    -6.48420
     4.0950        -6.46990     0.09930    -0.12263    -6.44657
     4.2450        -6.43332     0.09930    -0.12252    -6.41010
     4.3950        -6.39796     0.09930    -0.12241    -6.37484
     4.5450        -6.36362     0.09929    -0.12231    -6.34061
     4.6950        -6.33026     0.09929    -0.12221    -6.30734
     4.8450        -6.29782     0.09928    -0.12209    -6.27502
     4.9950        -6.26629     0.09928    -0.12199    -6.24358
     5.1450        -6.23566     0.09928    -0.12189    -6.21305
     5.2950        -6.20579     0.09928    -0.12179    -6.18328
     5.4450        -6.17674     0.09929    -0.12170    -6.15432
     5.5950        -6.14843     0.09927    -0.12161    -6.12609
     5.7450        -6.12077     0.09927    -0.12152    -6.09853
     5.8950        -6.09376     0.09927    -0.12143    -6.07160
     6.0450        -6.06745     0.09927    -0.12135    -6.04537
     6.1950        -6.04172     0.09927    -0.12127    -6.01972
     6.3450        -6.01658     0.09926    -0.12119    -5.99465
     6.4950        -5.99197     0.09926    -0.12111    -5.97013
     6.6450        -5.96790     0.09926    -0.12103    -5.94613
     6.7950        -5.94434     0.09926    -0.12094    -5.92265
     6.9450        -5.92133     0.09926    -0.12087    -5.89971
     7.0950        -5.89876     0.09926    -0.12079    -5.87722
     7.2450        -5.87669     0.09925    -0.12072    -5.85523
     7.3950        -5.85501     0.09925    -0.12065    -5.83360
     7.5450        -5.83372     0.09925    -0.12058    -5.81238
     7.6950        -5.81288     0.09924    -0.12051    -5.79161
     7.8450        -5.79235     0.09923    -0.12044    -5.77115
     7.9950        -5.77223     0.09923    -0.12037    -5.75109
     8.1450        -5.75252     0.09923    -0.12030    -5.73144
     8.2950        -5.73315     0.09923    -0.12024    -5.71215
     8.4450        -5.71404     0.09923    -0.12017    -5.69310
     8.5950        -5.69530     0.09923    -0.12010    -5.67443
     8.7450        -5.67689     0.09923    -0.12005    -5.65607
     8.8950        -5.65878     0.09923    -0.11998    -5.63802
     9.0450        -5.64100     0.09922    -0.11991    -5.62031
     9.1950        -5.62353     0.09923    -0.11985    -5.60290
     9.3450        -5.60631     0.09923    -0.11980    -5.58574
     9.4950        -5.58932     0.09922    -0.11974    -5.56880
     9.6450        -5.57259     0.09922    -0.11968    -5.55212
     9.7950        -5.55616     0.09921    -0.11962    -5.53576
     9.9450        -5.53992     0.09922    -0.11956    -5.51957
     10.095        -5.52396     0.09921    -0.11951    -5.50366
     10.245        -5.50822     0.09921    -0.11945    -5.48798
     10.395        -5.49270     0.09921    -0.11941    -5.47250
     10.545        -5.47743     0.09921    -0.11936    -5.45728
     10.695        -5.46233     0.09921    -0.11931    -5.44223
     10.845        -5.44748     0.09921    -0.11926    -5.42743
     10.995        -5.43278     0.09921    -0.11921    -5.41278
     11.145        -5.41831     0.09921    -0.11915    -5.39836
     11.295        -5.40401     0.09921    -0.11911    -5.38411
     11.445        -5.38993     0.09920    -0.11905    -5.37009
     11.595        -5.37602     0.09920    -0.11900    -5.35622
     11.745        -5.36229     0.09920    -0.11894    -5.34255
     11.895        -5.34875     0.09919    -0.11889    -5.32905
     12.045        -5.33540     0.09919    -0.11884    -5.31575
     12.195        -5.32219     0.09919    -0.11880    -5.30259
     12.345        -5.30919     0.09919    -0.11875    -5.28963
     12.495        -5.29624     0.09919    -0.11871    -5.27672
     12.645        -5.28348     0.09919    -0.11866    -5.26401
     12.795        -5.27089     0.09920    -0.11862    -5.25147
     12.945        -5.25845     0.09919    -0.11857    -5.23908
     13.095        -5.24614     0.09919    -0.11853    -5.22681
     13.245        -5.23402     0.09919    -0.11848    -5.21473
     13.395        -5.22197     0.09919    -0.11844    -5.20272
     13.545        -5.21006     0.09919    -0.11839    -5.19086
     13.695        -5.19827     0.09920    -0.11835    -5.17912
     13.845        -5.18665     0.09920    -0.11830    -5.16754
     13.995        -5.17515     0.09919    -0.11826    -5.15608
     14.145        -5.16377     0.09919    -0.11822    -5.14475
     14.295        -5.15252     0.09920    -0.11818    -5.13354
     14.445        -5.14145     0.09919    -0.11814    -5.12251
     14.595        -5.13047     0.09920    -0.11810    -5.11157
     14.745        -5.11959     0.09919    -0.11806    -5.10072
     14.895        -5.10882     0.09919    -0.11802    -5.08999
     15.045        -5.09815     0.09919    -0.11798    -5.07936
     15.195        -5.08758     0.09919    -0.11794    -5.06883
     15.345        -5.07711     0.09919    -0.11791    -5.05840
     15.495        -5.06679     0.09919    -0.11787    -5.04811
     15.645        -5.05655     0.09919    -0.11783    -5.03791
     15.795        -5.04634     0.09919    -0.11778    -5.02774
     15.945        -5.03630     0.09919    -0.11775    -5.01774
     16.095        -5.02635     0.09919    -0.11772    -5.00782
     16.245        -5.01646     0.09919    -0.11768    -4.99797
     16.395        -5.00669     0.09918    -0.11765    -4.98822
     16.545        -4.99703     0.09918    -0.11761    -4.97860
     16.695        -4.98742     0.09918    -0.11757    -4.96903
     16.845        -4.97794     0.09918    -0.11754    -4.95959
     16.995        -4.96849     0.09917    -0.11750    -4.95017
     17.145        -4.95918     0.09917    -0.11746    -4.94088
     17.295        -4.94995     0.09917    -0.11743    -4.93169
     17.445        -4.94077     0.09917    -0.11739    -4.92256
     17.595        -4.93171     0.09917    -0.11736    -4.91352
     17.745        -4.92270     0.09917    -0.11733    -4.90454
     17.895        -4.91377     0.09917    -0.11730    -4.89564
     18.045        -4.90496     0.09917    -0.11727    -4.88686
     18.195        -4.89618     0.09917    -0.11724    -4.87811
     18.345        -4.88748     0.09917    -0.11721    -4.86944
     18.495        -4.87886     0.09917    -0.11718    -4.86085
     18.645        -4.87029     0.09917    -0.11714    -4.85231
     18.795        -4.86179     0.09917    -0.11711    -4.84384
     18.945        -4.85340     0.09917    -0.11708    -4.83549
     19.095        -4.84506     0.09917    -0.11705    -4.82718
     19.245        -4.83679     0.09917    -0.11702    -4.81893
     19.395        -4.82860     0.09917    -0.11699    -4.81078
     19.545        -4.82047     0.09917    -0.11696    -4.80268
     19.695        -4.81239     0.09918    -0.11693    -4.79464
     19.845        -4.80437     0.09917    -0.11690    -4.78664
     19.995        -4.79643     0.09918    -0.11687    -4.77874
     20.145        -4.78856     0.09918    -0.11684    -4.77089
     20.295        -4.78073     0.09917    -0.11681    -4.76309
     20.445        -4.77297     0.09917    -0.11678    -4.75536
     20.595        -4.76527     0.09917    -0.11675    -4.74769
     20.745        -4.75763     0.09917    -0.11672    -4.74008
     20.895        -4.75005     0.09917    -0.11669    -4.73253
     21.045        -4.74252     0.09917    -0.11666    -4.72503
     21.195        -4.73505     0.09917    -0.11663    -4.71759
     21.345        -4.72760     0.09917    -0.11660    -4.71017
     21.495        -4.72021     0.09917    -0.11657    -4.70281
     21.645        -4.71289     0.09917    -0.11654    -4.69552
     21.795        -4.70563     0.09917    -0.11652    -4.68828
     21.945        -4.69841     0.09917    -0.11649    -4.68108
     22.095        -4.69128     0.09916    -0.11646    -4.67398
     22.245        -4.68418     0.09916    -0.11644    -4.66690
     22.395        -4.67711     0.09917    -0.11641    -4.65987
     22.545        -4.67011     0.09916    -0.11638    -4.65290
     22.695        -4.66314     0.09916    -0.11635    -4.64596
     22.845        -4.65622     0.09916    -0.11632    -4.63906
     22.995        -4.64935     0.09916    -0.11630    -4.63222
     23.145        -4.64253     0.09917    -0.11627    -4.62543
     23.295        -4.63575     0.09917    -0.11624    -4.61867
     23.445        -4.62905     0.09916    -0.11622    -4.61199
     23.595        -4.62238     0.09916    -0.11619    -4.60535
     23.745        -4.61574     0.09916    -0.11617    -4.59873
     23.895        -4.60914     0.09916    -0.11615    -4.59216
     24.045        -4.60258     0.09916    -0.11612    -4.58562
     24.195        -4.59608     0.09916    -0.11609    -4.57915
     24.345        -4.58962     0.09916    -0.11607    -4.57271
     24.495        -4.58321     0.09916    -0.11604    -4.56632
     24.645        -4.57683     0.09917    -0.11602    -4.55997
     24.795        -4.57048     0.09916    -0.11600    -4.55364
     24.945        -4.56419     0.09917    -0.11597    -4.54738
     25.095        -4.55794     0.09916    -0.11595    -4.54115
     25.245        -4.55171     0.09916    -0.11593    -4.53494
     25.395        -4.54552     0.09916    -0.11590    -4.52878
     25.545        -4.53937     0.09916    -0.11588    -4.52265
     25.695        -4.53326     0.09916    -0.11585    -4.51657
     25.845        -4.52717     0.09916    -0.11583    -4.51050
     25.995        -4.52115     0.09915    -0.11581    -4.50450
     26.145        -4.51516     0.09915    -0.11578    -4.49853
     26.295        -4.50920     0.09915    -0.11576    -4.49259
     26.445        -4.50328     0.09915    -0.11574    -4.48669
     26.595        -4.49738     0.09915    -0.11572    -4.48082
     26.745        -4.49154     0.09915    -0.11570    -4.47500
     26.895        -4.48573     0.09915    -0.11568    -4.46920
     27.045        -4.47995     0.09915    -0.11565    -4.46345
     27.195        -4.47422     0.09915    -0.11564    -4.45773
     27.345        -4.46850     0.09914    -0.11561    -4.45203
     27.495        -4.46280     0.09914    -0.11559    -4.44635
     27.645        -4.45714     0.09914    -0.11557    -4.44071
     27.795        -4.45151     0.09914    -0.11555    -4.43511
     27.945        -4.44592     0.09914    -0.11552    -4.42953
     28.095        -4.44035     0.09914    -0.11550    -4.42399
     28.245        -4.43483     0.09914    -0.11548    -4.41849
     28.395        -4.42936     0.09914    -0.11546    -4.41303
     28.545        -4.42391     0.09914    -0.11544    -4.40761
     28.695        -4.41846     0.09913    -0.11542    -4.40218
     28.845        -4.41306     0.09913    -0.11539    -4.39680
     28.995        -4.40767     0.09913    -0.11537    -4.39143
     29.145        -4.40232     0.09913    -0.11535    -4.38610
     29.295        -4.39700     0.09913    -0.11532    -4.38080
     29.445        -4.39170     0.09913    -0.11530    -4.37552
     29.595        -4.38644     0.09913    -0.11528    -4.37028
     29.745        -4.38122     0.09913    -0.11526    -4.36508
     29.895        -4.37601     0.09913    -0.11524    -4.35989
     30.045        -4.37085     0.09913    -0.11522    -4.35476
     30.195        -4.36570     0.09913    -0.11520    -4.34963
     30.345        -4.36057     0.09913    -0.11518    -4.34452
     30.495        -4.35550     0.09912    -0.11516    -4.33946
     30.645        -4.35043     0.09912    -0.11514    -4.33441
     30.795        -4.34539     0.09912    -0.11512    -4.32939
     30.945        -4.34036     0.09912    -0.11510    -4.32438
     31.095        -4.33538     0.09912    -0.11508    -4.31941
     31.245        -4.33042     0.09912    -0.11507    -4.31448
     31.395        -4.32549     0.09912    -0.11505    -4.30955
     31.545        -4.32057     0.09912    -0.11503    -4.30466
     31.695        -4.31569     0.09912    -0.11501    -4.29979
     31.845        -4.31086     0.09911    -0.11499    -4.29498
     31.995        -4.30602     0.09911    -0.11497    -4.29016
     32.145        -4.30121     0.09911    -0.11496    -4.28536
     32.295        -4.29642     0.09911    -0.11494    -4.28059
     32.445        -4.29165     0.09911    -0.11492    -4.27584
     32.595        -4.28692     0.09911    -0.11490    -4.27113
     32.745        -4.28221     0.09911    -0.11488    -4.26644
     32.895        -4.27750     0.09911    -0.11486    -4.26174
     33.045        -4.27282     0.09911    -0.11484    -4.25708
     33.195        -4.26817     0.09911    -0.11482    -4.25245
     33.345        -4.26354     0.09911    -0.11480    -4.24785
     33.495        -4.25895     0.09911    -0.11479    -4.24327
     33.645        -4.25437     0.09911    -0.11477    -4.23870
     33.795        -4.24979     0.09911    -0.11475    -4.23415
     33.945        -4.24525     0.09910    -0.11473    -4.22963
     34.095        -4.24075     0.09911    -0.11471    -4.22514
     34.245        -4.23626     0.09910    -0.11470    -4.22067
     34.395        -4.23179     0.09910    -0.11468    -4.21622
     34.545        -4.22732     0.09910    -0.11465    -4.21177
     34.695        -4.22288     0.09910    -0.11463    -4.20735
     34.845        -4.21845     0.09910    -0.11461    -4.20294
     34.995        -4.21405     0.09910    -0.11459    -4.19856
     35.145        -4.20969     0.09910    -0.11458    -4.19421
     35.295        -4.20535     0.09910    -0.11456    -4.18988
     35.445        -4.20102     0.09910    -0.11454    -4.18557
     35.595        -4.19671     0.09910    -0.11453    -4.18128
     35.745        -4.19241     0.09910    -0.11451    -4.17700
     35.895        -4.18814     0.09909    -0.11449    -4.17274
     36.045        -4.18387     0.09909    -0.11448    -4.16848
     36.195        -4.17965     0.09909    -0.11447    -4.16428
     36.345        -4.17543     0.09910    -0.11445    -4.16007
     36.495        -4.17121     0.09909    -0.11443    -4.15587
     36.645        -4.16704     0.09909    -0.11442    -4.15172
     36.795        -4.16288     0.09909    -0.11440    -4.14758
     36.945        -4.15874     0.09909    -0.11438    -4.14344
     37.095        -4.15461     0.09909    -0.11436    -4.13934
     37.245        -4.15049     0.09909    -0.11435    -4.13524
     37.395        -4.14639     0.09909    -0.11433    -4.13116
     37.545        -4.14233     0.09909    -0.11431    -4.12711
     37.695        -4.13827     0.09909    -0.11429    -4.12307
     37.845        -4.13420     0.09909    -0.11428    -4.11902
     37.995        -4.13018     0.09909    -0.11426    -4.11501
     38.145        -4.12618     0.09909    -0.11425    -4.11103
     38.295        -4.12220     0.09909    -0.11423    -4.10706
     38.445        -4.11823     0.09909    -0.11421    -4.10310
     38.595        -4.11426     0.09909    -0.11420    -4.09915
     38.745        -4.11031     0.09909    -0.11418    -4.09521
     38.895        -4.10640     0.09909    -0.11417    -4.09132
     39.045        -4.10249     0.09909    -0.11415    -4.08743
     39.195        -4.09860     0.09908    -0.11413    -4.08355
     39.345        -4.09476     0.09908    -0.11412    -4.07972
     39.495        -4.09091     0.09908    -0.11410    -4.07589
     39.645        -4.08707     0.09908    -0.11409    -4.07206
     39.795        -4.08325     0.09908    -0.11407    -4.06826
     39.945        -4.07946     0.09908    -0.11406    -4.06448
     40.095        -4.07567     0.09909    -0.11404    -4.06071
     40.245        -4.07190     0.09909    -0.11403    -4.05696
     40.395        -4.06813     0.09908    -0.11401    -4.05320
     40.545        -4.06438     0.09908    -0.11400    -4.04946
     40.695        -4.06063     0.09908    -0.11398    -4.04574
     40.845        -4.05691     0.09909    -0.11397    -4.04203
     40.995        -4.05321     0.09909    -0.11395    -4.03835
     41.145        -4.04951     0.09908    -0.11393    -4.03467
     41.295        -4.04584     0.09908    -0.11392    -4.03100
     41.445        -4.04217     0.09908    -0.11390    -4.02735
     41.595        -4.03853     0.09908    -0.11389    -4.02373
     41.745        -4.03490     0.09908    -0.11387    -4.02010
     41.895        -4.03127     0.09908    -0.11386    -4.01650
     42.045        -4.02767     0.09908    -0.11384    -4.01291
     42.195        -4.02406     0.09908    -0.11383    -4.00931
     42.345        -4.02048     0.09908    -0.11382    -4.00574
     42.495        -4.01690     0.09908    -0.11380    -4.00218
     42.645        -4.01334     0.09908    -0.11379    -3.99863
     42.795        -4.00982     0.09908    -0.11378    -3.99512
     42.945        -4.00629     0.09908    -0.11376    -3.99161
     43.095        -4.00277     0.09908    -0.11375    -3.98810
     43.245        -3.99928     0.09908    -0.11374    -3.98462
     43.395        -3.99580     0.09908    -0.11372    -3.98115
     43.545        -3.99232     0.09908    -0.11371    -3.97769
     43.695        -3.98886     0.09907    -0.11370    -3.97423
     43.845        -3.98540     0.09907    -0.11368    -3.97079
     43.995        -3.98198     0.09907    -0.11366    -3.96738
     44.145        -3.97857     0.09907    -0.11365    -3.96399
     44.295        -3.97516     0.09907    -0.11364    -3.96060
     44.445        -3.97175     0.09907    -0.11362    -3.95720
     44.595        -3.96837     0.09907    -0.11361    -3.95383
     44.745        -3.96500     0.09907    -0.11359    -3.95047
     44.895        -3.96163     0.09907    -0.11358    -3.94712
     45.045        -3.95829     0.09907    -0.11357    -3.94379
     45.195        -3.95494     0.09907    -0.11355    -3.94046
     45.345        -3.95164     0.09907    -0.11354    -3.93717
     45.495        -3.94833     0.09907    -0.11352    -3.93387
     45.645        -3.94503     0.09907    -0.11351    -3.93059
     45.795        -3.94175     0.09907    -0.11350    -3.92733
     45.945        -3.93849     0.09907    -0.11348    -3.92408
     46.095        -3.93522     0.09907    -0.11347    -3.92082
     46.245        -3.93198     0.09907    -0.11345    -3.91759
     46.395        -3.92874     0.09907    -0.11344    -3.91437
     46.545        -3.92550     0.09907    -0.11342    -3.91114
     46.695        -3.92226     0.09907    -0.11341    -3.90792
     46.845        -3.91906     0.09907    -0.11340    -3.90472
     46.995        -3.91584     0.09907    -0.11338    -3.90152
     47.145        -3.91264     0.09907    -0.11337    -3.89833
     47.295        -3.90946     0.09907    -0.11336    -3.89517
     47.445        -3.90630     0.09907    -0.11334    -3.89202
     47.595        -3.90313     0.09907    -0.11333    -3.88887
     47.745        -3.90000     0.09907    -0.11332    -3.88575
     47.895        -3.89688     0.09906    -0.11331    -3.88264
     48.045        -3.89378     0.09906    -0.11329    -3.87955
     48.195        -3.89069     0.09906    -0.11328    -3.87647
     48.345        -3.88760     0.09906    -0.11327    -3.87339
     48.495        -3.88452     0.09906    -0.11326    -3.87032
     48.645        -3.88142     0.09906    -0.11324    -3.86723
     48.795        -3.87835     0.09906    -0.11323    -3.86418
     48.945        -3.87529     0.09906    -0.11322    -3.86113
     49.095        -3.87226     0.09906    -0.11320    -3.85811
     49.245        -3.86920     0.09906    -0.11319    -3.85506
     49.395        -3.86616     0.09906    -0.11318    -3.85204
     49.545        -3.86315     0.09906    -0.11317    -3.84904
     49.695        -3.86014     0.09906    -0.11315    -3.84604
     49.845        -3.85715     0.09906    -0.11314    -3.84306
     49.995        -3.85416     0.09906    -0.11313    -3.84009
     50.145        -3.85118     0.09906    -0.11312    -3.83712
     50.295        -3.84822     0.09905    -0.11311    -3.83417
     50.445        -3.84526     0.09905    -0.11309    -3.83122
     50.595        -3.84230     0.09905    -0.11308    -3.82827
     50.745        -3.83935     0.09905    -0.11307    -3.82533
     50.895        -3.83641     0.09905    -0.11306    -3.82241
     51.045        -3.83350     0.09905    -0.11304    -3.81951
     51.195        -3.83060     0.09905    -0.11304    -3.81662
     51.345        -3.82769     0.09905    -0.11302    -3.81372
     51.495        -3.82479     0.09905    -0.11301    -3.81083
     51.645        -3.82191     0.09905    -0.11300    -3.80796
     51.795        -3.81903     0.09905    -0.11299    -3.80510
     51.945        -3.81616     0.09906    -0.11297    -3.80224
     52.095        -3.81331     0.09905    -0.11296    -3.79940
     52.245        -3.81045     0.09905    -0.11295    -3.79655
     52.395        -3.80762     0.09905    -0.11294    -3.79373
     52.545        -3.80477     0.09905    -0.11293    -3.79090
     52.695        -3.80194     0.09905    -0.11291    -3.78808
     52.845        -3.79913     0.09905    -0.11290    -3.78528
     52.995        -3.79631     0.09905    -0.11289    -3.78247
     53.145        -3.79352     0.09905    -0.11288    -3.77969
     53.295        -3.79073     0.09905    -0.11287    -3.77691
     53.445        -3.78793     0.09905    -0.11286    -3.77413
     53.595        -3.78517     0.09905    -0.11284    -3.77138
     53.745        -3.78239     0.09905    -0.11283    -3.76861
     53.895        -3.77964     0.09905    -0.11282    -3.76587
     54.045        -3.77688     0.09905    -0.11281    -3.76312
     54.195        -3.77416     0.09905    -0.11280    -3.76041
     54.345        -3.77143     0.09905    -0.11279    -3.75769
     54.495        -3.76870     0.09905    -0.11278    -3.75498
     54.645        -3.76598     0.09905    -0.11276    -3.75227
     54.795        -3.76328     0.09905    -0.11275    -3.74958
     54.945        -3.76059     0.09905    -0.11274    -3.74690
     55.095        -3.75790     0.09905    -0.11273    -3.74423
     59.433        -3.54736     0.09901    -0.11185    -3.53451
     80.646        -3.24083     0.09897    -0.11052    -3.22927
     111.21        -2.94409     0.09891    -0.10921    -2.93380
     153.36        -2.65774     0.09885    -0.10793    -2.64866
     211.49        -2.38142     0.09879    -0.10665    -2.37356
     291.64        -2.11586     0.09871    -0.10542    -2.10915
     402.18        -1.86031     0.09862    -0.10423    -1.85470
     554.60        -1.61482     0.09854    -0.10307    -1.61029
     764.80        -1.37901     0.09844    -0.10195    -1.37549
     1054.7        -1.15269     0.09831    -0.10085    -1.15015
     1454.4        -0.93525     0.09821    -0.09980    -0.93367
     2005.6        -0.72654     0.09810    -0.09879    -0.72585
     2765.8        -0.52604     0.09796    -0.09781    -0.52618
     3814.0        -0.33360     0.09782    -0.09689    -0.33454
     5259.5        -0.14889     0.09766    -0.09599    -0.15056
     7252.9         0.02861     0.09751    -0.09513     0.02624
     10002.         0.19892     0.09737    -0.09431     0.19586
     13793.         0.36231     0.09720    -0.09352     0.35864
     19020.         0.51901     0.09703    -0.09277     0.51475
     26229.         0.66922     0.09686    -0.09204     0.66440
     36170.         0.81283     0.09668    -0.09136     0.80751
     49878.         0.95005     0.09651    -0.09070     0.94424
     68782.         1.08089     0.09633    -0.09008     1.07464
     94851.         1.20577     0.09616    -0.08949     1.19909
    0.13080E+06     1.32481     0.09600    -0.08893     1.31773
    0.18038E+06     1.43820     0.09583    -0.08839     1.43076
    0.24874E+06     1.54613     0.09565    -0.08788     1.53837
    0.34301E+06     1.64888     0.09548    -0.08739     1.64079
    0.47302E+06     1.74649     0.09531    -0.08694     1.73812
    0.65229E+06     1.83936     0.09515    -0.08650     1.83071
    0.89952E+06     1.92754     0.09500    -0.08609     1.91864
    0.12404E+07     2.01156     0.09484    -0.08570     2.00242
    0.17106E+07     2.09134     0.09469    -0.08533     2.08198
    0.23589E+07     2.16715     0.09455    -0.08498     2.15759
    0.32529E+07     2.23923     0.09441    -0.08466     2.22947
    0.44858E+07     2.30771     0.09427    -0.08435     2.29779
    0.61860E+07     2.37281     0.09414    -0.08405     2.36273
    0.85305E+07     2.43461     0.09400    -0.08378     2.42439
    0.11764E+08     2.49338     0.09387    -0.08351     2.48301
    0.16222E+08     2.54917     0.09376    -0.08326     2.53867
    0.22370E+08     2.60217     0.09364    -0.08302     2.59155
    0.30849E+08     2.65250     0.09353    -0.08280     2.64178
    0.42541E+08     2.69998     0.09342    -0.08260     2.68915
    0.58664E+08     2.74453     0.09332    -0.08241     2.73362
    0.80898E+08     2.78631     0.09322    -0.08223     2.77533
    0.11156E+09     2.82573     0.09313    -0.08207     2.81467
    0.15384E+09     2.86267     0.09306    -0.08192     2.85153
    0.21215E+09     2.89753     0.09299    -0.08178     2.88632
    0.29255E+09     2.93038     0.09292    -0.08165     2.91911
    0.40343E+09     2.96134     0.09285    -0.08152     2.95001
    0.55633E+09     2.99058     0.09279    -0.08141     2.97920
    0.76719E+09     3.01785     0.09274    -0.08131     3.00641
    0.10580E+10     3.04242     0.09269    -0.08121     3.03094
    0.14589E+10     3.06486     0.09264    -0.08113     3.05334
    0.20119E+10     3.08547     0.09260    -0.08104     3.07391
    0.27744E+10     3.10443     0.09256    -0.08097     3.09285
    0.38259E+10     3.12194     0.09252    -0.08090     3.11033
    0.52760E+10     3.13806     0.09248    -0.08084     3.12642
    0.72756E+10     3.15293     0.09245    -0.08078     3.14126
    0.10033E+11     3.16670     0.09241    -0.08073     3.15501
    0.13836E+11     3.17938     0.09239    -0.08067     3.16767
    0.19079E+11     3.19111     0.09236    -0.08063     3.17938
    0.26311E+11     3.20192     0.09233    -0.08059     3.19017
    0.36283E+11     3.21190     0.09231    -0.08055     3.20013
    0.50034E+11     3.22108     0.09229    -0.08051     3.20930
    0.68997E+11     3.22958     0.09227    -0.08048     3.21778
    0.10000E+12     3.33126     0.09204    -0.08008     3.31930
