    -99.945         0.00000     0.00000     0.00000     0.00000
    -99.795         0.00000     0.00000     0.00000     0.00000
    -99.645         0.00000     0.00000     0.00000     0.00000
    -99.495         0.00000     0.00000     0.00000     0.00000
    -99.345         0.00000     0.00000     0.00000     0.00000
    -99.195         0.00000     0.00000     0.00000     0.00000
    -99.045         0.00000     0.00000     0.00000     0.00000
    -98.895         0.00000     0.00000     0.00000     0.00000
    -98.745         0.00000     0.00000     0.00000     0.00000
    -98.595         0.00000     0.00000     0.00000     0.00000
    -98.445         0.00000     0.00000     0.00000     0.00000
    -98.295         0.00000     0.00000     0.00000     0.00000
    -98.145         0.00000     0.00000     0.00000     0.00000
    -97.995         0.00000     0.00000     0.00000     0.00000
    -97.845         0.00000     0.00000     0.00000     0.00000
    -97.695         0.00000     0.00000     0.00000     0.00000
    -97.545         0.00000     0.00000     0.00000     0.00000
    -97.395         0.00000     0.00000     0.00000     0.00000
    -97.245         0.00000     0.00000     0.00000     0.00000
    -97.095         0.00000     0.00000     0.00000     0.00000
    -96.945         0.00000     0.00000     0.00000     0.00000
    -96.795         0.00000     0.00000     0.00000     0.00000
    -96.645         0.00000     0.00000     0.00000     0.00000
    -96.495         0.00000     0.00000     0.00000     0.00000
    -96.345         0.00000     0.00000     0.00000     0.00000
    -96.195         0.00000     0.00000     0.00000     0.00000
    -96.045         0.00000     0.00000     0.00000     0.00000
    -95.895         0.00000     0.00000     0.00000     0.00000
    -95.745         0.00000     0.00000     0.00000     0.00000
    -95.595         0.00000     0.00000     0.00000     0.00000
    -95.445         0.00000     0.00000     0.00000     0.00000
    -95.295         0.00000     0.00000     0.00000     0.00000
    -95.145         0.00000     0.00000     0.00000     0.00000
    -94.995         0.00000     0.00000     0.00000     0.00000
    -94.845         0.00000     0.00000     0.00000     0.00000
    -94.695         0.00000     0.00000     0.00000     0.00000
    -94.545         0.00000     0.00000     0.00000     0.00000
    -94.395         0.00000     0.00000     0.00000     0.00000
    -94.245         0.00000     0.00000     0.00000     0.00000
    -94.095         0.00000     0.00000     0.00000     0.00000
    -93.945         0.00000     0.00000     0.00000     0.00000
    -93.795         0.00000     0.00000     0.00000     0.00000
    -93.645         0.00000     0.00000     0.00000     0.00000
    -93.495         0.00000     0.00000     0.00000     0.00000
    -93.345         0.00000     0.00000     0.00000     0.00000
    -93.195         0.00000     0.00000     0.00000     0.00000
    -93.045         0.00000     0.00000     0.00000     0.00000
    -92.895         0.00000     0.00000     0.00000     0.00000
    -92.745         0.00000     0.00000     0.00000     0.00000
    -92.595         0.00000     0.00000     0.00000     0.00000
    -92.445         0.00000     0.00000     0.00000     0.00000
    -92.295         0.00000     0.00000     0.00000     0.00000
    -92.145         0.00000     0.00000     0.00000     0.00000
    -91.995         0.00000     0.00000     0.00000     0.00000
    -91.845         0.00000     0.00000     0.00000     0.00000
    -91.695         0.00000     0.00000     0.00000     0.00000
    -91.545         0.00000     0.00000     0.00000     0.00000
    -91.395         0.00000     0.00000     0.00000     0.00000
    -91.245         0.00000     0.00000     0.00000     0.00000
    -91.095         0.00000     0.00000     0.00000     0.00000
    -90.945         0.00000     0.00000     0.00000     0.00000
    -90.795         0.00000     0.00000     0.00000     0.00000
    -90.645         0.00000     0.00000     0.00000     0.00000
    -90.495         0.00000     0.00000     0.00000     0.00000
    -90.345         0.00000     0.00000     0.00000     0.00000
    -90.195         0.00000     0.00000     0.00000     0.00000
    -90.045         0.00000     0.00000     0.00000     0.00000
    -89.895         0.00000     0.00000     0.00000     0.00000
    -89.745         0.00000     0.00000     0.00000     0.00000
    -89.595         0.00000     0.00000     0.00000     0.00000
    -89.445         0.00000     0.00000     0.00000     0.00000
    -89.295         0.00000     0.00000     0.00000     0.00000
    -89.145         0.00000     0.00000     0.00000     0.00000
    -88.995         0.00000     0.00000     0.00000     0.00000
    -88.845         0.00000     0.00000     0.00000     0.00000
    -88.695         0.00000     0.00000     0.00000     0.00000
    -88.545         0.00000     0.00000     0.00000     0.00000
    -88.395         0.00000     0.00000     0.00000     0.00000
    -88.245         0.00000     0.00000     0.00000     0.00000
    -88.095         0.00000     0.00000     0.00000     0.00000
    -87.945         0.00000     0.00000     0.00000     0.00000
    -87.795         0.00000     0.00000     0.00000     0.00000
    -87.645         0.00000     0.00000     0.00000     0.00000
    -87.495         0.00000     0.00000     0.00000     0.00000
    -87.345         0.00000     0.00000     0.00000     0.00000
    -87.195         0.00000     0.00000     0.00000     0.00000
    -87.045         0.00000     0.00000     0.00000     0.00000
    -86.895         0.00000     0.00000     0.00000     0.00000
    -86.745         0.00000     0.00000     0.00000     0.00000
    -86.595         0.00000     0.00000     0.00000     0.00000
    -86.445         0.00000     0.00000     0.00000     0.00000
    -86.295         0.00000     0.00000     0.00000     0.00000
    -86.145         0.00000     0.00000     0.00000     0.00000
    -85.995         0.00000     0.00000     0.00000     0.00000
    -85.845         0.00000     0.00000     0.00000     0.00000
    -85.695         0.00000     0.00000     0.00000     0.00000
    -85.545         0.00000     0.00000     0.00000     0.00000
    -85.395         0.00000     0.00000     0.00000     0.00000
    -85.245         0.00000     0.00000     0.00000     0.00000
    -85.095         0.00000     0.00000     0.00000     0.00000
    -84.945         0.00000     0.00000     0.00000     0.00000
    -84.795         0.00000     0.00000     0.00000     0.00000
    -84.645         0.00000     0.00000     0.00000     0.00000
    -84.495         0.00000     0.00000     0.00000     0.00000
    -84.345         0.00000     0.00000     0.00000     0.00000
    -84.195         0.00000     0.00000     0.00000     0.00000
    -84.045         0.00000     0.00000     0.00000     0.00000
    -83.895         0.00000     0.00000     0.00000     0.00000
    -83.745         0.00000     0.00000     0.00000     0.00000
    -83.595         0.00000     0.00000     0.00000     0.00000
    -83.445         0.00000     0.00000     0.00000     0.00000
    -83.295         0.00000     0.00000     0.00000     0.00000
    -83.145         0.00000     0.00000     0.00000     0.00000
    -82.995         0.00000     0.00000     0.00000     0.00000
    -82.845         0.00000     0.00000     0.00000     0.00000
    -82.695         0.00000     0.00000     0.00000     0.00000
    -82.545         0.00000     0.00000     0.00000     0.00000
    -82.395         0.00000     0.00000     0.00000     0.00000
    -82.245         0.00000     0.00000     0.00000     0.00000
    -82.095         0.00000     0.00000     0.00000     0.00000
    -81.945         0.00000     0.00000     0.00000     0.00000
    -81.795         0.00000     0.00000     0.00000     0.00000
    -81.645         0.00000     0.00000     0.00000     0.00000
    -81.495         0.00000     0.00000     0.00000     0.00000
    -81.345         0.00000     0.00000     0.00000     0.00000
    -81.195         0.00000     0.00000     0.00000     0.00000
    -81.045         0.00000     0.00000     0.00000     0.00000
    -80.895         0.00000     0.00000     0.00000     0.00000
    -80.745         0.00000     0.00000     0.00000     0.00000
    -80.595         0.00000     0.00000     0.00000     0.00000
    -80.445         0.00000     0.00000     0.00000     0.00000
    -80.295         0.00000     0.00000     0.00000     0.00000
    -80.145         0.00000     0.00000     0.00000     0.00000
    -79.995         0.00000     0.00000     0.00000     0.00000
    -79.845         0.00000     0.00000     0.00000     0.00000
    -79.695         0.00000     0.00000     0.00000     0.00000
    -79.545         0.00000     0.00000     0.00000     0.00000
    -79.395         0.00000     0.00000     0.00000     0.00000
    -79.245         0.00000     0.00000     0.00000     0.00000
    -79.095         0.00000     0.00000     0.00000     0.00000
    -78.945         0.00000     0.00000     0.00000     0.00000
    -78.795         0.00000     0.00000     0.00000     0.00000
    -78.645         0.00000     0.00000     0.00000     0.00000
    -78.495         0.00000     0.00000     0.00000     0.00000
    -78.345         0.00000     0.00000     0.00000     0.00000
    -78.195         0.00000     0.00000     0.00000     0.00000
    -78.045         0.00000     0.00000     0.00000     0.00000
    -77.895         0.00000     0.00000     0.00000     0.00000
    -77.745         0.00000     0.00000     0.00000     0.00000
    -77.595         0.00000     0.00000     0.00000     0.00000
    -77.445         0.00000     0.00000     0.00000     0.00000
    -77.295         0.00000     0.00000     0.00000     0.00000
    -77.145         0.00000     0.00000     0.00000     0.00000
    -76.995         0.00000     0.00000     0.00000     0.00000
    -76.845         0.00000     0.00000     0.00000     0.00000
    -76.695         0.00000     0.00000     0.00000     0.00000
    -76.545         0.00000     0.00000     0.00000     0.00000
    -76.395         0.00000     0.00000     0.00000     0.00000
    -76.245         0.00000     0.00000     0.00000     0.00000
    -76.095         0.00000     0.00000     0.00000     0.00000
    -75.945         0.00000     0.00000     0.00000     0.00000
    -75.795         0.00000     0.00000     0.00000     0.00000
    -75.645         0.00000     0.00000     0.00000     0.00000
    -75.495         0.00000     0.00000     0.00000     0.00000
    -75.345         0.00000     0.00000     0.00000     0.00000
    -75.195         0.00000     0.00000     0.00000     0.00000
    -75.045         0.00000     0.00000     0.00000     0.00000
    -74.895         0.00000     0.00000     0.00000     0.00000
    -74.745         0.00000     0.00000     0.00000     0.00000
    -74.595         0.00000     0.00000     0.00000     0.00000
    -74.445         0.00000     0.00000     0.00000     0.00000
    -74.295         0.00000     0.00000     0.00000     0.00000
    -74.145         0.00000     0.00000     0.00000     0.00000
    -73.995         0.00000     0.00000     0.00000     0.00000
    -73.845         0.00000     0.00000     0.00000     0.00000
    -73.695         0.00000     0.00000     0.00000     0.00000
    -73.545         0.00000     0.00000     0.00000     0.00000
    -73.395         0.00000     0.00000     0.00000     0.00000
    -73.245         0.00000     0.00000     0.00000     0.00000
    -73.095         0.00000     0.00000     0.00000     0.00000
    -72.945         0.00000     0.00000     0.00000     0.00000
    -72.795         0.00000     0.00000     0.00000     0.00000
    -72.645         0.00000     0.00000     0.00000     0.00000
    -72.495         0.00000     0.00000     0.00000     0.00000
    -72.345         0.00000     0.00000     0.00000     0.00000
    -72.195         0.00000     0.00000     0.00000     0.00000
    -72.045         0.00000     0.00000     0.00000     0.00000
    -71.895         0.00000     0.00000     0.00000     0.00000
    -71.745         0.00000     0.00000     0.00000     0.00000
    -71.595         0.00000     0.00000     0.00000     0.00000
    -71.445         0.00000     0.00000     0.00000     0.00000
    -71.295         0.00000     0.00000     0.00000     0.00000
    -71.145         0.00000     0.00000     0.00000     0.00000
    -70.995         0.00000     0.00000     0.00000     0.00000
    -70.845         0.00000     0.00000     0.00000     0.00000
    -70.695         0.00000     0.00000     0.00000     0.00000
    -70.545         0.00000     0.00000     0.00000     0.00000
    -70.395         0.00000     0.00000     0.00000     0.00000
    -70.245         0.00000     0.00000     0.00000     0.00000
    -70.095         0.00000     0.00000     0.00000     0.00000
    -69.945         0.00000     0.00000     0.00000     0.00000
    -69.795         0.00000     0.00000     0.00000     0.00000
    -69.645         0.00000     0.00000     0.00000     0.00000
    -69.495         0.00000     0.00000     0.00000     0.00000
    -69.345         0.00000     0.00000     0.00000     0.00000
    -69.195         0.00000     0.00000     0.00000     0.00000
    -69.045         0.00000     0.00000     0.00000     0.00000
    -68.895         0.00000     0.00000     0.00000     0.00000
    -68.745         0.00000     0.00000     0.00000     0.00000
    -68.595         0.00000     0.00000     0.00000     0.00000
    -68.445         0.00000     0.00000     0.00000     0.00000
    -68.295         0.00000     0.00000     0.00000     0.00000
    -68.145         0.00000     0.00000     0.00000     0.00000
    -67.995         0.00000     0.00000     0.00000     0.00000
    -67.845         0.00000     0.00000     0.00000     0.00000
    -67.695         0.00000     0.00000     0.00000     0.00000
    -67.545         0.00000     0.00000     0.00000     0.00000
    -67.395         0.00000     0.00000     0.00000     0.00000
    -67.245         0.00000     0.00000     0.00000     0.00000
    -67.095         0.00000     0.00000     0.00000     0.00000
    -66.945         0.00000     0.00000     0.00000     0.00000
    -66.795         0.00000     0.00000     0.00000     0.00000
    -66.645         0.00000     0.00000     0.00000     0.00000
    -66.495         0.00000     0.00000     0.00000     0.00000
    -66.345         0.00000     0.00000     0.00000     0.00000
    -66.195         0.00000     0.00000     0.00000     0.00000
    -66.045         0.00000     0.00000     0.00000     0.00000
    -65.895         0.00000     0.00000     0.00000     0.00000
    -65.745         0.00000     0.00000     0.00000     0.00000
    -65.595         0.00000     0.00000     0.00000     0.00000
    -65.445         0.00000     0.00000     0.00000     0.00000
    -65.295         0.00000     0.00000     0.00000     0.00000
    -65.145         0.00000     0.00000     0.00000     0.00000
    -64.995         0.00000     0.00000     0.00000     0.00000
    -64.845         0.00000     0.00000     0.00000     0.00000
    -64.695         0.00000     0.00000     0.00000     0.00000
    -64.545         0.00000     0.00000     0.00000     0.00000
    -64.395         0.00000     0.00000     0.00000     0.00000
    -64.245         0.00000     0.00000     0.00000     0.00000
    -64.095         0.00000     0.00000     0.00000     0.00000
    -63.945         0.00000     0.00000     0.00000     0.00000
    -63.795         0.00000     0.00000     0.00000     0.00000
    -63.645         0.00000     0.00000     0.00000     0.00000
    -63.495         0.00000     0.00000     0.00000     0.00000
    -63.345         0.00000     0.00000     0.00000     0.00000
    -63.195         0.00000     0.00000     0.00000     0.00000
    -63.045         0.00000     0.00000     0.00000     0.00000
    -62.895         0.00000     0.00000     0.00000     0.00000
    -62.745         0.00000     0.00000     0.00000     0.00000
    -62.595         0.00000     0.00000     0.00000     0.00000
    -62.445         0.00000     0.00000     0.00000     0.00000
    -62.295         0.00000     0.00000     0.00000     0.00000
    -62.145         0.00000     0.00000     0.00000     0.00000
    -61.995         0.00000     0.00000     0.00000     0.00000
    -61.845         0.00000     0.00000     0.00000     0.00000
    -61.695         0.00000     0.00000     0.00000     0.00000
    -61.545         0.00000     0.00000     0.00000     0.00000
    -61.395         0.00000     0.00000     0.00000     0.00000
    -61.245         0.00000     0.00000     0.00000     0.00000
    -61.095         0.00000     0.00000     0.00000     0.00000
    -60.945         0.00000     0.00000     0.00000     0.00000
    -60.795         0.00000     0.00000     0.00000     0.00000
    -60.645         0.00000     0.00000     0.00000     0.00000
    -60.495         0.00000     0.00000     0.00000     0.00000
    -60.345         0.00000     0.00000     0.00000     0.00000
    -60.195         0.00000     0.00000     0.00000     0.00000
    -60.045         0.00000     0.00000     0.00000     0.00000
    -59.895         0.00000     0.00000     0.00000     0.00000
    -59.745         0.00000     0.00000     0.00000     0.00000
    -59.595         0.00000     0.00000     0.00000     0.00000
    -59.445         0.00000     0.00000     0.00000     0.00000
    -59.295         0.00000     0.00000     0.00000     0.00000
    -59.145         0.00000     0.00000     0.00000     0.00000
    -58.995         0.00000     0.00000     0.00000     0.00000
    -58.845         0.00000     0.00000     0.00000     0.00000
    -58.695         0.00000     0.00000     0.00000     0.00000
    -58.545         0.00000     0.00000     0.00000     0.00000
    -58.395         0.00000     0.00000     0.00000     0.00000
    -58.245         0.00000     0.00000     0.00000     0.00000
    -58.095         0.00000     0.00000     0.00000     0.00000
    -57.945         0.00000     0.00000     0.00000     0.00000
    -57.795         0.00000     0.00000     0.00000     0.00000
    -57.645         0.00000     0.00000     0.00000     0.00000
    -57.495         0.00000     0.00000     0.00000     0.00000
    -57.345         0.00000     0.00000     0.00000     0.00000
    -57.195         0.00000     0.00000     0.00000     0.00000
    -57.045         0.00000     0.00000     0.00000     0.00000
    -56.895         0.00000     0.00000     0.00000     0.00000
    -56.745         0.00000     0.00000     0.00000     0.00000
    -56.595         0.00000     0.00000     0.00000     0.00000
    -56.445         0.00000     0.00000     0.00000     0.00000
    -56.295         0.00000     0.00000     0.00000     0.00000
    -56.145         0.00000     0.00000     0.00000     0.00000
    -55.995         0.00000     0.00000     0.00000     0.00000
    -55.845         0.00000     0.00000     0.00000     0.00000
    -55.695         0.00000     0.00000     0.00000     0.00000
    -55.545         0.00000     0.00000     0.00000     0.00000
    -55.395         0.00000     0.00000     0.00000     0.00000
    -55.245         0.00000     0.00000     0.00000     0.00000
    -55.095         0.00000     0.00000     0.00000     0.00000
    -54.945         0.00000     0.00000     0.00000     0.00000
    -54.795         0.00000     0.00000     0.00000     0.00000
    -54.645         0.00000     0.00000     0.00000     0.00000
    -54.495         0.00000     0.00000     0.00000     0.00000
    -54.345         0.00000     0.00000     0.00000     0.00000
    -54.195         0.00000     0.00000     0.00000     0.00000
    -54.045         0.00000     0.00000     0.00000     0.00000
    -53.895         0.00000     0.00000     0.00000     0.00000
    -53.745         0.00000     0.00000     0.00000     0.00000
    -53.595         0.00000     0.00000     0.00000     0.00000
    -53.445         0.00000     0.00000     0.00000     0.00000
    -53.295         0.00000     0.00000     0.00000     0.00000
    -53.145         0.00000     0.00000     0.00000     0.00000
    -52.995         0.00000     0.00000     0.00000     0.00000
    -52.845         0.00000     0.00000     0.00000     0.00000
    -52.695         0.00000     0.00000     0.00000     0.00000
    -52.545         0.00000     0.00000     0.00000     0.00000
    -52.395         0.00000     0.00000     0.00000     0.00000
    -52.245         0.00000     0.00000     0.00000     0.00000
    -52.095         0.00000     0.00000     0.00000     0.00000
    -51.945         0.00000     0.00000     0.00000     0.00000
    -51.795         0.00000     0.00000     0.00000     0.00000
    -51.645         0.00000     0.00000     0.00000     0.00000
    -51.495         0.00000     0.00000     0.00000     0.00000
    -51.345         0.00000     0.00000     0.00000     0.00000
    -51.195         0.00000     0.00000     0.00000     0.00000
    -51.045         0.00000     0.00000     0.00000     0.00000
    -50.895         0.00000     0.00000     0.00000     0.00000
    -50.745         0.00000     0.00000     0.00000     0.00000
    -50.595         0.00000     0.00000     0.00000     0.00000
    -50.445         0.00000     0.00000     0.00000     0.00000
    -50.295         0.00000     0.00000     0.00000     0.00000
    -50.145         0.00000     0.00000     0.00000     0.00000
    -49.995         0.00000     0.00000     0.00000     0.00000
    -49.845         0.00000     0.00000     0.00000     0.00000
    -49.695         0.00000     0.00000     0.00000     0.00000
    -49.545         0.00000     0.00000     0.00000     0.00000
    -49.395         0.00000     0.00000     0.00000     0.00000
    -49.245         0.00000     0.00000     0.00000     0.00000
    -49.095         0.00000     0.00000     0.00000     0.00000
    -48.945         0.00000     0.00000     0.00000     0.00000
    -48.795         0.00000     0.00000     0.00000     0.00000
    -48.645         0.00000     0.00000     0.00000     0.00000
    -48.495         0.00000     0.00000     0.00000     0.00000
    -48.345         0.00000     0.00000     0.00000     0.00000
    -48.195         0.00000     0.00000     0.00000     0.00000
    -48.045         0.00000     0.00000     0.00000     0.00000
    -47.895         0.00000     0.00000     0.00000     0.00000
    -47.745         0.00000     0.00000     0.00000     0.00000
    -47.595         0.00000     0.00000     0.00000     0.00000
    -47.445         0.00000     0.00000     0.00000     0.00000
    -47.295         0.00000     0.00000     0.00000     0.00000
    -47.145         0.00000     0.00000     0.00000     0.00000
    -46.995         0.00000     0.00000     0.00000     0.00000
    -46.845         0.00000     0.00000     0.00000     0.00000
    -46.695         0.00000     0.00000     0.00000     0.00000
    -46.545         0.00000     0.00000     0.00000     0.00000
    -46.395         0.00000     0.00000     0.00000     0.00000
    -46.245         0.00000     0.00000     0.00000     0.00000
    -46.095         0.00000     0.00000     0.00000     0.00000
    -45.945         0.00000     0.00000     0.00000     0.00000
    -45.795         0.00000     0.00000     0.00000     0.00000
    -45.645         0.00000     0.00000     0.00000     0.00000
    -45.495         0.00000     0.00000     0.00000     0.00000
    -45.345         0.00000     0.00000     0.00000     0.00000
    -45.195         0.00000     0.00000     0.00000     0.00000
    -45.045         0.00000     0.00000     0.00000     0.00000
    -44.895         0.00000     0.00000     0.00000     0.00000
    -44.745         0.00000     0.00000     0.00000     0.00000
    -44.595         0.00000     0.00000     0.00000     0.00000
    -44.445         0.00000     0.00000     0.00000     0.00000
    -44.295         0.00000     0.00000     0.00000     0.00000
    -44.145         0.00000     0.00000     0.00000     0.00000
    -43.995         0.00000     0.00000     0.00000     0.00000
    -43.845         0.00000     0.00000     0.00000     0.00000
    -43.695         0.00000     0.00000     0.00000     0.00000
    -43.545         0.00000     0.00000     0.00000     0.00000
    -43.395         0.00000     0.00000     0.00000     0.00000
    -43.245         0.00000     0.00000     0.00000     0.00000
    -43.095         0.00000     0.00000     0.00000     0.00000
    -42.945         0.00000     0.00000     0.00000     0.00000
    -42.795         0.00000     0.00000     0.00000     0.00000
    -42.645         0.00000     0.00000     0.00000     0.00000
    -42.495         0.00000     0.00000     0.00000     0.00000
    -42.345         0.00000     0.00000     0.00000     0.00000
    -42.195         0.00000     0.00000     0.00000     0.00000
    -42.045         0.00000     0.00000     0.00000     0.00000
    -41.895         0.00000     0.00000     0.00000     0.00000
    -41.745         0.00000     0.00000     0.00000     0.00000
    -41.595         0.00000     0.00000     0.00000     0.00000
    -41.445         0.00000     0.00000     0.00000     0.00000
    -41.295         0.00000     0.00000     0.00000     0.00000
    -41.145         0.00000     0.00000     0.00000     0.00000
    -40.995         0.00000     0.00000     0.00000     0.00000
    -40.845         0.00000     0.00000     0.00000     0.00000
    -40.695         0.00000     0.00000     0.00000     0.00000
    -40.545         0.00000     0.00000     0.00000     0.00000
    -40.395         0.00000     0.00000     0.00000     0.00000
    -40.245         0.00000     0.00000     0.00000     0.00000
    -40.095         0.00000     0.00000     0.00000     0.00000
    -39.945         0.00000     0.00000     0.00000     0.00000
    -39.795         0.00000     0.00000     0.00000     0.00000
    -39.645         0.00000     0.00000     0.00000     0.00000
    -39.495         0.00000     0.00000     0.00000     0.00000
    -39.345         0.00000     0.00000     0.00000     0.00000
    -39.195         0.00000     0.00000     0.00000     0.00000
    -39.045         0.00000     0.00000     0.00000     0.00000
    -38.895         0.00000     0.00000     0.00000     0.00000
    -38.745         0.00000     0.00000     0.00000     0.00000
    -38.595         0.00000     0.00000     0.00000     0.00000
    -38.445         0.00000     0.00000     0.00000     0.00000
    -38.295         0.00000     0.00000     0.00000     0.00000
    -38.145         0.00000     0.00000     0.00000     0.00000
    -37.995         0.00000     0.00000     0.00000     0.00000
    -37.845         0.00000     0.00000     0.00000     0.00000
    -37.695         0.00000     0.00000     0.00000     0.00000
    -37.545         0.00000     0.00000     0.00000     0.00000
    -37.395         0.00000     0.00000     0.00000     0.00000
    -37.245         0.00000     0.00000     0.00000     0.00000
    -37.095         0.00000     0.00000     0.00000     0.00000
    -36.945         0.00000     0.00000     0.00000     0.00000
    -36.795         0.00000     0.00000     0.00000     0.00000
    -36.645         0.00000     0.00000     0.00000     0.00000
    -36.495         0.00000     0.00000     0.00000     0.00000
    -36.345         0.00000     0.00000     0.00000     0.00000
    -36.195         0.00000     0.00000     0.00000     0.00000
    -36.045         0.00000     0.00000     0.00000     0.00000
    -35.895         0.00000     0.00000     0.00000     0.00000
    -35.745         0.00000     0.00000     0.00000     0.00000
    -35.595         0.00000     0.00000     0.00000     0.00000
    -35.445         0.00000     0.00000     0.00000     0.00000
    -35.295         0.00000     0.00000     0.00000     0.00000
    -35.145         0.00000     0.00000     0.00000     0.00000
    -34.995         0.00000     0.00000     0.00000     0.00000
    -34.845         0.00000     0.00000     0.00000     0.00000
    -34.695         0.00000     0.00000     0.00000     0.00000
    -34.545         0.00000     0.00000     0.00000     0.00000
    -34.395         0.00000     0.00000     0.00000     0.00000
    -34.245         0.00000     0.00000     0.00000     0.00000
    -34.095         0.00000     0.00000     0.00000     0.00000
    -33.945         0.00000     0.00000     0.00000     0.00000
    -33.795         0.00000     0.00000     0.00000     0.00000
    -33.645         0.00000     0.00000     0.00000     0.00000
    -33.495         0.00000     0.00000     0.00000     0.00000
    -33.345         0.00000     0.00000     0.00000     0.00000
    -33.195         0.00000     0.00000     0.00000     0.00000
    -33.045         0.00000     0.00000     0.00000     0.00000
    -32.895         0.00000     0.00000     0.00000     0.00000
    -32.745         0.00000     0.00000     0.00000     0.00000
    -32.595         0.00000     0.00000     0.00000     0.00000
    -32.445         0.00000     0.00000     0.00000     0.00000
    -32.295         0.00000     0.00000     0.00000     0.00000
    -32.145         0.00000     0.00000     0.00000     0.00000
    -31.995         0.00000     0.00000     0.00000     0.00000
    -31.845         0.00000     0.00000     0.00000     0.00000
    -31.695         0.00000     0.00000     0.00000     0.00000
    -31.545         0.00000     0.00000     0.00000     0.00000
    -31.395         0.00000     0.00000     0.00000     0.00000
    -31.245         0.00000     0.00000     0.00000     0.00000
    -31.095         0.00000     0.00000     0.00000     0.00000
    -30.945         0.00000     0.00000     0.00000     0.00000
    -30.795         0.00000     0.00000     0.00000     0.00000
    -30.645         0.00000     0.00000     0.00000     0.00000
    -30.495         0.00000     0.00000     0.00000     0.00000
    -30.345         0.00000     0.00000     0.00000     0.00000
    -30.195         0.00000     0.00000     0.00000     0.00000
    -30.045         0.00000     0.00000     0.00000     0.00000
    -29.895         0.00000     0.00000     0.00000     0.00000
    -29.745         0.00000     0.00000     0.00000     0.00000
    -29.595         0.00000     0.00000     0.00000     0.00000
    -29.445         0.00000     0.00000     0.00000     0.00000
    -29.295         0.00000     0.00000     0.00000     0.00000
    -29.145         0.00000     0.00000     0.00000     0.00000
    -28.995         0.00000     0.00000     0.00000     0.00000
    -28.845         0.00000     0.00000     0.00000     0.00000
    -28.695         0.00000     0.00000     0.00000     0.00000
    -28.545         0.00000     0.00000     0.00000     0.00000
    -28.395         0.00000     0.00000     0.00000     0.00000
    -28.245         0.00000     0.00000     0.00000     0.00000
    -28.095         0.00000     0.00000     0.00000     0.00000
    -27.945         0.00000     0.00000     0.00000     0.00000
    -27.795         0.00000     0.00000     0.00000     0.00000
    -27.645         0.00000     0.00000     0.00000     0.00000
    -27.495         0.00000     0.00000     0.00000     0.00000
    -27.345         0.00000     0.00000     0.00000     0.00000
    -27.195         0.00000     0.00000     0.00000     0.00000
    -27.045         0.00000     0.00000     0.00000     0.00000
    -26.895         0.00000     0.00000     0.00000     0.00000
    -26.745         0.00000     0.00000     0.00000     0.00000
    -26.595         0.00000     0.00000     0.00000     0.00000
    -26.445         0.00000     0.00000     0.00000     0.00000
    -26.295         0.00000     0.00000     0.00000     0.00000
    -26.145         0.00000     0.00000     0.00000     0.00000
    -25.995         0.00000     0.00000     0.00000     0.00000
    -25.845         0.00000     0.00000     0.00000     0.00000
    -25.695         0.00000     0.00000     0.00000     0.00000
    -25.545         0.00000     0.00000     0.00000     0.00000
    -25.395         0.00000     0.00000     0.00000     0.00000
    -25.245         0.00000     0.00000     0.00000     0.00000
    -25.095         0.00000     0.00000     0.00000     0.00000
    -24.945         0.00000     0.00000     0.00000     0.00000
    -24.795         0.00000     0.00000     0.00000     0.00000
    -24.645         0.00000     0.00000     0.00000     0.00000
    -24.495         0.00000     0.00000     0.00000     0.00000
    -24.345         0.00000     0.00000     0.00000     0.00000
    -24.195         0.00000     0.00000     0.00000     0.00000
    -24.045         0.00000     0.00000     0.00000     0.00000
    -23.895         0.00000     0.00000     0.00000     0.00000
    -23.745         0.00000     0.00000     0.00000     0.00000
    -23.595         0.00000     0.00000     0.00000     0.00000
    -23.445         0.00000     0.00000     0.00000     0.00000
    -23.295         0.00000     0.00000     0.00000     0.00000
    -23.145         0.00000     0.00000     0.00000     0.00000
    -22.995        -0.00000     0.00000    -0.00000     0.00000
    -22.845        -0.00010     0.00000    -0.00010     0.00000
    -22.695        -0.00057     0.00000    -0.00057     0.00000
    -22.545        -0.00113     0.00000    -0.00113     0.00000
    -22.395        -0.00152     0.00000    -0.00152     0.00000
    -22.245        -0.00292     0.00000    -0.00292     0.00000
    -22.095        -0.00497     0.00000    -0.00497     0.00000
    -21.945        -0.00719     0.00000    -0.00719     0.00000
    -21.795        -0.00961     0.00000    -0.00961     0.00000
    -21.645        -0.01294     0.00000    -0.01294     0.00000
    -21.495        -0.01763     0.00000    -0.01763     0.00000
    -21.345        -0.02233     0.00000    -0.02233     0.00000
    -21.195        -0.02775     0.00000    -0.02775     0.00000
    -21.045        -0.03335     0.00000    -0.03335     0.00000
    -20.895        -0.04092     0.00000    -0.04092     0.00000
    -20.745        -0.04841     0.00000    -0.04841     0.00000
    -20.595        -0.05488     0.00000    -0.05488     0.00000
    -20.445        -0.06219     0.00000    -0.06219     0.00000
    -20.295        -0.07014     0.00000    -0.07014     0.00000
    -20.145        -0.07696     0.00000    -0.07696     0.00000
    -19.995        -0.08334     0.00000    -0.08334     0.00000
    -19.845        -0.08880     0.00000    -0.08880     0.00000
    -19.695        -0.09490     0.00000    -0.09490     0.00000
    -19.545        -0.10123     0.00000    -0.10123     0.00000
    -19.395        -0.10580     0.00000    -0.10580     0.00000
    -19.245        -0.11114     0.00000    -0.11114     0.00000
    -19.095        -0.11733     0.00000    -0.11733     0.00000
    -18.945        -0.12204     0.00000    -0.12204     0.00000
    -18.795        -0.12712     0.00000    -0.12712     0.00000
    -18.645        -0.13128     0.00000    -0.13128     0.00000
    -18.495        -0.13493    -0.00000    -0.13493     0.00000
    -18.345        -0.13937    -0.00008    -0.13928     0.00000
    -18.195        -0.14343    -0.00008    -0.14335     0.00000
    -18.045        -0.14676    -0.00008    -0.14668     0.00000
    -17.895        -0.15014    -0.00016    -0.14999     0.00000
    -17.745        -0.15263    -0.00023    -0.15239     0.00000
    -17.595        -0.15570    -0.00046    -0.15524     0.00000
    -17.445        -0.15840    -0.00092    -0.15748     0.00000
    -17.295        -0.16131    -0.00154    -0.15977     0.00000
    -17.145        -0.16521    -0.00283    -0.16238     0.00000
    -16.995        -0.16906    -0.00483    -0.16423     0.00000
    -16.845        -0.17384    -0.00738    -0.16646     0.00000
    -16.695        -0.17860    -0.01068    -0.16792     0.00000
    -16.545        -0.18482    -0.01582    -0.16900     0.00000
    -16.395        -0.19214    -0.02144    -0.17070     0.00000
    -16.245        -0.20228    -0.03014    -0.17214     0.00000
    -16.095        -0.21223    -0.03955    -0.17268     0.00000
    -15.945        -0.22497    -0.05064    -0.17433     0.00000
    -15.795        -0.23848    -0.06252    -0.17596     0.00000
    -15.645        -0.25378    -0.07679    -0.17699     0.00000
    -15.495        -0.26747    -0.08937    -0.17811     0.00000
    -15.345        -0.28200    -0.10318    -0.17882     0.00000
    -15.195        -0.29642    -0.11686    -0.17956     0.00000
    -15.045        -0.31213    -0.13183    -0.18031     0.00000
    -14.895        -0.32619    -0.14515    -0.18104     0.00000
    -14.745        -0.33938    -0.15779    -0.18159     0.00000
    -14.595        -0.35335    -0.17105    -0.18229     0.00000
    -14.445        -0.36585    -0.18342    -0.18243     0.00000
    -14.295        -0.37819    -0.19503    -0.18316     0.00000
    -14.145        -0.39105    -0.20747    -0.18358     0.00000
    -13.995        -0.40299    -0.21888    -0.18410     0.00000
    -13.845        -0.41562    -0.23110    -0.18453     0.00000
    -13.695        -0.42543    -0.24065    -0.18478     0.00000
    -13.545        -0.43598    -0.25088    -0.18510     0.00000
    -13.395        -0.44663    -0.26095    -0.18568     0.00000
    -13.245        -0.45615    -0.27011    -0.18604     0.00000
    -13.095        -0.46595    -0.27946    -0.18649     0.00000
    -12.945        -0.47738    -0.29051    -0.18687     0.00000
    -12.795        -0.48739    -0.30015    -0.18724     0.00000
    -12.645        -0.49521    -0.30770    -0.18752     0.00000
    -12.495        -0.50356    -0.31567    -0.18789     0.00000
    -12.345        -0.51236    -0.32413    -0.18822     0.00000
    -12.195        -0.52136    -0.33279    -0.18856     0.00000
    -12.045        -0.52828    -0.33954    -0.18874     0.00000
    -11.895        -0.53554    -0.34663    -0.18891     0.00000
    -11.745        -0.54289    -0.35364    -0.18926     0.00000
    -11.595        -0.55047    -0.36115    -0.18932     0.00000
    -11.445        -0.55677    -0.36715    -0.18962     0.00000
    -11.295        -0.56354    -0.37350    -0.19003     0.00000
    -11.145        -0.57076    -0.38066    -0.19010     0.00000
    -10.995        -0.57684    -0.38656    -0.19028     0.00000
    -10.845        -0.58298    -0.39250    -0.19048     0.00000
    -10.695        -0.58875    -0.39802    -0.19073     0.00000
    -10.545        -0.59446    -0.40366    -0.19080     0.00000
    -10.395        -0.60035    -0.40949    -0.19086     0.00000
    -10.245        -0.60576    -0.41483    -0.19093     0.00000
    -10.095        -0.61173    -0.42054    -0.19119     0.00000
    -9.9450        -0.61734    -0.42589    -0.19145     0.00000
    -9.7950        -0.62270    -0.43116    -0.19154     0.00000
    -9.6450        -0.62834    -0.43658    -0.19176     0.00000
    -9.4950        -0.63380    -0.44154    -0.19227     0.00000
    -9.3450        -0.63897    -0.44635    -0.19262     0.00000
    -9.1950        -0.64440    -0.45143    -0.19298     0.00000
    -9.0450        -0.65024    -0.45636    -0.19388     0.00000
    -8.8950        -0.65623    -0.46161    -0.19462     0.00000
    -8.7450        -0.66142    -0.46656    -0.19486     0.00000
    -8.5950        -0.66700    -0.47127    -0.19573     0.00000
    -8.4450        -0.67315    -0.47679    -0.19636     0.00000
    -8.2950        -0.67898    -0.48200    -0.19698     0.00000
    -8.1450        -0.68584    -0.48799    -0.19784     0.00000
    -7.9950        -0.69330    -0.49446    -0.19885     0.00000
    -7.8450        -0.70101    -0.50068    -0.20033     0.00000
    -7.6950        -0.70714    -0.50584    -0.20130     0.00000
    -7.5450        -0.71387    -0.51121    -0.20263    -0.00003
    -7.3950        -0.72149    -0.51733    -0.20410    -0.00006
    -7.2450        -0.73082    -0.52407    -0.20611    -0.00064
    -7.0950        -0.74284    -0.53139    -0.20818    -0.00327
    -6.9450        -0.76251    -0.53767    -0.21089    -0.01396
    -6.7950        -0.80000    -0.54500    -0.21355    -0.04145
    -6.6450        -0.86593    -0.55339    -0.21613    -0.09641
    -6.4950        -0.96771    -0.56309    -0.21872    -0.18590
    -6.3450        -1.10593    -0.57164    -0.22204    -0.31225
    -6.1950        -1.28234    -0.58194    -0.22637    -0.47404
    -6.0450        -1.49142    -0.59269    -0.23111    -0.66762
    -5.8950        -1.72071    -0.60380    -0.23551    -0.88141
    -5.7450        -1.96698    -0.61526    -0.24102    -1.11070
    -5.5950        -2.22789    -0.62921    -0.24643    -1.35226
    -5.4450        -2.49255    -0.64338    -0.25339    -1.59577
    -5.2950        -2.75816    -0.65830    -0.26083    -1.83903
    -5.1450        -3.01845    -0.67376    -0.26782    -2.07686
    -4.9950        -3.27364    -0.69051    -0.27556    -2.30757
    -4.8450        -3.52201    -0.70865    -0.28371    -2.52965
    -4.6950        -3.76607    -0.72711    -0.29310    -2.74587
    -4.5450        -3.99964    -0.74603    -0.30328    -2.95033
    -4.3950        -4.22835    -0.76626    -0.31490    -3.14719
    -4.2450        -4.44904    -0.78732    -0.32677    -3.33495
    -4.0950        -4.66390    -0.80960    -0.33941    -3.51489
    -3.9450        -4.87136    -0.83267    -0.35348    -3.68521
    -3.7950        -5.07469    -0.85611    -0.36795    -3.85063
    -3.6450        -5.27394    -0.88063    -0.38506    -4.00824
    -3.4950        -5.47164    -0.90625    -0.40279    -4.16260
    -3.3450        -5.66601    -0.93348    -0.42232    -4.31021
    -3.1950        -5.86584    -0.96403    -0.44407    -4.45774
    -3.0450        -6.07011    -0.99553    -0.46794    -4.60664
    -2.8950        -6.28303    -1.03064    -0.49486    -4.75753
    -2.7450        -6.50320    -1.06879    -0.52399    -4.91042
    -2.5950        -6.73848    -1.11054    -0.55708    -5.07085
    -2.4450        -6.99595    -1.15797    -0.59488    -5.24310
    -2.2950        -7.27474    -1.21025    -0.63550    -5.42899
    -2.1450        -7.58958    -1.26723    -0.68459    -5.63776
    -1.9950        -7.94621    -1.33080    -0.74001    -5.87541
    -1.8450        -8.35914    -1.40263    -0.80613    -6.15038
    -1.6950        -8.84315    -1.48401    -0.88195    -6.47719
    -1.5450        -9.42983    -1.57863    -0.97038    -6.88082
    -1.3950       -10.15198    -1.68892    -1.07509    -7.38797
    -1.2450       -11.04027    -1.82053    -1.19961    -8.02013
    -1.0950       -12.12055    -1.98118    -1.35252    -8.78686
   -0.94500       -13.44891    -2.17894    -1.54426    -9.72572
   -0.79500       -15.11366    -2.43131    -1.79238   -10.88997
   -0.64500       -17.20371    -2.76921    -2.12979   -12.30471
   -0.49500       -19.87758    -3.25551    -2.62393   -13.99815
   -0.34500       -23.66175    -4.03858    -3.43601   -16.18715
   -0.22700       -25.36953    -4.41732    -3.83584   -17.11637
   -0.21300       -25.59657    -4.46830    -3.89020   -17.23807
   -0.20700       -25.82898    -4.52075    -3.94625   -17.36198
   -0.20100       -26.06842    -4.57487    -4.00438   -17.48918
   -0.19500       -26.31551    -4.63104    -4.06438   -17.62009
   -0.18900       -26.56913    -4.68875    -4.12637   -17.75401
   -0.18300       -26.83060    -4.74835    -4.19035   -17.89190
   -0.17700       -27.09923    -4.80978    -4.25641   -18.03304
   -0.17100       -27.37647    -4.87296    -4.32459   -18.17893
   -0.16500       -27.66306    -4.93839    -4.39548   -18.32918
   -0.15900       -27.95812    -5.00593    -4.46911   -18.48308
   -0.15300       -28.26337    -5.07576    -4.54509   -18.64253
   -0.14700       -28.57986    -5.14804    -4.62431   -18.80751
   -0.14100       -28.90782    -5.22292    -4.70597   -18.97892
   -0.13500       -29.24829    -5.30055    -4.79130   -19.15644
   -0.12900       -29.60187    -5.38093    -4.88032   -19.34062
   -0.12300       -29.96939    -5.46440    -4.97266   -19.53233
   -0.11700       -30.35353    -5.55093    -5.06948   -19.73311
   -0.11100       -30.75399    -5.64087    -5.17049   -19.94263
   -0.10500       -31.17400    -5.73484    -5.27657   -20.16259
   -0.99000E-01   -31.61349    -5.83261    -5.38733   -20.39356
   -0.93000E-01   -32.07579    -5.93474    -5.50402   -20.63703
   -0.87000E-01   -32.56473    -6.04202    -5.62670   -20.89601
   -0.81000E-01   -33.08248    -6.15408    -5.75691   -21.17149
   -0.75000E-01   -33.63296    -6.27184    -5.89497   -21.46614
   -0.69000E-01   -34.22181    -6.39585    -6.04280   -21.78316
   -0.63000E-01   -34.85601    -6.52671    -6.20259   -22.12671
   -0.57000E-01   -35.55012    -6.66627    -6.38000   -22.50386
   -0.51000E-01   -36.31788    -6.81732    -6.57908   -22.92148
   -0.45000E-01   -37.16964    -6.98332    -6.79358   -23.39274
   -0.39000E-01   -38.10683    -7.16023    -7.01288   -23.93372
   -0.33000E-01   -39.13624    -7.33767    -7.22776   -24.57081
   -0.27000E-01   -40.28831    -7.50657    -7.43013   -25.35161
   -0.21300E-01   -41.17009    -7.61177    -7.55353   -26.00480
   -0.19500E-01   -41.30816    -7.62628    -7.57018   -26.11169
   -0.18900E-01   -41.44886    -7.64057    -7.58641   -26.22187
   -0.18300E-01   -41.59251    -7.65457    -7.60218   -26.33575
   -0.17700E-01   -41.73942    -7.66828    -7.61755   -26.45359
   -0.17100E-01   -41.88984    -7.68175    -7.63248   -26.57561
   -0.16500E-01   -42.04392    -7.69484    -7.64699   -26.70209
   -0.15900E-01   -42.20216    -7.70761    -7.66100   -26.83355
   -0.15300E-01   -42.36456    -7.72002    -7.67454   -26.97001
   -0.14700E-01   -42.53204    -7.73207    -7.68765   -27.11231
   -0.14100E-01   -42.70462    -7.74372    -7.70024   -27.26066
   -0.13500E-01   -42.88304    -7.75500    -7.71232   -27.41571
   -0.12900E-01   -43.06785    -7.76581    -7.72392   -27.57812
   -0.12300E-01   -43.26004    -7.77624    -7.73499   -27.74881
   -0.11700E-01   -43.46012    -7.78622    -7.74558   -27.92833
   -0.11100E-01   -43.66923    -7.79571    -7.75565   -28.11787
   -0.10500E-01   -43.88858    -7.80478    -7.76520   -28.31860
   -0.99000E-02   -44.11992    -7.81338    -7.77427   -28.53227
   -0.93000E-02   -44.36472    -7.82150    -7.78281   -28.76041
   -0.87000E-02   -44.62558    -7.82914    -7.79080   -29.00565
   -0.81000E-02   -44.90573    -7.83630    -7.79824   -29.27119
   -0.75000E-02   -45.20929    -7.84293    -7.80514   -29.56123
   -0.69000E-02   -45.54159    -7.84906    -7.81150   -29.88104
   -0.63000E-02   -45.90853    -7.85469    -7.81733   -30.23650
   -0.57000E-02   -46.31651    -7.85979    -7.82260   -30.63412
   -0.51000E-02   -46.77263    -7.86439    -7.82731   -31.08094
   -0.45000E-02   -47.28461    -7.86846    -7.83147   -31.58468
   -0.39000E-02   -47.86135    -7.87199    -7.83507   -32.15429
   -0.33000E-02   -48.51321    -7.87498    -7.83812   -32.80010
   -0.27000E-02   -49.25384    -7.87744    -7.84063   -33.53577
   -0.21000E-02   -50.10634    -7.87936    -7.84257   -34.38441
   -0.15000E-02   -51.10420    -7.88074    -7.84395   -35.37950
   -0.90000E-03   -52.08459    -7.88157    -7.84478   -36.35824
   -0.30000E-03   -52.49688    -7.88184    -7.84506   -36.76997
    0.30000E-03   -52.08543    -7.88157    -7.84479   -36.35907
    0.90000E-03   -51.10583    -7.88074    -7.84397   -35.38111
    0.15000E-02   -50.10836    -7.87936    -7.84260   -34.38639
    0.21000E-02   -49.25540    -7.87742    -7.84068   -33.53730
    0.27000E-02   -48.51384    -7.87493    -7.83823   -32.80068
    0.33000E-02   -47.86115    -7.87188    -7.83523   -32.15404
    0.39000E-02   -47.28382    -7.86828    -7.83171   -31.58383
    0.45000E-02   -46.77140    -7.86413    -7.82764   -31.07963
    0.51000E-02   -46.31505    -7.85942    -7.82305   -30.63257
    0.57000E-02   -45.90684    -7.85416    -7.81795   -30.23473
    0.63000E-02   -45.53964    -7.84835    -7.81232   -29.87897
    0.69000E-02   -45.20711    -7.84199    -7.80620   -29.55892
    0.75000E-02   -44.90332    -7.83508    -7.79957   -29.26868
    0.81000E-02   -44.62314    -7.82764    -7.79245   -29.00305
    0.87000E-02   -44.36230    -7.81967    -7.78486   -28.75776
    0.93000E-02   -44.11744    -7.81116    -7.77677   -28.52951
    0.99000E-02   -43.88618    -7.80209    -7.76818   -28.31591
    0.10500E-01   -43.66672    -7.79254    -7.75915   -28.11503
    0.11100E-01   -43.45757    -7.78245    -7.74966   -27.92547
    0.11700E-01   -43.25760    -7.77182    -7.73972   -27.74606
    0.12300E-01   -43.06575    -7.76074    -7.72934   -27.57568
    0.12900E-01   -42.88107    -7.74911    -7.71855   -27.41342
    0.13500E-01   -42.70279    -7.73701    -7.70732   -27.25846
    0.14100E-01   -42.53028    -7.72442    -7.69568   -27.11018
    0.14700E-01   -42.36300    -7.71133    -7.68365   -26.96802
    0.15300E-01   -42.20052    -7.69778    -7.67127   -26.83148
    0.15900E-01   -42.04246    -7.68377    -7.65850   -26.70019
    0.16500E-01   -41.88853    -7.66927    -7.64536   -26.57390
    0.17100E-01   -41.73814    -7.65434    -7.63189   -26.45191
    0.17700E-01   -41.59125    -7.63892    -7.61816   -26.33417
    0.18300E-01   -41.44743    -7.62308    -7.60411   -26.22024
    0.18900E-01   -41.30648    -7.60683    -7.58980   -26.10985
    0.19500E-01   -41.16834    -7.59023    -7.57524   -26.00287
    0.21300E-01   -40.28607    -7.46677    -7.46975   -25.34955
    0.27000E-01   -39.13377    -7.26394    -7.29992   -24.56992
    0.33000E-01   -38.10701    -7.04849    -7.12148   -23.93703
    0.39000E-01   -37.17888    -6.82955    -6.94387   -23.40546
    0.45000E-01   -36.34202    -6.61544    -6.77734   -22.94924
    0.51000E-01   -35.59393    -6.41645    -6.62659   -22.55088
    0.57000E-01   -34.92674    -6.23940    -6.48815   -22.19918
    0.63000E-01   -34.32331    -6.07987    -6.35839   -21.88505
    0.69000E-01   -33.77121    -5.93281    -6.23529   -21.60311
    0.75000E-01   -33.26060    -5.79516    -6.11833   -21.34712
    0.81000E-01   -32.78649    -5.66584    -6.00673   -21.11391
    0.87000E-01   -32.34336    -5.54359    -5.89990   -20.89986
    0.93000E-01   -31.92754    -5.42745    -5.79794   -20.70215
    0.99000E-01   -31.53609    -5.31672    -5.69989   -20.51948
    0.10500       -31.16676    -5.21140    -5.60551   -20.34984
    0.11100       -30.81745    -5.11058    -5.51521   -20.19166
    0.11700       -30.48596    -5.01411    -5.42799   -20.04386
    0.12300       -30.17022    -4.92145    -5.34397   -19.90479
    0.12900       -29.86972    -4.83239    -5.26331   -19.77402
    0.13500       -29.58323    -4.74715    -5.18540   -19.65069
    0.14100       -29.30895    -4.66465    -5.11011   -19.53419
    0.14700       -29.04716    -4.58574    -5.03767   -19.42375
    0.15300       -28.79621    -4.50968    -4.96763   -19.31890
    0.15900       -28.55592    -4.43635    -4.90010   -19.21948
    0.16500       -28.32500    -4.36526    -4.83467   -19.12507
    0.17100       -28.10275    -4.29690    -4.77135   -19.03451
    0.17700       -27.88869    -4.23083    -4.70997   -18.94789
    0.18300       -27.68245    -4.16664    -4.65055   -18.86527
    0.18900       -27.48424    -4.10475    -4.59324   -18.78625
    0.19500       -27.29289    -4.04480    -4.53757   -18.71052
    0.20100       -27.10806    -3.98692    -4.48352   -18.63762
    0.20700       -26.92918    -3.93067    -4.43110   -18.56741
    0.21300       -26.75642    -3.87635    -4.38023   -18.49984
    0.22700       -25.49553    -3.47525    -4.00429   -18.01599
    0.34500       -22.95304    -2.66126    -3.22447   -17.06731
    0.49500       -21.39426    -2.17221    -2.74181   -16.48025
    0.64500       -20.28425    -1.83885    -2.40943   -16.03597
    0.79500       -19.43122    -1.59333    -2.16494   -15.67295
    0.94500       -18.74708    -1.40508    -1.97600   -15.36601
     1.0950       -18.18297    -1.25568    -1.82367   -15.10362
     1.2450       -17.70595    -1.13392    -1.69813   -14.87390
     1.3950       -17.29439    -1.03243    -1.59191   -14.67005
     1.5450       -16.93485    -0.94649    -1.50099   -14.48737
     1.6950       -16.61633    -0.87251    -1.42220   -14.32161
     1.8450       -16.33367    -0.80984    -1.35329   -14.17053
     1.9950       -16.08275    -0.75690    -1.29338   -14.03247
     2.1450       -15.85578    -0.71043    -1.23942   -13.90593
     2.2950       -15.65014    -0.66949    -1.19100   -13.78965
     2.4450       -15.46608    -0.63464    -1.14672   -13.68472
     2.5950       -15.29569    -0.60430    -1.10612   -13.58527
     2.7450       -15.14114    -0.57684    -1.06886   -13.49544
     2.8950       -15.00059    -0.55201    -1.03541   -13.41318
     3.0450       -14.87308    -0.53045    -1.00473   -13.33791
     3.1950       -14.75699    -0.51196    -0.97665   -13.26838
     3.3450       -14.64876    -0.49544    -0.95139   -13.20193
     3.4950       -14.54769    -0.48039    -0.92819   -13.13912
     3.6450       -14.45419    -0.46664    -0.90666   -13.08090
     3.7950       -14.36800    -0.45362    -0.88720   -13.02717
     3.9450       -14.28859    -0.44195    -0.86965   -12.97699
     4.0950       -14.21364    -0.43126    -0.85252   -12.92986
     4.2450       -14.14245    -0.42156    -0.83690   -12.88398
     4.3950       -14.07555    -0.41268    -0.82125   -12.84162
     4.5450       -14.01410    -0.40519    -0.80747   -12.80144
     4.6950       -13.95343    -0.39832    -0.79322   -12.76189
     4.8450       -13.89665    -0.39086    -0.78084   -12.72495
     4.9950       -13.84257    -0.38487    -0.76868   -12.68902
     5.1450       -13.79053    -0.37868    -0.75709   -12.65475
     5.2950       -13.74064    -0.37266    -0.74621   -12.62177
     5.4450       -13.69232    -0.36718    -0.73532   -12.58982
     5.5950       -13.64770    -0.36349    -0.72509   -12.55912
     5.7450       -13.60473    -0.36013    -0.71545   -12.52915
     5.8950       -13.56231    -0.35648    -0.70584   -12.49999
     6.0450       -13.52166    -0.35218    -0.69738   -12.47210
     6.1950       -13.48295    -0.34983    -0.68868   -12.44444
     6.3450       -13.44581    -0.34745    -0.68054   -12.41782
     6.4950       -13.40985    -0.34527    -0.67282   -12.39177
     6.6450       -13.37531    -0.34351    -0.66527   -12.36653
     6.7950       -13.34106    -0.34131    -0.65817   -12.34158
     6.9450       -13.30929    -0.34022    -0.65163   -12.31744
     7.0950       -13.27773    -0.33873    -0.64533   -12.29367
     7.2450       -13.24839    -0.33769    -0.64016   -12.27054
     7.3950       -13.21999    -0.33707    -0.63485   -12.24807
     7.5450       -13.19138    -0.33627    -0.62909   -12.22602
     7.6950       -13.16555    -0.33528    -0.62585   -12.20443
     7.8450       -13.14038    -0.33472    -0.62245   -12.18321
     7.9950       -13.11517    -0.33376    -0.61899   -12.16242
     8.1450       -13.09140    -0.33303    -0.61627   -12.14210
     8.2950       -13.06750    -0.33253    -0.61280   -12.12216
     8.4450       -13.04465    -0.33205    -0.61011   -12.10249
     8.5950       -13.02337    -0.33159    -0.60860   -12.08318
     8.7450       -13.00213    -0.33091    -0.60701   -12.06421
     8.8950       -12.98151    -0.33024    -0.60570   -12.04557
     9.0450       -12.96171    -0.32981    -0.60463   -12.02727
     9.1950       -12.94212    -0.32940    -0.60344   -12.00928
     9.3450       -12.92354    -0.32899    -0.60297   -11.99157
     9.4950       -12.90532    -0.32861    -0.60251   -11.97420
     9.6450       -12.88741    -0.32823    -0.60209   -11.95709
     9.7950       -12.86946    -0.32787    -0.60139   -11.94021
     9.9450       -12.85185    -0.32752    -0.60070   -11.92363
     10.095       -12.83422    -0.32717    -0.59974   -11.90730
     10.245       -12.81714    -0.32683    -0.59909   -11.89122
     10.395       -12.80033    -0.32650    -0.59844   -11.87539
     10.545       -12.78405    -0.32617    -0.59808   -11.85979
     10.695       -12.76796    -0.32587    -0.59775   -11.84434
     10.845       -12.75219    -0.32557    -0.59744   -11.82919
     10.995       -12.73655    -0.32528    -0.59713   -11.81414
     11.145       -12.72120    -0.32499    -0.59681   -11.79940
     11.295       -12.70604    -0.32470    -0.59651   -11.78483
     11.445       -12.69110    -0.32441    -0.59621   -11.77048
     11.595       -12.67637    -0.32414    -0.59592   -11.75631
     11.745       -12.66188    -0.32386    -0.59566   -11.74237
     11.895       -12.64753    -0.32360    -0.59539   -11.72854
     12.045       -12.63344    -0.32334    -0.59515   -11.71496
     12.195       -12.61950    -0.32308    -0.59489   -11.70152
     12.345       -12.60575    -0.32283    -0.59465   -11.68827
     12.495       -12.59216    -0.32259    -0.59441   -11.67515
     12.645       -12.57870    -0.32236    -0.59416   -11.66218
     12.795       -12.56547    -0.32214    -0.59396   -11.64937
     12.945       -12.55245    -0.32192    -0.59376   -11.63678
     13.095       -12.53949    -0.32169    -0.59355   -11.62425
     13.245       -12.52671    -0.32147    -0.59333   -11.61191
     13.395       -12.51407    -0.32126    -0.59313   -11.59968
     13.545       -12.50157    -0.32105    -0.59293   -11.58759
     13.695       -12.48928    -0.32084    -0.59274   -11.57569
     13.845       -12.47709    -0.32064    -0.59256   -11.56389
     13.995       -12.46500    -0.32043    -0.59236   -11.55220
     14.145       -12.45307    -0.32024    -0.59218   -11.54065
     14.295       -12.44129    -0.32004    -0.59200   -11.52925
     14.445       -12.42966    -0.31985    -0.59182   -11.51800
     14.595       -12.41813    -0.31966    -0.59165   -11.50682
     14.745       -12.40669    -0.31947    -0.59147   -11.49576
     14.895       -12.39544    -0.31929    -0.59130   -11.48485
     15.045       -12.38428    -0.31910    -0.59114   -11.47404
     15.195       -12.37325    -0.31892    -0.59098   -11.46335
     15.345       -12.36231    -0.31874    -0.59083   -11.45274
     15.495       -12.35146    -0.31856    -0.59068   -11.44222
     15.645       -12.34076    -0.31839    -0.59054   -11.43184
     15.795       -12.33020    -0.31822    -0.59039   -11.42159
     15.945       -12.31970    -0.31805    -0.59026   -11.41139
     16.095       -12.30929    -0.31789    -0.59012   -11.40129
     16.245       -12.29902    -0.31773    -0.58999   -11.39130
     16.395       -12.28883    -0.31757    -0.58986   -11.38140
     16.545       -12.27871    -0.31741    -0.58971   -11.37159
     16.695       -12.26875    -0.31725    -0.58959   -11.36191
     16.845       -12.25886    -0.31709    -0.58947   -11.35229
     16.995       -12.24902    -0.31694    -0.58934   -11.34275
     17.145       -12.23931    -0.31679    -0.58922   -11.33331
     17.295       -12.22968    -0.31664    -0.58909   -11.32395
     17.445       -12.22014    -0.31649    -0.58897   -11.31469
     17.595       -12.21071    -0.31634    -0.58885   -11.30552
     17.745       -12.20133    -0.31620    -0.58873   -11.29640
     17.895       -12.19204    -0.31605    -0.58862   -11.28738
     18.045       -12.18287    -0.31591    -0.58851   -11.27845
     18.195       -12.17375    -0.31576    -0.58840   -11.26959
     18.345       -12.16473    -0.31563    -0.58830   -11.26081
     18.495       -12.15578    -0.31549    -0.58819   -11.25210
     18.645       -12.14691    -0.31535    -0.58808   -11.24347
     18.795       -12.13806    -0.31521    -0.58797   -11.23487
     18.945       -12.12929    -0.31508    -0.58787   -11.22634
     19.095       -12.12063    -0.31495    -0.58777   -11.21792
     19.245       -12.11206    -0.31482    -0.58766   -11.20958
     19.395       -12.10352    -0.31469    -0.58756   -11.20127
     19.545       -12.09507    -0.31456    -0.58746   -11.19305
     19.695       -12.08666    -0.31443    -0.58737   -11.18486
     19.845       -12.07831    -0.31431    -0.58727   -11.17674
     19.995       -12.07006    -0.31419    -0.58717   -11.16870
     20.145       -12.06188    -0.31406    -0.58709   -11.16073
     20.295       -12.05375    -0.31394    -0.58699   -11.15281
     20.445       -12.04567    -0.31382    -0.58690   -11.14496
     20.595       -12.03766    -0.31370    -0.58680   -11.13716
     20.745       -12.02973    -0.31358    -0.58671   -11.12944
     20.895       -12.02188    -0.31347    -0.58662   -11.12180
     21.045       -12.01406    -0.31335    -0.58653   -11.11418
     21.195       -12.00631    -0.31324    -0.58645   -11.10663
     21.345       -11.99862    -0.31313    -0.58636   -11.09913
     21.495       -11.99100    -0.31301    -0.58628   -11.09172
     21.645       -11.98343    -0.31290    -0.58620   -11.08434
     21.795       -11.97588    -0.31278    -0.58611   -11.07698
     21.945       -11.96841    -0.31267    -0.58603   -11.06971
     22.095       -11.96099    -0.31256    -0.58596   -11.06248
     22.245       -11.95360    -0.31245    -0.58587   -11.05528
     22.395       -11.94624    -0.31234    -0.58580   -11.04811
     22.545       -11.93899    -0.31223    -0.58572   -11.04103
     22.695       -11.93176    -0.31213    -0.58565   -11.03398
     22.845       -11.92462    -0.31203    -0.58556   -11.02703
     22.995       -11.91749    -0.31192    -0.58548   -11.02010
     23.145       -11.91044    -0.31181    -0.58541   -11.01322
     23.295       -11.90342    -0.31171    -0.58533   -11.00638
     23.445       -11.89643    -0.31161    -0.58526   -10.99956
     23.595       -11.88951    -0.31151    -0.58518   -10.99282
     23.745       -11.88263    -0.31141    -0.58511   -10.98611
     23.895       -11.87582    -0.31131    -0.58503   -10.97948
     24.045       -11.86904    -0.31121    -0.58496   -10.97288
     24.195       -11.86231    -0.31111    -0.58489   -10.96631
     24.345       -11.85565    -0.31101    -0.58482   -10.95982
     24.495       -11.84901    -0.31092    -0.58475   -10.95334
     24.645       -11.84240    -0.31082    -0.58468   -10.94690
     24.795       -11.83582    -0.31073    -0.58461   -10.94049
     24.945       -11.82929    -0.31063    -0.58454   -10.93411
     25.095       -11.82278    -0.31054    -0.58448   -10.92776
     25.245       -11.81635    -0.31045    -0.58441   -10.92148
     25.395       -11.80995    -0.31036    -0.58434   -10.91525
     25.545       -11.80361    -0.31026    -0.58428   -10.90907
     25.695       -11.79731    -0.31017    -0.58422   -10.90292
     25.845       -11.79106    -0.31009    -0.58415   -10.89681
     25.995       -11.78481    -0.31000    -0.58409   -10.89071
     26.145       -11.77862    -0.30991    -0.58404   -10.88467
     26.295       -11.77245    -0.30982    -0.58398   -10.87865
     26.445       -11.76632    -0.30973    -0.58392   -10.87267
     26.595       -11.76023    -0.30965    -0.58385   -10.86673
     26.745       -11.75418    -0.30957    -0.58380   -10.86082
     26.895       -11.74817    -0.30948    -0.58374   -10.85495
     27.045       -11.74217    -0.30939    -0.58367   -10.84911
     27.195       -11.73623    -0.30931    -0.58361   -10.84331
     27.345       -11.73031    -0.30922    -0.58355   -10.83754
     27.495       -11.72441    -0.30914    -0.58349   -10.83178
     27.645       -11.71857    -0.30905    -0.58343   -10.82609
     27.795       -11.71276    -0.30897    -0.58337   -10.82042
     27.945       -11.70700    -0.30889    -0.58332   -10.81479
     28.095       -11.70122    -0.30880    -0.58325   -10.80917
     28.245       -11.69550    -0.30872    -0.58320   -10.80359
     28.395       -11.68982    -0.30864    -0.58314   -10.79804
     28.545       -11.68412    -0.30856    -0.58309   -10.79248
     28.695       -11.67849    -0.30848    -0.58303   -10.78699
     28.845       -11.67290    -0.30840    -0.58297   -10.78153
     28.995       -11.66738    -0.30832    -0.58292   -10.77614
     29.145       -11.66184    -0.30824    -0.58286   -10.77074
     29.295       -11.65635    -0.30816    -0.58280   -10.76539
     29.445       -11.65087    -0.30808    -0.58275   -10.76004
     29.595       -11.64545    -0.30801    -0.58269   -10.75474
     29.745       -11.64002    -0.30794    -0.58264   -10.74944
     29.895       -11.63463    -0.30786    -0.58259   -10.74418
     30.045       -11.62930    -0.30779    -0.58253   -10.73898
     30.195       -11.62400    -0.30771    -0.58248   -10.73381
     30.345       -11.61872    -0.30764    -0.58244   -10.72864
     30.495       -11.61345    -0.30756    -0.58239   -10.72350
     30.645       -11.60822    -0.30749    -0.58234   -10.71840
     30.795       -11.60303    -0.30742    -0.58229   -10.71333
     30.945       -11.59784    -0.30734    -0.58224   -10.70825
     31.095       -11.59268    -0.30727    -0.58219   -10.70322
     31.245       -11.58756    -0.30720    -0.58214   -10.69822
     31.395       -11.58246    -0.30713    -0.58210   -10.69323
     31.545       -11.57738    -0.30706    -0.58205   -10.68827
     31.695       -11.57230    -0.30699    -0.58200   -10.68331
     31.845       -11.56728    -0.30692    -0.58196   -10.67840
     31.995       -11.56227    -0.30685    -0.58191   -10.67352
     32.145       -11.55732    -0.30678    -0.58186   -10.66868
     32.295       -11.55236    -0.30671    -0.58181   -10.66384
     32.445       -11.54743    -0.30664    -0.58177   -10.65902
     32.595       -11.54254    -0.30657    -0.58172   -10.65425
     32.745       -11.53765    -0.30650    -0.58168   -10.64947
     32.895       -11.53278    -0.30643    -0.58163   -10.64472
     33.045       -11.52795    -0.30637    -0.58159   -10.63999
     33.195       -11.52312    -0.30630    -0.58154   -10.63528
     33.345       -11.51836    -0.30623    -0.58150   -10.63063
     33.495       -11.51359    -0.30617    -0.58145   -10.62597
     33.645       -11.50886    -0.30610    -0.58140   -10.62136
     33.795       -11.50413    -0.30604    -0.58136   -10.61673
     33.945       -11.49943    -0.30597    -0.58131   -10.61215
     34.095       -11.49477    -0.30591    -0.58127   -10.60759
     34.245       -11.49013    -0.30584    -0.58123   -10.60306
     34.395       -11.48551    -0.30578    -0.58119   -10.59854
     34.545       -11.48092    -0.30572    -0.58115   -10.59404
     34.695       -11.47632    -0.30566    -0.58111   -10.58955
     34.845       -11.47174    -0.30560    -0.58106   -10.58508
     34.995       -11.46720    -0.30553    -0.58103   -10.58064
     35.145       -11.46269    -0.30547    -0.58098   -10.57624
     35.295       -11.45822    -0.30541    -0.58095   -10.57186
     35.445       -11.45374    -0.30534    -0.58090   -10.56750
     35.595       -11.44928    -0.30528    -0.58086   -10.56315
     35.745       -11.44486    -0.30521    -0.58082   -10.55883
     35.895       -11.44045    -0.30515    -0.58077   -10.55452
     36.045       -11.43604    -0.30509    -0.58073   -10.55022
     36.195       -11.43165    -0.30503    -0.58069   -10.54593
     36.345       -11.42728    -0.30497    -0.58064   -10.54167
     36.495       -11.42295    -0.30491    -0.58060   -10.53745
     36.645       -11.41862    -0.30485    -0.58056   -10.53321
     36.795       -11.41429    -0.30479    -0.58051   -10.52899
     36.945       -11.41000    -0.30473    -0.58047   -10.52480
     37.095       -11.40575    -0.30467    -0.58043   -10.52064
     37.245       -11.40150    -0.30461    -0.58040   -10.51649
     37.395       -11.39728    -0.30456    -0.58036   -10.51237
     37.545       -11.39306    -0.30450    -0.58032   -10.50824
     37.695       -11.38885    -0.30444    -0.58028   -10.50413
     37.845       -11.38468    -0.30439    -0.58024   -10.50005
     37.995       -11.38053    -0.30433    -0.58020   -10.49599
     38.145       -11.37641    -0.30428    -0.58016   -10.49197
     38.295       -11.37230    -0.30422    -0.58013   -10.48795
     38.445       -11.36819    -0.30416    -0.58009   -10.48394
     38.595       -11.36412    -0.30411    -0.58006   -10.47995
     38.745       -11.36004    -0.30405    -0.58002   -10.47597
     38.895       -11.35600    -0.30400    -0.57999   -10.47202
     39.045       -11.35196    -0.30394    -0.57995   -10.46807
     39.195       -11.34793    -0.30388    -0.57992   -10.46413
     39.345       -11.34394    -0.30383    -0.57987   -10.46024
     39.495       -11.33994    -0.30378    -0.57984   -10.45633
     39.645       -11.33598    -0.30372    -0.57981   -10.45245
     39.795       -11.33200    -0.30366    -0.57976   -10.44858
     39.945       -11.32808    -0.30361    -0.57973   -10.44473
     40.095       -11.32414    -0.30356    -0.57969   -10.44090
     40.245       -11.32024    -0.30351    -0.57965   -10.43709
     40.395       -11.31639    -0.30345    -0.57961   -10.43333
     40.545       -11.31252    -0.30340    -0.57958   -10.42954
     40.695       -11.30868    -0.30334    -0.57954   -10.42579
     40.845       -11.30484    -0.30329    -0.57951   -10.42204
     40.995       -11.30102    -0.30324    -0.57947   -10.41831
     41.145       -11.29720    -0.30319    -0.57944   -10.41457
     41.295       -11.29339    -0.30314    -0.57941   -10.41085
     41.445       -11.28962    -0.30308    -0.57938   -10.40716
     41.595       -11.28585    -0.30303    -0.57934   -10.40348
     41.745       -11.28211    -0.30298    -0.57931   -10.39982
     41.895       -11.27834    -0.30292    -0.57927   -10.39614
     42.045       -11.27462    -0.30288    -0.57924   -10.39250
     42.195       -11.27093    -0.30283    -0.57921   -10.38889
     42.345       -11.26722    -0.30278    -0.57917   -10.38527
     42.495       -11.26353    -0.30273    -0.57914   -10.38166
     42.645       -11.25985    -0.30268    -0.57911   -10.37806
     42.795       -11.25621    -0.30263    -0.57908   -10.37450
     42.945       -11.25257    -0.30258    -0.57905   -10.37094
     43.095       -11.24894    -0.30253    -0.57901   -10.36739
     43.245       -11.24531    -0.30248    -0.57898   -10.36384
     43.395       -11.24169    -0.30243    -0.57895   -10.36031
     43.545       -11.23809    -0.30238    -0.57892   -10.35680
     43.695       -11.23451    -0.30233    -0.57888   -10.35330
     43.845       -11.23097    -0.30228    -0.57885   -10.34983
     43.995       -11.22739    -0.30224    -0.57881   -10.34634
     44.145       -11.22384    -0.30219    -0.57878   -10.34286
     44.295       -11.22032    -0.30215    -0.57875   -10.33943
     44.445       -11.21681    -0.30210    -0.57872   -10.33599
     44.595       -11.21331    -0.30205    -0.57869   -10.33257
     44.745       -11.20983    -0.30201    -0.57866   -10.32916
     44.895       -11.20635    -0.30196    -0.57863   -10.32576
     45.045       -11.20289    -0.30192    -0.57860   -10.32238
     45.195       -11.19944    -0.30187    -0.57857   -10.31900
     45.345       -11.19602    -0.30182    -0.57854   -10.31566
     45.495       -11.19259    -0.30178    -0.57850   -10.31231
     45.645       -11.18919    -0.30173    -0.57847   -10.30898
     45.795       -11.18580    -0.30169    -0.57844   -10.30567
     45.945       -11.18241    -0.30164    -0.57841   -10.30236
     46.095       -11.17903    -0.30160    -0.57838   -10.29905
     46.245       -11.17567    -0.30155    -0.57835   -10.29577
     46.395       -11.17233    -0.30150    -0.57832   -10.29250
     46.545       -11.16897    -0.30145    -0.57829   -10.28922
     46.695       -11.16564    -0.30141    -0.57826   -10.28597
     46.845       -11.16231    -0.30137    -0.57823   -10.28271
     46.995       -11.15901    -0.30132    -0.57820   -10.27948
     47.145       -11.15570    -0.30128    -0.57817   -10.27625
     47.295       -11.15241    -0.30123    -0.57814   -10.27304
     47.445       -11.14914    -0.30118    -0.57811   -10.26984
     47.595       -11.14590    -0.30114    -0.57809   -10.26667
     47.745       -11.14265    -0.30109    -0.57806   -10.26349
     47.895       -11.13941    -0.30105    -0.57803   -10.26032
     48.045       -11.13618    -0.30101    -0.57801   -10.25716
     48.195       -11.13297    -0.30097    -0.57797   -10.25403
     48.345       -11.12979    -0.30093    -0.57795   -10.25091
     48.495       -11.12660    -0.30089    -0.57792   -10.24780
     48.645       -11.12341    -0.30084    -0.57789   -10.24467
     48.795       -11.12024    -0.30080    -0.57787   -10.24157
     48.945       -11.11706    -0.30076    -0.57783   -10.23847
     49.095       -11.11390    -0.30072    -0.57781   -10.23538
     49.245       -11.11075    -0.30068    -0.57778   -10.23230
     49.395       -11.10761    -0.30063    -0.57775   -10.22922
     49.545       -11.10449    -0.30059    -0.57773   -10.22617
     49.695       -11.10138    -0.30055    -0.57770   -10.22314
     49.845       -11.09830    -0.30051    -0.57767   -10.22012
     49.995       -11.09520    -0.30046    -0.57764   -10.21710
     50.145       -11.09212    -0.30042    -0.57762   -10.21408
     50.295       -11.08903    -0.30038    -0.57759   -10.21106
     50.445       -11.08596    -0.30034    -0.57756   -10.20805
     50.595       -11.08291    -0.30030    -0.57753   -10.20508
     50.745       -11.07989    -0.30026    -0.57751   -10.20212
     50.895       -11.07686    -0.30022    -0.57748   -10.19916
     51.045       -11.07384    -0.30018    -0.57746   -10.19620
     51.195       -11.07082    -0.30014    -0.57743   -10.19325
     51.345       -11.06781    -0.30010    -0.57740   -10.19031
     51.495       -11.06483    -0.30006    -0.57737   -10.18740
     51.645       -11.06182    -0.30002    -0.57735   -10.18446
     51.795       -11.05885    -0.29998    -0.57732   -10.18155
     51.945       -11.05590    -0.29994    -0.57729   -10.17867
     52.095       -11.05294    -0.29990    -0.57726   -10.17578
     52.245       -11.05000    -0.29986    -0.57724   -10.17290
     52.395       -11.04705    -0.29982    -0.57721   -10.17001
     52.545       -11.04413    -0.29978    -0.57719   -10.16716
     52.695       -11.04121    -0.29974    -0.57717   -10.16430
     52.845       -11.03829    -0.29970    -0.57714   -10.16145
     52.995       -11.03538    -0.29966    -0.57711   -10.15861
     53.145       -11.03250    -0.29962    -0.57709   -10.15579
     53.295       -11.02961    -0.29959    -0.57706   -10.15297
     53.445       -11.02674    -0.29955    -0.57704   -10.15016
     53.595       -11.02387    -0.29951    -0.57701   -10.14735
     53.745       -11.02102    -0.29947    -0.57698   -10.14456
     53.895       -11.01818    -0.29944    -0.57696   -10.14178
     54.045       -11.01533    -0.29940    -0.57693   -10.13900
     54.195       -11.01249    -0.29935    -0.57691   -10.13623
     54.345       -11.00967    -0.29931    -0.57688   -10.13348
     54.495       -11.00683    -0.29928    -0.57685   -10.13070
     54.645       -11.00405    -0.29924    -0.57683   -10.12798
     54.795       -11.00123    -0.29920    -0.57680   -10.12523
     54.945       -10.99845    -0.29916    -0.57677   -10.12251
     55.095       -10.99567    -0.29913    -0.57675   -10.11980
     59.433       -10.77792    -0.29620    -0.57483    -9.90690
     80.646       -10.46038    -0.29192    -0.57211    -9.59635
     111.21       -10.15284    -0.28780    -0.56939    -9.29565
     153.36        -9.85545    -0.28383    -0.56676    -9.00486
     211.49        -9.56816    -0.27998    -0.56421    -8.72397
     291.64        -9.29101    -0.27624    -0.56173    -8.45303
     402.18        -9.02418    -0.27266    -0.55928    -8.19225
     554.60        -8.76706    -0.26917    -0.55690    -7.94100
     764.80        -8.51987    -0.26580    -0.55457    -7.69950
     1054.7        -8.28191    -0.26256    -0.55235    -7.46701
     1454.4        -8.05299    -0.25942    -0.55013    -7.24344
     2005.6        -7.83293    -0.25639    -0.54800    -7.02854
     2765.8        -7.62128    -0.25346    -0.54592    -6.82190
     3814.0        -7.41740    -0.25064    -0.54391    -6.62285
     5259.5        -7.22145    -0.24792    -0.54195    -6.43157
     7252.9        -7.03266    -0.24529    -0.54005    -6.24732
     10002.        -6.85094    -0.24275    -0.53818    -6.07001
     13793.        -6.67627    -0.24033    -0.53639    -5.89955
     19020.        -6.50834    -0.23799    -0.53465    -5.73571
     26229.        -6.34724    -0.23573    -0.53296    -5.57855
     36170.        -6.19319    -0.23359    -0.53134    -5.42825
     49878.        -6.04615    -0.23155    -0.52981    -5.28480
     68782.        -5.90587    -0.22961    -0.52832    -5.14794
     94851.        -5.77206    -0.22775    -0.52690    -5.01741
    0.13080E+06    -5.64453    -0.22599    -0.52553    -4.89301
    0.18038E+06    -5.52306    -0.22430    -0.52422    -4.77453
    0.24874E+06    -5.40733    -0.22271    -0.52298    -4.66163
    0.34301E+06    -5.29722    -0.22121    -0.52181    -4.55421
    0.47302E+06    -5.19250    -0.21976    -0.52067    -4.45207
    0.65229E+06    -5.09287    -0.21837    -0.51959    -4.35491
    0.89952E+06    -4.99809    -0.21706    -0.51856    -4.26247
    0.12404E+07    -4.90802    -0.21581    -0.51758    -4.17463
    0.17106E+07    -4.82232    -0.21464    -0.51664    -4.09104
    0.23589E+07    -4.74082    -0.21352    -0.51574    -4.01156
    0.32529E+07    -4.66332    -0.21245    -0.51488    -3.93598
    0.44858E+07    -4.58968    -0.21144    -0.51409    -3.86416
    0.61860E+07    -4.51967    -0.21048    -0.51331    -3.79587
    0.85305E+07    -4.45311    -0.20957    -0.51257    -3.73097
    0.11764E+08    -4.38986    -0.20870    -0.51188    -3.66928
    0.16222E+08    -4.32983    -0.20789    -0.51122    -3.61073
    0.22370E+08    -4.27275    -0.20711    -0.51059    -3.55505
    0.30849E+08    -4.21858    -0.20637    -0.51001    -3.50220
    0.42541E+08    -4.16741    -0.20569    -0.50944    -3.45227
    0.58664E+08    -4.11944    -0.20504    -0.50893    -3.40547
    0.80898E+08    -4.07459    -0.20444    -0.50845    -3.36170
    0.11156E+09    -4.03261    -0.20387    -0.50799    -3.32075
    0.15384E+09    -3.99327    -0.20334    -0.50756    -3.28237
    0.21215E+09    -3.95634    -0.20284    -0.50716    -3.24634
    0.29255E+09    -3.92165    -0.20237    -0.50678    -3.21250
    0.40343E+09    -3.88907    -0.20193    -0.50643    -3.18072
    0.55633E+09    -3.85844    -0.20151    -0.50609    -3.15084
    0.76719E+09    -3.82993    -0.20113    -0.50579    -3.12300
    0.10580E+10    -3.80424    -0.20080    -0.50551    -3.09793
    0.14589E+10    -3.78065    -0.20049    -0.50525    -3.07491
    0.20119E+10    -3.75889    -0.20020    -0.50501    -3.05368
    0.27744E+10    -3.73889    -0.19993    -0.50479    -3.03417
    0.38259E+10    -3.72042    -0.19968    -0.50458    -3.01616
    0.52760E+10    -3.70339    -0.19946    -0.50439    -2.99954
    0.72756E+10    -3.68763    -0.19925    -0.50421    -2.98417
    0.10033E+11    -3.67309    -0.19907    -0.50404    -2.96998
    0.13836E+11    -3.65964    -0.19889    -0.50389    -2.95687
    0.19079E+11    -3.64728    -0.19872    -0.50375    -2.94481
    0.26311E+11    -3.63586    -0.19857    -0.50362    -2.93367
    0.36283E+11    -3.62536    -0.19844    -0.50350    -2.92342
    0.50034E+11    -3.61562    -0.19831    -0.50338    -2.91392
    0.68997E+11    -3.60663    -0.19819    -0.50328    -2.90516
    0.10000E+12    -3.49864    -0.19678    -0.50199    -2.79987
