    -99.945         0.00000     0.00000     0.00000     0.00000
    -99.795         0.00000     0.00000     0.00000     0.00000
    -99.645         0.00000     0.00000     0.00000     0.00000
    -99.495         0.00000     0.00000     0.00000     0.00000
    -99.345         0.00000     0.00000     0.00000     0.00000
    -99.195         0.00000     0.00000     0.00000     0.00000
    -99.045         0.00000     0.00000     0.00000     0.00000
    -98.895         0.00000     0.00000     0.00000     0.00000
    -98.745         0.00000     0.00000     0.00000     0.00000
    -98.595         0.00000     0.00000     0.00000     0.00000
    -98.445         0.00000     0.00000     0.00000     0.00000
    -98.295         0.00000     0.00000     0.00000     0.00000
    -98.145         0.00000     0.00000     0.00000     0.00000
    -97.995         0.00000     0.00000     0.00000     0.00000
    -97.845         0.00000     0.00000     0.00000     0.00000
    -97.695         0.00000     0.00000     0.00000     0.00000
    -97.545         0.00000     0.00000     0.00000     0.00000
    -97.395         0.00000     0.00000     0.00000     0.00000
    -97.245         0.00000     0.00000     0.00000     0.00000
    -97.095         0.00000     0.00000     0.00000     0.00000
    -96.945         0.00000     0.00000     0.00000     0.00000
    -96.795         0.00000     0.00000     0.00000     0.00000
    -96.645         0.00000     0.00000     0.00000     0.00000
    -96.495         0.00000     0.00000     0.00000     0.00000
    -96.345         0.00000     0.00000     0.00000     0.00000
    -96.195         0.00000     0.00000     0.00000     0.00000
    -96.045         0.00000     0.00000     0.00000     0.00000
    -95.895         0.00000     0.00000     0.00000     0.00000
    -95.745         0.00000     0.00000     0.00000     0.00000
    -95.595         0.00000     0.00000     0.00000     0.00000
    -95.445         0.00000     0.00000     0.00000     0.00000
    -95.295         0.00000     0.00000     0.00000     0.00000
    -95.145         0.00000     0.00000     0.00000     0.00000
    -94.995         0.00000     0.00000     0.00000     0.00000
    -94.845         0.00000     0.00000     0.00000     0.00000
    -94.695         0.00000     0.00000     0.00000     0.00000
    -94.545         0.00000     0.00000     0.00000     0.00000
    -94.395         0.00000     0.00000     0.00000     0.00000
    -94.245         0.00000     0.00000     0.00000     0.00000
    -94.095         0.00000     0.00000     0.00000     0.00000
    -93.945         0.00000     0.00000     0.00000     0.00000
    -93.795         0.00000     0.00000     0.00000     0.00000
    -93.645         0.00000     0.00000     0.00000     0.00000
    -93.495         0.00000     0.00000     0.00000     0.00000
    -93.345         0.00000     0.00000     0.00000     0.00000
    -93.195         0.00000     0.00000     0.00000     0.00000
    -93.045         0.00000     0.00000     0.00000     0.00000
    -92.895         0.00000     0.00000     0.00000     0.00000
    -92.745         0.00000     0.00000     0.00000     0.00000
    -92.595         0.00000     0.00000     0.00000     0.00000
    -92.445         0.00000     0.00000     0.00000     0.00000
    -92.295         0.00000     0.00000     0.00000     0.00000
    -92.145         0.00000     0.00000     0.00000     0.00000
    -91.995         0.00000     0.00000     0.00000     0.00000
    -91.845         0.00000     0.00000     0.00000     0.00000
    -91.695         0.00000     0.00000     0.00000     0.00000
    -91.545         0.00000     0.00000     0.00000     0.00000
    -91.395         0.00000     0.00000     0.00000     0.00000
    -91.245         0.00000     0.00000     0.00000     0.00000
    -91.095         0.00000     0.00000     0.00000     0.00000
    -90.945         0.00000     0.00000     0.00000     0.00000
    -90.795         0.00000     0.00000     0.00000     0.00000
    -90.645         0.00000     0.00000     0.00000     0.00000
    -90.495         0.00000     0.00000     0.00000     0.00000
    -90.345         0.00000     0.00000     0.00000     0.00000
    -90.195         0.00000     0.00000     0.00000     0.00000
    -90.045         0.00000     0.00000     0.00000     0.00000
    -89.895         0.00000     0.00000     0.00000     0.00000
    -89.745         0.00000     0.00000     0.00000     0.00000
    -89.595         0.00000     0.00000     0.00000     0.00000
    -89.445         0.00000     0.00000     0.00000     0.00000
    -89.295         0.00000     0.00000     0.00000     0.00000
    -89.145         0.00000     0.00000     0.00000     0.00000
    -88.995         0.00000     0.00000     0.00000     0.00000
    -88.845         0.00000     0.00000     0.00000     0.00000
    -88.695         0.00000     0.00000     0.00000     0.00000
    -88.545         0.00000     0.00000     0.00000     0.00000
    -88.395         0.00000     0.00000     0.00000     0.00000
    -88.245         0.00000     0.00000     0.00000     0.00000
    -88.095         0.00000     0.00000     0.00000     0.00000
    -87.945         0.00000     0.00000     0.00000     0.00000
    -87.795         0.00000     0.00000     0.00000     0.00000
    -87.645         0.00000     0.00000     0.00000     0.00000
    -87.495         0.00000     0.00000     0.00000     0.00000
    -87.345         0.00000     0.00000     0.00000     0.00000
    -87.195         0.00000     0.00000     0.00000     0.00000
    -87.045         0.00000     0.00000     0.00000     0.00000
    -86.895         0.00000     0.00000     0.00000     0.00000
    -86.745         0.00000     0.00000     0.00000     0.00000
    -86.595         0.00000     0.00000     0.00000     0.00000
    -86.445         0.00000     0.00000     0.00000     0.00000
    -86.295         0.00000     0.00000     0.00000     0.00000
    -86.145         0.00000     0.00000     0.00000     0.00000
    -85.995         0.00000     0.00000     0.00000     0.00000
    -85.845         0.00000     0.00000     0.00000     0.00000
    -85.695         0.00000     0.00000     0.00000     0.00000
    -85.545         0.00000     0.00000     0.00000     0.00000
    -85.395         0.00000     0.00000     0.00000     0.00000
    -85.245         0.00000     0.00000     0.00000     0.00000
    -85.095         0.00000     0.00000     0.00000     0.00000
    -84.945         0.00000     0.00000     0.00000     0.00000
    -84.795         0.00000     0.00000     0.00000     0.00000
    -84.645         0.00000     0.00000     0.00000     0.00000
    -84.495         0.00000     0.00000     0.00000     0.00000
    -84.345         0.00000     0.00000     0.00000     0.00000
    -84.195         0.00000     0.00000     0.00000     0.00000
    -84.045         0.00000     0.00000     0.00000     0.00000
    -83.895         0.00000     0.00000     0.00000     0.00000
    -83.745         0.00000     0.00000     0.00000     0.00000
    -83.595         0.00000     0.00000     0.00000     0.00000
    -83.445         0.00000     0.00000     0.00000     0.00000
    -83.295         0.00000     0.00000     0.00000     0.00000
    -83.145         0.00000     0.00000     0.00000     0.00000
    -82.995         0.00000     0.00000     0.00000     0.00000
    -82.845         0.00000     0.00000     0.00000     0.00000
    -82.695         0.00000     0.00000     0.00000     0.00000
    -82.545         0.00000     0.00000     0.00000     0.00000
    -82.395         0.00000     0.00000     0.00000     0.00000
    -82.245         0.00000     0.00000     0.00000     0.00000
    -82.095         0.00000     0.00000     0.00000     0.00000
    -81.945         0.00000     0.00000     0.00000     0.00000
    -81.795         0.00000     0.00000     0.00000     0.00000
    -81.645         0.00000     0.00000     0.00000     0.00000
    -81.495         0.00000     0.00000     0.00000     0.00000
    -81.345         0.00000     0.00000     0.00000     0.00000
    -81.195         0.00000     0.00000     0.00000     0.00000
    -81.045         0.00000     0.00000     0.00000     0.00000
    -80.895         0.00000     0.00000     0.00000     0.00000
    -80.745         0.00000     0.00000     0.00000     0.00000
    -80.595         0.00000     0.00000     0.00000     0.00000
    -80.445         0.00000     0.00000     0.00000     0.00000
    -80.295         0.00000     0.00000     0.00000     0.00000
    -80.145         0.00000     0.00000     0.00000     0.00000
    -79.995         0.00000     0.00000     0.00000     0.00000
    -79.845         0.00000     0.00000     0.00000     0.00000
    -79.695         0.00000     0.00000     0.00000     0.00000
    -79.545         0.00000     0.00000     0.00000     0.00000
    -79.395         0.00000     0.00000     0.00000     0.00000
    -79.245         0.00000     0.00000     0.00000     0.00000
    -79.095         0.00000     0.00000     0.00000     0.00000
    -78.945         0.00000     0.00000     0.00000     0.00000
    -78.795         0.00000     0.00000     0.00000     0.00000
    -78.645         0.00000     0.00000     0.00000     0.00000
    -78.495         0.00000     0.00000     0.00000     0.00000
    -78.345         0.00000     0.00000     0.00000     0.00000
    -78.195         0.00000     0.00000     0.00000     0.00000
    -78.045         0.00000     0.00000     0.00000     0.00000
    -77.895         0.00000     0.00000     0.00000     0.00000
    -77.745         0.00000     0.00000     0.00000     0.00000
    -77.595         0.00000     0.00000     0.00000     0.00000
    -77.445         0.00000     0.00000     0.00000     0.00000
    -77.295         0.00000     0.00000     0.00000     0.00000
    -77.145         0.00000     0.00000     0.00000     0.00000
    -76.995         0.00000     0.00000     0.00000     0.00000
    -76.845         0.00000     0.00000     0.00000     0.00000
    -76.695         0.00000     0.00000     0.00000     0.00000
    -76.545         0.00000     0.00000     0.00000     0.00000
    -76.395         0.00000     0.00000     0.00000     0.00000
    -76.245         0.00000     0.00000     0.00000     0.00000
    -76.095         0.00000     0.00000     0.00000     0.00000
    -75.945         0.00000     0.00000     0.00000     0.00000
    -75.795         0.00000     0.00000     0.00000     0.00000
    -75.645         0.00000     0.00000     0.00000     0.00000
    -75.495         0.00000     0.00000     0.00000     0.00000
    -75.345         0.00000     0.00000     0.00000     0.00000
    -75.195         0.00000     0.00000     0.00000     0.00000
    -75.045         0.00000     0.00000     0.00000     0.00000
    -74.895         0.00000     0.00000     0.00000     0.00000
    -74.745         0.00000     0.00000     0.00000     0.00000
    -74.595         0.00000     0.00000     0.00000     0.00000
    -74.445         0.00000     0.00000     0.00000     0.00000
    -74.295         0.00000     0.00000     0.00000     0.00000
    -74.145         0.00000     0.00000     0.00000     0.00000
    -73.995         0.00000     0.00000     0.00000     0.00000
    -73.845         0.00000     0.00000     0.00000     0.00000
    -73.695         0.00000     0.00000     0.00000     0.00000
    -73.545         0.00000     0.00000     0.00000     0.00000
    -73.395         0.00000     0.00000     0.00000     0.00000
    -73.245         0.00000     0.00000     0.00000     0.00000
    -73.095         0.00000     0.00000     0.00000     0.00000
    -72.945         0.00000     0.00000     0.00000     0.00000
    -72.795         0.00000     0.00000     0.00000     0.00000
    -72.645         0.00000     0.00000     0.00000     0.00000
    -72.495         0.00000     0.00000     0.00000     0.00000
    -72.345         0.00000     0.00000     0.00000     0.00000
    -72.195         0.00000     0.00000     0.00000     0.00000
    -72.045         0.00000     0.00000     0.00000     0.00000
    -71.895         0.00000     0.00000     0.00000     0.00000
    -71.745         0.00000     0.00000     0.00000     0.00000
    -71.595         0.00000     0.00000     0.00000     0.00000
    -71.445         0.00000     0.00000     0.00000     0.00000
    -71.295         0.00000     0.00000     0.00000     0.00000
    -71.145         0.00000     0.00000     0.00000     0.00000
    -70.995         0.00000     0.00000     0.00000     0.00000
    -70.845         0.00000     0.00000     0.00000     0.00000
    -70.695         0.00000     0.00000     0.00000     0.00000
    -70.545         0.00000     0.00000     0.00000     0.00000
    -70.395         0.00000     0.00000     0.00000     0.00000
    -70.245         0.00000     0.00000     0.00000     0.00000
    -70.095         0.00000     0.00000     0.00000     0.00000
    -69.945         0.00000     0.00000     0.00000     0.00000
    -69.795         0.00000     0.00000     0.00000     0.00000
    -69.645         0.00000     0.00000     0.00000     0.00000
    -69.495         0.00000     0.00000     0.00000     0.00000
    -69.345         0.00000     0.00000     0.00000     0.00000
    -69.195         0.00000     0.00000     0.00000     0.00000
    -69.045         0.00000     0.00000     0.00000     0.00000
    -68.895         0.00000     0.00000     0.00000     0.00000
    -68.745         0.00000     0.00000     0.00000     0.00000
    -68.595         0.00000     0.00000     0.00000     0.00000
    -68.445         0.00000     0.00000     0.00000     0.00000
    -68.295         0.00000     0.00000     0.00000     0.00000
    -68.145         0.00000     0.00000     0.00000     0.00000
    -67.995         0.00000     0.00000     0.00000     0.00000
    -67.845         0.00000     0.00000     0.00000     0.00000
    -67.695         0.00000     0.00000     0.00000     0.00000
    -67.545         0.00000     0.00000     0.00000     0.00000
    -67.395         0.00000     0.00000     0.00000     0.00000
    -67.245         0.00000     0.00000     0.00000     0.00000
    -67.095         0.00000     0.00000     0.00000     0.00000
    -66.945         0.00000     0.00000     0.00000     0.00000
    -66.795         0.00000     0.00000     0.00000     0.00000
    -66.645         0.00000     0.00000     0.00000     0.00000
    -66.495         0.00000     0.00000     0.00000     0.00000
    -66.345         0.00000     0.00000     0.00000     0.00000
    -66.195         0.00000     0.00000     0.00000     0.00000
    -66.045         0.00000     0.00000     0.00000     0.00000
    -65.895         0.00000     0.00000     0.00000     0.00000
    -65.745         0.00000     0.00000     0.00000     0.00000
    -65.595         0.00000     0.00000     0.00000     0.00000
    -65.445         0.00000     0.00000     0.00000     0.00000
    -65.295         0.00000     0.00000     0.00000     0.00000
    -65.145         0.00000     0.00000     0.00000     0.00000
    -64.995         0.00000     0.00000     0.00000     0.00000
    -64.845         0.00000     0.00000     0.00000     0.00000
    -64.695         0.00000     0.00000     0.00000     0.00000
    -64.545         0.00000     0.00000     0.00000     0.00000
    -64.395         0.00000     0.00000     0.00000     0.00000
    -64.245         0.00000     0.00000     0.00000     0.00000
    -64.095         0.00000     0.00000     0.00000     0.00000
    -63.945         0.00000     0.00000     0.00000     0.00000
    -63.795         0.00000     0.00000     0.00000     0.00000
    -63.645         0.00000     0.00000     0.00000     0.00000
    -63.495         0.00000     0.00000     0.00000     0.00000
    -63.345         0.00000     0.00000     0.00000     0.00000
    -63.195         0.00000     0.00000     0.00000     0.00000
    -63.045         0.00000     0.00000     0.00000     0.00000
    -62.895         0.00000     0.00000     0.00000     0.00000
    -62.745         0.00000     0.00000     0.00000     0.00000
    -62.595         0.00000     0.00000     0.00000     0.00000
    -62.445         0.00000     0.00000     0.00000     0.00000
    -62.295         0.00000     0.00000     0.00000     0.00000
    -62.145         0.00000     0.00000     0.00000     0.00000
    -61.995         0.00000     0.00000     0.00000     0.00000
    -61.845         0.00000     0.00000     0.00000     0.00000
    -61.695         0.00000     0.00000     0.00000     0.00000
    -61.545         0.00000     0.00000     0.00000     0.00000
    -61.395         0.00000     0.00000     0.00000     0.00000
    -61.245         0.00000     0.00000     0.00000     0.00000
    -61.095         0.00000     0.00000     0.00000     0.00000
    -60.945         0.00000     0.00000     0.00000     0.00000
    -60.795         0.00000     0.00000     0.00000     0.00000
    -60.645         0.00000     0.00000     0.00000     0.00000
    -60.495         0.00000     0.00000     0.00000     0.00000
    -60.345         0.00000     0.00000     0.00000     0.00000
    -60.195         0.00000     0.00000     0.00000     0.00000
    -60.045         0.00000     0.00000     0.00000     0.00000
    -59.895         0.00000     0.00000     0.00000     0.00000
    -59.745         0.00000     0.00000     0.00000     0.00000
    -59.595         0.00000     0.00000     0.00000     0.00000
    -59.445         0.00000     0.00000     0.00000     0.00000
    -59.295         0.00000     0.00000     0.00000     0.00000
    -59.145         0.00000     0.00000     0.00000     0.00000
    -58.995         0.00000     0.00000     0.00000     0.00000
    -58.845         0.00000     0.00000     0.00000     0.00000
    -58.695         0.00000     0.00000     0.00000     0.00000
    -58.545         0.00000     0.00000     0.00000     0.00000
    -58.395         0.00000     0.00000     0.00000     0.00000
    -58.245         0.00000     0.00000     0.00000     0.00000
    -58.095         0.00000     0.00000     0.00000     0.00000
    -57.945         0.00000     0.00000     0.00000     0.00000
    -57.795         0.00000     0.00000     0.00000     0.00000
    -57.645         0.00000     0.00000     0.00000     0.00000
    -57.495         0.00000     0.00000     0.00000     0.00000
    -57.345         0.00000     0.00000     0.00000     0.00000
    -57.195         0.00000     0.00000     0.00000     0.00000
    -57.045         0.00000     0.00000     0.00000     0.00000
    -56.895         0.00000     0.00000     0.00000     0.00000
    -56.745         0.00000     0.00000     0.00000     0.00000
    -56.595         0.00000     0.00000     0.00000     0.00000
    -56.445         0.00000     0.00000     0.00000     0.00000
    -56.295         0.00000     0.00000     0.00000     0.00000
    -56.145         0.00000     0.00000     0.00000     0.00000
    -55.995         0.00000     0.00000     0.00000     0.00000
    -55.845         0.00000     0.00000     0.00000     0.00000
    -55.695         0.00000     0.00000     0.00000     0.00000
    -55.545         0.00000     0.00000     0.00000     0.00000
    -55.395         0.00000     0.00000     0.00000     0.00000
    -55.245         0.00000     0.00000     0.00000     0.00000
    -55.095         0.00000     0.00000     0.00000     0.00000
    -54.945         0.00000     0.00000     0.00000     0.00000
    -54.795         0.00000     0.00000     0.00000     0.00000
    -54.645         0.00000     0.00000     0.00000     0.00000
    -54.495         0.00000     0.00000     0.00000     0.00000
    -54.345         0.00000     0.00000     0.00000     0.00000
    -54.195         0.00000     0.00000     0.00000     0.00000
    -54.045         0.00000     0.00000     0.00000     0.00000
    -53.895         0.00000     0.00000     0.00000     0.00000
    -53.745         0.00000     0.00000     0.00000     0.00000
    -53.595         0.00000     0.00000     0.00000     0.00000
    -53.445         0.00000     0.00000     0.00000     0.00000
    -53.295         0.00000     0.00000     0.00000     0.00000
    -53.145         0.00000     0.00000     0.00000     0.00000
    -52.995         0.00000     0.00000     0.00000     0.00000
    -52.845         0.00000     0.00000     0.00000     0.00000
    -52.695         0.00000     0.00000     0.00000     0.00000
    -52.545         0.00000     0.00000     0.00000     0.00000
    -52.395         0.00000     0.00000     0.00000     0.00000
    -52.245         0.00000     0.00000     0.00000     0.00000
    -52.095         0.00000     0.00000     0.00000     0.00000
    -51.945         0.00000     0.00000     0.00000     0.00000
    -51.795         0.00000     0.00000     0.00000     0.00000
    -51.645         0.00000     0.00000     0.00000     0.00000
    -51.495         0.00000     0.00000     0.00000     0.00000
    -51.345         0.00000     0.00000     0.00000     0.00000
    -51.195         0.00000     0.00000     0.00000     0.00000
    -51.045         0.00000     0.00000     0.00000     0.00000
    -50.895         0.00000     0.00000     0.00000     0.00000
    -50.745         0.00000     0.00000     0.00000     0.00000
    -50.595         0.00000     0.00000     0.00000     0.00000
    -50.445         0.00000     0.00000     0.00000     0.00000
    -50.295         0.00000     0.00000     0.00000     0.00000
    -50.145         0.00000     0.00000     0.00000     0.00000
    -49.995         0.00000     0.00000     0.00000     0.00000
    -49.845         0.00000     0.00000     0.00000     0.00000
    -49.695         0.00000     0.00000     0.00000     0.00000
    -49.545         0.00000     0.00000     0.00000     0.00000
    -49.395         0.00000     0.00000     0.00000     0.00000
    -49.245         0.00000     0.00000     0.00000     0.00000
    -49.095         0.00000     0.00000     0.00000     0.00000
    -48.945         0.00000     0.00000     0.00000     0.00000
    -48.795         0.00000     0.00000     0.00000     0.00000
    -48.645         0.00000     0.00000     0.00000     0.00000
    -48.495         0.00000     0.00000     0.00000     0.00000
    -48.345         0.00000     0.00000     0.00000     0.00000
    -48.195         0.00000     0.00000     0.00000     0.00000
    -48.045         0.00000     0.00000     0.00000     0.00000
    -47.895         0.00000     0.00000     0.00000     0.00000
    -47.745         0.00000     0.00000     0.00000     0.00000
    -47.595         0.00000     0.00000     0.00000     0.00000
    -47.445         0.00000     0.00000     0.00000     0.00000
    -47.295         0.00000     0.00000     0.00000     0.00000
    -47.145         0.00000     0.00000     0.00000     0.00000
    -46.995         0.00000     0.00000     0.00000     0.00000
    -46.845         0.00000     0.00000     0.00000     0.00000
    -46.695         0.00000     0.00000     0.00000     0.00000
    -46.545         0.00000     0.00000     0.00000     0.00000
    -46.395         0.00000     0.00000     0.00000     0.00000
    -46.245         0.00000     0.00000     0.00000     0.00000
    -46.095         0.00000     0.00000     0.00000     0.00000
    -45.945         0.00000     0.00000     0.00000     0.00000
    -45.795         0.00000     0.00000     0.00000     0.00000
    -45.645         0.00000     0.00000     0.00000     0.00000
    -45.495         0.00000     0.00000     0.00000     0.00000
    -45.345         0.00000     0.00000     0.00000     0.00000
    -45.195         0.00000     0.00000     0.00000     0.00000
    -45.045         0.00000     0.00000     0.00000     0.00000
    -44.895         0.00000     0.00000     0.00000     0.00000
    -44.745         0.00000     0.00000     0.00000     0.00000
    -44.595         0.00000     0.00000     0.00000     0.00000
    -44.445         0.00000     0.00000     0.00000     0.00000
    -44.295         0.00000     0.00000     0.00000     0.00000
    -44.145         0.00000     0.00000     0.00000     0.00000
    -43.995         0.00000     0.00000     0.00000     0.00000
    -43.845         0.00000     0.00000     0.00000     0.00000
    -43.695         0.00000     0.00000     0.00000     0.00000
    -43.545         0.00000     0.00000     0.00000     0.00000
    -43.395         0.00000     0.00000     0.00000     0.00000
    -43.245         0.00000     0.00000     0.00000     0.00000
    -43.095         0.00000     0.00000     0.00000     0.00000
    -42.945         0.00000     0.00000     0.00000     0.00000
    -42.795         0.00000     0.00000     0.00000     0.00000
    -42.645         0.00000     0.00000     0.00000     0.00000
    -42.495         0.00000     0.00000     0.00000     0.00000
    -42.345         0.00000     0.00000     0.00000     0.00000
    -42.195         0.00000     0.00000     0.00000     0.00000
    -42.045         0.00000     0.00000     0.00000     0.00000
    -41.895         0.00000     0.00000     0.00000     0.00000
    -41.745         0.00000     0.00000     0.00000     0.00000
    -41.595         0.00000     0.00000     0.00000     0.00000
    -41.445         0.00000     0.00000     0.00000     0.00000
    -41.295         0.00000     0.00000     0.00000     0.00000
    -41.145         0.00000     0.00000     0.00000     0.00000
    -40.995         0.00000     0.00000     0.00000     0.00000
    -40.845         0.00000     0.00000     0.00000     0.00000
    -40.695         0.00000     0.00000     0.00000     0.00000
    -40.545         0.00000     0.00000     0.00000     0.00000
    -40.395         0.00000     0.00000     0.00000     0.00000
    -40.245         0.00000     0.00000     0.00000     0.00000
    -40.095         0.00000     0.00000     0.00000     0.00000
    -39.945         0.00000     0.00000     0.00000     0.00000
    -39.795         0.00000     0.00000     0.00000     0.00000
    -39.645         0.00000     0.00000     0.00000     0.00000
    -39.495         0.00000     0.00000     0.00000     0.00000
    -39.345         0.00000     0.00000     0.00000     0.00000
    -39.195         0.00000     0.00000     0.00000     0.00000
    -39.045         0.00000     0.00000     0.00000     0.00000
    -38.895         0.00000     0.00000     0.00000     0.00000
    -38.745         0.00000     0.00000     0.00000     0.00000
    -38.595         0.00000     0.00000     0.00000     0.00000
    -38.445         0.00000     0.00000     0.00000     0.00000
    -38.295         0.00000     0.00000     0.00000     0.00000
    -38.145         0.00000     0.00000     0.00000     0.00000
    -37.995         0.00000     0.00000     0.00000     0.00000
    -37.845         0.00000     0.00000     0.00000     0.00000
    -37.695         0.00000     0.00000     0.00000     0.00000
    -37.545         0.00000     0.00000     0.00000     0.00000
    -37.395         0.00000     0.00000     0.00000     0.00000
    -37.245         0.00000     0.00000     0.00000     0.00000
    -37.095         0.00000     0.00000     0.00000     0.00000
    -36.945         0.00000     0.00000     0.00000     0.00000
    -36.795         0.00000     0.00000     0.00000     0.00000
    -36.645         0.00000     0.00000     0.00000     0.00000
    -36.495         0.00000     0.00000     0.00000     0.00000
    -36.345         0.00000     0.00000     0.00000     0.00000
    -36.195         0.00000     0.00000     0.00000     0.00000
    -36.045         0.00000     0.00000     0.00000     0.00000
    -35.895         0.00000     0.00000     0.00000     0.00000
    -35.745         0.00000     0.00000     0.00000     0.00000
    -35.595         0.00000     0.00000     0.00000     0.00000
    -35.445         0.00000     0.00000     0.00000     0.00000
    -35.295         0.00000     0.00000     0.00000     0.00000
    -35.145         0.00000     0.00000     0.00000     0.00000
    -34.995         0.00000     0.00000     0.00000     0.00000
    -34.845         0.00000     0.00000     0.00000     0.00000
    -34.695         0.00000     0.00000     0.00000     0.00000
    -34.545         0.00000     0.00000     0.00000     0.00000
    -34.395         0.00000     0.00000     0.00000     0.00000
    -34.245         0.00000     0.00000     0.00000     0.00000
    -34.095         0.00000     0.00000     0.00000     0.00000
    -33.945         0.00000     0.00000     0.00000     0.00000
    -33.795         0.00000     0.00000     0.00000     0.00000
    -33.645         0.00000     0.00000     0.00000     0.00000
    -33.495         0.00000     0.00000     0.00000     0.00000
    -33.345         0.00000     0.00000     0.00000     0.00000
    -33.195         0.00000     0.00000     0.00000     0.00000
    -33.045         0.00000     0.00000     0.00000     0.00000
    -32.895         0.00000     0.00000     0.00000     0.00000
    -32.745         0.00000     0.00000     0.00000     0.00000
    -32.595         0.00000     0.00000     0.00000     0.00000
    -32.445         0.00000     0.00000     0.00000     0.00000
    -32.295         0.00000     0.00000     0.00000     0.00000
    -32.145         0.00000     0.00000     0.00000     0.00000
    -31.995         0.00000     0.00000     0.00000     0.00000
    -31.845         0.00000     0.00000     0.00000     0.00000
    -31.695         0.00000     0.00000     0.00000     0.00000
    -31.545         0.00000     0.00000     0.00000     0.00000
    -31.395         0.00000     0.00000     0.00000     0.00000
    -31.245         0.00000     0.00000     0.00000     0.00000
    -31.095         0.00000     0.00000     0.00000     0.00000
    -30.945         0.00000     0.00000     0.00000     0.00000
    -30.795         0.00000     0.00000     0.00000     0.00000
    -30.645         0.00000     0.00000     0.00000     0.00000
    -30.495         0.00000     0.00000     0.00000     0.00000
    -30.345         0.00000     0.00000     0.00000     0.00000
    -30.195         0.00000     0.00000     0.00000     0.00000
    -30.045         0.00000     0.00000     0.00000     0.00000
    -29.895         0.00000     0.00000     0.00000     0.00000
    -29.745         0.00000     0.00000     0.00000     0.00000
    -29.595         0.00000     0.00000     0.00000     0.00000
    -29.445         0.00000     0.00000     0.00000     0.00000
    -29.295         0.00000     0.00000     0.00000     0.00000
    -29.145         0.00000     0.00000     0.00000     0.00000
    -28.995         0.00000     0.00000     0.00000     0.00000
    -28.845         0.00000     0.00000     0.00000     0.00000
    -28.695         0.00000     0.00000     0.00000     0.00000
    -28.545         0.00000     0.00000     0.00000     0.00000
    -28.395         0.00000     0.00000     0.00000     0.00000
    -28.245         0.00000     0.00000     0.00000     0.00000
    -28.095         0.00000     0.00000     0.00000     0.00000
    -27.945         0.00000     0.00000     0.00000     0.00000
    -27.795         0.00000     0.00000     0.00000     0.00000
    -27.645         0.00000     0.00000     0.00000     0.00000
    -27.495         0.00000     0.00000     0.00000     0.00000
    -27.345         0.00000     0.00000     0.00000     0.00000
    -27.195         0.00000     0.00000     0.00000     0.00000
    -27.045         0.00000     0.00000     0.00000     0.00000
    -26.895         0.00000     0.00000     0.00000     0.00000
    -26.745         0.00000     0.00000     0.00000     0.00000
    -26.595         0.00000     0.00000     0.00000     0.00000
    -26.445         0.00000     0.00000     0.00000     0.00000
    -26.295         0.00000     0.00000     0.00000     0.00000
    -26.145         0.00000     0.00000     0.00000     0.00000
    -25.995         0.00000     0.00000     0.00000     0.00000
    -25.845         0.00000     0.00000     0.00000     0.00000
    -25.695         0.00000     0.00000     0.00000     0.00000
    -25.545         0.00000     0.00000     0.00000     0.00000
    -25.395         0.00000     0.00000     0.00000     0.00000
    -25.245         0.00000     0.00000     0.00000     0.00000
    -25.095         0.00000     0.00000     0.00000     0.00000
    -24.945         0.00000     0.00000     0.00000     0.00000
    -24.795         0.00000     0.00000     0.00000     0.00000
    -24.645         0.00000     0.00000     0.00000     0.00000
    -24.495         0.00000     0.00000     0.00000     0.00000
    -24.345         0.00000     0.00000     0.00000     0.00000
    -24.195         0.00000     0.00000     0.00000     0.00000
    -24.045         0.00000     0.00000     0.00000     0.00000
    -23.895         0.00000     0.00000     0.00000     0.00000
    -23.745         0.00000     0.00000     0.00000     0.00000
    -23.595         0.00000     0.00000     0.00000     0.00000
    -23.445         0.00000     0.00000     0.00000     0.00000
    -23.295         0.00000     0.00000     0.00000     0.00000
    -23.145         0.00000     0.00000     0.00000     0.00000
    -22.995         0.00000     0.00000     0.00000     0.00000
    -22.845         0.00000     0.00000     0.00000     0.00000
    -22.695         0.00000     0.00000     0.00000     0.00000
    -22.545         0.00000     0.00000     0.00000     0.00000
    -22.395         0.00000     0.00000     0.00000     0.00000
    -22.245         0.00000     0.00000     0.00000     0.00000
    -22.095         0.00000     0.00000     0.00000     0.00000
    -21.945         0.00000     0.00000     0.00000     0.00000
    -21.795         0.00000     0.00000     0.00000     0.00000
    -21.645         0.00000     0.00000     0.00000     0.00000
    -21.495         0.00000     0.00000     0.00000     0.00000
    -21.345         0.00000     0.00000     0.00000     0.00000
    -21.195         0.00000     0.00000     0.00000     0.00000
    -21.045         0.00000     0.00000     0.00000     0.00000
    -20.895         0.00000     0.00000     0.00000     0.00000
    -20.745         0.00000     0.00000     0.00000     0.00000
    -20.595         0.00000     0.00000     0.00000     0.00000
    -20.445         0.00000     0.00000     0.00000     0.00000
    -20.295         0.00000     0.00000     0.00000     0.00000
    -20.145         0.00000     0.00000     0.00000     0.00000
    -19.995         0.00000     0.00000     0.00000     0.00000
    -19.845         0.00000     0.00000     0.00000     0.00000
    -19.695         0.00000     0.00000     0.00000     0.00000
    -19.545         0.00000     0.00000     0.00000     0.00000
    -19.395         0.00000     0.00000     0.00000     0.00000
    -19.245         0.00000     0.00000     0.00000     0.00000
    -19.095         0.00000     0.00000     0.00000     0.00000
    -18.945         0.00000     0.00000     0.00000     0.00000
    -18.795         0.00000     0.00000     0.00000     0.00000
    -18.645         0.00000     0.00000     0.00000     0.00000
    -18.495         0.00000     0.00000     0.00000     0.00000
    -18.345         0.00000     0.00000     0.00000     0.00000
    -18.195         0.00000     0.00000     0.00000     0.00000
    -18.045         0.00000     0.00000     0.00000     0.00000
    -17.895         0.00000     0.00000     0.00000     0.00000
    -17.745         0.00000     0.00000     0.00000     0.00000
    -17.595         0.00000     0.00000     0.00000     0.00000
    -17.445         0.00000     0.00000     0.00000     0.00000
    -17.295         0.00000     0.00000     0.00000     0.00000
    -17.145         0.00000     0.00000     0.00000     0.00000
    -16.995         0.00000     0.00000     0.00000     0.00000
    -16.845         0.00000     0.00000     0.00000     0.00000
    -16.695         0.00000     0.00000     0.00000     0.00000
    -16.545         0.00000     0.00000     0.00000     0.00000
    -16.395         0.00000     0.00000     0.00000     0.00000
    -16.245         0.00000     0.00000     0.00000     0.00000
    -16.095         0.00000     0.00000     0.00000     0.00000
    -15.945         0.00000     0.00000     0.00000     0.00000
    -15.795         0.00000     0.00000     0.00000     0.00000
    -15.645         0.00000     0.00000     0.00000     0.00000
    -15.495         0.00000     0.00000     0.00000     0.00000
    -15.345         0.00000     0.00000     0.00000     0.00000
    -15.195         0.00000     0.00000     0.00000     0.00000
    -15.045         0.00000     0.00000     0.00000     0.00000
    -14.895         0.00000     0.00000     0.00000     0.00000
    -14.745         0.00000     0.00000     0.00000     0.00000
    -14.595         0.00000     0.00000     0.00000     0.00000
    -14.445         0.00000     0.00000     0.00000     0.00000
    -14.295         0.00000     0.00000     0.00000     0.00000
    -14.145         0.00000     0.00000     0.00000     0.00000
    -13.995         0.00000     0.00000     0.00000     0.00000
    -13.845         0.00000     0.00000     0.00000     0.00000
    -13.695         0.00000     0.00000     0.00000     0.00000
    -13.545         0.00000     0.00000     0.00000     0.00000
    -13.395         0.00000     0.00000     0.00000     0.00000
    -13.245         0.00000     0.00000     0.00000     0.00000
    -13.095         0.00000     0.00000     0.00000     0.00000
    -12.945         0.00000     0.00000     0.00000     0.00000
    -12.795         0.00000     0.00000     0.00000     0.00000
    -12.645         0.00000     0.00000     0.00000     0.00000
    -12.495         0.00000     0.00000     0.00000     0.00000
    -12.345         0.00000     0.00000     0.00000     0.00000
    -12.195         0.00000     0.00000     0.00000     0.00000
    -12.045         0.00000     0.00000     0.00000     0.00000
    -11.895         0.00000     0.00000     0.00000     0.00000
    -11.745         0.00000     0.00000     0.00000     0.00000
    -11.595         0.00000     0.00000     0.00000     0.00000
    -11.445         0.00000     0.00000     0.00000     0.00000
    -11.295         0.00000     0.00000     0.00000     0.00000
    -11.145         0.00000     0.00000     0.00000     0.00000
    -10.995         0.00000     0.00000     0.00000     0.00000
    -10.845         0.00000     0.00000     0.00000     0.00000
    -10.695         0.00000     0.00000     0.00000     0.00000
    -10.545         0.00000     0.00000     0.00000     0.00000
    -10.395         0.00000     0.00000     0.00000     0.00000
    -10.245         0.00000     0.00000     0.00000     0.00000
    -10.095         0.00000     0.00000     0.00000     0.00000
    -9.9450         0.00000     0.00000     0.00000     0.00000
    -9.7950         0.00000     0.00000     0.00000     0.00000
    -9.6450         0.00000     0.00000     0.00000     0.00000
    -9.4950         0.00000     0.00000     0.00000     0.00000
    -9.3450         0.00000     0.00000     0.00000     0.00000
    -9.1950         0.00000     0.00000     0.00000     0.00000
    -9.0450         0.00000     0.00000     0.00000     0.00000
    -8.8950         0.00000     0.00000     0.00000     0.00000
    -8.7450         0.00000     0.00000     0.00000     0.00000
    -8.5950         0.00000     0.00000     0.00000     0.00000
    -8.4450         0.00000     0.00000     0.00000     0.00000
    -8.2950         0.00000     0.00000     0.00000     0.00000
    -8.1450         0.00000     0.00000     0.00000     0.00000
    -7.9950         0.00000     0.00000     0.00000     0.00000
    -7.8450         0.00000     0.00000     0.00000     0.00000
    -7.6950         0.00000     0.00000     0.00000     0.00000
    -7.5450         0.00000     0.00000     0.00000     0.00000
    -7.3950         0.00000     0.00000     0.00000     0.00000
    -7.2450         0.00000     0.00000     0.00000     0.00000
    -7.0950         0.00000     0.00000     0.00000     0.00000
    -6.9450         0.00000     0.00000     0.00000     0.00000
    -6.7950         0.00000     0.00000     0.00000     0.00000
    -6.6450         0.00000     0.00000     0.00000     0.00000
    -6.4950         0.00000     0.00000     0.00000     0.00000
    -6.3450         0.00000     0.00000     0.00000     0.00000
    -6.1950         0.00000     0.00000     0.00000     0.00000
    -6.0450         0.00000     0.00000     0.00000     0.00000
    -5.8950         0.00000     0.00000     0.00000     0.00000
    -5.7450         0.00000     0.00000     0.00000     0.00000
    -5.5950         0.00000     0.00000     0.00000     0.00000
    -5.4450         0.00000     0.00000     0.00000     0.00000
    -5.2950         0.00000     0.00000     0.00000     0.00000
    -5.1450         0.00000     0.00000     0.00000     0.00000
    -4.9950         0.00000     0.00000     0.00000     0.00000
    -4.8450         0.00000     0.00000     0.00000     0.00000
    -4.6950         0.00000     0.00000     0.00000     0.00000
    -4.5450         0.00000     0.00000     0.00000     0.00000
    -4.3950         0.00000     0.00000     0.00000     0.00000
    -4.2450         0.00000     0.00000     0.00000     0.00000
    -4.0950         0.00000     0.00000     0.00000     0.00000
    -3.9450         0.00000     0.00000     0.00000     0.00000
    -3.7950         0.00000     0.00000     0.00000     0.00000
    -3.6450         0.00000     0.00000     0.00000     0.00000
    -3.4950         0.00000     0.00000     0.00000     0.00000
    -3.3450         0.00000     0.00000     0.00000     0.00000
    -3.1950         0.00000     0.00000     0.00000     0.00000
    -3.0450         0.00000     0.00000     0.00000     0.00000
    -2.8950         0.00000     0.00000     0.00000     0.00000
    -2.7450         0.00000     0.00000     0.00000     0.00000
    -2.5950         0.00000     0.00000     0.00000     0.00000
    -2.4450         0.00000     0.00000     0.00000     0.00000
    -2.2950         0.00000     0.00000     0.00000     0.00000
    -2.1450         0.00000     0.00000     0.00000     0.00000
    -1.9950         0.00000     0.00000     0.00000     0.00000
    -1.8450         0.00000     0.00000     0.00000     0.00000
    -1.6950         0.00000     0.00000     0.00000     0.00000
    -1.5450         0.00000     0.00000     0.00000     0.00000
    -1.3950         0.00000     0.00000     0.00000     0.00000
    -1.2450         0.00002     0.00002     0.00000     0.00000
    -1.0950        -0.00015     0.00009     0.00004    -0.00028
   -0.94500        -0.00423    -0.00015    -0.00102    -0.00306
   -0.79500        -0.03430    -0.00090    -0.00967    -0.02372
   -0.64500        -0.22828    -0.00289    -0.03225    -0.19314
   -0.49500        -1.28266    -0.00733    -0.05309    -1.22224
   -0.34500        -3.74142    -0.01514    -0.06977    -3.65651
   -0.22700        -4.42837    -0.01884    -0.07513    -4.33440
   -0.21300        -4.50149    -0.01929    -0.07587    -4.40633
   -0.20700        -4.57360    -0.01971    -0.07663    -4.47726
   -0.20100        -4.64594    -0.02018    -0.07733    -4.54843
   -0.19500        -4.71650    -0.02071    -0.07801    -4.61778
   -0.18900        -4.78604    -0.02120    -0.07879    -4.68606
   -0.18300        -4.85624    -0.02170    -0.07957    -4.75496
   -0.17700        -4.92434    -0.02230    -0.08017    -4.82187
   -0.17100        -4.99290    -0.02288    -0.08095    -4.88908
   -0.16500        -5.06036    -0.02348    -0.08173    -4.95515
   -0.15900        -5.12793    -0.02409    -0.08256    -5.02128
   -0.15300        -5.19525    -0.02468    -0.08349    -5.08708
   -0.14700        -5.26264    -0.02530    -0.08433    -5.15302
   -0.14100        -5.33041    -0.02601    -0.08520    -5.21920
   -0.13500        -5.39767    -0.02666    -0.08599    -5.28501
   -0.12900        -5.46609    -0.02732    -0.08695    -5.35182
   -0.12300        -5.53513    -0.02812    -0.08801    -5.41899
   -0.11700        -5.60531    -0.02889    -0.08909    -5.48734
   -0.11100        -5.67653    -0.02971    -0.09022    -5.55660
   -0.10500        -5.74913    -0.03049    -0.09146    -5.62717
   -0.99000E-01    -5.82270    -0.03145    -0.09281    -5.69844
   -0.93000E-01    -5.89892    -0.03237    -0.09430    -5.77225
   -0.87000E-01    -5.97625    -0.03326    -0.09576    -5.84722
   -0.81000E-01    -6.05685    -0.03426    -0.09735    -5.92524
   -0.75000E-01    -6.14125    -0.03533    -0.09899    -6.00694
   -0.69000E-01    -6.23021    -0.03646    -0.10072    -6.09303
   -0.63000E-01    -6.32425    -0.03770    -0.10259    -6.18396
   -0.57000E-01    -6.42573    -0.03913    -0.10460    -6.28200
   -0.51000E-01    -6.53737    -0.04075    -0.10679    -6.38983
   -0.45000E-01    -6.66152    -0.04252    -0.10917    -6.50984
   -0.39000E-01    -6.80016    -0.04443    -0.11185    -6.64388
   -0.33000E-01    -6.95417    -0.04661    -0.11490    -6.79266
   -0.27000E-01    -7.12469    -0.04939    -0.11855    -6.95676
   -0.21300E-01    -7.25200    -0.05165    -0.12160    -7.07875
   -0.19500E-01    -7.27139    -0.05202    -0.12213    -7.09724
   -0.18900E-01    -7.29116    -0.05240    -0.12263    -7.11613
   -0.18300E-01    -7.31118    -0.05277    -0.12316    -7.13524
   -0.17700E-01    -7.33169    -0.05318    -0.12373    -7.15478
   -0.17100E-01    -7.35222    -0.05359    -0.12433    -7.17431
   -0.16500E-01    -7.37323    -0.05403    -0.12494    -7.19426
   -0.15900E-01    -7.39468    -0.05450    -0.12560    -7.21458
   -0.15300E-01    -7.41638    -0.05499    -0.12626    -7.23512
   -0.14700E-01    -7.43849    -0.05548    -0.12697    -7.25604
   -0.14100E-01    -7.46111    -0.05599    -0.12773    -7.27738
   -0.13500E-01    -7.48405    -0.05653    -0.12856    -7.29895
   -0.12900E-01    -7.50770    -0.05711    -0.12945    -7.32113
   -0.12300E-01    -7.53190    -0.05773    -0.13040    -7.34377
   -0.11700E-01    -7.55665    -0.05837    -0.13141    -7.36686
   -0.11100E-01    -7.58208    -0.05903    -0.13254    -7.39051
   -0.10500E-01    -7.60808    -0.05972    -0.13373    -7.41463
   -0.99000E-02    -7.63498    -0.06047    -0.13505    -7.43946
   -0.93000E-02    -7.66274    -0.06126    -0.13651    -7.46497
   -0.87000E-02    -7.69124    -0.06210    -0.13816    -7.49098
   -0.81000E-02    -7.72078    -0.06300    -0.13996    -7.51782
   -0.75000E-02    -7.75125    -0.06395    -0.14200    -7.54531
   -0.69000E-02    -7.78295    -0.06498    -0.14433    -7.57364
   -0.63000E-02    -7.81591    -0.06610    -0.14702    -7.60278
   -0.57000E-02    -7.85025    -0.06731    -0.15020    -7.63274
   -0.51000E-02    -7.88606    -0.06864    -0.15397    -7.66344
   -0.45000E-02    -7.92348    -0.07009    -0.15866    -7.69473
   -0.39000E-02    -7.96277    -0.07168    -0.16466    -7.72644
   -0.33000E-02    -8.00469    -0.07339    -0.17297    -7.75832
   -0.27000E-02    -8.05135    -0.07524    -0.18595    -7.79016
   -0.21000E-02    -8.10830    -0.07726    -0.20887    -7.82218
   -0.15000E-02    -8.18111    -0.07936    -0.24479    -7.85697
   -0.90000E-03    -8.25340    -0.08132    -0.26272    -7.90936
   -0.30000E-03    -9.71285    -0.08251    -0.26524    -9.36510
    0.30000E-03    -8.25589    -0.07998    -0.26408    -7.91183
    0.90000E-03    -8.19773    -0.06223    -0.26216    -7.87334
    0.15000E-02    -8.14972    -0.02687    -0.26014    -7.86271
    0.21000E-02    -8.12172    -0.00384    -0.25818    -7.85970
    0.27000E-02    -8.10592     0.00934    -0.25639    -7.85887
    0.33000E-02    -8.09551     0.01787    -0.25474    -7.85864
    0.39000E-02    -8.08777     0.02404    -0.25324    -7.85858
    0.45000E-02    -8.08158     0.02882    -0.25184    -7.85856
    0.51000E-02    -8.07641     0.03271    -0.25057    -7.85854
    0.57000E-02    -8.07199     0.03593    -0.24939    -7.85853
    0.63000E-02    -8.06823     0.03864    -0.24834    -7.85852
    0.69000E-02    -8.06490     0.04098    -0.24737    -7.85851
    0.75000E-02    -8.06193     0.04303    -0.24646    -7.85850
    0.81000E-02    -8.05925     0.04488    -0.24564    -7.85848
    0.87000E-02    -8.05685     0.04649    -0.24486    -7.85847
    0.93000E-02    -8.05463     0.04794    -0.24412    -7.85846
    0.99000E-02    -8.05263     0.04924    -0.24343    -7.85844
    0.10500E-01    -8.05078     0.05043    -0.24279    -7.85842
    0.11100E-01    -8.04909     0.05153    -0.24222    -7.85840
    0.11700E-01    -8.04755     0.05252    -0.24169    -7.85839
    0.12300E-01    -8.04612     0.05344    -0.24119    -7.85837
    0.12900E-01    -8.04478     0.05429    -0.24073    -7.85834
    0.13500E-01    -8.04355     0.05507    -0.24030    -7.85832
    0.14100E-01    -8.04236     0.05580    -0.23987    -7.85830
    0.14700E-01    -8.04130     0.05647    -0.23949    -7.85828
    0.15300E-01    -8.04027     0.05713    -0.23914    -7.85826
    0.15900E-01    -8.03932     0.05773    -0.23881    -7.85824
    0.16500E-01    -8.03843     0.05829    -0.23851    -7.85821
    0.17100E-01    -8.03760     0.05880    -0.23821    -7.85819
    0.17700E-01    -8.03680     0.05928    -0.23792    -7.85815
    0.18300E-01    -8.03607     0.05972    -0.23767    -7.85813
    0.18900E-01    -8.03538     0.06014    -0.23742    -7.85810
    0.19500E-01    -8.03467     0.06057    -0.23717    -7.85807
    0.21300E-01    -8.03080     0.06297    -0.23594    -7.85783
    0.27000E-01    -8.02710     0.06530    -0.23496    -7.85745
    0.33000E-01    -8.02462     0.06675    -0.23442    -7.85694
    0.39000E-01    -8.02280     0.06775    -0.23417    -7.85639
    0.45000E-01    -8.02141     0.06844    -0.23404    -7.85580
    0.51000E-01    -8.02016     0.06890    -0.23397    -7.85510
    0.57000E-01    -8.01902     0.06924    -0.23393    -7.85432
    0.63000E-01    -8.01797     0.06940    -0.23391    -7.85346
    0.69000E-01    -8.01697     0.06956    -0.23389    -7.85263
    0.75000E-01    -8.01582     0.06968    -0.23388    -7.85161
    0.81000E-01    -8.01470     0.06973    -0.23378    -7.85066
    0.87000E-01    -8.01341     0.06979    -0.23369    -7.84951
    0.93000E-01    -8.01213     0.06983    -0.23360    -7.84836
    0.99000E-01    -8.01082     0.06988    -0.23352    -7.84717
    0.10500        -8.00939     0.07004    -0.23345    -7.84598
    0.11100        -8.00785     0.07017    -0.23337    -7.84465
    0.11700        -8.00641     0.07019    -0.23330    -7.84331
    0.12300        -8.00477     0.07020    -0.23322    -7.84175
    0.12900        -8.00325     0.07022    -0.23314    -7.84032
    0.13500        -8.00151     0.07030    -0.23307    -7.83874
    0.14100        -8.00000     0.07032    -0.23306    -7.83726
    0.14700        -7.99829     0.07034    -0.23299    -7.83563
    0.15300        -7.99653     0.07041    -0.23292    -7.83402
    0.15900        -7.99482     0.07043    -0.23285    -7.83240
    0.16500        -7.99292     0.07049    -0.23278    -7.83063
    0.17100        -7.99097     0.07056    -0.23271    -7.82882
    0.17700        -7.98910     0.07058    -0.23264    -7.82704
    0.18300        -7.98736     0.07060    -0.23262    -7.82534
    0.18900        -7.98550     0.07062    -0.23255    -7.82356
    0.19500        -7.98370     0.07068    -0.23254    -7.82185
    0.20100        -7.98159     0.07075    -0.23247    -7.81987
    0.20700        -7.97953     0.07081    -0.23240    -7.81794
    0.21300        -7.97760     0.07088    -0.23233    -7.81615
    0.22700        -7.95914     0.07101    -0.23173    -7.79842
    0.34500        -7.89534     0.07145    -0.23078    -7.73602
    0.49500        -7.82759     0.07199    -0.23012    -7.66946
    0.64500        -7.75799     0.07250    -0.22950    -7.60099
    0.79500        -7.68649     0.07332    -0.22838    -7.53143
    0.94500        -7.61566     0.07383    -0.22735    -7.46214
     1.0950        -7.54409     0.07449    -0.22640    -7.39219
     1.2450        -7.47330     0.07508    -0.22551    -7.32287
     1.3950        -7.40408     0.07563    -0.22469    -7.25502
     1.5450        -7.33586     0.07613    -0.22391    -7.18809
     1.6950        -7.26988     0.07664    -0.22317    -7.12336
     1.8450        -7.20586     0.07710    -0.22247    -7.06048
     1.9950        -7.14373     0.07752    -0.22181    -6.99944
     2.1450        -7.08397     0.07792    -0.22118    -6.94071
     2.2950        -7.02633     0.07829    -0.22059    -6.88402
     2.4450        -6.97085     0.07864    -0.22002    -6.82947
     2.5950        -6.91723     0.07898    -0.21948    -6.77673
     2.7450        -6.86568     0.07930    -0.21895    -6.72602
     2.8950        -6.81557     0.07962    -0.21845    -6.67674
     3.0450        -6.76745     0.07992    -0.21796    -6.62940
     3.1950        -6.72149     0.08021    -0.21750    -6.58419
     3.3450        -6.67711     0.08048    -0.21705    -6.54053
     3.4950        -6.63438     0.08074    -0.21662    -6.49850
     3.6450        -6.59294     0.08099    -0.21620    -6.45773
     3.7950        -6.55292     0.08125    -0.21580    -6.41837
     3.9450        -6.51426     0.08148    -0.21540    -6.38035
     4.0950        -6.47681     0.08172    -0.21501    -6.34352
     4.2450        -6.44070     0.08195    -0.21464    -6.30800
     4.3950        -6.40561     0.08217    -0.21428    -6.27350
     4.5450        -6.37166     0.08237    -0.21393    -6.24010
     4.6950        -6.33849     0.08258    -0.21359    -6.20748
     4.8450        -6.30645     0.08278    -0.21326    -6.17597
     4.9950        -6.27521     0.08297    -0.21293    -6.14525
     5.1450        -6.24493     0.08316    -0.21262    -6.11547
     5.2950        -6.21541     0.08334    -0.21232    -6.08643
     5.4450        -6.18667     0.08352    -0.21201    -6.05818
     5.5950        -6.15861     0.08369    -0.21172    -6.03059
     5.7450        -6.13125     0.08386    -0.21143    -6.00368
     5.8950        -6.10461     0.08403    -0.21115    -5.97749
     6.0450        -6.07857     0.08419    -0.21087    -5.95189
     6.1950        -6.05315     0.08435    -0.21061    -5.92690
     6.3450        -6.02827     0.08451    -0.21034    -5.90243
     6.4950        -6.00396     0.08466    -0.21009    -5.87853
     6.6450        -5.98016     0.08480    -0.20983    -5.85513
     6.7950        -5.95561     0.08495    -0.20958    -5.83097
     6.9450        -5.93276     0.08509    -0.20934    -5.80851
     7.0950        -5.91042     0.08523    -0.20910    -5.78654
     7.2450        -5.88853     0.08536    -0.20887    -5.76503
     7.3950        -5.86698     0.08550    -0.20864    -5.74385
     7.5450        -5.84591     0.08563    -0.20841    -5.72314
     7.6950        -5.82524     0.08577    -0.20819    -5.70282
     7.8450        -5.80495     0.08589    -0.20797    -5.68287
     7.9950        -5.78509     0.08602    -0.20776    -5.66336
     8.1450        -5.76556     0.08615    -0.20755    -5.64416
     8.2950        -5.74634     0.08627    -0.20734    -5.62527
     8.4450        -5.72747     0.08640    -0.20714    -5.60673
     8.5950        -5.70892     0.08651    -0.20694    -5.58849
     8.7450        -5.69069     0.08663    -0.20675    -5.57058
     8.8950        -5.67277     0.08674    -0.20655    -5.55295
     9.0450        -5.65516     0.08685    -0.20636    -5.53566
     9.1950        -5.63782     0.08696    -0.20616    -5.51862
     9.3450        -5.62076     0.08707    -0.20598    -5.50185
     9.4950        -5.60397     0.08718    -0.20580    -5.48534
     9.6450        -5.58742     0.08728    -0.20562    -5.46908
     9.7950        -5.57116     0.08738    -0.20544    -5.45309
     9.9450        -5.55509     0.08749    -0.20527    -5.43731
     10.095        -5.53927     0.08759    -0.20509    -5.42176
     10.245        -5.52370     0.08768    -0.20492    -5.40646
     10.395        -5.50838     0.08778    -0.20476    -5.39141
     10.545        -5.49324     0.08788    -0.20459    -5.37653
     10.695        -5.47832     0.08797    -0.20443    -5.36187
     10.845        -5.46359     0.08807    -0.20427    -5.34739
     10.995        -5.44906     0.08816    -0.20411    -5.33311
     11.145        -5.43471     0.08825    -0.20395    -5.31902
     11.295        -5.42056     0.08834    -0.20379    -5.30512
     11.445        -5.40660     0.08843    -0.20364    -5.29139
     11.595        -5.39281     0.08852    -0.20349    -5.27784
     11.745        -5.37923     0.08861    -0.20334    -5.26449
     11.895        -5.36575     0.08869    -0.20319    -5.25126
     12.045        -5.35253     0.08878    -0.20304    -5.23826
     12.195        -5.33943     0.08886    -0.20290    -5.22540
     12.345        -5.32652     0.08895    -0.20275    -5.21271
     12.495        -5.31377     0.08902    -0.20262    -5.20018
     12.645        -5.30115     0.08911    -0.20248    -5.18778
     12.795        -5.28867     0.08919    -0.20234    -5.17552
     12.945        -5.27633     0.08926    -0.20220    -5.16339
     13.095        -5.26417     0.08934    -0.20206    -5.15145
     13.245        -5.25217     0.08942    -0.20193    -5.13965
     13.395        -5.24023     0.08949    -0.20180    -5.12792
     13.545        -5.22851     0.08956    -0.20167    -5.11640
     13.695        -5.21689     0.08964    -0.20154    -5.10498
     13.845        -5.20538     0.08971    -0.20141    -5.09367
     13.995        -5.19399     0.08978    -0.20129    -5.08248
     14.145        -5.18274     0.08985    -0.20116    -5.07143
     14.295        -5.17163     0.08992    -0.20104    -5.06052
     14.445        -5.16063     0.08999    -0.20092    -5.04971
     14.595        -5.14975     0.09006    -0.20080    -5.03901
     14.745        -5.13898     0.09013    -0.20068    -5.02844
     14.895        -5.12831     0.09020    -0.20056    -5.01795
     15.045        -5.11773     0.09027    -0.20044    -5.00756
     15.195        -5.10729     0.09034    -0.20032    -4.99730
     15.345        -5.09694     0.09040    -0.20021    -4.98714
     15.495        -5.08668     0.09046    -0.20009    -4.97705
     15.645        -5.07657     0.09053    -0.19998    -4.96712
     15.795        -5.06651     0.09060    -0.19987    -4.95723
     15.945        -5.05659     0.09066    -0.19976    -4.94750
     16.095        -5.04676     0.09073    -0.19965    -4.93784
     16.245        -5.03699     0.09079    -0.19953    -4.92825
     16.395        -5.02729     0.09085    -0.19942    -4.91871
     16.545        -5.01770     0.09092    -0.19932    -4.90930
     16.695        -5.00823     0.09098    -0.19921    -4.90000
     16.845        -4.99887     0.09104    -0.19911    -4.89080
     16.995        -4.98955     0.09110    -0.19900    -4.88165
     17.145        -4.98032     0.09116    -0.19889    -4.87258
     17.295        -4.97122     0.09122    -0.19879    -4.86365
     17.445        -4.96215     0.09127    -0.19869    -4.85473
     17.595        -4.95316     0.09133    -0.19859    -4.84591
     17.745        -4.94428     0.09139    -0.19849    -4.83719
     17.895        -4.93547     0.09145    -0.19839    -4.82853
     18.045        -4.92671     0.09150    -0.19829    -4.81992
     18.195        -4.91801     0.09156    -0.19819    -4.81137
     18.345        -4.90942     0.09161    -0.19809    -4.80294
     18.495        -4.90089     0.09166    -0.19800    -4.79456
     18.645        -4.89242     0.09172    -0.19790    -4.78624
     18.795        -4.88403     0.09177    -0.19781    -4.77799
     18.945        -4.87571     0.09183    -0.19771    -4.76982
     19.095        -4.86746     0.09188    -0.19762    -4.76173
     19.245        -4.85927     0.09193    -0.19752    -4.75368
     19.395        -4.85113     0.09198    -0.19743    -4.74568
     19.545        -4.84308     0.09203    -0.19734    -4.73777
     19.695        -4.83508     0.09209    -0.19725    -4.72991
     19.845        -4.82712     0.09214    -0.19716    -4.72210
     19.995        -4.81925     0.09219    -0.19707    -4.71437
     20.145        -4.81147     0.09224    -0.19698    -4.70672
     20.295        -4.80377     0.09229    -0.19690    -4.69916
     20.445        -4.79607     0.09234    -0.19681    -4.69160
     20.595        -4.78849     0.09239    -0.19673    -4.68415
     20.745        -4.78093     0.09243    -0.19664    -4.67673
     20.895        -4.77344     0.09248    -0.19656    -4.66936
     21.045        -4.76598     0.09253    -0.19647    -4.66203
     21.195        -4.75859     0.09257    -0.19639    -4.65477
     21.345        -4.75126     0.09262    -0.19631    -4.64758
     21.495        -4.74398     0.09267    -0.19622    -4.64043
     21.645        -4.73678     0.09272    -0.19614    -4.63336
     21.795        -4.72959     0.09276    -0.19606    -4.62629
     21.945        -4.72247     0.09281    -0.19598    -4.61930
     22.095        -4.71540     0.09286    -0.19590    -4.61235
     22.245        -4.70837     0.09290    -0.19582    -4.60544
     22.395        -4.70137     0.09295    -0.19574    -4.59858
     22.545        -4.69445     0.09299    -0.19566    -4.59178
     22.695        -4.68758     0.09304    -0.19559    -4.58503
     22.845        -4.68074     0.09308    -0.19551    -4.57831
     22.995        -4.67398     0.09312    -0.19543    -4.57167
     23.145        -4.66723     0.09316    -0.19536    -4.56504
     23.295        -4.66054     0.09321    -0.19528    -4.55847
     23.445        -4.65389     0.09325    -0.19521    -4.55194
     23.595        -4.64726     0.09329    -0.19513    -4.54542
     23.745        -4.64067     0.09333    -0.19506    -4.53895
     23.895        -4.63412     0.09338    -0.19498    -4.53252
     24.045        -4.62764     0.09342    -0.19491    -4.52615
     24.195        -4.62120     0.09346    -0.19484    -4.51982
     24.345        -4.61481     0.09350    -0.19476    -4.51355
     24.495        -4.60848     0.09354    -0.19469    -4.50734
     24.645        -4.60214     0.09358    -0.19462    -4.50111
     24.795        -4.59585     0.09362    -0.19454    -4.49493
     24.945        -4.58960     0.09366    -0.19447    -4.48879
     25.095        -4.58342     0.09370    -0.19440    -4.48272
     25.245        -4.57731     0.09374    -0.19433    -4.47672
     25.395        -4.57120     0.09378    -0.19426    -4.47072
     25.545        -4.56512     0.09382    -0.19419    -4.46475
     25.695        -4.55907     0.09386    -0.19412    -4.45881
     25.845        -4.55307     0.09390    -0.19405    -4.45292
     25.995        -4.54711     0.09394    -0.19398    -4.44706
     26.145        -4.54118     0.09397    -0.19392    -4.44123
     26.295        -4.53529     0.09401    -0.19385    -4.43545
     26.445        -4.52941     0.09405    -0.19378    -4.42968
     26.595        -4.52357     0.09409    -0.19372    -4.42394
     26.745        -4.51779     0.09413    -0.19365    -4.41826
     26.895        -4.51203     0.09416    -0.19358    -4.41261
     27.045        -4.50630     0.09420    -0.19352    -4.40698
     27.195        -4.50062     0.09424    -0.19346    -4.40141
     27.345        -4.49496     0.09428    -0.19339    -4.39585
     27.495        -4.48932     0.09431    -0.19332    -4.39031
     27.645        -4.48373     0.09435    -0.19326    -4.38482
     27.795        -4.47819     0.09439    -0.19320    -4.37938
     27.945        -4.47265     0.09442    -0.19313    -4.37395
     28.095        -4.46714     0.09446    -0.19307    -4.36853
     28.245        -4.46168     0.09449    -0.19300    -4.36317
     28.395        -4.45626     0.09453    -0.19294    -4.35784
     28.545        -4.45084     0.09456    -0.19288    -4.35252
     28.695        -4.44548     0.09460    -0.19282    -4.34725
     28.845        -4.44012     0.09463    -0.19276    -4.34200
     28.995        -4.43481     0.09467    -0.19270    -4.33678
     29.145        -4.42954     0.09470    -0.19264    -4.33161
     29.295        -4.42428     0.09474    -0.19258    -4.32644
     29.445        -4.41904     0.09477    -0.19252    -4.32129
     29.595        -4.41384     0.09480    -0.19246    -4.31618
     29.745        -4.40866     0.09484    -0.19240    -4.31110
     29.895        -4.40352     0.09487    -0.19234    -4.30605
     30.045        -4.39839     0.09490    -0.19228    -4.30101
     30.195        -4.39331     0.09494    -0.19222    -4.29602
     30.345        -4.38825     0.09497    -0.19217    -4.29106
     30.495        -4.38322     0.09501    -0.19211    -4.28611
     30.645        -4.37821     0.09504    -0.19205    -4.28120
     30.795        -4.37323     0.09507    -0.19200    -4.27630
     30.945        -4.36827     0.09510    -0.19195    -4.27143
     31.095        -4.36333     0.09514    -0.19189    -4.26658
     31.245        -4.35840     0.09517    -0.19183    -4.26174
     31.395        -4.35352     0.09520    -0.19177    -4.25695
     31.545        -4.34866     0.09523    -0.19172    -4.25218
     31.695        -4.34382     0.09526    -0.19166    -4.24742
     31.845        -4.33901     0.09529    -0.19161    -4.24269
     31.995        -4.33424     0.09532    -0.19156    -4.23801
     32.145        -4.32947     0.09536    -0.19150    -4.23332
     32.295        -4.32474     0.09539    -0.19145    -4.22868
     32.445        -4.32001     0.09542    -0.19139    -4.22403
     32.595        -4.31533     0.09545    -0.19134    -4.21944
     32.745        -4.31068     0.09548    -0.19129    -4.21487
     32.895        -4.30605     0.09551    -0.19124    -4.21033
     33.045        -4.30143     0.09554    -0.19118    -4.20579
     33.195        -4.29681     0.09557    -0.19113    -4.20125
     33.345        -4.29226     0.09560    -0.19108    -4.19678
     33.495        -4.28770     0.09563    -0.19103    -4.19231
     33.645        -4.28317     0.09566    -0.19098    -4.18786
     33.795        -4.27864     0.09569    -0.19093    -4.18340
     33.945        -4.27412     0.09572    -0.19087    -4.17897
     34.095        -4.26965     0.09575    -0.19082    -4.17458
     34.245        -4.26522     0.09578    -0.19077    -4.17023
     34.395        -4.26079     0.09581    -0.19072    -4.16587
     34.545        -4.25637     0.09584    -0.19067    -4.16153
     34.695        -4.25196     0.09587    -0.19062    -4.15721
     34.845        -4.24758     0.09589    -0.19057    -4.15291
     34.995        -4.24324     0.09592    -0.19052    -4.14864
     35.145        -4.23892     0.09595    -0.19047    -4.14440
     35.295        -4.23462     0.09598    -0.19042    -4.14018
     35.445        -4.23032     0.09601    -0.19037    -4.13595
     35.595        -4.22604     0.09604    -0.19032    -4.13176
     35.745        -4.22179     0.09607    -0.19027    -4.12759
     35.895        -4.21757     0.09609    -0.19022    -4.12344
     36.045        -4.21335     0.09612    -0.19017    -4.11930
     36.195        -4.20916     0.09615    -0.19012    -4.11519
     36.345        -4.20496     0.09617    -0.19007    -4.11107
     36.495        -4.20083     0.09620    -0.19002    -4.10701
     36.645        -4.19669     0.09623    -0.18998    -4.10295
     36.795        -4.19259     0.09625    -0.18993    -4.09892
     36.945        -4.18851     0.09628    -0.18988    -4.09491
     37.095        -4.18443     0.09631    -0.18983    -4.09090
     37.245        -4.18036     0.09633    -0.18979    -4.08691
     37.395        -4.17633     0.09636    -0.18974    -4.08295
     37.545        -4.17230     0.09638    -0.18969    -4.07899
     37.695        -4.16829     0.09641    -0.18965    -4.07505
     37.845        -4.16427     0.09644    -0.18960    -4.07111
     37.995        -4.16028     0.09647    -0.18955    -4.06719
     38.145        -4.15630     0.09649    -0.18951    -4.06328
     38.295        -4.15236     0.09652    -0.18946    -4.05941
     38.445        -4.14842     0.09654    -0.18942    -4.05555
     38.595        -4.14450     0.09657    -0.18937    -4.05170
     38.745        -4.14060     0.09659    -0.18933    -4.04786
     38.895        -4.13671     0.09662    -0.18928    -4.04404
     39.045        -4.13285     0.09664    -0.18924    -4.04025
     39.195        -4.12900     0.09667    -0.18919    -4.03647
     39.345        -4.12517     0.09669    -0.18915    -4.03272
     39.495        -4.12137     0.09672    -0.18911    -4.02898
     39.645        -4.11757     0.09674    -0.18906    -4.02525
     39.795        -4.11379     0.09677    -0.18902    -4.02153
     39.945        -4.11003     0.09679    -0.18898    -4.01785
     40.095        -4.10625     0.09682    -0.18893    -4.01414
     40.245        -4.10251     0.09684    -0.18889    -4.01046
     40.395        -4.09879     0.09687    -0.18885    -4.00680
     40.545        -4.09507     0.09689    -0.18881    -4.00316
     40.695        -4.09138     0.09692    -0.18876    -3.99953
     40.845        -4.08768     0.09694    -0.18872    -3.99589
     40.995        -4.08400     0.09696    -0.18868    -3.99229
     41.145        -4.08034     0.09698    -0.18864    -3.98869
     41.295        -4.07671     0.09701    -0.18860    -3.98512
     41.445        -4.07309     0.09703    -0.18855    -3.98156
     41.595        -4.06948     0.09705    -0.18851    -3.97802
     41.745        -4.06587     0.09708    -0.18847    -3.97448
     41.895        -4.06230     0.09710    -0.18843    -3.97097
     42.045        -4.05874     0.09712    -0.18839    -3.96748
     42.195        -4.05517     0.09715    -0.18835    -3.96397
     42.345        -4.05163     0.09717    -0.18830    -3.96050
     42.495        -4.04811     0.09720    -0.18827    -3.95704
     42.645        -4.04459     0.09722    -0.18822    -3.95358
     42.795        -4.04109     0.09724    -0.18818    -3.95015
     42.945        -4.03761     0.09727    -0.18814    -3.94674
     43.095        -4.03415     0.09729    -0.18810    -3.94334
     43.245        -4.03067     0.09731    -0.18806    -3.93992
     43.395        -4.02720     0.09734    -0.18802    -3.93652
     43.545        -4.02376     0.09736    -0.18798    -3.93314
     43.695        -4.02035     0.09738    -0.18794    -3.92979
     43.845        -4.01696     0.09740    -0.18790    -3.92646
     43.995        -4.01356     0.09743    -0.18786    -3.92313
     44.145        -4.01018     0.09745    -0.18782    -3.91981
     44.295        -4.00680     0.09747    -0.18778    -3.91649
     44.445        -4.00344     0.09749    -0.18774    -3.91320
     44.595        -4.00012     0.09752    -0.18770    -3.90993
     44.745        -3.99677     0.09754    -0.18766    -3.90664
     44.895        -3.99345     0.09756    -0.18763    -3.90338
     45.045        -3.99014     0.09758    -0.18759    -3.90013
     45.195        -3.98684     0.09760    -0.18755    -3.89689
     45.345        -3.98355     0.09763    -0.18751    -3.89366
     45.495        -3.98029     0.09765    -0.18748    -3.89046
     45.645        -3.97700     0.09767    -0.18744    -3.88723
     45.795        -3.97374     0.09769    -0.18740    -3.88403
     45.945        -3.97050     0.09771    -0.18736    -3.88085
     46.095        -3.96727     0.09774    -0.18732    -3.87768
     46.245        -3.96405     0.09776    -0.18729    -3.87452
     46.395        -3.96083     0.09778    -0.18725    -3.87137
     46.545        -3.95767     0.09780    -0.18721    -3.86825
     46.695        -3.95448     0.09782    -0.18718    -3.86513
     46.845        -3.95131     0.09784    -0.18714    -3.86202
     46.995        -3.94814     0.09786    -0.18710    -3.85890
     47.145        -3.94499     0.09788    -0.18707    -3.85581
     47.295        -3.94185     0.09791    -0.18703    -3.85272
     47.445        -3.93872     0.09793    -0.18699    -3.84965
     47.595        -3.93560     0.09795    -0.18696    -3.84659
     47.745        -3.93249     0.09797    -0.18692    -3.84353
     47.895        -3.92939     0.09799    -0.18689    -3.84049
     48.045        -3.92631     0.09801    -0.18685    -3.83747
     48.195        -3.92323     0.09803    -0.18681    -3.83445
     48.345        -3.92016     0.09805    -0.18678    -3.83143
     48.495        -3.91711     0.09807    -0.18674    -3.82844
     48.645        -3.91405     0.09809    -0.18671    -3.82544
     48.795        -3.91103     0.09811    -0.18667    -3.82247
     48.945        -3.90800     0.09813    -0.18664    -3.81950
     49.095        -3.90499     0.09815    -0.18660    -3.81654
     49.245        -3.90198     0.09817    -0.18657    -3.81358
     49.395        -3.89899     0.09819    -0.18653    -3.81065
     49.545        -3.89600     0.09821    -0.18650    -3.80771
     49.695        -3.89301     0.09823    -0.18646    -3.80478
     49.845        -3.89005     0.09825    -0.18643    -3.80187
     49.995        -3.88710     0.09827    -0.18639    -3.79898
     50.145        -3.88418     0.09829    -0.18636    -3.79611
     50.295        -3.88124     0.09831    -0.18632    -3.79323
     50.445        -3.87832     0.09833    -0.18629    -3.79036
     50.595        -3.87541     0.09835    -0.18626    -3.78750
     50.745        -3.87251     0.09837    -0.18622    -3.78465
     50.895        -3.86959     0.09839    -0.18619    -3.78179
     51.045        -3.86669     0.09840    -0.18616    -3.77894
     51.195        -3.86382     0.09842    -0.18612    -3.77612
     51.345        -3.86094     0.09844    -0.18609    -3.77329
     51.495        -3.85806     0.09846    -0.18606    -3.77046
     51.645        -3.85521     0.09848    -0.18603    -3.76767
     51.795        -3.85236     0.09850    -0.18599    -3.76486
     51.945        -3.84952     0.09852    -0.18596    -3.76208
     52.095        -3.84668     0.09854    -0.18593    -3.75929
     52.245        -3.84387     0.09855    -0.18589    -3.75653
     52.395        -3.84107     0.09857    -0.18586    -3.75379
     52.545        -3.83826     0.09859    -0.18583    -3.75103
     52.695        -3.83546     0.09861    -0.18580    -3.74827
     52.845        -3.83267     0.09863    -0.18577    -3.74553
     52.995        -3.82990     0.09865    -0.18573    -3.74281
     53.145        -3.82714     0.09867    -0.18570    -3.74011
     53.295        -3.82437     0.09869    -0.18567    -3.73738
     53.445        -3.82161     0.09870    -0.18564    -3.73467
     53.595        -3.81887     0.09872    -0.18560    -3.73199
     53.745        -3.81613     0.09874    -0.18557    -3.72930
     53.895        -3.81339     0.09876    -0.18554    -3.72661
     54.045        -3.81067     0.09878    -0.18551    -3.72394
     54.195        -3.80795     0.09879    -0.18548    -3.72127
     54.345        -3.80525     0.09881    -0.18545    -3.71861
     54.495        -3.80257     0.09883    -0.18542    -3.71598
     54.645        -3.79988     0.09884    -0.18539    -3.71334
     54.795        -3.79721     0.09886    -0.18536    -3.71072
     54.945        -3.79455     0.09888    -0.18533    -3.70810
     55.095        -3.79189     0.09890    -0.18530    -3.70550
     59.433        -3.58361     0.10028    -0.18288    -3.50101
     80.646        -3.28045     0.10231    -0.17933    -3.20343
     111.21        -2.98697     0.10430    -0.17590    -2.91537
     153.36        -2.70379     0.10620    -0.17255    -2.63744
     211.49        -2.43076     0.10806    -0.16935    -2.36947
     291.64        -2.16799     0.10985    -0.16624    -2.11160
     402.18        -1.91529     0.11158    -0.16324    -1.86364
     554.60        -1.67241     0.11326    -0.16036    -1.62532
     764.80        -1.43905     0.11487    -0.15760    -1.39632
     1054.7        -1.21516     0.11640    -0.15494    -1.17663
     1454.4        -1.00013     0.11789    -0.15240    -0.96562
     2005.6        -0.79367     0.11932    -0.14995    -0.76305
     2765.8        -0.59554     0.12069    -0.14762    -0.56861
     3814.0        -0.40539     0.12203    -0.14540    -0.38201
     5259.5        -0.22274     0.12331    -0.14327    -0.20278
     7252.9        -0.04724     0.12453    -0.14121    -0.03056
     10002.         0.12114     0.12572    -0.13924     0.13466
     13793.         0.28290     0.12685    -0.13735     0.29339
     19020.         0.43789     0.12793    -0.13553     0.44548
     26229.         0.58650     0.12896    -0.13379     0.59133
     36170.         0.72866     0.12996    -0.13211     0.73081
     49878.         0.86448     0.13091    -0.13051     0.86408
     68782.         0.99411     0.13181    -0.12895     0.99125
     94851.         1.11777     0.13267    -0.12747     1.11257
    0.13080E+06     1.23562     0.13349    -0.12604     1.22818
    0.18038E+06     1.34792     0.13426    -0.12468     1.33833
    0.24874E+06     1.45478     0.13500    -0.12338     1.44317
    0.34301E+06     1.55659     0.13571    -0.12213     1.54302
    0.47302E+06     1.65338     0.13637    -0.12096     1.63796
    0.65229E+06     1.74544     0.13701    -0.11984     1.72828
    0.89952E+06     1.83299     0.13761    -0.11878     1.81416
    0.12404E+07     1.91621     0.13818    -0.11776     1.89579
    0.17106E+07     1.99532     0.13872    -0.11679     1.97339
    0.23589E+07     2.07049     0.13923    -0.11588     2.04714
    0.32529E+07     2.14189     0.13972    -0.11501     2.11718
    0.44858E+07     2.20978     0.14018    -0.11418     2.18377
    0.61860E+07     2.27433     0.14062    -0.11339     2.24709
    0.85305E+07     2.33564     0.14104    -0.11263     2.30723
    0.11764E+08     2.39392     0.14144    -0.11191     2.36440
    0.16222E+08     2.44932     0.14181    -0.11123     2.41873
    0.22370E+08     2.50189     0.14217    -0.11058     2.47031
    0.30849E+08     2.55174     0.14250    -0.10997     2.51920
    0.42541E+08     2.59883     0.14282    -0.10938     2.56540
    0.58664E+08     2.64304     0.14312    -0.10882     2.60874
    0.80898E+08     2.68451     0.14339    -0.10829     2.64941
    0.11156E+09     2.72355     0.14365    -0.10778     2.68768
    0.15384E+09     2.76030     0.14389    -0.10730     2.72371
    0.21215E+09     2.79490     0.14413    -0.10684     2.75762
    0.29255E+09     2.82751     0.14435    -0.10643     2.78959
    0.40343E+09     2.85825     0.14455    -0.10603     2.81973
    0.55633E+09     2.88722     0.14474    -0.10566     2.84814
    0.76719E+09     2.91435     0.14491    -0.10530     2.87474
    0.10580E+10     2.93876     0.14507    -0.10497     2.89866
    0.14589E+10     2.96104     0.14521    -0.10466     2.92049
    0.20119E+10     2.98154     0.14534    -0.10436     2.94056
    0.27744E+10     3.00044     0.14547    -0.10408     2.95905
    0.38259E+10     3.01782     0.14558    -0.10382     2.97606
    0.52760E+10     3.03390     0.14568    -0.10359     2.99180
    0.72756E+10     3.04872     0.14578    -0.10337     3.00631
    0.10033E+11     3.06236     0.14587    -0.10318     3.01968
    0.13836E+11     3.07499     0.14595    -0.10300     3.03204
    0.19079E+11     3.08664     0.14602    -0.10283     3.04345
    0.26311E+11     3.09737     0.14609    -0.10268     3.05395
    0.36283E+11     3.10727     0.14615    -0.10254     3.06366
    0.50034E+11     3.11644     0.14621    -0.10241     3.07263
    0.68997E+11     3.12488     0.14627    -0.10228     3.08089
    0.10000E+12     3.22603     0.14693    -0.10083     3.17993
