    -99.945         0.00000     0.00000     0.00000     0.00000
    -99.795         0.00000     0.00000     0.00000     0.00000
    -99.645         0.00000     0.00000     0.00000     0.00000
    -99.495         0.00000     0.00000     0.00000     0.00000
    -99.345         0.00000     0.00000     0.00000     0.00000
    -99.195         0.00000     0.00000     0.00000     0.00000
    -99.045         0.00000     0.00000     0.00000     0.00000
    -98.895         0.00000     0.00000     0.00000     0.00000
    -98.745         0.00000     0.00000     0.00000     0.00000
    -98.595         0.00000     0.00000     0.00000     0.00000
    -98.445         0.00000     0.00000     0.00000     0.00000
    -98.295         0.00000     0.00000     0.00000     0.00000
    -98.145         0.00000     0.00000     0.00000     0.00000
    -97.995         0.00000     0.00000     0.00000     0.00000
    -97.845         0.00000     0.00000     0.00000     0.00000
    -97.695         0.00000     0.00000     0.00000     0.00000
    -97.545         0.00000     0.00000     0.00000     0.00000
    -97.395         0.00000     0.00000     0.00000     0.00000
    -97.245         0.00000     0.00000     0.00000     0.00000
    -97.095         0.00000     0.00000     0.00000     0.00000
    -96.945         0.00000     0.00000     0.00000     0.00000
    -96.795         0.00000     0.00000     0.00000     0.00000
    -96.645         0.00000     0.00000     0.00000     0.00000
    -96.495         0.00000     0.00000     0.00000     0.00000
    -96.345         0.00000     0.00000     0.00000     0.00000
    -96.195         0.00000     0.00000     0.00000     0.00000
    -96.045         0.00000     0.00000     0.00000     0.00000
    -95.895         0.00000     0.00000     0.00000     0.00000
    -95.745         0.00000     0.00000     0.00000     0.00000
    -95.595         0.00000     0.00000     0.00000     0.00000
    -95.445         0.00000     0.00000     0.00000     0.00000
    -95.295         0.00000     0.00000     0.00000     0.00000
    -95.145         0.00000     0.00000     0.00000     0.00000
    -94.995         0.00000     0.00000     0.00000     0.00000
    -94.845         0.00000     0.00000     0.00000     0.00000
    -94.695         0.00000     0.00000     0.00000     0.00000
    -94.545         0.00000     0.00000     0.00000     0.00000
    -94.395         0.00000     0.00000     0.00000     0.00000
    -94.245         0.00000     0.00000     0.00000     0.00000
    -94.095         0.00000     0.00000     0.00000     0.00000
    -93.945         0.00000     0.00000     0.00000     0.00000
    -93.795         0.00000     0.00000     0.00000     0.00000
    -93.645         0.00000     0.00000     0.00000     0.00000
    -93.495         0.00000     0.00000     0.00000     0.00000
    -93.345         0.00000     0.00000     0.00000     0.00000
    -93.195         0.00000     0.00000     0.00000     0.00000
    -93.045         0.00000     0.00000     0.00000     0.00000
    -92.895         0.00000     0.00000     0.00000     0.00000
    -92.745         0.00000     0.00000     0.00000     0.00000
    -92.595         0.00000     0.00000     0.00000     0.00000
    -92.445         0.00000     0.00000     0.00000     0.00000
    -92.295         0.00000     0.00000     0.00000     0.00000
    -92.145         0.00000     0.00000     0.00000     0.00000
    -91.995         0.00000     0.00000     0.00000     0.00000
    -91.845         0.00000     0.00000     0.00000     0.00000
    -91.695         0.00000     0.00000     0.00000     0.00000
    -91.545         0.00000     0.00000     0.00000     0.00000
    -91.395         0.00000     0.00000     0.00000     0.00000
    -91.245         0.00000     0.00000     0.00000     0.00000
    -91.095         0.00000     0.00000     0.00000     0.00000
    -90.945         0.00000     0.00000     0.00000     0.00000
    -90.795         0.00000     0.00000     0.00000     0.00000
    -90.645         0.00000     0.00000     0.00000     0.00000
    -90.495         0.00000     0.00000     0.00000     0.00000
    -90.345         0.00000     0.00000     0.00000     0.00000
    -90.195         0.00000     0.00000     0.00000     0.00000
    -90.045         0.00000     0.00000     0.00000     0.00000
    -89.895         0.00000     0.00000     0.00000     0.00000
    -89.745         0.00000     0.00000     0.00000     0.00000
    -89.595         0.00000     0.00000     0.00000     0.00000
    -89.445         0.00000     0.00000     0.00000     0.00000
    -89.295         0.00000     0.00000     0.00000     0.00000
    -89.145         0.00000     0.00000     0.00000     0.00000
    -88.995         0.00000     0.00000     0.00000     0.00000
    -88.845         0.00000     0.00000     0.00000     0.00000
    -88.695         0.00000     0.00000     0.00000     0.00000
    -88.545         0.00000     0.00000     0.00000     0.00000
    -88.395         0.00000     0.00000     0.00000     0.00000
    -88.245         0.00000     0.00000     0.00000     0.00000
    -88.095         0.00000     0.00000     0.00000     0.00000
    -87.945         0.00000     0.00000     0.00000     0.00000
    -87.795         0.00000     0.00000     0.00000     0.00000
    -87.645         0.00000     0.00000     0.00000     0.00000
    -87.495         0.00000     0.00000     0.00000     0.00000
    -87.345         0.00000     0.00000     0.00000     0.00000
    -87.195         0.00000     0.00000     0.00000     0.00000
    -87.045         0.00000     0.00000     0.00000     0.00000
    -86.895         0.00000     0.00000     0.00000     0.00000
    -86.745         0.00000     0.00000     0.00000     0.00000
    -86.595         0.00000     0.00000     0.00000     0.00000
    -86.445         0.00000     0.00000     0.00000     0.00000
    -86.295         0.00000     0.00000     0.00000     0.00000
    -86.145         0.00000     0.00000     0.00000     0.00000
    -85.995         0.00000     0.00000     0.00000     0.00000
    -85.845         0.00000     0.00000     0.00000     0.00000
    -85.695         0.00000     0.00000     0.00000     0.00000
    -85.545         0.00000     0.00000     0.00000     0.00000
    -85.395         0.00000     0.00000     0.00000     0.00000
    -85.245         0.00000     0.00000     0.00000     0.00000
    -85.095         0.00000     0.00000     0.00000     0.00000
    -84.945         0.00000     0.00000     0.00000     0.00000
    -84.795         0.00000     0.00000     0.00000     0.00000
    -84.645         0.00000     0.00000     0.00000     0.00000
    -84.495         0.00000     0.00000     0.00000     0.00000
    -84.345         0.00000     0.00000     0.00000     0.00000
    -84.195         0.00000     0.00000     0.00000     0.00000
    -84.045         0.00000     0.00000     0.00000     0.00000
    -83.895         0.00000     0.00000     0.00000     0.00000
    -83.745         0.00000     0.00000     0.00000     0.00000
    -83.595         0.00000     0.00000     0.00000     0.00000
    -83.445         0.00000     0.00000     0.00000     0.00000
    -83.295         0.00000     0.00000     0.00000     0.00000
    -83.145         0.00000     0.00000     0.00000     0.00000
    -82.995         0.00000     0.00000     0.00000     0.00000
    -82.845         0.00000     0.00000     0.00000     0.00000
    -82.695         0.00000     0.00000     0.00000     0.00000
    -82.545         0.00000     0.00000     0.00000     0.00000
    -82.395         0.00000     0.00000     0.00000     0.00000
    -82.245         0.00000     0.00000     0.00000     0.00000
    -82.095         0.00000     0.00000     0.00000     0.00000
    -81.945         0.00000     0.00000     0.00000     0.00000
    -81.795         0.00000     0.00000     0.00000     0.00000
    -81.645         0.00000     0.00000     0.00000     0.00000
    -81.495         0.00000     0.00000     0.00000     0.00000
    -81.345         0.00000     0.00000     0.00000     0.00000
    -81.195         0.00000     0.00000     0.00000     0.00000
    -81.045         0.00000     0.00000     0.00000     0.00000
    -80.895         0.00000     0.00000     0.00000     0.00000
    -80.745         0.00000     0.00000     0.00000     0.00000
    -80.595         0.00000     0.00000     0.00000     0.00000
    -80.445         0.00000     0.00000     0.00000     0.00000
    -80.295         0.00000     0.00000     0.00000     0.00000
    -80.145         0.00000     0.00000     0.00000     0.00000
    -79.995         0.00000     0.00000     0.00000     0.00000
    -79.845         0.00000     0.00000     0.00000     0.00000
    -79.695         0.00000     0.00000     0.00000     0.00000
    -79.545         0.00000     0.00000     0.00000     0.00000
    -79.395         0.00000     0.00000     0.00000     0.00000
    -79.245         0.00000     0.00000     0.00000     0.00000
    -79.095         0.00000     0.00000     0.00000     0.00000
    -78.945         0.00000     0.00000     0.00000     0.00000
    -78.795         0.00000     0.00000     0.00000     0.00000
    -78.645         0.00000     0.00000     0.00000     0.00000
    -78.495         0.00000     0.00000     0.00000     0.00000
    -78.345         0.00000     0.00000     0.00000     0.00000
    -78.195         0.00000     0.00000     0.00000     0.00000
    -78.045         0.00000     0.00000     0.00000     0.00000
    -77.895         0.00000     0.00000     0.00000     0.00000
    -77.745         0.00000     0.00000     0.00000     0.00000
    -77.595         0.00000     0.00000     0.00000     0.00000
    -77.445         0.00000     0.00000     0.00000     0.00000
    -77.295         0.00000     0.00000     0.00000     0.00000
    -77.145         0.00000     0.00000     0.00000     0.00000
    -76.995         0.00000     0.00000     0.00000     0.00000
    -76.845         0.00000     0.00000     0.00000     0.00000
    -76.695         0.00000     0.00000     0.00000     0.00000
    -76.545         0.00000     0.00000     0.00000     0.00000
    -76.395         0.00000     0.00000     0.00000     0.00000
    -76.245         0.00000     0.00000     0.00000     0.00000
    -76.095         0.00000     0.00000     0.00000     0.00000
    -75.945         0.00000     0.00000     0.00000     0.00000
    -75.795         0.00000     0.00000     0.00000     0.00000
    -75.645         0.00000     0.00000     0.00000     0.00000
    -75.495         0.00000     0.00000     0.00000     0.00000
    -75.345         0.00000     0.00000     0.00000     0.00000
    -75.195         0.00000     0.00000     0.00000     0.00000
    -75.045         0.00000     0.00000     0.00000     0.00000
    -74.895         0.00000     0.00000     0.00000     0.00000
    -74.745         0.00000     0.00000     0.00000     0.00000
    -74.595         0.00000     0.00000     0.00000     0.00000
    -74.445         0.00000     0.00000     0.00000     0.00000
    -74.295         0.00000     0.00000     0.00000     0.00000
    -74.145         0.00000     0.00000     0.00000     0.00000
    -73.995         0.00000     0.00000     0.00000     0.00000
    -73.845         0.00000     0.00000     0.00000     0.00000
    -73.695         0.00000     0.00000     0.00000     0.00000
    -73.545         0.00000     0.00000     0.00000     0.00000
    -73.395         0.00000     0.00000     0.00000     0.00000
    -73.245         0.00000     0.00000     0.00000     0.00000
    -73.095         0.00000     0.00000     0.00000     0.00000
    -72.945         0.00000     0.00000     0.00000     0.00000
    -72.795         0.00000     0.00000     0.00000     0.00000
    -72.645         0.00000     0.00000     0.00000     0.00000
    -72.495         0.00000     0.00000     0.00000     0.00000
    -72.345         0.00000     0.00000     0.00000     0.00000
    -72.195         0.00000     0.00000     0.00000     0.00000
    -72.045         0.00000     0.00000     0.00000     0.00000
    -71.895         0.00000     0.00000     0.00000     0.00000
    -71.745         0.00000     0.00000     0.00000     0.00000
    -71.595         0.00000     0.00000     0.00000     0.00000
    -71.445         0.00000     0.00000     0.00000     0.00000
    -71.295         0.00000     0.00000     0.00000     0.00000
    -71.145         0.00000     0.00000     0.00000     0.00000
    -70.995         0.00000     0.00000     0.00000     0.00000
    -70.845         0.00000     0.00000     0.00000     0.00000
    -70.695         0.00000     0.00000     0.00000     0.00000
    -70.545         0.00000     0.00000     0.00000     0.00000
    -70.395         0.00000     0.00000     0.00000     0.00000
    -70.245         0.00000     0.00000     0.00000     0.00000
    -70.095         0.00000     0.00000     0.00000     0.00000
    -69.945         0.00000     0.00000     0.00000     0.00000
    -69.795         0.00000     0.00000     0.00000     0.00000
    -69.645         0.00000     0.00000     0.00000     0.00000
    -69.495         0.00000     0.00000     0.00000     0.00000
    -69.345         0.00000     0.00000     0.00000     0.00000
    -69.195         0.00000     0.00000     0.00000     0.00000
    -69.045         0.00000     0.00000     0.00000     0.00000
    -68.895         0.00000     0.00000     0.00000     0.00000
    -68.745         0.00000     0.00000     0.00000     0.00000
    -68.595         0.00000     0.00000     0.00000     0.00000
    -68.445         0.00000     0.00000     0.00000     0.00000
    -68.295         0.00000     0.00000     0.00000     0.00000
    -68.145         0.00000     0.00000     0.00000     0.00000
    -67.995         0.00000     0.00000     0.00000     0.00000
    -67.845         0.00000     0.00000     0.00000     0.00000
    -67.695         0.00000     0.00000     0.00000     0.00000
    -67.545         0.00000     0.00000     0.00000     0.00000
    -67.395         0.00000     0.00000     0.00000     0.00000
    -67.245         0.00000     0.00000     0.00000     0.00000
    -67.095         0.00000     0.00000     0.00000     0.00000
    -66.945         0.00000     0.00000     0.00000     0.00000
    -66.795         0.00000     0.00000     0.00000     0.00000
    -66.645         0.00000     0.00000     0.00000     0.00000
    -66.495         0.00000     0.00000     0.00000     0.00000
    -66.345         0.00000     0.00000     0.00000     0.00000
    -66.195         0.00000     0.00000     0.00000     0.00000
    -66.045         0.00000     0.00000     0.00000     0.00000
    -65.895         0.00000     0.00000     0.00000     0.00000
    -65.745         0.00000     0.00000     0.00000     0.00000
    -65.595         0.00000     0.00000     0.00000     0.00000
    -65.445         0.00000     0.00000     0.00000     0.00000
    -65.295         0.00000     0.00000     0.00000     0.00000
    -65.145         0.00000     0.00000     0.00000     0.00000
    -64.995         0.00000     0.00000     0.00000     0.00000
    -64.845         0.00000     0.00000     0.00000     0.00000
    -64.695         0.00000     0.00000     0.00000     0.00000
    -64.545         0.00000     0.00000     0.00000     0.00000
    -64.395         0.00000     0.00000     0.00000     0.00000
    -64.245         0.00000     0.00000     0.00000     0.00000
    -64.095         0.00000     0.00000     0.00000     0.00000
    -63.945         0.00000     0.00000     0.00000     0.00000
    -63.795         0.00000     0.00000     0.00000     0.00000
    -63.645         0.00000     0.00000     0.00000     0.00000
    -63.495         0.00000     0.00000     0.00000     0.00000
    -63.345         0.00000     0.00000     0.00000     0.00000
    -63.195         0.00000     0.00000     0.00000     0.00000
    -63.045         0.00000     0.00000     0.00000     0.00000
    -62.895         0.00000     0.00000     0.00000     0.00000
    -62.745         0.00000     0.00000     0.00000     0.00000
    -62.595         0.00000     0.00000     0.00000     0.00000
    -62.445         0.00000     0.00000     0.00000     0.00000
    -62.295         0.00000     0.00000     0.00000     0.00000
    -62.145         0.00000     0.00000     0.00000     0.00000
    -61.995         0.00000     0.00000     0.00000     0.00000
    -61.845         0.00000     0.00000     0.00000     0.00000
    -61.695         0.00000     0.00000     0.00000     0.00000
    -61.545         0.00000     0.00000     0.00000     0.00000
    -61.395         0.00000     0.00000     0.00000     0.00000
    -61.245         0.00000     0.00000     0.00000     0.00000
    -61.095         0.00000     0.00000     0.00000     0.00000
    -60.945         0.00000     0.00000     0.00000     0.00000
    -60.795         0.00000     0.00000     0.00000     0.00000
    -60.645         0.00000     0.00000     0.00000     0.00000
    -60.495         0.00000     0.00000     0.00000     0.00000
    -60.345         0.00000     0.00000     0.00000     0.00000
    -60.195         0.00000     0.00000     0.00000     0.00000
    -60.045         0.00000     0.00000     0.00000     0.00000
    -59.895         0.00000     0.00000     0.00000     0.00000
    -59.745         0.00000     0.00000     0.00000     0.00000
    -59.595         0.00000     0.00000     0.00000     0.00000
    -59.445         0.00000     0.00000     0.00000     0.00000
    -59.295         0.00000     0.00000     0.00000     0.00000
    -59.145         0.00000     0.00000     0.00000     0.00000
    -58.995         0.00000     0.00000     0.00000     0.00000
    -58.845         0.00000     0.00000     0.00000     0.00000
    -58.695         0.00000     0.00000     0.00000     0.00000
    -58.545         0.00000     0.00000     0.00000     0.00000
    -58.395         0.00000     0.00000     0.00000     0.00000
    -58.245         0.00000     0.00000     0.00000     0.00000
    -58.095         0.00000     0.00000     0.00000     0.00000
    -57.945         0.00000     0.00000     0.00000     0.00000
    -57.795         0.00000     0.00000     0.00000     0.00000
    -57.645         0.00000     0.00000     0.00000     0.00000
    -57.495         0.00000     0.00000     0.00000     0.00000
    -57.345         0.00000     0.00000     0.00000     0.00000
    -57.195         0.00000     0.00000     0.00000     0.00000
    -57.045         0.00000     0.00000     0.00000     0.00000
    -56.895         0.00000     0.00000     0.00000     0.00000
    -56.745         0.00000     0.00000     0.00000     0.00000
    -56.595         0.00000     0.00000     0.00000     0.00000
    -56.445         0.00000     0.00000     0.00000     0.00000
    -56.295         0.00000     0.00000     0.00000     0.00000
    -56.145         0.00000     0.00000     0.00000     0.00000
    -55.995         0.00000     0.00000     0.00000     0.00000
    -55.845         0.00000     0.00000     0.00000     0.00000
    -55.695         0.00000     0.00000     0.00000     0.00000
    -55.545         0.00000     0.00000     0.00000     0.00000
    -55.395         0.00000     0.00000     0.00000     0.00000
    -55.245         0.00000     0.00000     0.00000     0.00000
    -55.095         0.00000     0.00000     0.00000     0.00000
    -54.945         0.00000     0.00000     0.00000     0.00000
    -54.795         0.00000     0.00000     0.00000     0.00000
    -54.645         0.00000     0.00000     0.00000     0.00000
    -54.495         0.00000     0.00000     0.00000     0.00000
    -54.345         0.00000     0.00000     0.00000     0.00000
    -54.195         0.00000     0.00000     0.00000     0.00000
    -54.045         0.00000     0.00000     0.00000     0.00000
    -53.895         0.00000     0.00000     0.00000     0.00000
    -53.745         0.00000     0.00000     0.00000     0.00000
    -53.595         0.00000     0.00000     0.00000     0.00000
    -53.445         0.00000     0.00000     0.00000     0.00000
    -53.295         0.00000     0.00000     0.00000     0.00000
    -53.145         0.00000     0.00000     0.00000     0.00000
    -52.995         0.00000     0.00000     0.00000     0.00000
    -52.845         0.00000     0.00000     0.00000     0.00000
    -52.695         0.00000     0.00000     0.00000     0.00000
    -52.545         0.00000     0.00000     0.00000     0.00000
    -52.395         0.00000     0.00000     0.00000     0.00000
    -52.245         0.00000     0.00000     0.00000     0.00000
    -52.095         0.00000     0.00000     0.00000     0.00000
    -51.945         0.00000     0.00000     0.00000     0.00000
    -51.795         0.00000     0.00000     0.00000     0.00000
    -51.645         0.00000     0.00000     0.00000     0.00000
    -51.495         0.00000     0.00000     0.00000     0.00000
    -51.345         0.00000     0.00000     0.00000     0.00000
    -51.195         0.00000     0.00000     0.00000     0.00000
    -51.045         0.00000     0.00000     0.00000     0.00000
    -50.895         0.00000     0.00000     0.00000     0.00000
    -50.745         0.00000     0.00000     0.00000     0.00000
    -50.595         0.00000     0.00000     0.00000     0.00000
    -50.445         0.00000     0.00000     0.00000     0.00000
    -50.295         0.00000     0.00000     0.00000     0.00000
    -50.145         0.00000     0.00000     0.00000     0.00000
    -49.995         0.00000     0.00000     0.00000     0.00000
    -49.845         0.00000     0.00000     0.00000     0.00000
    -49.695         0.00000     0.00000     0.00000     0.00000
    -49.545         0.00000     0.00000     0.00000     0.00000
    -49.395         0.00000     0.00000     0.00000     0.00000
    -49.245         0.00000     0.00000     0.00000     0.00000
    -49.095         0.00000     0.00000     0.00000     0.00000
    -48.945         0.00000     0.00000     0.00000     0.00000
    -48.795         0.00000     0.00000     0.00000     0.00000
    -48.645         0.00000     0.00000     0.00000     0.00000
    -48.495         0.00000     0.00000     0.00000     0.00000
    -48.345         0.00000     0.00000     0.00000     0.00000
    -48.195         0.00000     0.00000     0.00000     0.00000
    -48.045         0.00000     0.00000     0.00000     0.00000
    -47.895         0.00000     0.00000     0.00000     0.00000
    -47.745         0.00000     0.00000     0.00000     0.00000
    -47.595         0.00000     0.00000     0.00000     0.00000
    -47.445         0.00000     0.00000     0.00000     0.00000
    -47.295         0.00000     0.00000     0.00000     0.00000
    -47.145         0.00000     0.00000     0.00000     0.00000
    -46.995         0.00000     0.00000     0.00000     0.00000
    -46.845         0.00000     0.00000     0.00000     0.00000
    -46.695         0.00000     0.00000     0.00000     0.00000
    -46.545         0.00000     0.00000     0.00000     0.00000
    -46.395         0.00000     0.00000     0.00000     0.00000
    -46.245         0.00000     0.00000     0.00000     0.00000
    -46.095         0.00000     0.00000     0.00000     0.00000
    -45.945         0.00000     0.00000     0.00000     0.00000
    -45.795         0.00000     0.00000     0.00000     0.00000
    -45.645         0.00000     0.00000     0.00000     0.00000
    -45.495         0.00000     0.00000     0.00000     0.00000
    -45.345         0.00000     0.00000     0.00000     0.00000
    -45.195         0.00000     0.00000     0.00000     0.00000
    -45.045         0.00000     0.00000     0.00000     0.00000
    -44.895         0.00000     0.00000     0.00000     0.00000
    -44.745         0.00000     0.00000     0.00000     0.00000
    -44.595         0.00000     0.00000     0.00000     0.00000
    -44.445         0.00000     0.00000     0.00000     0.00000
    -44.295         0.00000     0.00000     0.00000     0.00000
    -44.145         0.00000     0.00000     0.00000     0.00000
    -43.995         0.00000     0.00000     0.00000     0.00000
    -43.845         0.00000     0.00000     0.00000     0.00000
    -43.695         0.00000     0.00000     0.00000     0.00000
    -43.545         0.00000     0.00000     0.00000     0.00000
    -43.395         0.00000     0.00000     0.00000     0.00000
    -43.245         0.00000     0.00000     0.00000     0.00000
    -43.095         0.00000     0.00000     0.00000     0.00000
    -42.945         0.00000     0.00000     0.00000     0.00000
    -42.795         0.00000     0.00000     0.00000     0.00000
    -42.645         0.00000     0.00000     0.00000     0.00000
    -42.495         0.00000     0.00000     0.00000     0.00000
    -42.345         0.00000     0.00000     0.00000     0.00000
    -42.195         0.00000     0.00000     0.00000     0.00000
    -42.045         0.00000     0.00000     0.00000     0.00000
    -41.895         0.00000     0.00000     0.00000     0.00000
    -41.745         0.00000     0.00000     0.00000     0.00000
    -41.595         0.00000     0.00000     0.00000     0.00000
    -41.445         0.00000     0.00000     0.00000     0.00000
    -41.295         0.00000     0.00000     0.00000     0.00000
    -41.145         0.00000     0.00000     0.00000     0.00000
    -40.995         0.00000     0.00000     0.00000     0.00000
    -40.845         0.00000     0.00000     0.00000     0.00000
    -40.695         0.00000     0.00000     0.00000     0.00000
    -40.545         0.00000     0.00000     0.00000     0.00000
    -40.395         0.00000     0.00000     0.00000     0.00000
    -40.245         0.00000     0.00000     0.00000     0.00000
    -40.095         0.00000     0.00000     0.00000     0.00000
    -39.945         0.00000     0.00000     0.00000     0.00000
    -39.795         0.00000     0.00000     0.00000     0.00000
    -39.645         0.00000     0.00000     0.00000     0.00000
    -39.495         0.00000     0.00000     0.00000     0.00000
    -39.345         0.00000     0.00000     0.00000     0.00000
    -39.195         0.00000     0.00000     0.00000     0.00000
    -39.045         0.00000     0.00000     0.00000     0.00000
    -38.895         0.00000     0.00000     0.00000     0.00000
    -38.745         0.00000     0.00000     0.00000     0.00000
    -38.595         0.00000     0.00000     0.00000     0.00000
    -38.445         0.00000     0.00000     0.00000     0.00000
    -38.295         0.00000     0.00000     0.00000     0.00000
    -38.145         0.00000     0.00000     0.00000     0.00000
    -37.995         0.00000     0.00000     0.00000     0.00000
    -37.845         0.00000     0.00000     0.00000     0.00000
    -37.695         0.00000     0.00000     0.00000     0.00000
    -37.545         0.00000     0.00000     0.00000     0.00000
    -37.395         0.00000     0.00000     0.00000     0.00000
    -37.245         0.00000     0.00000     0.00000     0.00000
    -37.095         0.00000     0.00000     0.00000     0.00000
    -36.945         0.00000     0.00000     0.00000     0.00000
    -36.795         0.00000     0.00000     0.00000     0.00000
    -36.645         0.00000     0.00000     0.00000     0.00000
    -36.495         0.00000     0.00000     0.00000     0.00000
    -36.345         0.00000     0.00000     0.00000     0.00000
    -36.195         0.00000     0.00000     0.00000     0.00000
    -36.045         0.00000     0.00000     0.00000     0.00000
    -35.895         0.00000     0.00000     0.00000     0.00000
    -35.745         0.00000     0.00000     0.00000     0.00000
    -35.595         0.00000     0.00000     0.00000     0.00000
    -35.445         0.00000     0.00000     0.00000     0.00000
    -35.295         0.00000     0.00000     0.00000     0.00000
    -35.145         0.00000     0.00000     0.00000     0.00000
    -34.995         0.00000     0.00000     0.00000     0.00000
    -34.845         0.00000     0.00000     0.00000     0.00000
    -34.695         0.00000     0.00000     0.00000     0.00000
    -34.545         0.00000     0.00000     0.00000     0.00000
    -34.395         0.00000     0.00000     0.00000     0.00000
    -34.245         0.00000     0.00000     0.00000     0.00000
    -34.095         0.00000     0.00000     0.00000     0.00000
    -33.945         0.00000     0.00000     0.00000     0.00000
    -33.795         0.00000     0.00000     0.00000     0.00000
    -33.645         0.00000     0.00000     0.00000     0.00000
    -33.495         0.00000     0.00000     0.00000     0.00000
    -33.345         0.00000     0.00000     0.00000     0.00000
    -33.195         0.00000     0.00000     0.00000     0.00000
    -33.045         0.00000     0.00000     0.00000     0.00000
    -32.895         0.00000     0.00000     0.00000     0.00000
    -32.745         0.00000     0.00000     0.00000     0.00000
    -32.595         0.00000     0.00000     0.00000     0.00000
    -32.445         0.00000     0.00000     0.00000     0.00000
    -32.295         0.00000     0.00000     0.00000     0.00000
    -32.145         0.00000     0.00000     0.00000     0.00000
    -31.995         0.00000     0.00000     0.00000     0.00000
    -31.845         0.00000     0.00000     0.00000     0.00000
    -31.695         0.00000     0.00000     0.00000     0.00000
    -31.545         0.00000     0.00000     0.00000     0.00000
    -31.395         0.00000     0.00000     0.00000     0.00000
    -31.245         0.00000     0.00000     0.00000     0.00000
    -31.095         0.00000     0.00000     0.00000     0.00000
    -30.945         0.00000     0.00000     0.00000     0.00000
    -30.795         0.00000     0.00000     0.00000     0.00000
    -30.645         0.00000     0.00000     0.00000     0.00000
    -30.495         0.00000     0.00000     0.00000     0.00000
    -30.345         0.00000     0.00000     0.00000     0.00000
    -30.195         0.00000     0.00000     0.00000     0.00000
    -30.045         0.00000     0.00000     0.00000     0.00000
    -29.895         0.00000     0.00000     0.00000     0.00000
    -29.745         0.00000     0.00000     0.00000     0.00000
    -29.595         0.00000     0.00000     0.00000     0.00000
    -29.445         0.00000     0.00000     0.00000     0.00000
    -29.295         0.00000     0.00000     0.00000     0.00000
    -29.145         0.00000     0.00000     0.00000     0.00000
    -28.995         0.00000     0.00000     0.00000     0.00000
    -28.845         0.00000     0.00000     0.00000     0.00000
    -28.695         0.00000     0.00000     0.00000     0.00000
    -28.545         0.00000     0.00000     0.00000     0.00000
    -28.395         0.00000     0.00000     0.00000     0.00000
    -28.245         0.00000     0.00000     0.00000     0.00000
    -28.095         0.00000     0.00000     0.00000     0.00000
    -27.945         0.00000     0.00000     0.00000     0.00000
    -27.795         0.00000     0.00000     0.00000     0.00000
    -27.645         0.00000     0.00000     0.00000     0.00000
    -27.495         0.00000     0.00000     0.00000     0.00000
    -27.345         0.00000     0.00000     0.00000     0.00000
    -27.195         0.00000     0.00000     0.00000     0.00000
    -27.045         0.00000     0.00000     0.00000     0.00000
    -26.895         0.00000     0.00000     0.00000     0.00000
    -26.745         0.00000     0.00000     0.00000     0.00000
    -26.595         0.00000     0.00000     0.00000     0.00000
    -26.445         0.00000     0.00000     0.00000     0.00000
    -26.295         0.00000     0.00000     0.00000     0.00000
    -26.145         0.00000     0.00000     0.00000     0.00000
    -25.995         0.00000     0.00000     0.00000     0.00000
    -25.845         0.00000     0.00000     0.00000     0.00000
    -25.695         0.00000     0.00000     0.00000     0.00000
    -25.545         0.00000     0.00000     0.00000     0.00000
    -25.395         0.00000     0.00000     0.00000     0.00000
    -25.245         0.00000     0.00000     0.00000     0.00000
    -25.095         0.00000     0.00000     0.00000     0.00000
    -24.945         0.00000     0.00000     0.00000     0.00000
    -24.795         0.00000     0.00000     0.00000     0.00000
    -24.645         0.00000     0.00000     0.00000     0.00000
    -24.495         0.00000     0.00000     0.00000     0.00000
    -24.345         0.00000     0.00000     0.00000     0.00000
    -24.195         0.00000     0.00000     0.00000     0.00000
    -24.045         0.00000     0.00000     0.00000     0.00000
    -23.895         0.00000     0.00000     0.00000     0.00000
    -23.745         0.00000     0.00000     0.00000     0.00000
    -23.595         0.00000     0.00000     0.00000     0.00000
    -23.445         0.00000     0.00000     0.00000     0.00000
    -23.295         0.00000     0.00000     0.00000     0.00000
    -23.145         0.00000     0.00000     0.00000     0.00000
    -22.995         0.00000     0.00000     0.00000     0.00000
    -22.845         0.00000     0.00000     0.00000     0.00000
    -22.695         0.00000     0.00000     0.00000     0.00000
    -22.545         0.00000     0.00000     0.00000     0.00000
    -22.395         0.00000     0.00000     0.00000     0.00000
    -22.245         0.00000     0.00000     0.00000     0.00000
    -22.095         0.00000     0.00000     0.00000     0.00000
    -21.945         0.00000     0.00000     0.00000     0.00000
    -21.795         0.00000     0.00000     0.00000     0.00000
    -21.645         0.00000     0.00000     0.00000     0.00000
    -21.495         0.00000     0.00000     0.00000     0.00000
    -21.345         0.00000     0.00000     0.00000     0.00000
    -21.195         0.00000     0.00000     0.00000     0.00000
    -21.045         0.00000     0.00000     0.00000     0.00000
    -20.895         0.00000     0.00000     0.00000     0.00000
    -20.745         0.00000     0.00000     0.00000     0.00000
    -20.595         0.00000     0.00000     0.00000     0.00000
    -20.445         0.00000     0.00000     0.00000     0.00000
    -20.295         0.00000     0.00000     0.00000     0.00000
    -20.145         0.00000     0.00000     0.00000     0.00000
    -19.995         0.00000     0.00000     0.00000     0.00000
    -19.845         0.00000     0.00000     0.00000     0.00000
    -19.695         0.00000     0.00000     0.00000     0.00000
    -19.545         0.00000     0.00000     0.00000     0.00000
    -19.395         0.00000     0.00000     0.00000     0.00000
    -19.245         0.00000     0.00000     0.00000     0.00000
    -19.095         0.00000     0.00000     0.00000     0.00000
    -18.945         0.00000     0.00000     0.00000     0.00000
    -18.795         0.00000     0.00000     0.00000     0.00000
    -18.645         0.00000     0.00000     0.00000     0.00000
    -18.495         0.00000     0.00000     0.00000     0.00000
    -18.345         0.00000     0.00000     0.00000     0.00000
    -18.195         0.00000     0.00000     0.00000     0.00000
    -18.045         0.00000     0.00000     0.00000     0.00000
    -17.895         0.00000     0.00000     0.00000     0.00000
    -17.745         0.00000     0.00000     0.00000     0.00000
    -17.595         0.00000     0.00000     0.00000     0.00000
    -17.445         0.00000     0.00000     0.00000     0.00000
    -17.295         0.00000     0.00000     0.00000     0.00000
    -17.145         0.00000     0.00000     0.00000     0.00000
    -16.995         0.00000     0.00000     0.00000     0.00000
    -16.845         0.00000     0.00000     0.00000     0.00000
    -16.695         0.00000     0.00000     0.00000     0.00000
    -16.545         0.00000     0.00000     0.00000     0.00000
    -16.395         0.00000     0.00000     0.00000     0.00000
    -16.245         0.00000     0.00000     0.00000     0.00000
    -16.095         0.00000     0.00000     0.00000     0.00000
    -15.945         0.00000     0.00000     0.00000     0.00000
    -15.795         0.00000     0.00000     0.00000     0.00000
    -15.645         0.00000     0.00000     0.00000     0.00000
    -15.495         0.00000     0.00000     0.00000     0.00000
    -15.345         0.00000     0.00000     0.00000     0.00000
    -15.195         0.00000     0.00000     0.00000     0.00000
    -15.045         0.00000     0.00000     0.00000     0.00000
    -14.895         0.00000     0.00000     0.00000     0.00000
    -14.745         0.00000     0.00000     0.00000     0.00000
    -14.595         0.00000     0.00000     0.00000     0.00000
    -14.445         0.00000     0.00000     0.00000     0.00000
    -14.295         0.00000     0.00000     0.00000     0.00000
    -14.145         0.00000     0.00000     0.00000     0.00000
    -13.995         0.00000     0.00000     0.00000     0.00000
    -13.845         0.00000     0.00000     0.00000     0.00000
    -13.695         0.00000     0.00000     0.00000     0.00000
    -13.545         0.00000     0.00000     0.00000     0.00000
    -13.395         0.00000     0.00000     0.00000     0.00000
    -13.245         0.00000     0.00000     0.00000     0.00000
    -13.095         0.00000     0.00000     0.00000     0.00000
    -12.945         0.00000     0.00000     0.00000     0.00000
    -12.795         0.00000     0.00000     0.00000     0.00000
    -12.645         0.00000     0.00000     0.00000     0.00000
    -12.495         0.00000     0.00000     0.00000     0.00000
    -12.345         0.00000     0.00000     0.00000     0.00000
    -12.195         0.00000     0.00000     0.00000     0.00000
    -12.045         0.00000     0.00000     0.00000     0.00000
    -11.895         0.00000     0.00000     0.00000     0.00000
    -11.745         0.00000     0.00000     0.00000     0.00000
    -11.595         0.00000     0.00000     0.00000     0.00000
    -11.445         0.00000     0.00000     0.00000     0.00000
    -11.295         0.00000     0.00000     0.00000     0.00000
    -11.145         0.00000     0.00000     0.00000     0.00000
    -10.995         0.00000     0.00000     0.00000     0.00000
    -10.845         0.00000     0.00000     0.00000     0.00000
    -10.695         0.00000     0.00000     0.00000     0.00000
    -10.545         0.00000     0.00000     0.00000     0.00000
    -10.395         0.00000     0.00000     0.00000     0.00000
    -10.245         0.00000     0.00000     0.00000     0.00000
    -10.095         0.00000     0.00000     0.00000     0.00000
    -9.9450         0.00000     0.00000     0.00000     0.00000
    -9.7950         0.00000     0.00000     0.00000     0.00000
    -9.6450         0.00000     0.00000     0.00000     0.00000
    -9.4950         0.00000     0.00000     0.00000     0.00000
    -9.3450         0.00000     0.00000     0.00000     0.00000
    -9.1950         0.00000     0.00000     0.00000     0.00000
    -9.0450         0.00000     0.00000     0.00000     0.00000
    -8.8950         0.00000     0.00000     0.00000     0.00000
    -8.7450         0.00000     0.00000     0.00000     0.00000
    -8.5950         0.00000     0.00000     0.00000     0.00000
    -8.4450         0.00000     0.00000     0.00000     0.00000
    -8.2950         0.00000     0.00000     0.00000     0.00000
    -8.1450         0.00000     0.00000     0.00000     0.00000
    -7.9950         0.00000     0.00000     0.00000     0.00000
    -7.8450         0.00000     0.00000     0.00000     0.00000
    -7.6950         0.00000     0.00000     0.00000     0.00000
    -7.5450         0.00000     0.00000     0.00000     0.00000
    -7.3950         0.00000     0.00000     0.00000     0.00000
    -7.2450         0.00000     0.00000     0.00000     0.00000
    -7.0950         0.00000     0.00000     0.00000     0.00000
    -6.9450         0.00000     0.00000     0.00000     0.00000
    -6.7950         0.00000     0.00000     0.00000     0.00000
    -6.6450         0.00000     0.00000     0.00000     0.00000
    -6.4950         0.00000     0.00000     0.00000     0.00000
    -6.3450         0.00000     0.00000     0.00000     0.00000
    -6.1950         0.00000     0.00000     0.00000     0.00000
    -6.0450         0.00000     0.00000     0.00000     0.00000
    -5.8950         0.00000     0.00000     0.00000     0.00000
    -5.7450         0.00000     0.00000     0.00000     0.00000
    -5.5950         0.00000     0.00000     0.00000     0.00000
    -5.4450         0.00000     0.00000     0.00000     0.00000
    -5.2950         0.00000     0.00000     0.00000     0.00000
    -5.1450         0.00000     0.00000     0.00000     0.00000
    -4.9950         0.00000     0.00000     0.00000     0.00000
    -4.8450         0.00000     0.00000     0.00000     0.00000
    -4.6950         0.00000     0.00000     0.00000     0.00000
    -4.5450         0.00000     0.00000     0.00000     0.00000
    -4.3950         0.00000     0.00000     0.00000     0.00000
    -4.2450         0.00000     0.00000     0.00000     0.00000
    -4.0950         0.00000     0.00000     0.00000     0.00000
    -3.9450         0.00000     0.00000     0.00000     0.00000
    -3.7950         0.00000     0.00000     0.00000     0.00000
    -3.6450         0.00000     0.00000     0.00000     0.00000
    -3.4950         0.00000     0.00000     0.00000     0.00000
    -3.3450         0.00000     0.00000     0.00000     0.00000
    -3.1950         0.00000     0.00000     0.00000     0.00000
    -3.0450         0.00000     0.00000     0.00000     0.00000
    -2.8950         0.00000     0.00000     0.00000     0.00000
    -2.7450         0.00000     0.00000     0.00000     0.00000
    -2.5950         0.00000     0.00000     0.00000     0.00000
    -2.4450         0.00000     0.00000     0.00000     0.00000
    -2.2950         0.00000     0.00000     0.00000     0.00000
    -2.1450         0.00000     0.00000     0.00000     0.00000
    -1.9950         0.00000     0.00000     0.00000     0.00000
    -1.8450         0.00000     0.00000     0.00000     0.00000
    -1.6950         0.00000     0.00000     0.00000     0.00000
    -1.5450        -0.00000    -0.00000     0.00000     0.00000
    -1.3950        -0.00000    -0.00000     0.00000     0.00000
    -1.2450        -0.00000    -0.00000     0.00000     0.00000
    -1.0950        -0.00022    -0.00000    -0.00022     0.00000
   -0.94500        -0.01287    -0.00003    -0.01285     0.00001
   -0.79500        -0.08214    -0.00011    -0.08152    -0.00051
   -0.64500        -0.19791    -0.00030    -0.16753    -0.03008
   -0.49500        -0.60442    -0.00164    -0.21527    -0.38752
   -0.34500        -2.42995    -0.00451    -0.25351    -2.17193
   -0.22700        -3.10017    -0.00663    -0.26694    -2.82660
   -0.21300        -3.17129    -0.00625    -0.26860    -2.89645
   -0.20700        -3.24111    -0.00655    -0.27030    -2.96426
   -0.20100        -3.30834    -0.00680    -0.27203    -3.02952
   -0.19500        -3.37391    -0.00708    -0.27371    -3.09312
   -0.18900        -3.43970    -0.00735    -0.27562    -3.15672
   -0.18300        -3.50379    -0.00741    -0.27761    -3.21878
   -0.17700        -3.56687    -0.00777    -0.27947    -3.27962
   -0.17100        -3.62889    -0.00815    -0.28138    -3.33936
   -0.16500        -3.69124    -0.00854    -0.28329    -3.39942
   -0.15900        -3.75187    -0.00895    -0.28527    -3.45765
   -0.15300        -3.81269    -0.00938    -0.28740    -3.51591
   -0.14700        -3.87253    -0.00979    -0.28954    -3.57320
   -0.14100        -3.93187    -0.01025    -0.29182    -3.62981
   -0.13500        -3.99184    -0.01073    -0.29402    -3.68709
   -0.12900        -4.05192    -0.01125    -0.29651    -3.74417
   -0.12300        -4.11201    -0.01178    -0.29911    -3.80112
   -0.11700        -4.17256    -0.01234    -0.30180    -3.85841
   -0.11100        -4.23386    -0.01295    -0.30452    -3.91638
   -0.10500        -4.29587    -0.01360    -0.30737    -3.97490
   -0.99000E-01    -4.35924    -0.01426    -0.31045    -4.03453
   -0.93000E-01    -4.42395    -0.01500    -0.31380    -4.09516
   -0.87000E-01    -4.48988    -0.01579    -0.31728    -4.15680
   -0.81000E-01    -4.55838    -0.01672    -0.32094    -4.22073
   -0.75000E-01    -4.62931    -0.01769    -0.32475    -4.28688
   -0.69000E-01    -4.70312    -0.01875    -0.32869    -4.35568
   -0.63000E-01    -4.78101    -0.01997    -0.33298    -4.42807
   -0.57000E-01    -4.86367    -0.02136    -0.33741    -4.50491
   -0.51000E-01    -4.95330    -0.02297    -0.34209    -4.58824
   -0.45000E-01    -5.05111    -0.02493    -0.34705    -4.67913
   -0.39000E-01    -5.16133    -0.02719    -0.35244    -4.78169
   -0.33000E-01    -5.28690    -0.03012    -0.35826    -4.89851
   -0.27000E-01    -5.42912    -0.03399    -0.36460    -5.03052
   -0.21300E-01    -5.53701    -0.03740    -0.36954    -5.13007
   -0.19500E-01    -5.55364    -0.03797    -0.37034    -5.14533
   -0.18900E-01    -5.57041    -0.03857    -0.37114    -5.16070
   -0.18300E-01    -5.58756    -0.03917    -0.37197    -5.17642
   -0.17700E-01    -5.60490    -0.03981    -0.37279    -5.19229
   -0.17100E-01    -5.62254    -0.04048    -0.37366    -5.20840
   -0.16500E-01    -5.64050    -0.04122    -0.37454    -5.22474
   -0.15900E-01    -5.65890    -0.04197    -0.37547    -5.24146
   -0.15300E-01    -5.67746    -0.04276    -0.37642    -5.25829
   -0.14700E-01    -5.69645    -0.04358    -0.37743    -5.27543
   -0.14100E-01    -5.71572    -0.04446    -0.37848    -5.29278
   -0.13500E-01    -5.73549    -0.04533    -0.37961    -5.31054
   -0.12900E-01    -5.75584    -0.04628    -0.38080    -5.32876
   -0.12300E-01    -5.77665    -0.04730    -0.38205    -5.34730
   -0.11700E-01    -5.79807    -0.04837    -0.38336    -5.36633
   -0.11100E-01    -5.81981    -0.04953    -0.38477    -5.38550
   -0.10500E-01    -5.84236    -0.05072    -0.38631    -5.40534
   -0.99000E-02    -5.86577    -0.05202    -0.38801    -5.42573
   -0.93000E-02    -5.89003    -0.05340    -0.38988    -5.44676
   -0.87000E-02    -5.91518    -0.05485    -0.39192    -5.46841
   -0.81000E-02    -5.94142    -0.05643    -0.39423    -5.49077
   -0.75000E-02    -5.96887    -0.05815    -0.39679    -5.51393
   -0.69000E-02    -5.99774    -0.06002    -0.39966    -5.53806
   -0.63000E-02    -6.02822    -0.06205    -0.40295    -5.56323
   -0.57000E-02    -6.06055    -0.06429    -0.40675    -5.58951
   -0.51000E-02    -6.09503    -0.06677    -0.41126    -5.61700
   -0.45000E-02    -6.13195    -0.06953    -0.41663    -5.64580
   -0.39000E-02    -6.17159    -0.07259    -0.42327    -5.67574
   -0.33000E-02    -6.21433    -0.07601    -0.43179    -5.70653
   -0.27000E-02    -6.26103    -0.07985    -0.44348    -5.73770
   -0.21000E-02    -6.31429    -0.08424    -0.46145    -5.76859
   -0.15000E-02    -6.38413    -0.08916    -0.49547    -5.79949
   -0.90000E-03    -6.48440    -0.09444    -0.55019    -5.83977
   -0.30000E-03    -7.96544    -0.09844    -0.56217    -7.30483
    0.30000E-03    -6.48683    -0.08643    -0.55816    -5.84224
    0.90000E-03    -6.40337    -0.03150    -0.55286    -5.81901
    0.15000E-02    -6.35988     0.00238    -0.54793    -5.81434
    0.21000E-02    -6.33672     0.02025    -0.54356    -5.81341
    0.27000E-02    -6.32116     0.03181    -0.53975    -5.81322
    0.33000E-02    -6.30923     0.04035    -0.53640    -5.81318
    0.39000E-02    -6.29959     0.04703    -0.53346    -5.81316
    0.45000E-02    -6.29155     0.05246    -0.53086    -5.81315
    0.51000E-02    -6.28469     0.05706    -0.52860    -5.81314
    0.57000E-02    -6.27875     0.06092    -0.52654    -5.81313
    0.63000E-02    -6.27356     0.06429    -0.52472    -5.81312
    0.69000E-02    -6.26893     0.06725    -0.52307    -5.81311
    0.75000E-02    -6.26477     0.06992    -0.52160    -5.81310
    0.81000E-02    -6.26107     0.07228    -0.52028    -5.81308
    0.87000E-02    -6.25774     0.07441    -0.51908    -5.81307
    0.93000E-02    -6.25473     0.07635    -0.51802    -5.81305
    0.99000E-02    -6.25197     0.07813    -0.51706    -5.81303
    0.10500E-01    -6.24944     0.07976    -0.51618    -5.81302
    0.11100E-01    -6.24715     0.08126    -0.51541    -5.81300
    0.11700E-01    -6.24498     0.08268    -0.51468    -5.81298
    0.12300E-01    -6.24304     0.08395    -0.51404    -5.81296
    0.12900E-01    -6.24121     0.08517    -0.51344    -5.81293
    0.13500E-01    -6.23958     0.08626    -0.51293    -5.81291
    0.14100E-01    -6.23799     0.08736    -0.51246    -5.81289
    0.14700E-01    -6.23657     0.08833    -0.51203    -5.81286
    0.15300E-01    -6.23523     0.08926    -0.51165    -5.81284
    0.15900E-01    -6.23398     0.09014    -0.51131    -5.81281
    0.16500E-01    -6.23282     0.09096    -0.51100    -5.81278
    0.17100E-01    -6.23174     0.09174    -0.51073    -5.81275
    0.17700E-01    -6.23069     0.09252    -0.51048    -5.81273
    0.18300E-01    -6.22975     0.09320    -0.51025    -5.81270
    0.18900E-01    -6.22887     0.09386    -0.51007    -5.81267
    0.19500E-01    -6.22801     0.09450    -0.50987    -5.81263
    0.21300E-01    -6.22330     0.09817    -0.50906    -5.81241
    0.27000E-01    -6.21872     0.10195    -0.50865    -5.81202
    0.33000E-01    -6.21541     0.10465    -0.50852    -5.81153
    0.39000E-01    -6.21280     0.10665    -0.50849    -5.81096
    0.45000E-01    -6.21059     0.10818    -0.50848    -5.81030
    0.51000E-01    -6.20876     0.10933    -0.50847    -5.80962
    0.57000E-01    -6.20690     0.11023    -0.50828    -5.80884
    0.63000E-01    -6.20545     0.11090    -0.50827    -5.80808
    0.69000E-01    -6.20378     0.11150    -0.50809    -5.80719
    0.75000E-01    -6.20251     0.11181    -0.50808    -5.80624
    0.81000E-01    -6.20099     0.11214    -0.50790    -5.80523
    0.87000E-01    -6.19958     0.11243    -0.50788    -5.80413
    0.93000E-01    -6.19790     0.11272    -0.50770    -5.80291
    0.99000E-01    -6.19654     0.11281    -0.50752    -5.80182
    0.10500        -6.19509     0.11288    -0.50735    -5.80062
    0.11100        -6.19360     0.11300    -0.50733    -5.79927
    0.11700        -6.19202     0.11308    -0.50715    -5.79794
    0.12300        -6.19048     0.11311    -0.50714    -5.79645
    0.12900        -6.18896     0.11312    -0.50712    -5.79496
    0.13500        -6.18737     0.11314    -0.50710    -5.79340
    0.14100        -6.18562     0.11316    -0.50693    -5.79185
    0.14700        -6.18393     0.11316    -0.50676    -5.79032
    0.15300        -6.18199     0.11323    -0.50659    -5.78862
    0.15900        -6.18017     0.11324    -0.50643    -5.78699
    0.16500        -6.17829     0.11326    -0.50626    -5.78529
    0.17100        -6.17662     0.11329    -0.50624    -5.78367
    0.17700        -6.17461     0.11338    -0.50608    -5.78191
    0.18300        -6.17258     0.11346    -0.50592    -5.78012
    0.18900        -6.17068     0.11345    -0.50589    -5.77824
    0.19500        -6.16874     0.11352    -0.50573    -5.77654
    0.20100        -6.16664     0.11353    -0.50557    -5.77461
    0.20700        -6.16464     0.11357    -0.50541    -5.77281
    0.21300        -6.16266     0.11358    -0.50524    -5.77100
    0.22700        -6.14502     0.11349    -0.50496    -5.75354
    0.34500        -6.08606     0.11348    -0.50401    -5.69553
    0.49500        -6.02279     0.11387    -0.50249    -5.63417
    0.64500        -5.95696     0.11414    -0.50089    -5.57022
    0.79500        -5.89162     0.11426    -0.49937    -5.50651
    0.94500        -5.82739     0.11445    -0.49748    -5.44437
     1.0950        -5.76429     0.11462    -0.49522    -5.38369
     1.2450        -5.70178     0.11476    -0.49308    -5.32345
     1.3950        -5.64078     0.11489    -0.49110    -5.26457
     1.5450        -5.58145     0.11499    -0.48924    -5.20720
     1.6950        -5.52392     0.11510    -0.48748    -5.15154
     1.8450        -5.46826     0.11521    -0.48579    -5.09768
     1.9950        -5.41418     0.11530    -0.48420    -5.04529
     2.1450        -5.36242     0.11537    -0.48269    -4.99511
     2.2950        -5.31263     0.11545    -0.48124    -4.94684
     2.4450        -5.26470     0.11553    -0.47985    -4.90039
     2.5950        -5.21870     0.11562    -0.47851    -4.85581
     2.7450        -5.17453     0.11569    -0.47723    -4.81298
     2.8950        -5.13184     0.11576    -0.47600    -4.77159
     3.0450        -5.09100     0.11582    -0.47483    -4.73199
     3.1950        -5.05111     0.11587    -0.47370    -4.69328
     3.3450        -5.01322     0.11592    -0.47259    -4.65655
     3.4950        -4.97671     0.11598    -0.47152    -4.62117
     3.6450        -4.94128     0.11602    -0.47050    -4.58680
     3.7950        -4.90711     0.11606    -0.46950    -4.55367
     3.9450        -4.87416     0.11610    -0.46854    -4.52172
     4.0950        -4.84233     0.11614    -0.46760    -4.49087
     4.2450        -4.81156     0.11618    -0.46670    -4.46104
     4.3950        -4.78173     0.11622    -0.46582    -4.43213
     4.5450        -4.75281     0.11626    -0.46495    -4.40412
     4.6950        -4.72450     0.11630    -0.46410    -4.37670
     4.8450        -4.69727     0.11634    -0.46329    -4.35032
     4.9950        -4.67081     0.11637    -0.46250    -4.32469
     5.1450        -4.64505     0.11641    -0.46172    -4.29974
     5.2950        -4.62000     0.11645    -0.46096    -4.27548
     5.4450        -4.59557     0.11648    -0.46023    -4.25182
     5.5950        -4.57183     0.11652    -0.45951    -4.22884
     5.7450        -4.54871     0.11655    -0.45881    -4.20646
     5.8950        -4.52610     0.11659    -0.45812    -4.18457
     6.0450        -4.50405     0.11662    -0.45744    -4.16323
     6.1950        -4.48252     0.11663    -0.45678    -4.14237
     6.3450        -4.46151     0.11665    -0.45613    -4.12203
     6.4950        -4.44096     0.11668    -0.45549    -4.10215
     6.6450        -4.42085     0.11670    -0.45487    -4.08268
     6.7950        -4.40114     0.11674    -0.45427    -4.06361
     6.9450        -4.38188     0.11676    -0.45367    -4.04497
     7.0950        -4.36307     0.11679    -0.45309    -4.02677
     7.2450        -4.34458     0.11682    -0.45252    -4.00888
     7.3950        -4.32650     0.11684    -0.45196    -3.99138
     7.5450        -4.30880     0.11686    -0.45141    -3.97424
     7.6950        -4.29143     0.11689    -0.45087    -3.95745
     7.8450        -4.27434     0.11691    -0.45034    -3.94091
     7.9950        -4.25761     0.11693    -0.44982    -3.92472
     8.1450        -4.24115     0.11695    -0.44930    -3.90880
     8.2950        -4.22498     0.11697    -0.44879    -3.89315
     8.4450        -4.20913     0.11699    -0.44830    -3.87782
     8.5950        -4.19353     0.11701    -0.44780    -3.86274
     8.7450        -4.17820     0.11703    -0.44731    -3.84792
     8.8950        -4.16316     0.11705    -0.44684    -3.83337
     9.0450        -4.14833     0.11707    -0.44637    -3.81904
     9.1950        -4.13377     0.11709    -0.44591    -3.80495
     9.3450        -4.11943     0.11711    -0.44544    -3.79111
     9.4950        -4.10534     0.11714    -0.44500    -3.77748
     9.6450        -4.09147     0.11715    -0.44455    -3.76407
     9.7950        -4.07779     0.11717    -0.44411    -3.75085
     9.9450        -4.06431     0.11719    -0.44368    -3.73783
     10.095        -4.05106     0.11722    -0.44325    -3.72503
     10.245        -4.03803     0.11724    -0.44284    -3.71244
     10.395        -4.02516     0.11726    -0.44243    -3.69999
     10.545        -4.01248     0.11728    -0.44203    -3.68773
     10.695        -3.99998     0.11730    -0.44163    -3.67565
     10.845        -3.98764     0.11731    -0.44123    -3.66372
     10.995        -3.97545     0.11732    -0.44084    -3.65193
     11.145        -3.96348     0.11734    -0.44046    -3.64036
     11.295        -3.95167     0.11735    -0.44008    -3.62894
     11.445        -3.93999     0.11737    -0.43971    -3.61765
     11.595        -3.92844     0.11738    -0.43934    -3.60649
     11.745        -3.91708     0.11740    -0.43898    -3.59551
     11.895        -3.90588     0.11741    -0.43862    -3.58467
     12.045        -3.89478     0.11742    -0.43826    -3.57395
     12.195        -3.88382     0.11744    -0.43790    -3.56336
     12.345        -3.87300     0.11745    -0.43755    -3.55290
     12.495        -3.86238     0.11746    -0.43721    -3.54263
     12.645        -3.85184     0.11747    -0.43687    -3.53244
     12.795        -3.84142     0.11748    -0.43653    -3.52237
     12.945        -3.83114     0.11750    -0.43620    -3.51244
     13.095        -3.82099     0.11751    -0.43587    -3.50264
     13.245        -3.81099     0.11753    -0.43555    -3.49297
     13.395        -3.80106     0.11754    -0.43522    -3.48338
     13.545        -3.79126     0.11755    -0.43490    -3.47390
     13.695        -3.78155     0.11756    -0.43459    -3.46452
     13.845        -3.77196     0.11757    -0.43428    -3.45525
     13.995        -3.76246     0.11758    -0.43397    -3.44608
     14.145        -3.75312     0.11759    -0.43366    -3.43706
     14.295        -3.74386     0.11760    -0.43336    -3.42809
     14.445        -3.73466     0.11761    -0.43306    -3.41922
     14.595        -3.72558     0.11762    -0.43276    -3.41044
     14.745        -3.71663     0.11764    -0.43247    -3.40179
     14.895        -3.70774     0.11765    -0.43218    -3.39321
     15.045        -3.69894     0.11766    -0.43189    -3.38471
     15.195        -3.69026     0.11767    -0.43161    -3.37631
     15.345        -3.68163     0.11768    -0.43133    -3.36797
     15.495        -3.67313     0.11769    -0.43105    -3.35977
     15.645        -3.66467     0.11770    -0.43078    -3.35160
     15.795        -3.65633     0.11771    -0.43051    -3.34353
     15.945        -3.64807     0.11772    -0.43023    -3.33557
     16.095        -3.63989     0.11774    -0.42996    -3.32766
     16.245        -3.63179     0.11774    -0.42970    -3.31984
     16.395        -3.62376     0.11776    -0.42943    -3.31209
     16.545        -3.61582     0.11777    -0.42917    -3.30442
     16.695        -3.60794     0.11778    -0.42891    -3.29681
     16.845        -3.60012     0.11779    -0.42866    -3.28925
     16.995        -3.59240     0.11780    -0.42841    -3.28180
     17.145        -3.58471     0.11781    -0.42816    -3.27436
     17.295        -3.57714     0.11782    -0.42791    -3.26704
     17.445        -3.56960     0.11783    -0.42766    -3.25976
     17.595        -3.56213     0.11784    -0.42741    -3.25256
     17.745        -3.55475     0.11784    -0.42717    -3.24542
     17.895        -3.54743     0.11785    -0.42693    -3.23834
     18.045        -3.54017     0.11786    -0.42670    -3.23133
     18.195        -3.53297     0.11787    -0.42646    -3.22438
     18.345        -3.52581     0.11789    -0.42623    -3.21747
     18.495        -3.51873     0.11789    -0.42599    -3.21063
     18.645        -3.51172     0.11790    -0.42577    -3.20385
     18.795        -3.50474     0.11791    -0.42553    -3.19712
     18.945        -3.49786     0.11792    -0.42530    -3.19048
     19.095        -3.49101     0.11793    -0.42508    -3.18387
     19.245        -3.48423     0.11794    -0.42485    -3.17732
     19.395        -3.47751     0.11794    -0.42462    -3.17083
     19.545        -3.47084     0.11795    -0.42440    -3.16439
     19.695        -3.46423     0.11796    -0.42419    -3.15800
     19.845        -3.45765     0.11797    -0.42397    -3.15165
     19.995        -3.45116     0.11798    -0.42376    -3.14539
     20.145        -3.44471     0.11800    -0.42355    -3.13915
     20.295        -3.43830     0.11800    -0.42333    -3.13297
     20.445        -3.43195     0.11801    -0.42312    -3.12684
     20.595        -3.42565     0.11802    -0.42291    -3.12076
     20.745        -3.41936     0.11803    -0.42270    -3.11468
     20.895        -3.41317     0.11804    -0.42250    -3.10871
     21.045        -3.40697     0.11805    -0.42230    -3.10272
     21.195        -3.40084     0.11806    -0.42209    -3.09681
     21.345        -3.39476     0.11807    -0.42189    -3.09093
     21.495        -3.38872     0.11808    -0.42169    -3.08511
     21.645        -3.38273     0.11808    -0.42150    -3.07932
     21.795        -3.37679     0.11809    -0.42129    -3.07359
     21.945        -3.37087     0.11810    -0.42110    -3.06787
     22.095        -3.36499     0.11810    -0.42090    -3.06220
     22.245        -3.35921     0.11811    -0.42071    -3.05661
     22.395        -3.35343     0.11812    -0.42051    -3.05103
     22.545        -3.34767     0.11813    -0.42032    -3.04548
     22.695        -3.34197     0.11814    -0.42013    -3.03997
     22.845        -3.33631     0.11814    -0.41995    -3.03451
     22.995        -3.33071     0.11816    -0.41975    -3.02911
     23.145        -3.32512     0.11817    -0.41957    -3.02372
     23.295        -3.31956     0.11818    -0.41938    -3.01835
     23.445        -3.31405     0.11818    -0.41920    -3.01304
     23.595        -3.30859     0.11819    -0.41901    -3.00776
     23.745        -3.30314     0.11820    -0.41884    -3.00250
     23.895        -3.29775     0.11820    -0.41865    -2.99730
     24.045        -3.29241     0.11821    -0.41848    -2.99214
     24.195        -3.28707     0.11822    -0.41830    -2.98699
     24.345        -3.28179     0.11822    -0.41812    -2.98189
     24.495        -3.27652     0.11823    -0.41795    -2.97680
     24.645        -3.27131     0.11823    -0.41777    -2.97177
     24.795        -3.26615     0.11824    -0.41760    -2.96678
     24.945        -3.26100     0.11824    -0.41743    -2.96181
     25.095        -3.25587     0.11825    -0.41726    -2.95686
     25.245        -3.25080     0.11825    -0.41709    -2.95196
     25.395        -3.24575     0.11826    -0.41692    -2.94708
     25.545        -3.24073     0.11826    -0.41675    -2.94224
     25.695        -3.23574     0.11827    -0.41659    -2.93742
     25.845        -3.23079     0.11827    -0.41642    -2.93264
     25.995        -3.22587     0.11828    -0.41626    -2.92789
     26.145        -3.22097     0.11828    -0.41609    -2.92316
     26.295        -3.21609     0.11829    -0.41593    -2.91845
     26.445        -3.21126     0.11829    -0.41576    -2.91379
     26.595        -3.20644     0.11830    -0.41560    -2.90914
     26.745        -3.20164     0.11830    -0.41544    -2.90451
     26.895        -3.19687     0.11831    -0.41528    -2.89991
     27.045        -3.19215     0.11832    -0.41512    -2.89534
     27.195        -3.18744     0.11832    -0.41497    -2.89080
     27.345        -3.18279     0.11833    -0.41481    -2.88631
     27.495        -3.17816     0.11833    -0.41465    -2.88184
     27.645        -3.17355     0.11834    -0.41450    -2.87739
     27.795        -3.16895     0.11834    -0.41435    -2.87294
     27.945        -3.16438     0.11835    -0.41419    -2.86854
     28.095        -3.15987     0.11835    -0.41404    -2.86418
     28.245        -3.15537     0.11836    -0.41389    -2.85983
     28.395        -3.15088     0.11836    -0.41374    -2.85551
     28.545        -3.14643     0.11837    -0.41359    -2.85121
     28.695        -3.14201     0.11837    -0.41344    -2.84694
     28.845        -3.13761     0.11837    -0.41329    -2.84269
     28.995        -3.13322     0.11838    -0.41314    -2.83846
     29.145        -3.12886     0.11839    -0.41300    -2.83425
     29.295        -3.12453     0.11840    -0.41286    -2.83007
     29.445        -3.12020     0.11840    -0.41271    -2.82589
     29.595        -3.11591     0.11841    -0.41257    -2.82175
     29.745        -3.11165     0.11841    -0.41243    -2.81763
     29.895        -3.10740     0.11842    -0.41228    -2.81354
     30.045        -3.10316     0.11843    -0.41214    -2.80944
     30.195        -3.09896     0.11844    -0.41200    -2.80539
     30.345        -3.09479     0.11844    -0.41186    -2.80137
     30.495        -3.09064     0.11844    -0.41172    -2.79736
     30.645        -3.08651     0.11845    -0.41159    -2.79337
     30.795        -3.08241     0.11845    -0.41145    -2.78941
     30.945        -3.07832     0.11846    -0.41131    -2.78546
     31.095        -3.07424     0.11846    -0.41117    -2.78153
     31.245        -3.07019     0.11847    -0.41104    -2.77763
     31.395        -3.06616     0.11848    -0.41090    -2.77374
     31.545        -3.06217     0.11848    -0.41077    -2.76988
     31.695        -3.05820     0.11848    -0.41064    -2.76605
     31.845        -3.05423     0.11849    -0.41051    -2.76221
     31.995        -3.05031     0.11850    -0.41037    -2.75843
     32.145        -3.04638     0.11850    -0.41025    -2.75463
     32.295        -3.04247     0.11851    -0.41011    -2.75086
     32.445        -3.03860     0.11852    -0.40999    -2.74713
     32.595        -3.03473     0.11852    -0.40986    -2.74340
     32.745        -3.03090     0.11852    -0.40973    -2.73970
     32.895        -3.02706     0.11853    -0.40960    -2.73599
     33.045        -3.02326     0.11853    -0.40947    -2.73233
     33.195        -3.01946     0.11854    -0.40934    -2.72867
     33.345        -3.01569     0.11854    -0.40921    -2.72502
     33.495        -3.01193     0.11855    -0.40909    -2.72140
     33.645        -3.00821     0.11855    -0.40896    -2.71781
     33.795        -3.00448     0.11856    -0.40883    -2.71420
     33.945        -3.00079     0.11857    -0.40871    -2.71064
     34.095        -2.99711     0.11857    -0.40858    -2.70709
     34.245        -2.99343     0.11858    -0.40846    -2.70355
     34.395        -2.98977     0.11858    -0.40834    -2.70000
     34.545        -2.98614     0.11859    -0.40822    -2.69651
     34.695        -2.98253     0.11859    -0.40810    -2.69302
     34.845        -2.97894     0.11860    -0.40798    -2.68956
     34.995        -2.97536     0.11860    -0.40786    -2.68610
     35.145        -2.97181     0.11860    -0.40774    -2.68267
     35.295        -2.96827     0.11861    -0.40762    -2.67926
     35.445        -2.96474     0.11861    -0.40750    -2.67585
     35.595        -2.96123     0.11862    -0.40738    -2.67247
     35.745        -2.95776     0.11862    -0.40726    -2.66912
     35.895        -2.95429     0.11863    -0.40715    -2.66577
     36.045        -2.95082     0.11863    -0.40703    -2.66242
     36.195        -2.94738     0.11863    -0.40691    -2.65910
     36.345        -2.94396     0.11863    -0.40679    -2.65580
     36.495        -2.94054     0.11864    -0.40668    -2.65249
     36.645        -2.93713     0.11865    -0.40656    -2.64921
     36.795        -2.93374     0.11865    -0.40645    -2.64594
     36.945        -2.93036     0.11865    -0.40633    -2.64268
     37.095        -2.92701     0.11866    -0.40622    -2.63945
     37.245        -2.92366     0.11866    -0.40610    -2.63622
     37.395        -2.92033     0.11867    -0.40599    -2.63301
     37.545        -2.91701     0.11867    -0.40587    -2.62980
     37.695        -2.91371     0.11868    -0.40576    -2.62662
     37.845        -2.91043     0.11868    -0.40566    -2.62345
     37.995        -2.90715     0.11869    -0.40554    -2.62029
     38.145        -2.90389     0.11869    -0.40543    -2.61715
     38.295        -2.90065     0.11869    -0.40532    -2.61403
     38.445        -2.89743     0.11870    -0.40521    -2.61091
     38.595        -2.89421     0.11870    -0.40510    -2.60781
     38.745        -2.89101     0.11870    -0.40499    -2.60473
     38.895        -2.88783     0.11871    -0.40488    -2.60166
     39.045        -2.88466     0.11871    -0.40478    -2.59860
     39.195        -2.88149     0.11872    -0.40467    -2.59554
     39.345        -2.87835     0.11872    -0.40456    -2.59251
     39.495        -2.87520     0.11872    -0.40446    -2.58947
     39.645        -2.87208     0.11873    -0.40435    -2.58646
     39.795        -2.86898     0.11873    -0.40424    -2.58347
     39.945        -2.86591     0.11873    -0.40414    -2.58051
     40.095        -2.86284     0.11874    -0.40403    -2.57755
     40.245        -2.85977     0.11874    -0.40393    -2.57458
     40.395        -2.85672     0.11874    -0.40383    -2.57163
     40.545        -2.85366     0.11875    -0.40372    -2.56868
     40.695        -2.85062     0.11875    -0.40362    -2.56575
     40.845        -2.84758     0.11876    -0.40352    -2.56282
     40.995        -2.84457     0.11876    -0.40341    -2.55992
     41.145        -2.84156     0.11876    -0.40331    -2.55701
     41.295        -2.83857     0.11877    -0.40321    -2.55412
     41.445        -2.83559     0.11877    -0.40311    -2.55125
     41.595        -2.83261     0.11877    -0.40300    -2.54838
     41.745        -2.82964     0.11877    -0.40290    -2.54551
     41.895        -2.82670     0.11878    -0.40280    -2.54268
     42.045        -2.82379     0.11878    -0.40270    -2.53987
     42.195        -2.82086     0.11878    -0.40260    -2.53705
     42.345        -2.81797     0.11879    -0.40250    -2.53426
     42.495        -2.81507     0.11879    -0.40239    -2.53147
     42.645        -2.81220     0.11880    -0.40230    -2.52870
     42.795        -2.80933     0.11880    -0.40220    -2.52592
     42.945        -2.80648     0.11880    -0.40210    -2.52317
     43.095        -2.80363     0.11880    -0.40201    -2.52042
     43.245        -2.80077     0.11881    -0.40191    -2.51767
     43.395        -2.79797     0.11881    -0.40181    -2.51496
     43.545        -2.79514     0.11881    -0.40172    -2.51223
     43.695        -2.79234     0.11881    -0.40162    -2.50953
     43.845        -2.78955     0.11881    -0.40153    -2.50684
     43.995        -2.78676     0.11882    -0.40143    -2.50415
     44.145        -2.78399     0.11882    -0.40134    -2.50148
     44.295        -2.78122     0.11882    -0.40124    -2.49880
     44.445        -2.77845     0.11883    -0.40115    -2.49613
     44.595        -2.77571     0.11883    -0.40105    -2.49349
     44.745        -2.77298     0.11883    -0.40096    -2.49085
     44.895        -2.77024     0.11884    -0.40086    -2.48821
     45.045        -2.76752     0.11884    -0.40077    -2.48560
     45.195        -2.76482     0.11885    -0.40068    -2.48299
     45.345        -2.76213     0.11885    -0.40059    -2.48040
     45.495        -2.75944     0.11886    -0.40049    -2.47780
     45.645        -2.75676     0.11886    -0.40040    -2.47522
     45.795        -2.75411     0.11886    -0.40031    -2.47266
     45.945        -2.75146     0.11886    -0.40022    -2.47010
     46.095        -2.74882     0.11887    -0.40013    -2.46755
     46.245        -2.74618     0.11887    -0.40004    -2.46500
     46.395        -2.74354     0.11887    -0.39995    -2.46246
     46.545        -2.74092     0.11887    -0.39986    -2.45994
     46.695        -2.73830     0.11888    -0.39977    -2.45741
     46.845        -2.73569     0.11888    -0.39968    -2.45489
     46.995        -2.73310     0.11888    -0.39959    -2.45239
     47.145        -2.73053     0.11889    -0.39951    -2.44991
     47.295        -2.72795     0.11889    -0.39942    -2.44742
     47.445        -2.72538     0.11889    -0.39933    -2.44494
     47.595        -2.72282     0.11890    -0.39924    -2.44248
     47.745        -2.72026     0.11890    -0.39915    -2.44001
     47.895        -2.71771     0.11891    -0.39907    -2.43755
     48.045        -2.71518     0.11891    -0.39899    -2.43510
     48.195        -2.71265     0.11891    -0.39890    -2.43266
     48.345        -2.71016     0.11891    -0.39881    -2.43026
     48.495        -2.70765     0.11891    -0.39872    -2.42785
     48.645        -2.70515     0.11892    -0.39863    -2.42544
     48.795        -2.70266     0.11892    -0.39855    -2.42303
     48.945        -2.70017     0.11893    -0.39846    -2.42064
     49.095        -2.69771     0.11893    -0.39838    -2.41826
     49.245        -2.69524     0.11893    -0.39830    -2.41588
     49.395        -2.69279     0.11894    -0.39822    -2.41351
     49.545        -2.69034     0.11894    -0.39813    -2.41115
     49.695        -2.68789     0.11895    -0.39805    -2.40879
     49.845        -2.68546     0.11895    -0.39797    -2.40644
     49.995        -2.68302     0.11895    -0.39788    -2.40409
     50.145        -2.68059     0.11895    -0.39780    -2.40175
     50.295        -2.67817     0.11895    -0.39771    -2.39942
     50.445        -2.67576     0.11896    -0.39763    -2.39709
     50.595        -2.67338     0.11896    -0.39755    -2.39479
     50.745        -2.67101     0.11896    -0.39747    -2.39250
     50.895        -2.66865     0.11896    -0.39739    -2.39022
     51.045        -2.66628     0.11896    -0.39731    -2.38794
     51.195        -2.66392     0.11897    -0.39723    -2.38566
     51.345        -2.66158     0.11897    -0.39714    -2.38341
     51.495        -2.65925     0.11897    -0.39706    -2.38116
     51.645        -2.65692     0.11898    -0.39699    -2.37891
     51.795        -2.65459     0.11898    -0.39690    -2.37667
     51.945        -2.65228     0.11899    -0.39682    -2.37444
     52.095        -2.64997     0.11899    -0.39674    -2.37222
     52.245        -2.64765     0.11899    -0.39666    -2.36998
     52.395        -2.64535     0.11900    -0.39658    -2.36777
     52.545        -2.64306     0.11900    -0.39651    -2.36556
     52.695        -2.64078     0.11900    -0.39643    -2.36335
     52.845        -2.63851     0.11900    -0.39635    -2.36116
     52.995        -2.63623     0.11900    -0.39627    -2.35897
     53.145        -2.63397     0.11901    -0.39620    -2.35678
     53.295        -2.63172     0.11901    -0.39612    -2.35461
     53.445        -2.62946     0.11901    -0.39604    -2.35243
     53.595        -2.62723     0.11901    -0.39597    -2.35028
     53.745        -2.62499     0.11902    -0.39589    -2.34812
     53.895        -2.62277     0.11902    -0.39581    -2.34598
     54.045        -2.62055     0.11903    -0.39574    -2.34384
     54.195        -2.61834     0.11903    -0.39567    -2.34171
     54.345        -2.61615     0.11903    -0.39559    -2.33959
     54.495        -2.61395     0.11904    -0.39552    -2.33746
     54.645        -2.61175     0.11904    -0.39544    -2.33535
     54.795        -2.60956     0.11904    -0.39537    -2.33323
     54.945        -2.60737     0.11905    -0.39530    -2.33112
     55.095        -2.60519     0.11905    -0.39522    -2.32902
     59.433        -2.43518     0.11926    -0.38940    -2.16504
     80.646        -2.18855     0.11953    -0.38091    -1.92717
     111.21        -1.95083     0.11983    -0.37270    -1.69795
     153.36        -1.72254     0.12009    -0.36481    -1.47782
     211.49        -1.50346     0.12033    -0.35719    -1.26660
     291.64        -1.29349     0.12056    -0.34992    -1.06414
     402.18        -1.09244     0.12075    -0.34296    -0.87023
     554.60        -0.90034     0.12092    -0.33630    -0.68496
     764.80        -0.71678     0.12108    -0.32994    -0.50793
     1054.7        -0.54145     0.12124    -0.32388    -0.33881
     1454.4        -0.37405     0.12135    -0.31810    -0.17730
     2005.6        -0.21421     0.12143    -0.31261    -0.02303
     2765.8        -0.06186     0.12150    -0.30739     0.12403
     3814.0         0.08364     0.12155    -0.30243     0.26452
     5259.5         0.22221     0.12157    -0.29772     0.39836
     7252.9         0.35446     0.12157    -0.29324     0.52614
     10002.         0.48058     0.12156    -0.28899     0.64801
     13793.         0.60090     0.12152    -0.28495     0.76433
     19020.         0.71560     0.12146    -0.28108     0.87522
     26229.         0.82491     0.12140    -0.27740     0.98091
     36170.         0.92912     0.12132    -0.27391     1.08170
     49878.         1.02833     0.12124    -0.27058     1.17767
     68782.         1.12278     0.12113    -0.26740     1.26905
     94851.         1.21268     0.12101    -0.26437     1.35604
    0.13080E+06     1.29828     0.12088    -0.26151     1.43890
    0.18038E+06     1.37960     0.12075    -0.25878     1.51763
    0.24874E+06     1.45688     0.12061    -0.25618     1.59245
    0.34301E+06     1.53027     0.12047    -0.25372     1.66352
    0.47302E+06     1.60012     0.12033    -0.25135     1.73114
    0.65229E+06     1.66642     0.12018    -0.24908     1.79533
    0.89952E+06     1.72940     0.12002    -0.24693     1.85631
    0.12404E+07     1.78915     0.11987    -0.24488     1.91416
    0.17106E+07     1.84577     0.11973    -0.24294     1.96899
    0.23589E+07     1.89962     0.11958    -0.24109     2.02113
    0.32529E+07     1.95071     0.11943    -0.23934     2.07063
    0.44858E+07     1.99923     0.11928    -0.23767     2.11763
    0.61860E+07     2.04529     0.11914    -0.23608     2.16223
    0.85305E+07     2.08891     0.11899    -0.23457     2.20448
    0.11764E+08     2.13038     0.11885    -0.23313     2.24466
    0.16222E+08     2.16975     0.11872    -0.23178     2.28280
    0.22370E+08     2.20707     0.11859    -0.23049     2.31896
    0.30849E+08     2.24245     0.11847    -0.22926     2.35325
    0.42541E+08     2.27596     0.11834    -0.22811     2.38572
    0.58664E+08     2.30745     0.11822    -0.22701     2.41624
    0.80898E+08     2.33711     0.11810    -0.22597     2.44498
    0.11156E+09     2.36506     0.11800    -0.22497     2.47204
    0.15384E+09     2.39141     0.11791    -0.22404     2.49754
    0.21215E+09     2.41630     0.11782    -0.22315     2.52163
    0.29255E+09     2.43973     0.11775    -0.22229     2.54427
    0.40343E+09     2.46190     0.11767    -0.22148     2.56571
    0.55633E+09     2.48283     0.11761    -0.22071     2.58594
    0.76719E+09     2.50245     0.11754    -0.21999     2.60490
    0.10580E+10     2.52009     0.11748    -0.21931     2.62192
    0.14589E+10     2.53615     0.11742    -0.21867     2.63740
    0.20119E+10     2.55096     0.11737    -0.21806     2.65165
    0.27744E+10     2.56463     0.11732    -0.21749     2.66480
    0.38259E+10     2.57720     0.11728    -0.21696     2.67689
    0.52760E+10     2.58886     0.11724    -0.21645     2.68808
    0.72756E+10     2.59961     0.11720    -0.21597     2.69838
    0.10033E+11     2.60957     0.11716    -0.21552     2.70792
    0.13836E+11     2.61874     0.11713    -0.21509     2.71671
    0.19079E+11     2.62723     0.11709    -0.21471     2.72485
    0.26311E+11     2.63503     0.11706    -0.21437     2.73234
    0.36283E+11     2.64224     0.11703    -0.21405     2.73926
    0.50034E+11     2.64889     0.11701    -0.21376     2.74564
    0.68997E+11     2.65503     0.11699    -0.21349     2.75153
    0.10000E+12     2.72840     0.11668    -0.21026     2.82197
