    -99.945         0.00000     0.00000     0.00000     0.00000
    -99.795         0.00000     0.00000     0.00000     0.00000
    -99.645         0.00000     0.00000     0.00000     0.00000
    -99.495         0.00000     0.00000     0.00000     0.00000
    -99.345         0.00000     0.00000     0.00000     0.00000
    -99.195         0.00000     0.00000     0.00000     0.00000
    -99.045         0.00000     0.00000     0.00000     0.00000
    -98.895         0.00000     0.00000     0.00000     0.00000
    -98.745         0.00000     0.00000     0.00000     0.00000
    -98.595         0.00000     0.00000     0.00000     0.00000
    -98.445         0.00000     0.00000     0.00000     0.00000
    -98.295         0.00000     0.00000     0.00000     0.00000
    -98.145         0.00000     0.00000     0.00000     0.00000
    -97.995         0.00000     0.00000     0.00000     0.00000
    -97.845         0.00000     0.00000     0.00000     0.00000
    -97.695         0.00000     0.00000     0.00000     0.00000
    -97.545         0.00000     0.00000     0.00000     0.00000
    -97.395         0.00000     0.00000     0.00000     0.00000
    -97.245         0.00000     0.00000     0.00000     0.00000
    -97.095         0.00000     0.00000     0.00000     0.00000
    -96.945         0.00000     0.00000     0.00000     0.00000
    -96.795         0.00000     0.00000     0.00000     0.00000
    -96.645         0.00000     0.00000     0.00000     0.00000
    -96.495         0.00000     0.00000     0.00000     0.00000
    -96.345         0.00000     0.00000     0.00000     0.00000
    -96.195         0.00000     0.00000     0.00000     0.00000
    -96.045         0.00000     0.00000     0.00000     0.00000
    -95.895         0.00000     0.00000     0.00000     0.00000
    -95.745         0.00000     0.00000     0.00000     0.00000
    -95.595         0.00000     0.00000     0.00000     0.00000
    -95.445         0.00000     0.00000     0.00000     0.00000
    -95.295         0.00000     0.00000     0.00000     0.00000
    -95.145         0.00000     0.00000     0.00000     0.00000
    -94.995         0.00000     0.00000     0.00000     0.00000
    -94.845         0.00000     0.00000     0.00000     0.00000
    -94.695         0.00000     0.00000     0.00000     0.00000
    -94.545         0.00000     0.00000     0.00000     0.00000
    -94.395         0.00000     0.00000     0.00000     0.00000
    -94.245         0.00000     0.00000     0.00000     0.00000
    -94.095         0.00000     0.00000     0.00000     0.00000
    -93.945         0.00000     0.00000     0.00000     0.00000
    -93.795         0.00000     0.00000     0.00000     0.00000
    -93.645         0.00000     0.00000     0.00000     0.00000
    -93.495         0.00000     0.00000     0.00000     0.00000
    -93.345         0.00000     0.00000     0.00000     0.00000
    -93.195         0.00000     0.00000     0.00000     0.00000
    -93.045         0.00000     0.00000     0.00000     0.00000
    -92.895         0.00000     0.00000     0.00000     0.00000
    -92.745         0.00000     0.00000     0.00000     0.00000
    -92.595         0.00000     0.00000     0.00000     0.00000
    -92.445         0.00000     0.00000     0.00000     0.00000
    -92.295         0.00000     0.00000     0.00000     0.00000
    -92.145         0.00000     0.00000     0.00000     0.00000
    -91.995         0.00000     0.00000     0.00000     0.00000
    -91.845         0.00000     0.00000     0.00000     0.00000
    -91.695         0.00000     0.00000     0.00000     0.00000
    -91.545         0.00000     0.00000     0.00000     0.00000
    -91.395         0.00000     0.00000     0.00000     0.00000
    -91.245         0.00000     0.00000     0.00000     0.00000
    -91.095         0.00000     0.00000     0.00000     0.00000
    -90.945         0.00000     0.00000     0.00000     0.00000
    -90.795         0.00000     0.00000     0.00000     0.00000
    -90.645         0.00000     0.00000     0.00000     0.00000
    -90.495         0.00000     0.00000     0.00000     0.00000
    -90.345         0.00000     0.00000     0.00000     0.00000
    -90.195         0.00000     0.00000     0.00000     0.00000
    -90.045         0.00000     0.00000     0.00000     0.00000
    -89.895         0.00000     0.00000     0.00000     0.00000
    -89.745         0.00000     0.00000     0.00000     0.00000
    -89.595         0.00000     0.00000     0.00000     0.00000
    -89.445         0.00000     0.00000     0.00000     0.00000
    -89.295         0.00000     0.00000     0.00000     0.00000
    -89.145         0.00000     0.00000     0.00000     0.00000
    -88.995         0.00000     0.00000     0.00000     0.00000
    -88.845         0.00000     0.00000     0.00000     0.00000
    -88.695         0.00000     0.00000     0.00000     0.00000
    -88.545         0.00000     0.00000     0.00000     0.00000
    -88.395         0.00000     0.00000     0.00000     0.00000
    -88.245         0.00000     0.00000     0.00000     0.00000
    -88.095         0.00000     0.00000     0.00000     0.00000
    -87.945         0.00000     0.00000     0.00000     0.00000
    -87.795         0.00000     0.00000     0.00000     0.00000
    -87.645         0.00000     0.00000     0.00000     0.00000
    -87.495         0.00000     0.00000     0.00000     0.00000
    -87.345         0.00000     0.00000     0.00000     0.00000
    -87.195         0.00000     0.00000     0.00000     0.00000
    -87.045         0.00000     0.00000     0.00000     0.00000
    -86.895         0.00000     0.00000     0.00000     0.00000
    -86.745         0.00000     0.00000     0.00000     0.00000
    -86.595         0.00000     0.00000     0.00000     0.00000
    -86.445         0.00000     0.00000     0.00000     0.00000
    -86.295         0.00000     0.00000     0.00000     0.00000
    -86.145         0.00000     0.00000     0.00000     0.00000
    -85.995         0.00000     0.00000     0.00000     0.00000
    -85.845         0.00000     0.00000     0.00000     0.00000
    -85.695         0.00000     0.00000     0.00000     0.00000
    -85.545         0.00000     0.00000     0.00000     0.00000
    -85.395         0.00000     0.00000     0.00000     0.00000
    -85.245         0.00000     0.00000     0.00000     0.00000
    -85.095         0.00000     0.00000     0.00000     0.00000
    -84.945         0.00000     0.00000     0.00000     0.00000
    -84.795         0.00000     0.00000     0.00000     0.00000
    -84.645         0.00000     0.00000     0.00000     0.00000
    -84.495         0.00000     0.00000     0.00000     0.00000
    -84.345         0.00000     0.00000     0.00000     0.00000
    -84.195         0.00000     0.00000     0.00000     0.00000
    -84.045         0.00000     0.00000     0.00000     0.00000
    -83.895         0.00000     0.00000     0.00000     0.00000
    -83.745         0.00000     0.00000     0.00000     0.00000
    -83.595         0.00000     0.00000     0.00000     0.00000
    -83.445         0.00000     0.00000     0.00000     0.00000
    -83.295         0.00000     0.00000     0.00000     0.00000
    -83.145         0.00000     0.00000     0.00000     0.00000
    -82.995         0.00000     0.00000     0.00000     0.00000
    -82.845         0.00000     0.00000     0.00000     0.00000
    -82.695         0.00000     0.00000     0.00000     0.00000
    -82.545         0.00000     0.00000     0.00000     0.00000
    -82.395         0.00000     0.00000     0.00000     0.00000
    -82.245         0.00000     0.00000     0.00000     0.00000
    -82.095         0.00000     0.00000     0.00000     0.00000
    -81.945         0.00000     0.00000     0.00000     0.00000
    -81.795         0.00000     0.00000     0.00000     0.00000
    -81.645         0.00000     0.00000     0.00000     0.00000
    -81.495         0.00000     0.00000     0.00000     0.00000
    -81.345         0.00000     0.00000     0.00000     0.00000
    -81.195         0.00000     0.00000     0.00000     0.00000
    -81.045         0.00000     0.00000     0.00000     0.00000
    -80.895         0.00000     0.00000     0.00000     0.00000
    -80.745         0.00000     0.00000     0.00000     0.00000
    -80.595         0.00000     0.00000     0.00000     0.00000
    -80.445         0.00000     0.00000     0.00000     0.00000
    -80.295         0.00000     0.00000     0.00000     0.00000
    -80.145         0.00000     0.00000     0.00000     0.00000
    -79.995         0.00000     0.00000     0.00000     0.00000
    -79.845         0.00000     0.00000     0.00000     0.00000
    -79.695         0.00000     0.00000     0.00000     0.00000
    -79.545         0.00000     0.00000     0.00000     0.00000
    -79.395         0.00000     0.00000     0.00000     0.00000
    -79.245         0.00000     0.00000     0.00000     0.00000
    -79.095         0.00000     0.00000     0.00000     0.00000
    -78.945         0.00000     0.00000     0.00000     0.00000
    -78.795         0.00000     0.00000     0.00000     0.00000
    -78.645         0.00000     0.00000     0.00000     0.00000
    -78.495         0.00000     0.00000     0.00000     0.00000
    -78.345         0.00000     0.00000     0.00000     0.00000
    -78.195         0.00000     0.00000     0.00000     0.00000
    -78.045         0.00000     0.00000     0.00000     0.00000
    -77.895         0.00000     0.00000     0.00000     0.00000
    -77.745         0.00000     0.00000     0.00000     0.00000
    -77.595         0.00000     0.00000     0.00000     0.00000
    -77.445         0.00000     0.00000     0.00000     0.00000
    -77.295         0.00000     0.00000     0.00000     0.00000
    -77.145         0.00000     0.00000     0.00000     0.00000
    -76.995         0.00000     0.00000     0.00000     0.00000
    -76.845         0.00000     0.00000     0.00000     0.00000
    -76.695         0.00000     0.00000     0.00000     0.00000
    -76.545         0.00000     0.00000     0.00000     0.00000
    -76.395         0.00000     0.00000     0.00000     0.00000
    -76.245         0.00000     0.00000     0.00000     0.00000
    -76.095         0.00000     0.00000     0.00000     0.00000
    -75.945         0.00000     0.00000     0.00000     0.00000
    -75.795         0.00000     0.00000     0.00000     0.00000
    -75.645         0.00000     0.00000     0.00000     0.00000
    -75.495         0.00000     0.00000     0.00000     0.00000
    -75.345         0.00000     0.00000     0.00000     0.00000
    -75.195         0.00000     0.00000     0.00000     0.00000
    -75.045         0.00000     0.00000     0.00000     0.00000
    -74.895         0.00000     0.00000     0.00000     0.00000
    -74.745         0.00000     0.00000     0.00000     0.00000
    -74.595         0.00000     0.00000     0.00000     0.00000
    -74.445         0.00000     0.00000     0.00000     0.00000
    -74.295         0.00000     0.00000     0.00000     0.00000
    -74.145         0.00000     0.00000     0.00000     0.00000
    -73.995         0.00000     0.00000     0.00000     0.00000
    -73.845         0.00000     0.00000     0.00000     0.00000
    -73.695         0.00000     0.00000     0.00000     0.00000
    -73.545         0.00000     0.00000     0.00000     0.00000
    -73.395         0.00000     0.00000     0.00000     0.00000
    -73.245         0.00000     0.00000     0.00000     0.00000
    -73.095         0.00000     0.00000     0.00000     0.00000
    -72.945         0.00000     0.00000     0.00000     0.00000
    -72.795         0.00000     0.00000     0.00000     0.00000
    -72.645         0.00000     0.00000     0.00000     0.00000
    -72.495         0.00000     0.00000     0.00000     0.00000
    -72.345         0.00000     0.00000     0.00000     0.00000
    -72.195         0.00000     0.00000     0.00000     0.00000
    -72.045         0.00000     0.00000     0.00000     0.00000
    -71.895         0.00000     0.00000     0.00000     0.00000
    -71.745         0.00000     0.00000     0.00000     0.00000
    -71.595         0.00000     0.00000     0.00000     0.00000
    -71.445         0.00000     0.00000     0.00000     0.00000
    -71.295         0.00000     0.00000     0.00000     0.00000
    -71.145         0.00000     0.00000     0.00000     0.00000
    -70.995         0.00000     0.00000     0.00000     0.00000
    -70.845         0.00000     0.00000     0.00000     0.00000
    -70.695         0.00000     0.00000     0.00000     0.00000
    -70.545         0.00000     0.00000     0.00000     0.00000
    -70.395         0.00000     0.00000     0.00000     0.00000
    -70.245         0.00000     0.00000     0.00000     0.00000
    -70.095         0.00000     0.00000     0.00000     0.00000
    -69.945         0.00000     0.00000     0.00000     0.00000
    -69.795         0.00000     0.00000     0.00000     0.00000
    -69.645         0.00000     0.00000     0.00000     0.00000
    -69.495         0.00000     0.00000     0.00000     0.00000
    -69.345         0.00000     0.00000     0.00000     0.00000
    -69.195         0.00000     0.00000     0.00000     0.00000
    -69.045         0.00000     0.00000     0.00000     0.00000
    -68.895         0.00000     0.00000     0.00000     0.00000
    -68.745         0.00000     0.00000     0.00000     0.00000
    -68.595         0.00000     0.00000     0.00000     0.00000
    -68.445         0.00000     0.00000     0.00000     0.00000
    -68.295         0.00000     0.00000     0.00000     0.00000
    -68.145         0.00000     0.00000     0.00000     0.00000
    -67.995         0.00000     0.00000     0.00000     0.00000
    -67.845         0.00000     0.00000     0.00000     0.00000
    -67.695         0.00000     0.00000     0.00000     0.00000
    -67.545         0.00000     0.00000     0.00000     0.00000
    -67.395         0.00000     0.00000     0.00000     0.00000
    -67.245         0.00000     0.00000     0.00000     0.00000
    -67.095         0.00000     0.00000     0.00000     0.00000
    -66.945         0.00000     0.00000     0.00000     0.00000
    -66.795         0.00000     0.00000     0.00000     0.00000
    -66.645         0.00000     0.00000     0.00000     0.00000
    -66.495         0.00000     0.00000     0.00000     0.00000
    -66.345         0.00000     0.00000     0.00000     0.00000
    -66.195         0.00000     0.00000     0.00000     0.00000
    -66.045         0.00000     0.00000     0.00000     0.00000
    -65.895         0.00000     0.00000     0.00000     0.00000
    -65.745         0.00000     0.00000     0.00000     0.00000
    -65.595         0.00000     0.00000     0.00000     0.00000
    -65.445         0.00000     0.00000     0.00000     0.00000
    -65.295         0.00000     0.00000     0.00000     0.00000
    -65.145         0.00000     0.00000     0.00000     0.00000
    -64.995         0.00000     0.00000     0.00000     0.00000
    -64.845         0.00000     0.00000     0.00000     0.00000
    -64.695         0.00000     0.00000     0.00000     0.00000
    -64.545         0.00000     0.00000     0.00000     0.00000
    -64.395         0.00000     0.00000     0.00000     0.00000
    -64.245         0.00000     0.00000     0.00000     0.00000
    -64.095         0.00000     0.00000     0.00000     0.00000
    -63.945         0.00000     0.00000     0.00000     0.00000
    -63.795         0.00000     0.00000     0.00000     0.00000
    -63.645         0.00000     0.00000     0.00000     0.00000
    -63.495         0.00000     0.00000     0.00000     0.00000
    -63.345         0.00000     0.00000     0.00000     0.00000
    -63.195         0.00000     0.00000     0.00000     0.00000
    -63.045         0.00000     0.00000     0.00000     0.00000
    -62.895         0.00000     0.00000     0.00000     0.00000
    -62.745         0.00000     0.00000     0.00000     0.00000
    -62.595         0.00000     0.00000     0.00000     0.00000
    -62.445         0.00000     0.00000     0.00000     0.00000
    -62.295         0.00000     0.00000     0.00000     0.00000
    -62.145         0.00000     0.00000     0.00000     0.00000
    -61.995         0.00000     0.00000     0.00000     0.00000
    -61.845         0.00000     0.00000     0.00000     0.00000
    -61.695         0.00000     0.00000     0.00000     0.00000
    -61.545         0.00000     0.00000     0.00000     0.00000
    -61.395         0.00000     0.00000     0.00000     0.00000
    -61.245         0.00000     0.00000     0.00000     0.00000
    -61.095         0.00000     0.00000     0.00000     0.00000
    -60.945         0.00000     0.00000     0.00000     0.00000
    -60.795         0.00000     0.00000     0.00000     0.00000
    -60.645         0.00000     0.00000     0.00000     0.00000
    -60.495         0.00000     0.00000     0.00000     0.00000
    -60.345         0.00000     0.00000     0.00000     0.00000
    -60.195         0.00000     0.00000     0.00000     0.00000
    -60.045         0.00000     0.00000     0.00000     0.00000
    -59.895         0.00000     0.00000     0.00000     0.00000
    -59.745         0.00000     0.00000     0.00000     0.00000
    -59.595         0.00000     0.00000     0.00000     0.00000
    -59.445         0.00000     0.00000     0.00000     0.00000
    -59.295         0.00000     0.00000     0.00000     0.00000
    -59.145         0.00000     0.00000     0.00000     0.00000
    -58.995         0.00000     0.00000     0.00000     0.00000
    -58.845         0.00000     0.00000     0.00000     0.00000
    -58.695         0.00000     0.00000     0.00000     0.00000
    -58.545         0.00000     0.00000     0.00000     0.00000
    -58.395         0.00000     0.00000     0.00000     0.00000
    -58.245         0.00000     0.00000     0.00000     0.00000
    -58.095         0.00000     0.00000     0.00000     0.00000
    -57.945         0.00000     0.00000     0.00000     0.00000
    -57.795         0.00000     0.00000     0.00000     0.00000
    -57.645         0.00000     0.00000     0.00000     0.00000
    -57.495         0.00000     0.00000     0.00000     0.00000
    -57.345         0.00000     0.00000     0.00000     0.00000
    -57.195         0.00000     0.00000     0.00000     0.00000
    -57.045         0.00000     0.00000     0.00000     0.00000
    -56.895         0.00000     0.00000     0.00000     0.00000
    -56.745         0.00000     0.00000     0.00000     0.00000
    -56.595         0.00000     0.00000     0.00000     0.00000
    -56.445         0.00000     0.00000     0.00000     0.00000
    -56.295         0.00000     0.00000     0.00000     0.00000
    -56.145         0.00000     0.00000     0.00000     0.00000
    -55.995         0.00000     0.00000     0.00000     0.00000
    -55.845         0.00000     0.00000     0.00000     0.00000
    -55.695         0.00000     0.00000     0.00000     0.00000
    -55.545         0.00000     0.00000     0.00000     0.00000
    -55.395         0.00000     0.00000     0.00000     0.00000
    -55.245         0.00000     0.00000     0.00000     0.00000
    -55.095         0.00000     0.00000     0.00000     0.00000
    -54.945         0.00000     0.00000     0.00000     0.00000
    -54.795         0.00000     0.00000     0.00000     0.00000
    -54.645         0.00000     0.00000     0.00000     0.00000
    -54.495         0.00000     0.00000     0.00000     0.00000
    -54.345         0.00000     0.00000     0.00000     0.00000
    -54.195         0.00000     0.00000     0.00000     0.00000
    -54.045         0.00000     0.00000     0.00000     0.00000
    -53.895         0.00000     0.00000     0.00000     0.00000
    -53.745         0.00000     0.00000     0.00000     0.00000
    -53.595         0.00000     0.00000     0.00000     0.00000
    -53.445         0.00000     0.00000     0.00000     0.00000
    -53.295         0.00000     0.00000     0.00000     0.00000
    -53.145         0.00000     0.00000     0.00000     0.00000
    -52.995         0.00000     0.00000     0.00000     0.00000
    -52.845         0.00000     0.00000     0.00000     0.00000
    -52.695         0.00000     0.00000     0.00000     0.00000
    -52.545         0.00000     0.00000     0.00000     0.00000
    -52.395         0.00000     0.00000     0.00000     0.00000
    -52.245         0.00000     0.00000     0.00000     0.00000
    -52.095         0.00000     0.00000     0.00000     0.00000
    -51.945         0.00000     0.00000     0.00000     0.00000
    -51.795         0.00000     0.00000     0.00000     0.00000
    -51.645         0.00000     0.00000     0.00000     0.00000
    -51.495         0.00000     0.00000     0.00000     0.00000
    -51.345         0.00000     0.00000     0.00000     0.00000
    -51.195         0.00000     0.00000     0.00000     0.00000
    -51.045         0.00000     0.00000     0.00000     0.00000
    -50.895         0.00000     0.00000     0.00000     0.00000
    -50.745         0.00000     0.00000     0.00000     0.00000
    -50.595         0.00000     0.00000     0.00000     0.00000
    -50.445         0.00000     0.00000     0.00000     0.00000
    -50.295         0.00000     0.00000     0.00000     0.00000
    -50.145         0.00000     0.00000     0.00000     0.00000
    -49.995         0.00000     0.00000     0.00000     0.00000
    -49.845         0.00000     0.00000     0.00000     0.00000
    -49.695         0.00000     0.00000     0.00000     0.00000
    -49.545         0.00000     0.00000     0.00000     0.00000
    -49.395         0.00000     0.00000     0.00000     0.00000
    -49.245         0.00000     0.00000     0.00000     0.00000
    -49.095         0.00000     0.00000     0.00000     0.00000
    -48.945         0.00000     0.00000     0.00000     0.00000
    -48.795         0.00000     0.00000     0.00000     0.00000
    -48.645         0.00000     0.00000     0.00000     0.00000
    -48.495         0.00000     0.00000     0.00000     0.00000
    -48.345         0.00000     0.00000     0.00000     0.00000
    -48.195         0.00000     0.00000     0.00000     0.00000
    -48.045         0.00000     0.00000     0.00000     0.00000
    -47.895         0.00000     0.00000     0.00000     0.00000
    -47.745         0.00000     0.00000     0.00000     0.00000
    -47.595         0.00000     0.00000     0.00000     0.00000
    -47.445         0.00000     0.00000     0.00000     0.00000
    -47.295         0.00000     0.00000     0.00000     0.00000
    -47.145         0.00000     0.00000     0.00000     0.00000
    -46.995         0.00000     0.00000     0.00000     0.00000
    -46.845         0.00000     0.00000     0.00000     0.00000
    -46.695         0.00000     0.00000     0.00000     0.00000
    -46.545         0.00000     0.00000     0.00000     0.00000
    -46.395         0.00000     0.00000     0.00000     0.00000
    -46.245         0.00000     0.00000     0.00000     0.00000
    -46.095         0.00000     0.00000     0.00000     0.00000
    -45.945         0.00000     0.00000     0.00000     0.00000
    -45.795         0.00000     0.00000     0.00000     0.00000
    -45.645         0.00000     0.00000     0.00000     0.00000
    -45.495         0.00000     0.00000     0.00000     0.00000
    -45.345         0.00000     0.00000     0.00000     0.00000
    -45.195         0.00000     0.00000     0.00000     0.00000
    -45.045         0.00000     0.00000     0.00000     0.00000
    -44.895         0.00000     0.00000     0.00000     0.00000
    -44.745         0.00000     0.00000     0.00000     0.00000
    -44.595         0.00000     0.00000     0.00000     0.00000
    -44.445         0.00000     0.00000     0.00000     0.00000
    -44.295         0.00000     0.00000     0.00000     0.00000
    -44.145         0.00000     0.00000     0.00000     0.00000
    -43.995         0.00000     0.00000     0.00000     0.00000
    -43.845         0.00000     0.00000     0.00000     0.00000
    -43.695         0.00000     0.00000     0.00000     0.00000
    -43.545         0.00000     0.00000     0.00000     0.00000
    -43.395         0.00000     0.00000     0.00000     0.00000
    -43.245         0.00000     0.00000     0.00000     0.00000
    -43.095         0.00000     0.00000     0.00000     0.00000
    -42.945         0.00000     0.00000     0.00000     0.00000
    -42.795         0.00000     0.00000     0.00000     0.00000
    -42.645         0.00000     0.00000     0.00000     0.00000
    -42.495         0.00000     0.00000     0.00000     0.00000
    -42.345         0.00000     0.00000     0.00000     0.00000
    -42.195         0.00000     0.00000     0.00000     0.00000
    -42.045         0.00000     0.00000     0.00000     0.00000
    -41.895         0.00000     0.00000     0.00000     0.00000
    -41.745         0.00000     0.00000     0.00000     0.00000
    -41.595         0.00000     0.00000     0.00000     0.00000
    -41.445         0.00000     0.00000     0.00000     0.00000
    -41.295         0.00000     0.00000     0.00000     0.00000
    -41.145         0.00000     0.00000     0.00000     0.00000
    -40.995         0.00000     0.00000     0.00000     0.00000
    -40.845         0.00000     0.00000     0.00000     0.00000
    -40.695         0.00000     0.00000     0.00000     0.00000
    -40.545         0.00000     0.00000     0.00000     0.00000
    -40.395         0.00000     0.00000     0.00000     0.00000
    -40.245         0.00000     0.00000     0.00000     0.00000
    -40.095         0.00000     0.00000     0.00000     0.00000
    -39.945         0.00000     0.00000     0.00000     0.00000
    -39.795         0.00000     0.00000     0.00000     0.00000
    -39.645         0.00000     0.00000     0.00000     0.00000
    -39.495         0.00000     0.00000     0.00000     0.00000
    -39.345         0.00000     0.00000     0.00000     0.00000
    -39.195         0.00000     0.00000     0.00000     0.00000
    -39.045         0.00000     0.00000     0.00000     0.00000
    -38.895         0.00000     0.00000     0.00000     0.00000
    -38.745         0.00000     0.00000     0.00000     0.00000
    -38.595         0.00000     0.00000     0.00000     0.00000
    -38.445         0.00000     0.00000     0.00000     0.00000
    -38.295         0.00000     0.00000     0.00000     0.00000
    -38.145         0.00000     0.00000     0.00000     0.00000
    -37.995         0.00000     0.00000     0.00000     0.00000
    -37.845         0.00000     0.00000     0.00000     0.00000
    -37.695         0.00000     0.00000     0.00000     0.00000
    -37.545         0.00000     0.00000     0.00000     0.00000
    -37.395         0.00000     0.00000     0.00000     0.00000
    -37.245         0.00000     0.00000     0.00000     0.00000
    -37.095         0.00000     0.00000     0.00000     0.00000
    -36.945         0.00000     0.00000     0.00000     0.00000
    -36.795         0.00000     0.00000     0.00000     0.00000
    -36.645         0.00000     0.00000     0.00000     0.00000
    -36.495         0.00000     0.00000     0.00000     0.00000
    -36.345         0.00000     0.00000     0.00000     0.00000
    -36.195         0.00000     0.00000     0.00000     0.00000
    -36.045         0.00000     0.00000     0.00000     0.00000
    -35.895         0.00000     0.00000     0.00000     0.00000
    -35.745         0.00000     0.00000     0.00000     0.00000
    -35.595         0.00000     0.00000     0.00000     0.00000
    -35.445         0.00000     0.00000     0.00000     0.00000
    -35.295         0.00000     0.00000     0.00000     0.00000
    -35.145         0.00000     0.00000     0.00000     0.00000
    -34.995         0.00000     0.00000     0.00000     0.00000
    -34.845         0.00000     0.00000     0.00000     0.00000
    -34.695         0.00000     0.00000     0.00000     0.00000
    -34.545         0.00000     0.00000     0.00000     0.00000
    -34.395         0.00000     0.00000     0.00000     0.00000
    -34.245         0.00000     0.00000     0.00000     0.00000
    -34.095         0.00000     0.00000     0.00000     0.00000
    -33.945         0.00000     0.00000     0.00000     0.00000
    -33.795         0.00000     0.00000     0.00000     0.00000
    -33.645         0.00000     0.00000     0.00000     0.00000
    -33.495         0.00000     0.00000     0.00000     0.00000
    -33.345         0.00000     0.00000     0.00000     0.00000
    -33.195         0.00000     0.00000     0.00000     0.00000
    -33.045         0.00000     0.00000     0.00000     0.00000
    -32.895         0.00000     0.00000     0.00000     0.00000
    -32.745         0.00000     0.00000     0.00000     0.00000
    -32.595         0.00000     0.00000     0.00000     0.00000
    -32.445         0.00000     0.00000     0.00000     0.00000
    -32.295         0.00000     0.00000     0.00000     0.00000
    -32.145         0.00000     0.00000     0.00000     0.00000
    -31.995         0.00000     0.00000     0.00000     0.00000
    -31.845         0.00000     0.00000     0.00000     0.00000
    -31.695         0.00000     0.00000     0.00000     0.00000
    -31.545         0.00000     0.00000     0.00000     0.00000
    -31.395         0.00000     0.00000     0.00000     0.00000
    -31.245         0.00000     0.00000     0.00000     0.00000
    -31.095         0.00000     0.00000     0.00000     0.00000
    -30.945         0.00000     0.00000     0.00000     0.00000
    -30.795         0.00000     0.00000     0.00000     0.00000
    -30.645         0.00000     0.00000     0.00000     0.00000
    -30.495         0.00000     0.00000     0.00000     0.00000
    -30.345         0.00000     0.00000     0.00000     0.00000
    -30.195         0.00000     0.00000     0.00000     0.00000
    -30.045         0.00000     0.00000     0.00000     0.00000
    -29.895         0.00000     0.00000     0.00000     0.00000
    -29.745         0.00000     0.00000     0.00000     0.00000
    -29.595         0.00000     0.00000     0.00000     0.00000
    -29.445         0.00000     0.00000     0.00000     0.00000
    -29.295         0.00000     0.00000     0.00000     0.00000
    -29.145         0.00000     0.00000     0.00000     0.00000
    -28.995         0.00000     0.00000     0.00000     0.00000
    -28.845         0.00000     0.00000     0.00000     0.00000
    -28.695         0.00000     0.00000     0.00000     0.00000
    -28.545         0.00000     0.00000     0.00000     0.00000
    -28.395         0.00000     0.00000     0.00000     0.00000
    -28.245         0.00000     0.00000     0.00000     0.00000
    -28.095         0.00000     0.00000     0.00000     0.00000
    -27.945         0.00000     0.00000     0.00000     0.00000
    -27.795         0.00000     0.00000     0.00000     0.00000
    -27.645         0.00000     0.00000     0.00000     0.00000
    -27.495         0.00000     0.00000     0.00000     0.00000
    -27.345         0.00000     0.00000     0.00000     0.00000
    -27.195         0.00000     0.00000     0.00000     0.00000
    -27.045         0.00000     0.00000     0.00000     0.00000
    -26.895         0.00000     0.00000     0.00000     0.00000
    -26.745         0.00000     0.00000     0.00000     0.00000
    -26.595         0.00000     0.00000     0.00000     0.00000
    -26.445         0.00000     0.00000     0.00000     0.00000
    -26.295         0.00000     0.00000     0.00000     0.00000
    -26.145         0.00000     0.00000     0.00000     0.00000
    -25.995         0.00000     0.00000     0.00000     0.00000
    -25.845         0.00000     0.00000     0.00000     0.00000
    -25.695         0.00000     0.00000     0.00000     0.00000
    -25.545         0.00000     0.00000     0.00000     0.00000
    -25.395         0.00000     0.00000     0.00000     0.00000
    -25.245         0.00000     0.00000     0.00000     0.00000
    -25.095         0.00000     0.00000     0.00000     0.00000
    -24.945         0.00000     0.00000     0.00000     0.00000
    -24.795         0.00000     0.00000     0.00000     0.00000
    -24.645         0.00000     0.00000     0.00000     0.00000
    -24.495         0.00000     0.00000     0.00000     0.00000
    -24.345         0.00000     0.00000     0.00000     0.00000
    -24.195         0.00000     0.00000     0.00000     0.00000
    -24.045         0.00000     0.00000     0.00000     0.00000
    -23.895         0.00000     0.00000     0.00000     0.00000
    -23.745         0.00000     0.00000     0.00000     0.00000
    -23.595         0.00000     0.00000     0.00000     0.00000
    -23.445         0.00000     0.00000     0.00000     0.00000
    -23.295         0.00000     0.00000     0.00000     0.00000
    -23.145         0.00000     0.00000     0.00000     0.00000
    -22.995         0.00000     0.00000     0.00000     0.00000
    -22.845         0.00000     0.00000     0.00000     0.00000
    -22.695         0.00000     0.00000     0.00000     0.00000
    -22.545         0.00000     0.00000     0.00000     0.00000
    -22.395         0.00000     0.00000     0.00000     0.00000
    -22.245         0.00000     0.00000     0.00000     0.00000
    -22.095         0.00000     0.00000     0.00000     0.00000
    -21.945         0.00000     0.00000     0.00000     0.00000
    -21.795         0.00000     0.00000     0.00000     0.00000
    -21.645         0.00000     0.00000     0.00000     0.00000
    -21.495         0.00000     0.00000     0.00000     0.00000
    -21.345         0.00000     0.00000     0.00000     0.00000
    -21.195         0.00000     0.00000     0.00000     0.00000
    -21.045         0.00000     0.00000     0.00000     0.00000
    -20.895         0.00000     0.00000     0.00000     0.00000
    -20.745         0.00000     0.00000     0.00000     0.00000
    -20.595         0.00000     0.00000     0.00000     0.00000
    -20.445         0.00000     0.00000     0.00000     0.00000
    -20.295         0.00000     0.00000     0.00000     0.00000
    -20.145         0.00000     0.00000     0.00000     0.00000
    -19.995         0.00000     0.00000     0.00000     0.00000
    -19.845         0.00000     0.00000     0.00000     0.00000
    -19.695         0.00000     0.00000     0.00000     0.00000
    -19.545         0.00000     0.00000     0.00000     0.00000
    -19.395         0.00000     0.00000     0.00000     0.00000
    -19.245         0.00000     0.00000     0.00000     0.00000
    -19.095         0.00000     0.00000     0.00000     0.00000
    -18.945         0.00000     0.00000     0.00000     0.00000
    -18.795         0.00000     0.00000     0.00000     0.00000
    -18.645         0.00000     0.00000     0.00000     0.00000
    -18.495         0.00000     0.00000     0.00000     0.00000
    -18.345         0.00000     0.00000     0.00000     0.00000
    -18.195         0.00000     0.00000     0.00000     0.00000
    -18.045         0.00000     0.00000     0.00000     0.00000
    -17.895         0.00000     0.00000     0.00000     0.00000
    -17.745         0.00000     0.00000     0.00000     0.00000
    -17.595         0.00000     0.00000     0.00000     0.00000
    -17.445         0.00000     0.00000     0.00000     0.00000
    -17.295         0.00000     0.00000     0.00000     0.00000
    -17.145         0.00000     0.00000     0.00000     0.00000
    -16.995         0.00000     0.00000     0.00000     0.00000
    -16.845         0.00000     0.00000     0.00000     0.00000
    -16.695         0.00000     0.00000     0.00000     0.00000
    -16.545         0.00000     0.00000     0.00000     0.00000
    -16.395         0.00000     0.00000     0.00000     0.00000
    -16.245         0.00000     0.00000     0.00000     0.00000
    -16.095         0.00000     0.00000     0.00000     0.00000
    -15.945         0.00000     0.00000     0.00000     0.00000
    -15.795         0.00000     0.00000     0.00000     0.00000
    -15.645         0.00000     0.00000     0.00000     0.00000
    -15.495         0.00000     0.00000     0.00000     0.00000
    -15.345         0.00000     0.00000     0.00000     0.00000
    -15.195         0.00000     0.00000     0.00000     0.00000
    -15.045         0.00000     0.00000     0.00000     0.00000
    -14.895         0.00000     0.00000     0.00000     0.00000
    -14.745         0.00000     0.00000     0.00000     0.00000
    -14.595         0.00000     0.00000     0.00000     0.00000
    -14.445         0.00000     0.00000     0.00000     0.00000
    -14.295         0.00000     0.00000     0.00000     0.00000
    -14.145         0.00000     0.00000     0.00000     0.00000
    -13.995         0.00000     0.00000     0.00000     0.00000
    -13.845         0.00000     0.00000     0.00000     0.00000
    -13.695         0.00000     0.00000     0.00000     0.00000
    -13.545         0.00000     0.00000     0.00000     0.00000
    -13.395         0.00000     0.00000     0.00000     0.00000
    -13.245         0.00000     0.00000     0.00000     0.00000
    -13.095         0.00000     0.00000     0.00000     0.00000
    -12.945         0.00000     0.00000     0.00000     0.00000
    -12.795         0.00000     0.00000     0.00000     0.00000
    -12.645         0.00000     0.00000     0.00000     0.00000
    -12.495         0.00000     0.00000     0.00000     0.00000
    -12.345         0.00000     0.00000     0.00000     0.00000
    -12.195         0.00000     0.00000     0.00000     0.00000
    -12.045         0.00000     0.00000     0.00000     0.00000
    -11.895         0.00000     0.00000     0.00000     0.00000
    -11.745         0.00000     0.00000     0.00000     0.00000
    -11.595         0.00000     0.00000     0.00000     0.00000
    -11.445         0.00000     0.00000     0.00000     0.00000
    -11.295         0.00000     0.00000     0.00000     0.00000
    -11.145         0.00000     0.00000     0.00000     0.00000
    -10.995         0.00000     0.00000     0.00000     0.00000
    -10.845         0.00000     0.00000     0.00000     0.00000
    -10.695         0.00000     0.00000     0.00000     0.00000
    -10.545         0.00000     0.00000     0.00000     0.00000
    -10.395         0.00000     0.00000     0.00000     0.00000
    -10.245         0.00000     0.00000     0.00000     0.00000
    -10.095         0.00000     0.00000     0.00000     0.00000
    -9.9450         0.00000     0.00000     0.00000     0.00000
    -9.7950         0.00000     0.00000     0.00000     0.00000
    -9.6450         0.00000     0.00000     0.00000     0.00000
    -9.4950         0.00000     0.00000     0.00000     0.00000
    -9.3450         0.00000     0.00000     0.00000     0.00000
    -9.1950         0.00000     0.00000     0.00000     0.00000
    -9.0450         0.00000     0.00000     0.00000     0.00000
    -8.8950         0.00000     0.00000     0.00000     0.00000
    -8.7450         0.00000     0.00000     0.00000     0.00000
    -8.5950         0.00000     0.00000     0.00000     0.00000
    -8.4450         0.00000     0.00000     0.00000     0.00000
    -8.2950         0.00000     0.00000     0.00000     0.00000
    -8.1450         0.00000     0.00000     0.00000     0.00000
    -7.9950         0.00000     0.00000     0.00000     0.00000
    -7.8450         0.00000     0.00000     0.00000     0.00000
    -7.6950         0.00000     0.00000     0.00000     0.00000
    -7.5450         0.00000     0.00000     0.00000     0.00000
    -7.3950         0.00000     0.00000     0.00000     0.00000
    -7.2450         0.00000     0.00000     0.00000     0.00000
    -7.0950         0.00000     0.00000     0.00000     0.00000
    -6.9450         0.00000     0.00000     0.00000     0.00000
    -6.7950         0.00000     0.00000     0.00000     0.00000
    -6.6450         0.00000     0.00000     0.00000     0.00000
    -6.4950         0.00000     0.00000     0.00000     0.00000
    -6.3450         0.00000     0.00000     0.00000     0.00000
    -6.1950         0.00000     0.00000     0.00000     0.00000
    -6.0450         0.00000     0.00000     0.00000     0.00000
    -5.8950         0.00000     0.00000     0.00000     0.00000
    -5.7450         0.00000     0.00000     0.00000     0.00000
    -5.5950         0.00000     0.00000     0.00000     0.00000
    -5.4450         0.00000     0.00000     0.00000     0.00000
    -5.2950         0.00000     0.00000     0.00000     0.00000
    -5.1450         0.00000     0.00000     0.00000     0.00000
    -4.9950         0.00000     0.00000     0.00000     0.00000
    -4.8450         0.00000     0.00000     0.00000     0.00000
    -4.6950         0.00000     0.00000     0.00000     0.00000
    -4.5450         0.00000     0.00000     0.00000     0.00000
    -4.3950         0.00000     0.00000     0.00000     0.00000
    -4.2450         0.00000     0.00000     0.00000     0.00000
    -4.0950         0.00000     0.00000     0.00000     0.00000
    -3.9450         0.00000     0.00000     0.00000     0.00000
    -3.7950         0.00000     0.00000     0.00000     0.00000
    -3.6450         0.00000     0.00000     0.00000     0.00000
    -3.4950         0.00000     0.00000     0.00000     0.00000
    -3.3450         0.00000     0.00000     0.00000     0.00000
    -3.1950         0.00000     0.00000     0.00000     0.00000
    -3.0450         0.00000     0.00000     0.00000     0.00000
    -2.8950         0.00000     0.00000     0.00000     0.00000
    -2.7450         0.00000     0.00000     0.00000     0.00000
    -2.5950         0.00000     0.00000     0.00000     0.00000
    -2.4450         0.00000     0.00000     0.00000     0.00000
    -2.2950         0.00000     0.00000     0.00000     0.00000
    -2.1450         0.00000     0.00000     0.00000     0.00000
    -1.9950         0.00000     0.00000     0.00000     0.00000
    -1.8450         0.00000     0.00000     0.00000     0.00000
    -1.6950         0.00000     0.00000     0.00000     0.00000
    -1.5450        -0.00000    -0.00000     0.00000     0.00000
    -1.3950        -0.00000    -0.00000     0.00000     0.00000
    -1.2450        -0.00000    -0.00000     0.00000     0.00000
    -1.0950        -0.00022    -0.00000    -0.00022     0.00000
   -0.94500        -0.01335    -0.00002    -0.01334     0.00001
   -0.79500        -0.08102    -0.00006    -0.07996    -0.00100
   -0.64500        -0.19059    -0.00014    -0.16069    -0.02976
   -0.49500        -0.58711    -0.00160    -0.20824    -0.37728
   -0.34500        -2.41447    -0.00434    -0.24534    -2.16479
   -0.22700        -3.08575    -0.00622    -0.25782    -2.82171
   -0.21300        -3.15792    -0.00635    -0.25927    -2.89230
   -0.20700        -3.22705    -0.00656    -0.26076    -2.95973
   -0.20100        -3.29502    -0.00686    -0.26230    -3.02587
   -0.19500        -3.36160    -0.00720    -0.26378    -3.09063
   -0.18900        -3.42698    -0.00749    -0.26555    -3.15393
   -0.18300        -3.49225    -0.00781    -0.26723    -3.21721
   -0.17700        -3.55600    -0.00810    -0.26893    -3.27897
   -0.17100        -3.61894    -0.00846    -0.27059    -3.33989
   -0.16500        -3.68132    -0.00883    -0.27238    -3.40010
   -0.15900        -3.74143    -0.00913    -0.27414    -3.45816
   -0.15300        -3.80089    -0.00956    -0.27593    -3.51540
   -0.14700        -3.86125    -0.00996    -0.27788    -3.57342
   -0.14100        -3.92094    -0.01040    -0.27984    -3.63070
   -0.13500        -3.98025    -0.01084    -0.28184    -3.68756
   -0.12900        -4.04016    -0.01130    -0.28397    -3.74489
   -0.12300        -4.10057    -0.01178    -0.28619    -3.80260
   -0.11700        -4.16157    -0.01231    -0.28867    -3.86058
   -0.11100        -4.22290    -0.01289    -0.29120    -3.91881
   -0.10500        -4.28534    -0.01352    -0.29391    -3.97792
   -0.99000E-01    -4.34901    -0.01418    -0.29682    -4.03801
   -0.93000E-01    -4.41356    -0.01487    -0.29983    -4.09886
   -0.87000E-01    -4.47950    -0.01548    -0.30311    -4.16091
   -0.81000E-01    -4.54738    -0.01631    -0.30653    -4.22454
   -0.75000E-01    -4.61832    -0.01717    -0.31013    -4.29102
   -0.69000E-01    -4.69161    -0.01812    -0.31391    -4.35957
   -0.63000E-01    -4.76921    -0.01915    -0.31802    -4.43204
   -0.57000E-01    -4.85130    -0.02035    -0.32236    -4.50859
   -0.51000E-01    -4.94001    -0.02179    -0.32692    -4.59130
   -0.45000E-01    -5.03740    -0.02350    -0.33181    -4.68209
   -0.39000E-01    -5.14703    -0.02554    -0.33711    -4.78439
   -0.33000E-01    -5.27152    -0.02809    -0.34293    -4.90050
   -0.27000E-01    -5.41273    -0.03143    -0.34928    -5.03203
   -0.21300E-01    -5.51985    -0.03442    -0.35410    -5.13133
   -0.19500E-01    -5.53643    -0.03492    -0.35488    -5.14663
   -0.18900E-01    -5.55308    -0.03543    -0.35563    -5.16201
   -0.18300E-01    -5.57016    -0.03599    -0.35638    -5.17779
   -0.17700E-01    -5.58733    -0.03657    -0.35720    -5.19356
   -0.17100E-01    -5.60494    -0.03715    -0.35801    -5.20977
   -0.16500E-01    -5.62268    -0.03777    -0.35885    -5.22606
   -0.15900E-01    -5.64097    -0.03841    -0.35973    -5.24283
   -0.15300E-01    -5.65955    -0.03909    -0.36069    -5.25977
   -0.14700E-01    -5.67854    -0.03982    -0.36162    -5.27710
   -0.14100E-01    -5.69789    -0.04059    -0.36264    -5.29466
   -0.13500E-01    -5.71754    -0.04138    -0.36372    -5.31244
   -0.12900E-01    -5.73773    -0.04225    -0.36481    -5.33068
   -0.12300E-01    -5.75836    -0.04316    -0.36602    -5.34917
   -0.11700E-01    -5.77952    -0.04410    -0.36732    -5.36810
   -0.11100E-01    -5.80129    -0.04513    -0.36870    -5.38745
   -0.10500E-01    -5.82377    -0.04621    -0.37020    -5.40736
   -0.99000E-02    -5.84708    -0.04738    -0.37182    -5.42788
   -0.93000E-02    -5.87124    -0.04867    -0.37364    -5.44893
   -0.87000E-02    -5.89620    -0.05002    -0.37561    -5.47057
   -0.81000E-02    -5.92221    -0.05149    -0.37782    -5.49290
   -0.75000E-02    -5.94945    -0.05309    -0.38032    -5.51604
   -0.69000E-02    -5.97833    -0.05486    -0.38316    -5.54031
   -0.63000E-02    -6.00875    -0.05685    -0.38643    -5.56547
   -0.57000E-02    -6.04081    -0.05901    -0.39022    -5.59158
   -0.51000E-02    -6.07516    -0.06142    -0.39471    -5.61904
   -0.45000E-02    -6.11201    -0.06415    -0.40011    -5.64775
   -0.39000E-02    -6.15185    -0.06725    -0.40689    -5.67770
   -0.33000E-02    -6.19496    -0.07076    -0.41556    -5.70863
   -0.27000E-02    -6.24202    -0.07472    -0.42743    -5.73987
   -0.21000E-02    -6.29566    -0.07926    -0.44565    -5.77076
   -0.15000E-02    -6.36586    -0.08437    -0.47966    -5.80183
   -0.90000E-03    -6.46633    -0.08981    -0.53408    -5.84244
   -0.30000E-03    -7.94748    -0.09387    -0.54606    -7.30755
    0.30000E-03    -6.46919    -0.08189    -0.54202    -5.84528
    0.90000E-03    -6.38598    -0.02757    -0.53665    -5.82176
    0.15000E-02    -6.34216     0.00644    -0.53164    -5.81696
    0.21000E-02    -6.31841     0.02477    -0.52720    -5.81597
    0.27000E-02    -6.30234     0.03676    -0.52333    -5.81577
    0.33000E-02    -6.29007     0.04562    -0.51996    -5.81572
    0.39000E-02    -6.28019     0.05250    -0.51698    -5.81571
    0.45000E-02    -6.27205     0.05806    -0.51441    -5.81570
    0.51000E-02    -6.26513     0.06270    -0.51214    -5.81569
    0.57000E-02    -6.25926     0.06658    -0.51016    -5.81568
    0.63000E-02    -6.25413     0.06994    -0.50840    -5.81567
    0.69000E-02    -6.24963     0.07285    -0.50682    -5.81566
    0.75000E-02    -6.24565     0.07542    -0.50542    -5.81564
    0.81000E-02    -6.24207     0.07770    -0.50413    -5.81563
    0.87000E-02    -6.23887     0.07973    -0.50297    -5.81562
    0.93000E-02    -6.23596     0.08157    -0.50193    -5.81561
    0.99000E-02    -6.23336     0.08323    -0.50100    -5.81559
    0.10500E-01    -6.23099     0.08475    -0.50017    -5.81557
    0.11100E-01    -6.22882     0.08616    -0.49942    -5.81555
    0.11700E-01    -6.22682     0.08747    -0.49875    -5.81554
    0.12300E-01    -6.22496     0.08868    -0.49812    -5.81552
    0.12900E-01    -6.22328     0.08976    -0.49755    -5.81550
    0.13500E-01    -6.22176     0.09079    -0.49707    -5.81548
    0.14100E-01    -6.22033     0.09174    -0.49661    -5.81546
    0.14700E-01    -6.21904     0.09260    -0.49621    -5.81543
    0.15300E-01    -6.21785     0.09343    -0.49587    -5.81541
    0.15900E-01    -6.21674     0.09420    -0.49556    -5.81538
    0.16500E-01    -6.21569     0.09492    -0.49526    -5.81536
    0.17100E-01    -6.21469     0.09561    -0.49497    -5.81533
    0.17700E-01    -6.21374     0.09627    -0.49471    -5.81530
    0.18300E-01    -6.21288     0.09691    -0.49452    -5.81527
    0.18900E-01    -6.21207     0.09749    -0.49432    -5.81524
    0.19500E-01    -6.21132     0.09803    -0.49413    -5.81521
    0.21300E-01    -6.20709     0.10123    -0.49335    -5.81497
    0.27000E-01    -6.20290     0.10460    -0.49293    -5.81457
    0.33000E-01    -6.20002     0.10688    -0.49280    -5.81409
    0.39000E-01    -6.19769     0.10861    -0.49276    -5.81354
    0.45000E-01    -6.19567     0.10998    -0.49275    -5.81289
    0.51000E-01    -6.19400     0.11092    -0.49274    -5.81217
    0.57000E-01    -6.19216     0.11177    -0.49256    -5.81137
    0.63000E-01    -6.19046     0.11245    -0.49238    -5.81053
    0.69000E-01    -6.18913     0.11288    -0.49237    -5.80964
    0.75000E-01    -6.18760     0.11325    -0.49219    -5.80866
    0.81000E-01    -6.18603     0.11359    -0.49202    -5.80761
    0.87000E-01    -6.18449     0.11389    -0.49184    -5.80654
    0.93000E-01    -6.18321     0.11408    -0.49182    -5.80547
    0.99000E-01    -6.18173     0.11428    -0.49164    -5.80436
    0.10500        -6.18029     0.11443    -0.49163    -5.80308
    0.11100        -6.17882     0.11449    -0.49161    -5.80169
    0.11700        -6.17720     0.11462    -0.49144    -5.80037
    0.12300        -6.17557     0.11473    -0.49127    -5.79903
    0.12900        -6.17388     0.11482    -0.49110    -5.79759
    0.13500        -6.17217     0.11491    -0.49093    -5.79615
    0.14100        -6.17049     0.11497    -0.49076    -5.79470
    0.14700        -6.16890     0.11499    -0.49075    -5.79315
    0.15300        -6.16700     0.11519    -0.49058    -5.79161
    0.15900        -6.16509     0.11536    -0.49042    -5.79003
    0.16500        -6.16344     0.11536    -0.49039    -5.78841
    0.17100        -6.16159     0.11545    -0.49022    -5.78681
    0.17700        -6.15947     0.11556    -0.49006    -5.78497
    0.18300        -6.15744     0.11556    -0.48990    -5.78310
    0.18900        -6.15557     0.11561    -0.48974    -5.78144
    0.19500        -6.15375     0.11570    -0.48972    -5.77973
    0.20100        -6.15172     0.11577    -0.48955    -5.77794
    0.20700        -6.14973     0.11578    -0.48953    -5.77598
    0.21300        -6.14768     0.11584    -0.48949    -5.77403
    0.22700        -6.13039     0.11594    -0.48914    -5.75719
    0.34500        -6.07093     0.11668    -0.48770    -5.69991
    0.49500        -6.00685     0.11690    -0.48619    -5.63756
    0.64500        -5.94154     0.11728    -0.48399    -5.57483
    0.79500        -5.87598     0.11759    -0.48137    -5.51220
    0.94500        -5.81315     0.11786    -0.47975    -5.45126
     1.0950        -5.74980     0.11809    -0.47750    -5.39039
     1.2450        -5.68749     0.11828    -0.47537    -5.33040
     1.3950        -5.62614     0.11847    -0.47340    -5.27121
     1.5450        -5.56672     0.11861    -0.47155    -5.21379
     1.6950        -5.50903     0.11877    -0.46980    -5.15800
     1.8450        -5.45325     0.11891    -0.46812    -5.10404
     1.9950        -5.39942     0.11903    -0.46654    -5.05192
     2.1450        -5.34745     0.11914    -0.46503    -5.00155
     2.2950        -5.29748     0.11924    -0.46359    -4.95314
     2.4450        -5.24943     0.11935    -0.46221    -4.90657
     2.5950        -5.20307     0.11946    -0.46088    -4.86166
     2.7450        -5.15867     0.11955    -0.45960    -4.81862
     2.8950        -5.11601     0.11964    -0.45838    -4.77728
     3.0450        -5.07480     0.11973    -0.45722    -4.73731
     3.1950        -5.03541     0.11980    -0.45609    -4.69912
     3.3450        -4.99737     0.11987    -0.45499    -4.66225
     3.4950        -4.96050     0.11994    -0.45392    -4.62652
     3.6450        -4.92522     0.12000    -0.45290    -4.59232
     3.7950        -4.89119     0.12006    -0.45191    -4.55934
     3.9450        -4.85820     0.12011    -0.45095    -4.52736
     4.0950        -4.82632     0.12017    -0.45002    -4.49646
     4.2450        -4.79550     0.12022    -0.44913    -4.46659
     4.3950        -4.76563     0.12027    -0.44824    -4.43766
     4.5450        -4.73666     0.12033    -0.44738    -4.40961
     4.6950        -4.70850     0.12039    -0.44654    -4.38236
     4.8450        -4.68097     0.12043    -0.44573    -4.35567
     4.9950        -4.65447     0.12048    -0.44494    -4.33002
     5.1450        -4.62867     0.12053    -0.44416    -4.30503
     5.2950        -4.60358     0.12058    -0.44341    -4.28075
     5.4450        -4.57911     0.12063    -0.44268    -4.25706
     5.5950        -4.55534     0.12067    -0.44196    -4.23405
     5.7450        -4.53218     0.12071    -0.44126    -4.21163
     5.8950        -4.50953     0.12076    -0.44058    -4.18972
     6.0450        -4.48745     0.12080    -0.43990    -4.16835
     6.1950        -4.46589     0.12083    -0.43924    -4.14748
     6.3450        -4.44485     0.12086    -0.43860    -4.12710
     6.4950        -4.42427     0.12090    -0.43796    -4.10721
     6.6450        -4.40413     0.12093    -0.43735    -4.08771
     6.7950        -4.38439     0.12097    -0.43674    -4.06862
     6.9450        -4.36509     0.12100    -0.43615    -4.04995
     7.0950        -4.34626     0.12104    -0.43557    -4.03173
     7.2450        -4.32774     0.12107    -0.43500    -4.01381
     7.3950        -4.30963     0.12110    -0.43444    -3.99630
     7.5450        -4.29191     0.12113    -0.43390    -3.97914
     7.6950        -4.27451     0.12117    -0.43336    -3.96232
     7.8450        -4.25740     0.12120    -0.43283    -3.94576
     7.9950        -4.24065     0.12122    -0.43231    -3.92956
     8.1450        -4.22416     0.12125    -0.43180    -3.91361
     8.2950        -4.20796     0.12128    -0.43129    -3.89794
     8.4450        -4.19209     0.12131    -0.43080    -3.88260
     8.5950        -4.17647     0.12133    -0.43031    -3.86750
     8.7450        -4.16112     0.12136    -0.42982    -3.85266
     8.8950        -4.14605     0.12139    -0.42935    -3.83809
     9.0450        -4.13120     0.12142    -0.42888    -3.82374
     9.1950        -4.11661     0.12144    -0.42842    -3.80964
     9.3450        -4.10226     0.12147    -0.42796    -3.79577
     9.4950        -4.08815     0.12150    -0.42751    -3.78213
     9.6450        -4.07425     0.12152    -0.42707    -3.76871
     9.7950        -4.06055     0.12155    -0.42663    -3.75547
     9.9450        -4.04705     0.12157    -0.42620    -3.74243
     10.095        -4.03378     0.12160    -0.42577    -3.72961
     10.245        -4.02073     0.12163    -0.42536    -3.71701
     10.395        -4.00784     0.12166    -0.42495    -3.70455
     10.545        -3.99515     0.12168    -0.42456    -3.69227
     10.695        -3.98263     0.12170    -0.42416    -3.68017
     10.845        -3.97027     0.12172    -0.42376    -3.66823
     10.995        -3.95806     0.12174    -0.42338    -3.65642
     11.145        -3.94608     0.12176    -0.42300    -3.64484
     11.295        -3.93424     0.12178    -0.42262    -3.63341
     11.445        -3.92255     0.12180    -0.42225    -3.62211
     11.595        -3.91098     0.12182    -0.42188    -3.61093
     11.745        -3.89961     0.12184    -0.42152    -3.59994
     11.895        -3.88838     0.12186    -0.42116    -3.58909
     12.045        -3.87727     0.12188    -0.42080    -3.57835
     12.195        -3.86630     0.12189    -0.42044    -3.56775
     12.345        -3.85546     0.12191    -0.42010    -3.55728
     12.495        -3.84482     0.12193    -0.41975    -3.54699
     12.645        -3.83427     0.12194    -0.41942    -3.53679
     12.795        -3.82384     0.12196    -0.41908    -3.52671
     12.945        -3.81354     0.12197    -0.41875    -3.51677
     13.095        -3.80338     0.12199    -0.41842    -3.50695
     13.245        -3.79336     0.12201    -0.41810    -3.49727
     13.395        -3.78342     0.12203    -0.41778    -3.48767
     13.545        -3.77360     0.12204    -0.41746    -3.47818
     13.695        -3.76387     0.12206    -0.41715    -3.46878
     13.845        -3.75427     0.12207    -0.41683    -3.45951
     13.995        -3.74476     0.12209    -0.41653    -3.45032
     14.145        -3.73541     0.12210    -0.41622    -3.44129
     14.295        -3.72613     0.12211    -0.41592    -3.43232
     14.445        -3.71692     0.12213    -0.41562    -3.42343
     14.595        -3.70782     0.12214    -0.41533    -3.41464
     14.745        -3.69886     0.12216    -0.41504    -3.40598
     14.895        -3.68996     0.12218    -0.41475    -3.39739
     15.045        -3.68114     0.12220    -0.41446    -3.38888
     15.195        -3.67245     0.12221    -0.41418    -3.38047
     15.345        -3.66380     0.12222    -0.41390    -3.37212
     15.495        -3.65530     0.12223    -0.41362    -3.36391
     15.645        -3.64683     0.12225    -0.41335    -3.35572
     15.795        -3.63847     0.12226    -0.41308    -3.34765
     15.945        -3.63020     0.12228    -0.41281    -3.33967
     16.095        -3.62201     0.12229    -0.41254    -3.33176
     16.245        -3.61390     0.12230    -0.41227    -3.32393
     16.395        -3.60586     0.12232    -0.41201    -3.31617
     16.545        -3.59791     0.12234    -0.41175    -3.30850
     16.695        -3.59001     0.12235    -0.41149    -3.30087
     16.845        -3.58218     0.12236    -0.41124    -3.29330
     16.995        -3.57445     0.12238    -0.41099    -3.28584
     17.145        -3.56676     0.12239    -0.41074    -3.27840
     17.295        -3.55917     0.12240    -0.41049    -3.27107
     17.445        -3.55162     0.12241    -0.41024    -3.26378
     17.595        -3.54414     0.12242    -0.41000    -3.25657
     17.745        -3.53675     0.12243    -0.40976    -3.24943
     17.895        -3.52942     0.12244    -0.40952    -3.24234
     18.045        -3.52215     0.12246    -0.40928    -3.23532
     18.195        -3.51494     0.12247    -0.40905    -3.22836
     18.345        -3.50777     0.12249    -0.40882    -3.22144
     18.495        -3.50068     0.12250    -0.40858    -3.21459
     18.645        -3.49366     0.12251    -0.40836    -3.20781
     18.795        -3.48667     0.12252    -0.40813    -3.20106
     18.945        -3.47978     0.12254    -0.40790    -3.19442
     19.095        -3.47292     0.12255    -0.40767    -3.18780
     19.245        -3.46613     0.12256    -0.40745    -3.18124
     19.395        -3.45940     0.12256    -0.40722    -3.17474
     19.545        -3.45272     0.12258    -0.40700    -3.16830
     19.695        -3.44610     0.12259    -0.40679    -3.16190
     19.845        -3.43952     0.12260    -0.40657    -3.15554
     19.995        -3.43302     0.12261    -0.40636    -3.14928
     20.145        -3.42655     0.12263    -0.40615    -3.14303
     20.295        -3.42014     0.12264    -0.40593    -3.13685
     20.445        -3.41378     0.12265    -0.40572    -3.13071
     20.595        -3.40747     0.12266    -0.40551    -3.12462
     20.745        -3.40117     0.12267    -0.40531    -3.11853
     20.895        -3.39497     0.12269    -0.40511    -3.11255
     21.045        -3.38876     0.12270    -0.40490    -3.10655
     21.195        -3.38263     0.12271    -0.40470    -3.10063
     21.345        -3.37653     0.12272    -0.40450    -3.09475
     21.495        -3.37049     0.12273    -0.40430    -3.08892
     21.645        -3.36448     0.12274    -0.40410    -3.08312
     21.795        -3.35854     0.12275    -0.40390    -3.07739
     21.945        -3.35261     0.12276    -0.40370    -3.07166
     22.095        -3.34672     0.12277    -0.40351    -3.06598
     22.245        -3.34093     0.12278    -0.40332    -3.06039
     22.395        -3.33514     0.12279    -0.40312    -3.05481
     22.545        -3.32938     0.12280    -0.40293    -3.04925
     22.695        -3.32367     0.12281    -0.40275    -3.04373
     22.845        -3.31800     0.12282    -0.40256    -3.03826
     22.995        -3.31239     0.12284    -0.40237    -3.03286
     23.145        -3.30679     0.12285    -0.40218    -3.02746
     23.295        -3.30122     0.12286    -0.40200    -3.02209
     23.445        -3.29571     0.12287    -0.40181    -3.01676
     23.595        -3.29024     0.12288    -0.40163    -3.01148
     23.745        -3.28479     0.12289    -0.40145    -3.00622
     23.895        -3.27938     0.12289    -0.40127    -3.00101
     24.045        -3.27403     0.12290    -0.40109    -2.99584
     24.195        -3.26869     0.12291    -0.40092    -2.99069
     24.345        -3.26340     0.12292    -0.40074    -2.98558
     24.495        -3.25812     0.12293    -0.40057    -2.98048
     24.645        -3.25291     0.12293    -0.40039    -2.97545
     24.795        -3.24774     0.12294    -0.40022    -2.97046
     24.945        -3.24258     0.12295    -0.40005    -2.96548
     25.095        -3.23745     0.12295    -0.39988    -2.96052
     25.245        -3.23237     0.12296    -0.39971    -2.95561
     25.395        -3.22731     0.12297    -0.39954    -2.95073
     25.545        -3.22228     0.12297    -0.39938    -2.94588
     25.695        -3.21729     0.12298    -0.39921    -2.94106
     25.845        -3.21233     0.12299    -0.39905    -2.93627
     25.995        -3.20740     0.12299    -0.39888    -2.93152
     26.145        -3.20249     0.12300    -0.39872    -2.92678
     26.295        -3.19761     0.12301    -0.39855    -2.92207
     26.445        -3.19277     0.12302    -0.39839    -2.91740
     26.595        -3.18794     0.12303    -0.39823    -2.91274
     26.745        -3.18314     0.12303    -0.39807    -2.90810
     26.895        -3.17836     0.12304    -0.39791    -2.90350
     27.045        -3.17363     0.12305    -0.39775    -2.89893
     27.195        -3.16892     0.12306    -0.39760    -2.89438
     27.345        -3.16426     0.12306    -0.39744    -2.88989
     27.495        -3.15962     0.12307    -0.39729    -2.88541
     27.645        -3.15501     0.12308    -0.39713    -2.88095
     27.795        -3.15040     0.12309    -0.39698    -2.87650
     27.945        -3.14583     0.12309    -0.39683    -2.87209
     28.095        -3.14131     0.12310    -0.39668    -2.86773
     28.245        -3.13680     0.12310    -0.39653    -2.86338
     28.395        -3.13231     0.12311    -0.39637    -2.85905
     28.545        -3.12785     0.12312    -0.39623    -2.85474
     28.695        -3.12342     0.12312    -0.39608    -2.85047
     28.845        -3.11901     0.12313    -0.39593    -2.84621
     28.995        -3.11462     0.12314    -0.39578    -2.84198
     29.145        -3.11026     0.12315    -0.39564    -2.83777
     29.295        -3.10592     0.12316    -0.39549    -2.83358
     29.445        -3.10159     0.12316    -0.39535    -2.82940
     29.595        -3.09728     0.12317    -0.39521    -2.82525
     29.745        -3.09302     0.12317    -0.39506    -2.82113
     29.895        -3.08877     0.12319    -0.39492    -2.81703
     30.045        -3.08451     0.12320    -0.39478    -2.81293
     30.195        -3.08031     0.12320    -0.39464    -2.80887
     30.345        -3.07614     0.12321    -0.39450    -2.80484
     30.495        -3.07198     0.12322    -0.39436    -2.80083
     30.645        -3.06785     0.12322    -0.39423    -2.79684
     30.795        -3.06374     0.12323    -0.39409    -2.79287
     30.945        -3.05964     0.12323    -0.39396    -2.78892
     31.095        -3.05555     0.12324    -0.39382    -2.78498
     31.245        -3.05150     0.12325    -0.39368    -2.78107
     31.395        -3.04747     0.12326    -0.39354    -2.77718
     31.545        -3.04347     0.12326    -0.39341    -2.77332
     31.695        -3.03949     0.12327    -0.39328    -2.76948
     31.845        -3.03552     0.12328    -0.39315    -2.76564
     31.995        -3.03159     0.12328    -0.39302    -2.76185
     32.145        -3.02765     0.12329    -0.39289    -2.75805
     32.295        -3.02374     0.12330    -0.39276    -2.75427
     32.445        -3.01986     0.12331    -0.39263    -2.75054
     32.595        -3.01599     0.12331    -0.39250    -2.74680
     32.745        -3.01216     0.12332    -0.39238    -2.74310
     32.895        -3.00831     0.12332    -0.39225    -2.73939
     33.045        -3.00450     0.12333    -0.39212    -2.73572
     33.195        -3.00070     0.12334    -0.39199    -2.73205
     33.345        -2.99692     0.12334    -0.39186    -2.72841
     33.495        -2.99316     0.12335    -0.39174    -2.72478
     33.645        -2.98943     0.12336    -0.39161    -2.72118
     33.795        -2.98570     0.12336    -0.39149    -2.71757
     33.945        -2.98200     0.12337    -0.39136    -2.71401
     34.095        -2.97832     0.12338    -0.39124    -2.71046
     34.245        -2.97463     0.12338    -0.39111    -2.70690
     34.395        -2.97096     0.12339    -0.39099    -2.70336
     34.545        -2.96734     0.12340    -0.39087    -2.69986
     34.695        -2.96372     0.12340    -0.39075    -2.69636
     34.845        -2.96012     0.12341    -0.39063    -2.69290
     34.995        -2.95653     0.12342    -0.39051    -2.68944
     35.145        -2.95298     0.12342    -0.39039    -2.68600
     35.295        -2.94944     0.12343    -0.39028    -2.68259
     35.445        -2.94590     0.12343    -0.39016    -2.67918
     35.595        -2.94239     0.12344    -0.39004    -2.67579
     35.745        -2.93891     0.12344    -0.38992    -2.67244
     35.895        -2.93544     0.12345    -0.38980    -2.66908
     36.045        -2.93196     0.12345    -0.38969    -2.66573
     36.195        -2.92852     0.12346    -0.38957    -2.66240
     36.345        -2.92509     0.12346    -0.38945    -2.65910
     36.495        -2.92167     0.12347    -0.38934    -2.65579
     36.645        -2.91825     0.12347    -0.38922    -2.65250
     36.795        -2.91485     0.12348    -0.38911    -2.64923
     36.945        -2.91148     0.12348    -0.38899    -2.64597
     37.095        -2.90812     0.12349    -0.38888    -2.64273
     37.245        -2.90476     0.12350    -0.38876    -2.63949
     37.395        -2.90143     0.12350    -0.38865    -2.63628
     37.545        -2.89810     0.12351    -0.38854    -2.63307
     37.695        -2.89480     0.12351    -0.38843    -2.62989
     37.845        -2.89152     0.12352    -0.38832    -2.62672
     37.995        -2.88823     0.12353    -0.38821    -2.62355
     38.145        -2.88497     0.12353    -0.38809    -2.62040
     38.295        -2.88173     0.12354    -0.38798    -2.61728
     38.445        -2.87850     0.12354    -0.38787    -2.61416
     38.595        -2.87528     0.12354    -0.38777    -2.61106
     38.745        -2.87207     0.12355    -0.38766    -2.60797
     38.895        -2.86889     0.12356    -0.38755    -2.60490
     39.045        -2.86571     0.12356    -0.38744    -2.60183
     39.195        -2.86254     0.12357    -0.38733    -2.59877
     39.345        -2.85939     0.12357    -0.38723    -2.59573
     39.495        -2.85624     0.12358    -0.38712    -2.59270
     39.645        -2.85311     0.12358    -0.38702    -2.58968
     39.795        -2.85001     0.12358    -0.38691    -2.58668
     39.945        -2.84693     0.12359    -0.38681    -2.58372
     40.095        -2.84386     0.12359    -0.38670    -2.58076
     40.245        -2.84078     0.12360    -0.38660    -2.57778
     40.395        -2.83773     0.12360    -0.38650    -2.57484
     40.545        -2.83467     0.12361    -0.38639    -2.57188
     40.695        -2.83162     0.12361    -0.38629    -2.56895
     40.845        -2.82858     0.12362    -0.38619    -2.56602
     40.995        -2.82557     0.12362    -0.38608    -2.56311
     41.145        -2.82255     0.12363    -0.38598    -2.56020
     41.295        -2.81955     0.12363    -0.38588    -2.55730
     41.445        -2.81657     0.12363    -0.38578    -2.55443
     41.595        -2.81359     0.12364    -0.38567    -2.55156
     41.745        -2.81061     0.12364    -0.38557    -2.54868
     41.895        -2.80767     0.12365    -0.38547    -2.54585
     42.045        -2.80475     0.12365    -0.38537    -2.54303
     42.195        -2.80183     0.12366    -0.38527    -2.54021
     42.345        -2.79893     0.12366    -0.38517    -2.53742
     42.495        -2.79603     0.12367    -0.38507    -2.53463
     42.645        -2.79315     0.12367    -0.38497    -2.53185
     42.795        -2.79027     0.12368    -0.38488    -2.52907
     42.945        -2.78742     0.12368    -0.38478    -2.52632
     43.095        -2.78457     0.12368    -0.38468    -2.52357
     43.245        -2.78171     0.12369    -0.38459    -2.52081
     43.395        -2.77890     0.12369    -0.38449    -2.51810
     43.545        -2.77607     0.12369    -0.38440    -2.51537
     43.695        -2.77326     0.12370    -0.38430    -2.51266
     43.845        -2.77047     0.12370    -0.38420    -2.50997
     43.995        -2.76768     0.12370    -0.38411    -2.50728
     44.145        -2.76491     0.12371    -0.38401    -2.50460
     44.295        -2.76213     0.12371    -0.38392    -2.50192
     44.445        -2.75936     0.12372    -0.38382    -2.49925
     44.595        -2.75662     0.12372    -0.38373    -2.49661
     44.745        -2.75388     0.12372    -0.38364    -2.49397
     44.895        -2.75113     0.12373    -0.38354    -2.49132
     45.045        -2.74842     0.12374    -0.38345    -2.48870
     45.195        -2.74571     0.12374    -0.38336    -2.48609
     45.345        -2.74302     0.12375    -0.38326    -2.48350
     45.495        -2.74032     0.12375    -0.38317    -2.48090
     45.645        -2.73764     0.12375    -0.38308    -2.47831
     45.795        -2.73498     0.12376    -0.38299    -2.47575
     45.945        -2.73233     0.12376    -0.38290    -2.47319
     46.095        -2.72969     0.12377    -0.38281    -2.47064
     46.245        -2.72704     0.12377    -0.38273    -2.46809
     46.395        -2.72440     0.12377    -0.38263    -2.46554
     46.545        -2.72178     0.12378    -0.38254    -2.46301
     46.695        -2.71915     0.12378    -0.38245    -2.46048
     46.845        -2.71654     0.12379    -0.38237    -2.45796
     46.995        -2.71395     0.12379    -0.38228    -2.45546
     47.145        -2.71137     0.12379    -0.38219    -2.45297
     47.295        -2.70878     0.12380    -0.38210    -2.45048
     47.445        -2.70621     0.12380    -0.38201    -2.44800
     47.595        -2.70364     0.12381    -0.38192    -2.44553
     47.745        -2.70109     0.12381    -0.38184    -2.44306
     47.895        -2.69853     0.12382    -0.38175    -2.44060
     48.045        -2.69600     0.12382    -0.38167    -2.43815
     48.195        -2.69347     0.12382    -0.38158    -2.43571
     48.345        -2.69097     0.12383    -0.38149    -2.43330
     48.495        -2.68846     0.12383    -0.38141    -2.43088
     48.645        -2.68596     0.12383    -0.38132    -2.42847
     48.795        -2.68346     0.12384    -0.38123    -2.42606
     48.945        -2.68097     0.12384    -0.38115    -2.42367
     49.095        -2.67851     0.12385    -0.38107    -2.42129
     49.245        -2.67603     0.12385    -0.38098    -2.41890
     49.395        -2.67358     0.12386    -0.38090    -2.41653
     49.545        -2.67113     0.12386    -0.38082    -2.41417
     49.695        -2.66868     0.12387    -0.38074    -2.41181
     49.845        -2.66624     0.12387    -0.38065    -2.40946
     49.995        -2.66379     0.12388    -0.38057    -2.40710
     50.145        -2.66136     0.12388    -0.38048    -2.40476
     50.295        -2.65894     0.12388    -0.38040    -2.40242
     50.445        -2.65653     0.12388    -0.38032    -2.40010
     50.595        -2.65415     0.12389    -0.38024    -2.39779
     50.745        -2.65176     0.12389    -0.38016    -2.39550
     50.895        -2.64940     0.12389    -0.38008    -2.39322
     51.045        -2.64704     0.12389    -0.38000    -2.39093
     51.195        -2.64467     0.12390    -0.37992    -2.38865
     51.345        -2.64232     0.12390    -0.37983    -2.38639
     51.495        -2.64000     0.12391    -0.37976    -2.38415
     51.645        -2.63766     0.12391    -0.37968    -2.38189
     51.795        -2.63533     0.12392    -0.37959    -2.37965
     51.945        -2.63301     0.12392    -0.37951    -2.37742
     52.095        -2.63070     0.12393    -0.37944    -2.37519
     52.245        -2.62838     0.12393    -0.37936    -2.37295
     52.395        -2.62608     0.12394    -0.37928    -2.37074
     52.545        -2.62379     0.12394    -0.37920    -2.36852
     52.695        -2.62150     0.12394    -0.37912    -2.36631
     52.845        -2.61923     0.12394    -0.37904    -2.36412
     52.995        -2.61695     0.12395    -0.37897    -2.36193
     53.145        -2.61468     0.12395    -0.37889    -2.35974
     53.295        -2.61243     0.12395    -0.37881    -2.35757
     53.445        -2.61016     0.12396    -0.37874    -2.35538
     53.595        -2.60793     0.12396    -0.37866    -2.35323
     53.745        -2.60569     0.12396    -0.37858    -2.35107
     53.895        -2.60346     0.12397    -0.37851    -2.34892
     54.045        -2.60124     0.12397    -0.37843    -2.34678
     54.195        -2.59903     0.12398    -0.37836    -2.34465
     54.345        -2.59683     0.12398    -0.37829    -2.34253
     54.495        -2.59463     0.12398    -0.37821    -2.34040
     54.645        -2.59243     0.12399    -0.37814    -2.33828
     54.795        -2.59024     0.12399    -0.37807    -2.33616
     54.945        -2.58805     0.12400    -0.37799    -2.33405
     55.095        -2.58586     0.12400    -0.37792    -2.33194
     59.433        -2.41563     0.12427    -0.37211    -2.16778
     80.646        -2.16866     0.12463    -0.36365    -1.92964
     111.21        -1.93062     0.12500    -0.35546    -1.70016
     153.36        -1.70204     0.12535    -0.34759    -1.47979
     211.49        -1.48267     0.12567    -0.34000    -1.26833
     291.64        -1.27244     0.12597    -0.33274    -1.06567
     402.18        -1.07115     0.12621    -0.32580    -0.87157
     554.60        -0.87882     0.12645    -0.31916    -0.68611
     764.80        -0.69506     0.12667    -0.31281    -0.50892
     1054.7        -0.51953     0.12688    -0.30677    -0.33964
     1454.4        -0.35195     0.12704    -0.30100    -0.17799
     2005.6        -0.19193     0.12718    -0.29552    -0.02359
     2765.8        -0.03942     0.12730    -0.29031     0.12359
     3814.0         0.10622     0.12739    -0.28536     0.26420
     5259.5         0.24493     0.12746    -0.28066     0.39814
     7252.9         0.37731     0.12749    -0.27619     0.52601
     10002.         0.50354     0.12752    -0.27195     0.64797
     13793.         0.62396     0.12752    -0.26791     0.76436
     19020.         0.73877     0.12750    -0.26405     0.87532
     26229.         0.84817     0.12747    -0.26037     0.98107
     36170.         0.95246     0.12743    -0.25689     1.08192
     49878.         1.05174     0.12737    -0.25357     1.17794
     68782.         1.14627     0.12729    -0.25039     1.26937
     94851.         1.23623     0.12720    -0.24737     1.35639
    0.13080E+06     1.32189     0.12710    -0.24451     1.43930
    0.18038E+06     1.40327     0.12700    -0.24179     1.51806
    0.24874E+06     1.48060     0.12688    -0.23919     1.59292
    0.34301E+06     1.55404     0.12676    -0.23673     1.66401
    0.47302E+06     1.62394     0.12664    -0.23436     1.73166
    0.65229E+06     1.69029     0.12651    -0.23209     1.79587
    0.89952E+06     1.75331     0.12638    -0.22994     1.85688
    0.12404E+07     1.81309     0.12624    -0.22790     1.91475
    0.17106E+07     1.86975     0.12611    -0.22596     1.96960
    0.23589E+07     1.92363     0.12599    -0.22411     2.02176
    0.32529E+07     1.97475     0.12585    -0.22237     2.07127
    0.44858E+07     2.02330     0.12571    -0.22070     2.11829
    0.61860E+07     2.06938     0.12558    -0.21911     2.16291
    0.85305E+07     2.11303     0.12546    -0.21760     2.20517
    0.11764E+08     2.15453     0.12533    -0.21617     2.24537
    0.16222E+08     2.19391     0.12521    -0.21481     2.28352
    0.22370E+08     2.23126     0.12509    -0.21352     2.31969
    0.30849E+08     2.26666     0.12498    -0.21230     2.35399
    0.42541E+08     2.30019     0.12486    -0.21114     2.38647
    0.58664E+08     2.33170     0.12475    -0.21005     2.41700
    0.80898E+08     2.36137     0.12464    -0.20901     2.44575
    0.11156E+09     2.38933     0.12454    -0.20802     2.47281
    0.15384E+09     2.41570     0.12446    -0.20708     2.49832
    0.21215E+09     2.44061     0.12438    -0.20619     2.52242
    0.29255E+09     2.46404     0.12431    -0.20533     2.54506
    0.40343E+09     2.48622     0.12424    -0.20453     2.56651
    0.55633E+09     2.50717     0.12418    -0.20376     2.58675
    0.76719E+09     2.52679     0.12412    -0.20304     2.60572
    0.10580E+10     2.54444     0.12406    -0.20236     2.62274
    0.14589E+10     2.56051     0.12401    -0.20172     2.63822
    0.20119E+10     2.57533     0.12396    -0.20111     2.65248
    0.27744E+10     2.58900     0.12392    -0.20054     2.66563
    0.38259E+10     2.60159     0.12388    -0.20001     2.67772
    0.52760E+10     2.61325     0.12384    -0.19950     2.68891
    0.72756E+10     2.62401     0.12380    -0.19902     2.69922
    0.10033E+11     2.63396     0.12377    -0.19857     2.70876
    0.13836E+11     2.64315     0.12374    -0.19815     2.71756
    0.19079E+11     2.65163     0.12370    -0.19777     2.72570
    0.26311E+11     2.65944     0.12368    -0.19742     2.73319
    0.36283E+11     2.66665     0.12365    -0.19711     2.74011
    0.50034E+11     2.67330     0.12363    -0.19681     2.74649
    0.68997E+11     2.67945     0.12361    -0.19654     2.75239
    0.10000E+12     2.75285     0.12332    -0.19331     2.82284
