    -99.945         0.00000     0.00000     0.00000     0.00000
    -99.795         0.00000     0.00000     0.00000     0.00000
    -99.645         0.00000     0.00000     0.00000     0.00000
    -99.495         0.00000     0.00000     0.00000     0.00000
    -99.345         0.00000     0.00000     0.00000     0.00000
    -99.195         0.00000     0.00000     0.00000     0.00000
    -99.045         0.00000     0.00000     0.00000     0.00000
    -98.895         0.00000     0.00000     0.00000     0.00000
    -98.745         0.00000     0.00000     0.00000     0.00000
    -98.595         0.00000     0.00000     0.00000     0.00000
    -98.445         0.00000     0.00000     0.00000     0.00000
    -98.295         0.00000     0.00000     0.00000     0.00000
    -98.145         0.00000     0.00000     0.00000     0.00000
    -97.995         0.00000     0.00000     0.00000     0.00000
    -97.845         0.00000     0.00000     0.00000     0.00000
    -97.695         0.00000     0.00000     0.00000     0.00000
    -97.545         0.00000     0.00000     0.00000     0.00000
    -97.395         0.00000     0.00000     0.00000     0.00000
    -97.245         0.00000     0.00000     0.00000     0.00000
    -97.095         0.00000     0.00000     0.00000     0.00000
    -96.945         0.00000     0.00000     0.00000     0.00000
    -96.795         0.00000     0.00000     0.00000     0.00000
    -96.645         0.00000     0.00000     0.00000     0.00000
    -96.495         0.00000     0.00000     0.00000     0.00000
    -96.345         0.00000     0.00000     0.00000     0.00000
    -96.195         0.00000     0.00000     0.00000     0.00000
    -96.045         0.00000     0.00000     0.00000     0.00000
    -95.895         0.00000     0.00000     0.00000     0.00000
    -95.745         0.00000     0.00000     0.00000     0.00000
    -95.595         0.00000     0.00000     0.00000     0.00000
    -95.445         0.00000     0.00000     0.00000     0.00000
    -95.295         0.00000     0.00000     0.00000     0.00000
    -95.145         0.00000     0.00000     0.00000     0.00000
    -94.995         0.00000     0.00000     0.00000     0.00000
    -94.845         0.00000     0.00000     0.00000     0.00000
    -94.695         0.00000     0.00000     0.00000     0.00000
    -94.545         0.00000     0.00000     0.00000     0.00000
    -94.395         0.00000     0.00000     0.00000     0.00000
    -94.245         0.00000     0.00000     0.00000     0.00000
    -94.095         0.00000     0.00000     0.00000     0.00000
    -93.945         0.00000     0.00000     0.00000     0.00000
    -93.795         0.00000     0.00000     0.00000     0.00000
    -93.645         0.00000     0.00000     0.00000     0.00000
    -93.495         0.00000     0.00000     0.00000     0.00000
    -93.345         0.00000     0.00000     0.00000     0.00000
    -93.195         0.00000     0.00000     0.00000     0.00000
    -93.045         0.00000     0.00000     0.00000     0.00000
    -92.895         0.00000     0.00000     0.00000     0.00000
    -92.745         0.00000     0.00000     0.00000     0.00000
    -92.595         0.00000     0.00000     0.00000     0.00000
    -92.445         0.00000     0.00000     0.00000     0.00000
    -92.295         0.00000     0.00000     0.00000     0.00000
    -92.145         0.00000     0.00000     0.00000     0.00000
    -91.995         0.00000     0.00000     0.00000     0.00000
    -91.845         0.00000     0.00000     0.00000     0.00000
    -91.695         0.00000     0.00000     0.00000     0.00000
    -91.545         0.00000     0.00000     0.00000     0.00000
    -91.395         0.00000     0.00000     0.00000     0.00000
    -91.245         0.00000     0.00000     0.00000     0.00000
    -91.095         0.00000     0.00000     0.00000     0.00000
    -90.945         0.00000     0.00000     0.00000     0.00000
    -90.795         0.00000     0.00000     0.00000     0.00000
    -90.645         0.00000     0.00000     0.00000     0.00000
    -90.495         0.00000     0.00000     0.00000     0.00000
    -90.345         0.00000     0.00000     0.00000     0.00000
    -90.195         0.00000     0.00000     0.00000     0.00000
    -90.045         0.00000     0.00000     0.00000     0.00000
    -89.895         0.00000     0.00000     0.00000     0.00000
    -89.745         0.00000     0.00000     0.00000     0.00000
    -89.595         0.00000     0.00000     0.00000     0.00000
    -89.445         0.00000     0.00000     0.00000     0.00000
    -89.295         0.00000     0.00000     0.00000     0.00000
    -89.145         0.00000     0.00000     0.00000     0.00000
    -88.995         0.00000     0.00000     0.00000     0.00000
    -88.845         0.00000     0.00000     0.00000     0.00000
    -88.695         0.00000     0.00000     0.00000     0.00000
    -88.545         0.00000     0.00000     0.00000     0.00000
    -88.395         0.00000     0.00000     0.00000     0.00000
    -88.245         0.00000     0.00000     0.00000     0.00000
    -88.095         0.00000     0.00000     0.00000     0.00000
    -87.945         0.00000     0.00000     0.00000     0.00000
    -87.795         0.00000     0.00000     0.00000     0.00000
    -87.645         0.00000     0.00000     0.00000     0.00000
    -87.495         0.00000     0.00000     0.00000     0.00000
    -87.345         0.00000     0.00000     0.00000     0.00000
    -87.195         0.00000     0.00000     0.00000     0.00000
    -87.045         0.00000     0.00000     0.00000     0.00000
    -86.895         0.00000     0.00000     0.00000     0.00000
    -86.745         0.00000     0.00000     0.00000     0.00000
    -86.595         0.00000     0.00000     0.00000     0.00000
    -86.445         0.00000     0.00000     0.00000     0.00000
    -86.295         0.00000     0.00000     0.00000     0.00000
    -86.145         0.00000     0.00000     0.00000     0.00000
    -85.995         0.00000     0.00000     0.00000     0.00000
    -85.845         0.00000     0.00000     0.00000     0.00000
    -85.695         0.00000     0.00000     0.00000     0.00000
    -85.545         0.00000     0.00000     0.00000     0.00000
    -85.395         0.00000     0.00000     0.00000     0.00000
    -85.245         0.00000     0.00000     0.00000     0.00000
    -85.095         0.00000     0.00000     0.00000     0.00000
    -84.945         0.00000     0.00000     0.00000     0.00000
    -84.795         0.00000     0.00000     0.00000     0.00000
    -84.645         0.00000     0.00000     0.00000     0.00000
    -84.495         0.00000     0.00000     0.00000     0.00000
    -84.345         0.00000     0.00000     0.00000     0.00000
    -84.195         0.00000     0.00000     0.00000     0.00000
    -84.045         0.00000     0.00000     0.00000     0.00000
    -83.895         0.00000     0.00000     0.00000     0.00000
    -83.745         0.00000     0.00000     0.00000     0.00000
    -83.595         0.00000     0.00000     0.00000     0.00000
    -83.445         0.00000     0.00000     0.00000     0.00000
    -83.295         0.00000     0.00000     0.00000     0.00000
    -83.145         0.00000     0.00000     0.00000     0.00000
    -82.995         0.00000     0.00000     0.00000     0.00000
    -82.845         0.00000     0.00000     0.00000     0.00000
    -82.695         0.00000     0.00000     0.00000     0.00000
    -82.545         0.00000     0.00000     0.00000     0.00000
    -82.395         0.00000     0.00000     0.00000     0.00000
    -82.245         0.00000     0.00000     0.00000     0.00000
    -82.095         0.00000     0.00000     0.00000     0.00000
    -81.945         0.00000     0.00000     0.00000     0.00000
    -81.795         0.00000     0.00000     0.00000     0.00000
    -81.645         0.00000     0.00000     0.00000     0.00000
    -81.495         0.00000     0.00000     0.00000     0.00000
    -81.345         0.00000     0.00000     0.00000     0.00000
    -81.195         0.00000     0.00000     0.00000     0.00000
    -81.045         0.00000     0.00000     0.00000     0.00000
    -80.895         0.00000     0.00000     0.00000     0.00000
    -80.745         0.00000     0.00000     0.00000     0.00000
    -80.595         0.00000     0.00000     0.00000     0.00000
    -80.445         0.00000     0.00000     0.00000     0.00000
    -80.295         0.00000     0.00000     0.00000     0.00000
    -80.145         0.00000     0.00000     0.00000     0.00000
    -79.995         0.00000     0.00000     0.00000     0.00000
    -79.845         0.00000     0.00000     0.00000     0.00000
    -79.695         0.00000     0.00000     0.00000     0.00000
    -79.545         0.00000     0.00000     0.00000     0.00000
    -79.395         0.00000     0.00000     0.00000     0.00000
    -79.245         0.00000     0.00000     0.00000     0.00000
    -79.095         0.00000     0.00000     0.00000     0.00000
    -78.945         0.00000     0.00000     0.00000     0.00000
    -78.795         0.00000     0.00000     0.00000     0.00000
    -78.645         0.00000     0.00000     0.00000     0.00000
    -78.495         0.00000     0.00000     0.00000     0.00000
    -78.345         0.00000     0.00000     0.00000     0.00000
    -78.195         0.00000     0.00000     0.00000     0.00000
    -78.045         0.00000     0.00000     0.00000     0.00000
    -77.895         0.00000     0.00000     0.00000     0.00000
    -77.745         0.00000     0.00000     0.00000     0.00000
    -77.595         0.00000     0.00000     0.00000     0.00000
    -77.445         0.00000     0.00000     0.00000     0.00000
    -77.295         0.00000     0.00000     0.00000     0.00000
    -77.145         0.00000     0.00000     0.00000     0.00000
    -76.995         0.00000     0.00000     0.00000     0.00000
    -76.845         0.00000     0.00000     0.00000     0.00000
    -76.695         0.00000     0.00000     0.00000     0.00000
    -76.545         0.00000     0.00000     0.00000     0.00000
    -76.395         0.00000     0.00000     0.00000     0.00000
    -76.245         0.00000     0.00000     0.00000     0.00000
    -76.095         0.00000     0.00000     0.00000     0.00000
    -75.945         0.00000     0.00000     0.00000     0.00000
    -75.795         0.00000     0.00000     0.00000     0.00000
    -75.645         0.00000     0.00000     0.00000     0.00000
    -75.495         0.00000     0.00000     0.00000     0.00000
    -75.345         0.00000     0.00000     0.00000     0.00000
    -75.195         0.00000     0.00000     0.00000     0.00000
    -75.045         0.00000     0.00000     0.00000     0.00000
    -74.895         0.00000     0.00000     0.00000     0.00000
    -74.745         0.00000     0.00000     0.00000     0.00000
    -74.595         0.00000     0.00000     0.00000     0.00000
    -74.445         0.00000     0.00000     0.00000     0.00000
    -74.295         0.00000     0.00000     0.00000     0.00000
    -74.145         0.00000     0.00000     0.00000     0.00000
    -73.995         0.00000     0.00000     0.00000     0.00000
    -73.845         0.00000     0.00000     0.00000     0.00000
    -73.695         0.00000     0.00000     0.00000     0.00000
    -73.545         0.00000     0.00000     0.00000     0.00000
    -73.395         0.00000     0.00000     0.00000     0.00000
    -73.245         0.00000     0.00000     0.00000     0.00000
    -73.095         0.00000     0.00000     0.00000     0.00000
    -72.945         0.00000     0.00000     0.00000     0.00000
    -72.795         0.00000     0.00000     0.00000     0.00000
    -72.645         0.00000     0.00000     0.00000     0.00000
    -72.495         0.00000     0.00000     0.00000     0.00000
    -72.345         0.00000     0.00000     0.00000     0.00000
    -72.195         0.00000     0.00000     0.00000     0.00000
    -72.045         0.00000     0.00000     0.00000     0.00000
    -71.895         0.00000     0.00000     0.00000     0.00000
    -71.745         0.00000     0.00000     0.00000     0.00000
    -71.595         0.00000     0.00000     0.00000     0.00000
    -71.445         0.00000     0.00000     0.00000     0.00000
    -71.295         0.00000     0.00000     0.00000     0.00000
    -71.145         0.00000     0.00000     0.00000     0.00000
    -70.995         0.00000     0.00000     0.00000     0.00000
    -70.845         0.00000     0.00000     0.00000     0.00000
    -70.695         0.00000     0.00000     0.00000     0.00000
    -70.545         0.00000     0.00000     0.00000     0.00000
    -70.395         0.00000     0.00000     0.00000     0.00000
    -70.245         0.00000     0.00000     0.00000     0.00000
    -70.095         0.00000     0.00000     0.00000     0.00000
    -69.945         0.00000     0.00000     0.00000     0.00000
    -69.795         0.00000     0.00000     0.00000     0.00000
    -69.645         0.00000     0.00000     0.00000     0.00000
    -69.495         0.00000     0.00000     0.00000     0.00000
    -69.345         0.00000     0.00000     0.00000     0.00000
    -69.195         0.00000     0.00000     0.00000     0.00000
    -69.045         0.00000     0.00000     0.00000     0.00000
    -68.895         0.00000     0.00000     0.00000     0.00000
    -68.745         0.00000     0.00000     0.00000     0.00000
    -68.595         0.00000     0.00000     0.00000     0.00000
    -68.445         0.00000     0.00000     0.00000     0.00000
    -68.295         0.00000     0.00000     0.00000     0.00000
    -68.145         0.00000     0.00000     0.00000     0.00000
    -67.995         0.00000     0.00000     0.00000     0.00000
    -67.845         0.00000     0.00000     0.00000     0.00000
    -67.695         0.00000     0.00000     0.00000     0.00000
    -67.545         0.00000     0.00000     0.00000     0.00000
    -67.395         0.00000     0.00000     0.00000     0.00000
    -67.245         0.00000     0.00000     0.00000     0.00000
    -67.095         0.00000     0.00000     0.00000     0.00000
    -66.945         0.00000     0.00000     0.00000     0.00000
    -66.795         0.00000     0.00000     0.00000     0.00000
    -66.645         0.00000     0.00000     0.00000     0.00000
    -66.495         0.00000     0.00000     0.00000     0.00000
    -66.345         0.00000     0.00000     0.00000     0.00000
    -66.195         0.00000     0.00000     0.00000     0.00000
    -66.045         0.00000     0.00000     0.00000     0.00000
    -65.895         0.00000     0.00000     0.00000     0.00000
    -65.745         0.00000     0.00000     0.00000     0.00000
    -65.595         0.00000     0.00000     0.00000     0.00000
    -65.445         0.00000     0.00000     0.00000     0.00000
    -65.295         0.00000     0.00000     0.00000     0.00000
    -65.145         0.00000     0.00000     0.00000     0.00000
    -64.995         0.00000     0.00000     0.00000     0.00000
    -64.845         0.00000     0.00000     0.00000     0.00000
    -64.695         0.00000     0.00000     0.00000     0.00000
    -64.545         0.00000     0.00000     0.00000     0.00000
    -64.395         0.00000     0.00000     0.00000     0.00000
    -64.245         0.00000     0.00000     0.00000     0.00000
    -64.095         0.00000     0.00000     0.00000     0.00000
    -63.945         0.00000     0.00000     0.00000     0.00000
    -63.795         0.00000     0.00000     0.00000     0.00000
    -63.645         0.00000     0.00000     0.00000     0.00000
    -63.495         0.00000     0.00000     0.00000     0.00000
    -63.345         0.00000     0.00000     0.00000     0.00000
    -63.195         0.00000     0.00000     0.00000     0.00000
    -63.045         0.00000     0.00000     0.00000     0.00000
    -62.895         0.00000     0.00000     0.00000     0.00000
    -62.745         0.00000     0.00000     0.00000     0.00000
    -62.595         0.00000     0.00000     0.00000     0.00000
    -62.445         0.00000     0.00000     0.00000     0.00000
    -62.295         0.00000     0.00000     0.00000     0.00000
    -62.145         0.00000     0.00000     0.00000     0.00000
    -61.995         0.00000     0.00000     0.00000     0.00000
    -61.845         0.00000     0.00000     0.00000     0.00000
    -61.695         0.00000     0.00000     0.00000     0.00000
    -61.545         0.00000     0.00000     0.00000     0.00000
    -61.395         0.00000     0.00000     0.00000     0.00000
    -61.245         0.00000     0.00000     0.00000     0.00000
    -61.095         0.00000     0.00000     0.00000     0.00000
    -60.945         0.00000     0.00000     0.00000     0.00000
    -60.795         0.00000     0.00000     0.00000     0.00000
    -60.645         0.00000     0.00000     0.00000     0.00000
    -60.495         0.00000     0.00000     0.00000     0.00000
    -60.345         0.00000     0.00000     0.00000     0.00000
    -60.195         0.00000     0.00000     0.00000     0.00000
    -60.045         0.00000     0.00000     0.00000     0.00000
    -59.895         0.00000     0.00000     0.00000     0.00000
    -59.745         0.00000     0.00000     0.00000     0.00000
    -59.595         0.00000     0.00000     0.00000     0.00000
    -59.445         0.00000     0.00000     0.00000     0.00000
    -59.295         0.00000     0.00000     0.00000     0.00000
    -59.145         0.00000     0.00000     0.00000     0.00000
    -58.995         0.00000     0.00000     0.00000     0.00000
    -58.845         0.00000     0.00000     0.00000     0.00000
    -58.695         0.00000     0.00000     0.00000     0.00000
    -58.545         0.00000     0.00000     0.00000     0.00000
    -58.395         0.00000     0.00000     0.00000     0.00000
    -58.245         0.00000     0.00000     0.00000     0.00000
    -58.095         0.00000     0.00000     0.00000     0.00000
    -57.945         0.00000     0.00000     0.00000     0.00000
    -57.795         0.00000     0.00000     0.00000     0.00000
    -57.645         0.00000     0.00000     0.00000     0.00000
    -57.495         0.00000     0.00000     0.00000     0.00000
    -57.345         0.00000     0.00000     0.00000     0.00000
    -57.195         0.00000     0.00000     0.00000     0.00000
    -57.045         0.00000     0.00000     0.00000     0.00000
    -56.895         0.00000     0.00000     0.00000     0.00000
    -56.745         0.00000     0.00000     0.00000     0.00000
    -56.595         0.00000     0.00000     0.00000     0.00000
    -56.445         0.00000     0.00000     0.00000     0.00000
    -56.295         0.00000     0.00000     0.00000     0.00000
    -56.145         0.00000     0.00000     0.00000     0.00000
    -55.995         0.00000     0.00000     0.00000     0.00000
    -55.845         0.00000     0.00000     0.00000     0.00000
    -55.695         0.00000     0.00000     0.00000     0.00000
    -55.545         0.00000     0.00000     0.00000     0.00000
    -55.395         0.00000     0.00000     0.00000     0.00000
    -55.245         0.00000     0.00000     0.00000     0.00000
    -55.095         0.00000     0.00000     0.00000     0.00000
    -54.945         0.00000     0.00000     0.00000     0.00000
    -54.795         0.00000     0.00000     0.00000     0.00000
    -54.645         0.00000     0.00000     0.00000     0.00000
    -54.495         0.00000     0.00000     0.00000     0.00000
    -54.345         0.00000     0.00000     0.00000     0.00000
    -54.195         0.00000     0.00000     0.00000     0.00000
    -54.045         0.00000     0.00000     0.00000     0.00000
    -53.895         0.00000     0.00000     0.00000     0.00000
    -53.745         0.00000     0.00000     0.00000     0.00000
    -53.595         0.00000     0.00000     0.00000     0.00000
    -53.445         0.00000     0.00000     0.00000     0.00000
    -53.295         0.00000     0.00000     0.00000     0.00000
    -53.145         0.00000     0.00000     0.00000     0.00000
    -52.995         0.00000     0.00000     0.00000     0.00000
    -52.845         0.00000     0.00000     0.00000     0.00000
    -52.695         0.00000     0.00000     0.00000     0.00000
    -52.545         0.00000     0.00000     0.00000     0.00000
    -52.395         0.00000     0.00000     0.00000     0.00000
    -52.245         0.00000     0.00000     0.00000     0.00000
    -52.095         0.00000     0.00000     0.00000     0.00000
    -51.945         0.00000     0.00000     0.00000     0.00000
    -51.795         0.00000     0.00000     0.00000     0.00000
    -51.645         0.00000     0.00000     0.00000     0.00000
    -51.495         0.00000     0.00000     0.00000     0.00000
    -51.345         0.00000     0.00000     0.00000     0.00000
    -51.195         0.00000     0.00000     0.00000     0.00000
    -51.045         0.00000     0.00000     0.00000     0.00000
    -50.895         0.00000     0.00000     0.00000     0.00000
    -50.745         0.00000     0.00000     0.00000     0.00000
    -50.595         0.00000     0.00000     0.00000     0.00000
    -50.445         0.00000     0.00000     0.00000     0.00000
    -50.295         0.00000     0.00000     0.00000     0.00000
    -50.145         0.00000     0.00000     0.00000     0.00000
    -49.995         0.00000     0.00000     0.00000     0.00000
    -49.845         0.00000     0.00000     0.00000     0.00000
    -49.695         0.00000     0.00000     0.00000     0.00000
    -49.545         0.00000     0.00000     0.00000     0.00000
    -49.395         0.00000     0.00000     0.00000     0.00000
    -49.245         0.00000     0.00000     0.00000     0.00000
    -49.095         0.00000     0.00000     0.00000     0.00000
    -48.945         0.00000     0.00000     0.00000     0.00000
    -48.795         0.00000     0.00000     0.00000     0.00000
    -48.645         0.00000     0.00000     0.00000     0.00000
    -48.495         0.00000     0.00000     0.00000     0.00000
    -48.345         0.00000     0.00000     0.00000     0.00000
    -48.195         0.00000     0.00000     0.00000     0.00000
    -48.045         0.00000     0.00000     0.00000     0.00000
    -47.895         0.00000     0.00000     0.00000     0.00000
    -47.745         0.00000     0.00000     0.00000     0.00000
    -47.595         0.00000     0.00000     0.00000     0.00000
    -47.445         0.00000     0.00000     0.00000     0.00000
    -47.295         0.00000     0.00000     0.00000     0.00000
    -47.145         0.00000     0.00000     0.00000     0.00000
    -46.995         0.00000     0.00000     0.00000     0.00000
    -46.845         0.00000     0.00000     0.00000     0.00000
    -46.695         0.00000     0.00000     0.00000     0.00000
    -46.545         0.00000     0.00000     0.00000     0.00000
    -46.395         0.00000     0.00000     0.00000     0.00000
    -46.245         0.00000     0.00000     0.00000     0.00000
    -46.095         0.00000     0.00000     0.00000     0.00000
    -45.945         0.00000     0.00000     0.00000     0.00000
    -45.795         0.00000     0.00000     0.00000     0.00000
    -45.645         0.00000     0.00000     0.00000     0.00000
    -45.495         0.00000     0.00000     0.00000     0.00000
    -45.345         0.00000     0.00000     0.00000     0.00000
    -45.195         0.00000     0.00000     0.00000     0.00000
    -45.045         0.00000     0.00000     0.00000     0.00000
    -44.895         0.00000     0.00000     0.00000     0.00000
    -44.745         0.00000     0.00000     0.00000     0.00000
    -44.595         0.00000     0.00000     0.00000     0.00000
    -44.445         0.00000     0.00000     0.00000     0.00000
    -44.295         0.00000     0.00000     0.00000     0.00000
    -44.145         0.00000     0.00000     0.00000     0.00000
    -43.995         0.00000     0.00000     0.00000     0.00000
    -43.845         0.00000     0.00000     0.00000     0.00000
    -43.695         0.00000     0.00000     0.00000     0.00000
    -43.545         0.00000     0.00000     0.00000     0.00000
    -43.395         0.00000     0.00000     0.00000     0.00000
    -43.245         0.00000     0.00000     0.00000     0.00000
    -43.095         0.00000     0.00000     0.00000     0.00000
    -42.945         0.00000     0.00000     0.00000     0.00000
    -42.795         0.00000     0.00000     0.00000     0.00000
    -42.645         0.00000     0.00000     0.00000     0.00000
    -42.495         0.00000     0.00000     0.00000     0.00000
    -42.345         0.00000     0.00000     0.00000     0.00000
    -42.195         0.00000     0.00000     0.00000     0.00000
    -42.045         0.00000     0.00000     0.00000     0.00000
    -41.895         0.00000     0.00000     0.00000     0.00000
    -41.745         0.00000     0.00000     0.00000     0.00000
    -41.595         0.00000     0.00000     0.00000     0.00000
    -41.445         0.00000     0.00000     0.00000     0.00000
    -41.295         0.00000     0.00000     0.00000     0.00000
    -41.145         0.00000     0.00000     0.00000     0.00000
    -40.995         0.00000     0.00000     0.00000     0.00000
    -40.845         0.00000     0.00000     0.00000     0.00000
    -40.695         0.00000     0.00000     0.00000     0.00000
    -40.545         0.00000     0.00000     0.00000     0.00000
    -40.395         0.00000     0.00000     0.00000     0.00000
    -40.245         0.00000     0.00000     0.00000     0.00000
    -40.095         0.00000     0.00000     0.00000     0.00000
    -39.945         0.00000     0.00000     0.00000     0.00000
    -39.795         0.00000     0.00000     0.00000     0.00000
    -39.645         0.00000     0.00000     0.00000     0.00000
    -39.495         0.00000     0.00000     0.00000     0.00000
    -39.345         0.00000     0.00000     0.00000     0.00000
    -39.195         0.00000     0.00000     0.00000     0.00000
    -39.045         0.00000     0.00000     0.00000     0.00000
    -38.895         0.00000     0.00000     0.00000     0.00000
    -38.745         0.00000     0.00000     0.00000     0.00000
    -38.595         0.00000     0.00000     0.00000     0.00000
    -38.445         0.00000     0.00000     0.00000     0.00000
    -38.295         0.00000     0.00000     0.00000     0.00000
    -38.145         0.00000     0.00000     0.00000     0.00000
    -37.995         0.00000     0.00000     0.00000     0.00000
    -37.845         0.00000     0.00000     0.00000     0.00000
    -37.695         0.00000     0.00000     0.00000     0.00000
    -37.545         0.00000     0.00000     0.00000     0.00000
    -37.395         0.00000     0.00000     0.00000     0.00000
    -37.245         0.00000     0.00000     0.00000     0.00000
    -37.095         0.00000     0.00000     0.00000     0.00000
    -36.945         0.00000     0.00000     0.00000     0.00000
    -36.795         0.00000     0.00000     0.00000     0.00000
    -36.645         0.00000     0.00000     0.00000     0.00000
    -36.495         0.00000     0.00000     0.00000     0.00000
    -36.345         0.00000     0.00000     0.00000     0.00000
    -36.195         0.00000     0.00000     0.00000     0.00000
    -36.045         0.00000     0.00000     0.00000     0.00000
    -35.895         0.00000     0.00000     0.00000     0.00000
    -35.745         0.00000     0.00000     0.00000     0.00000
    -35.595         0.00000     0.00000     0.00000     0.00000
    -35.445         0.00000     0.00000     0.00000     0.00000
    -35.295         0.00000     0.00000     0.00000     0.00000
    -35.145         0.00000     0.00000     0.00000     0.00000
    -34.995         0.00000     0.00000     0.00000     0.00000
    -34.845         0.00000     0.00000     0.00000     0.00000
    -34.695         0.00000     0.00000     0.00000     0.00000
    -34.545         0.00000     0.00000     0.00000     0.00000
    -34.395         0.00000     0.00000     0.00000     0.00000
    -34.245         0.00000     0.00000     0.00000     0.00000
    -34.095         0.00000     0.00000     0.00000     0.00000
    -33.945         0.00000     0.00000     0.00000     0.00000
    -33.795         0.00000     0.00000     0.00000     0.00000
    -33.645         0.00000     0.00000     0.00000     0.00000
    -33.495         0.00000     0.00000     0.00000     0.00000
    -33.345         0.00000     0.00000     0.00000     0.00000
    -33.195         0.00000     0.00000     0.00000     0.00000
    -33.045         0.00000     0.00000     0.00000     0.00000
    -32.895         0.00000     0.00000     0.00000     0.00000
    -32.745         0.00000     0.00000     0.00000     0.00000
    -32.595         0.00000     0.00000     0.00000     0.00000
    -32.445         0.00000     0.00000     0.00000     0.00000
    -32.295         0.00000     0.00000     0.00000     0.00000
    -32.145         0.00000     0.00000     0.00000     0.00000
    -31.995         0.00000     0.00000     0.00000     0.00000
    -31.845         0.00000     0.00000     0.00000     0.00000
    -31.695         0.00000     0.00000     0.00000     0.00000
    -31.545         0.00000     0.00000     0.00000     0.00000
    -31.395         0.00000     0.00000     0.00000     0.00000
    -31.245         0.00000     0.00000     0.00000     0.00000
    -31.095         0.00000     0.00000     0.00000     0.00000
    -30.945         0.00000     0.00000     0.00000     0.00000
    -30.795         0.00000     0.00000     0.00000     0.00000
    -30.645         0.00000     0.00000     0.00000     0.00000
    -30.495         0.00000     0.00000     0.00000     0.00000
    -30.345         0.00000     0.00000     0.00000     0.00000
    -30.195         0.00000     0.00000     0.00000     0.00000
    -30.045         0.00000     0.00000     0.00000     0.00000
    -29.895         0.00000     0.00000     0.00000     0.00000
    -29.745         0.00000     0.00000     0.00000     0.00000
    -29.595         0.00000     0.00000     0.00000     0.00000
    -29.445         0.00000     0.00000     0.00000     0.00000
    -29.295         0.00000     0.00000     0.00000     0.00000
    -29.145         0.00000     0.00000     0.00000     0.00000
    -28.995         0.00000     0.00000     0.00000     0.00000
    -28.845         0.00000     0.00000     0.00000     0.00000
    -28.695         0.00000     0.00000     0.00000     0.00000
    -28.545         0.00000     0.00000     0.00000     0.00000
    -28.395         0.00000     0.00000     0.00000     0.00000
    -28.245         0.00000     0.00000     0.00000     0.00000
    -28.095         0.00000     0.00000     0.00000     0.00000
    -27.945         0.00000     0.00000     0.00000     0.00000
    -27.795         0.00000     0.00000     0.00000     0.00000
    -27.645         0.00000     0.00000     0.00000     0.00000
    -27.495         0.00000     0.00000     0.00000     0.00000
    -27.345         0.00000     0.00000     0.00000     0.00000
    -27.195         0.00000     0.00000     0.00000     0.00000
    -27.045         0.00000     0.00000     0.00000     0.00000
    -26.895         0.00000     0.00000     0.00000     0.00000
    -26.745         0.00000     0.00000     0.00000     0.00000
    -26.595         0.00000     0.00000     0.00000     0.00000
    -26.445         0.00000     0.00000     0.00000     0.00000
    -26.295         0.00000     0.00000     0.00000     0.00000
    -26.145         0.00000     0.00000     0.00000     0.00000
    -25.995         0.00000     0.00000     0.00000     0.00000
    -25.845         0.00000     0.00000     0.00000     0.00000
    -25.695         0.00000     0.00000     0.00000     0.00000
    -25.545         0.00000     0.00000     0.00000     0.00000
    -25.395         0.00000     0.00000     0.00000     0.00000
    -25.245         0.00000     0.00000     0.00000     0.00000
    -25.095         0.00000     0.00000     0.00000     0.00000
    -24.945         0.00000     0.00000     0.00000     0.00000
    -24.795         0.00000     0.00000     0.00000     0.00000
    -24.645         0.00000     0.00000     0.00000     0.00000
    -24.495         0.00000     0.00000     0.00000     0.00000
    -24.345         0.00000     0.00000     0.00000     0.00000
    -24.195         0.00000     0.00000     0.00000     0.00000
    -24.045         0.00000     0.00000     0.00000     0.00000
    -23.895         0.00000     0.00000     0.00000     0.00000
    -23.745         0.00000     0.00000     0.00000     0.00000
    -23.595         0.00000     0.00000     0.00000     0.00000
    -23.445         0.00000     0.00000     0.00000     0.00000
    -23.295         0.00000     0.00000     0.00000     0.00000
    -23.145         0.00000     0.00000     0.00000     0.00000
    -22.995         0.00000     0.00000     0.00000     0.00000
    -22.845         0.00000     0.00000     0.00000     0.00000
    -22.695         0.00000     0.00000     0.00000     0.00000
    -22.545        -0.00000     0.00000    -0.00000     0.00000
    -22.395        -0.00000     0.00000    -0.00000     0.00000
    -22.245        -0.00010     0.00000    -0.00010     0.00000
    -22.095        -0.00038     0.00000    -0.00038     0.00000
    -21.945        -0.00067     0.00000    -0.00067     0.00000
    -21.795        -0.00105     0.00000    -0.00105     0.00000
    -21.645        -0.00125     0.00000    -0.00125     0.00000
    -21.495        -0.00173     0.00000    -0.00173     0.00000
    -21.345        -0.00202     0.00000    -0.00202     0.00000
    -21.195        -0.00268     0.00000    -0.00268     0.00000
    -21.045        -0.00424     0.00000    -0.00424     0.00000
    -20.895        -0.00562     0.00000    -0.00562     0.00000
    -20.745        -0.00754     0.00000    -0.00754     0.00000
    -20.595        -0.00945     0.00000    -0.00945     0.00000
    -20.445        -0.01223     0.00000    -0.01223     0.00000
    -20.295        -0.01395     0.00000    -0.01395     0.00000
    -20.145        -0.01584     0.00000    -0.01584     0.00000
    -19.995        -0.01831     0.00000    -0.01831     0.00000
    -19.845        -0.02154     0.00000    -0.02154     0.00000
    -19.695        -0.02425     0.00000    -0.02425     0.00000
    -19.545        -0.02660     0.00000    -0.02660     0.00000
    -19.395        -0.02944     0.00000    -0.02944     0.00000
    -19.245        -0.03135     0.00000    -0.03135     0.00000
    -19.095        -0.03375     0.00000    -0.03375     0.00000
    -18.945        -0.03588     0.00000    -0.03588     0.00000
    -18.795        -0.03775     0.00000    -0.03775     0.00000
    -18.645        -0.03986     0.00000    -0.03986     0.00000
    -18.495        -0.04243     0.00000    -0.04243     0.00000
    -18.345        -0.04387     0.00000    -0.04387     0.00000
    -18.195        -0.04562     0.00000    -0.04562     0.00000
    -18.045        -0.04736     0.00000    -0.04736     0.00000
    -17.895        -0.04862     0.00000    -0.04862     0.00000
    -17.745        -0.05033     0.00000    -0.05033     0.00000
    -17.595        -0.05180     0.00000    -0.05180     0.00000
    -17.445        -0.05279     0.00000    -0.05279     0.00000
    -17.295        -0.05386    -0.00000    -0.05386     0.00000
    -17.145        -0.05499    -0.00000    -0.05499     0.00000
    -16.995        -0.05572    -0.00007    -0.05566     0.00000
    -16.845        -0.05661    -0.00014    -0.05648     0.00000
    -16.695        -0.05711    -0.00028    -0.05683     0.00000
    -16.545        -0.05813    -0.00057    -0.05756     0.00000
    -16.395        -0.05878    -0.00094    -0.05783     0.00000
    -16.245        -0.06001    -0.00174    -0.05827     0.00000
    -16.095        -0.06109    -0.00239    -0.05869     0.00000
    -15.945        -0.06249    -0.00324    -0.05926     0.00000
    -15.795        -0.06490    -0.00493    -0.05997     0.00000
    -15.645        -0.06758    -0.00676    -0.06082     0.00000
    -15.495        -0.07084    -0.00961    -0.06123     0.00000
    -15.345        -0.07488    -0.01318    -0.06170     0.00000
    -15.195        -0.07935    -0.01730    -0.06205     0.00000
    -15.045        -0.08417    -0.02184    -0.06233     0.00000
    -14.895        -0.08899    -0.02648    -0.06251     0.00000
    -14.745        -0.09381    -0.03096    -0.06284     0.00000
    -14.595        -0.09979    -0.03678    -0.06302     0.00000
    -14.445        -0.10507    -0.04188    -0.06319     0.00000
    -14.295        -0.11138    -0.04766    -0.06372     0.00000
    -14.145        -0.11674    -0.05282    -0.06392     0.00000
    -13.995        -0.12138    -0.05744    -0.06394     0.00000
    -13.845        -0.12654    -0.06232    -0.06422     0.00000
    -13.695        -0.13152    -0.06727    -0.06425     0.00000
    -13.545        -0.13666    -0.07230    -0.06436     0.00000
    -13.395        -0.14212    -0.07751    -0.06462     0.00000
    -13.245        -0.14740    -0.08246    -0.06494     0.00000
    -13.095        -0.15211    -0.08707    -0.06505     0.00000
    -12.945        -0.15632    -0.09101    -0.06531     0.00000
    -12.795        -0.16086    -0.09553    -0.06533     0.00000
    -12.645        -0.16571    -0.10027    -0.06544     0.00000
    -12.495        -0.16996    -0.10441    -0.06555     0.00000
    -12.345        -0.17417    -0.10842    -0.06575     0.00000
    -12.195        -0.17879    -0.11292    -0.06587     0.00000
    -12.045        -0.18329    -0.11731    -0.06598     0.00000
    -11.895        -0.18689    -0.12089    -0.06601     0.00000
    -11.745        -0.19150    -0.12538    -0.06612     0.00000
    -11.595        -0.19483    -0.12867    -0.06615     0.00000
    -11.445        -0.19878    -0.13242    -0.06636     0.00000
    -11.295        -0.20280    -0.13632    -0.06648     0.00000
    -11.145        -0.20689    -0.14038    -0.06651     0.00000
    -10.995        -0.21120    -0.14464    -0.06656     0.00000
    -10.845        -0.21520    -0.14860    -0.06659     0.00000
    -10.695        -0.21870    -0.15206    -0.06664     0.00000
    -10.545        -0.22254    -0.15586    -0.06668     0.00000
    -10.395        -0.22600    -0.15919    -0.06682     0.00000
    -10.245        -0.22953    -0.16266    -0.06687     0.00000
    -10.095        -0.23246    -0.16555    -0.06691     0.00000
    -9.9450        -0.23607    -0.16912    -0.06695     0.00000
    -9.7950        -0.23980    -0.17280    -0.06700     0.00000
    -9.6450        -0.24360    -0.17646    -0.06714     0.00000
    -9.4950        -0.24681    -0.17953    -0.06728     0.00000
    -9.3450        -0.25071    -0.18338    -0.06733     0.00000
    -9.1950        -0.25379    -0.18632    -0.06747     0.00000
    -9.0450        -0.25689    -0.18936    -0.06753     0.00000
    -8.8950        -0.26022    -0.19265    -0.06758     0.00000
    -8.7450        -0.26364    -0.19581    -0.06783     0.00000
    -8.5950        -0.26704    -0.19915    -0.06789     0.00000
    -8.4450        -0.27052    -0.20228    -0.06824     0.00000
    -8.2950        -0.27396    -0.20553    -0.06844     0.00000
    -8.1450        -0.27688    -0.20828    -0.06860     0.00000
    -7.9950        -0.28037    -0.21149    -0.06888     0.00000
    -7.8450        -0.28475    -0.21544    -0.06931     0.00000
    -7.6950        -0.28863    -0.21890    -0.06974     0.00000
    -7.5450        -0.29302    -0.22283    -0.07019     0.00000
    -7.3950        -0.29806    -0.22751    -0.07053    -0.00002
    -7.2450        -0.30332    -0.23183    -0.07115    -0.00035
    -7.0950        -0.31052    -0.23602    -0.07181    -0.00269
    -6.9450        -0.32573    -0.24016    -0.07252    -0.01305
    -6.7950        -0.35932    -0.24486    -0.07349    -0.04097
    -6.6450        -0.41911    -0.24902    -0.07388    -0.09622
    -6.4950        -0.51637    -0.25383    -0.07468    -0.18785
    -6.3450        -0.65198    -0.25810    -0.07568    -0.31821
    -6.1950        -0.81996    -0.26378    -0.07662    -0.47956
    -6.0450        -1.02261    -0.27063    -0.07765    -0.67434
    -5.8950        -1.25212    -0.27640    -0.07848    -0.89724
    -5.7450        -1.49599    -0.28303    -0.07970    -1.13326
    -5.5950        -1.74609    -0.28970    -0.08118    -1.37521
    -5.4450        -2.00117    -0.29711    -0.08264    -1.62141
    -5.2950        -2.25853    -0.30493    -0.08441    -1.86918
    -5.1450        -2.51185    -0.31329    -0.08619    -2.11237
    -4.9950        -2.75429    -0.32185    -0.08815    -2.34429
    -4.8450        -2.99304    -0.33161    -0.09065    -2.57078
    -4.6950        -3.22426    -0.34106    -0.09324    -2.78996
    -4.5450        -3.44859    -0.35060    -0.09657    -3.00141
    -4.3950        -3.66255    -0.36114    -0.09995    -3.20145
    -4.2450        -3.86541    -0.37194    -0.10333    -3.39015
    -4.0950        -4.06311    -0.38354    -0.10771    -3.57186
    -3.9450        -4.25269    -0.39547    -0.11226    -3.74496
    -3.7950        -4.43460    -0.40713    -0.11721    -3.91027
    -3.6450        -4.61121    -0.41966    -0.12221    -4.06933
    -3.4950        -4.78484    -0.43342    -0.12818    -4.22325
    -3.3450        -4.95839    -0.44724    -0.13550    -4.37565
    -3.1950        -5.13498    -0.46293    -0.14431    -4.52774
    -3.0450        -5.30975    -0.47944    -0.15432    -4.67599
    -2.8950        -5.48977    -0.49726    -0.16528    -4.82724
    -2.7450        -5.67810    -0.51652    -0.17818    -4.98339
    -2.5950        -5.87558    -0.53761    -0.19365    -5.14432
    -2.4450        -6.09091    -0.56146    -0.21071    -5.31874
    -2.2950        -6.32638    -0.58831    -0.23022    -5.50784
    -2.1450        -6.59031    -0.61783    -0.25262    -5.71985
    -1.9950        -6.88790    -0.65016    -0.27883    -5.95890
    -1.8450        -7.23210    -0.68520    -0.30956    -6.23734
    -1.6950        -7.63713    -0.72447    -0.34525    -6.56741
    -1.5450        -8.13614    -0.76996    -0.38830    -6.97787
    -1.3950        -8.74916    -0.82195    -0.43852    -7.48869
    -1.2450        -9.50729    -0.88436    -0.49918    -8.12374
    -1.0950       -10.43075    -0.95891    -0.57316    -8.89868
   -0.94500       -11.56649    -1.05372    -0.66667    -9.84610
   -0.79500       -12.98379    -1.17705    -0.78913   -11.01761
   -0.64500       -14.73922    -1.34447    -0.95759   -12.43717
   -0.49500       -16.92753    -1.58696    -1.20480   -14.13578
   -0.34500       -19.92331    -1.98193    -1.61578   -16.32560
   -0.22700       -21.24089    -2.17126    -1.81732   -17.25232
   -0.21300       -21.41464    -2.19678    -1.84452   -17.37334
   -0.20700       -21.59300    -2.22319    -1.87282   -17.49698
   -0.20100       -21.77632    -2.25061    -1.90182   -17.62389
   -0.19500       -21.96503    -2.27889    -1.93204   -17.75410
   -0.18900       -22.15884    -2.30794    -1.96329   -17.88761
   -0.18300       -22.35754    -2.33769    -1.99536   -18.02449
   -0.17700       -22.56223    -2.36838    -2.02855   -18.16530
   -0.17100       -22.77353    -2.40011    -2.06288   -18.31054
   -0.16500       -22.99121    -2.43297    -2.09827   -18.45997
   -0.15900       -23.21639    -2.46696    -2.13501   -18.61442
   -0.15300       -23.44888    -2.50209    -2.17301   -18.77377
   -0.14700       -23.68920    -2.53847    -2.21245   -18.93827
   -0.14100       -23.93847    -2.57600    -2.25353   -19.10893
   -0.13500       -24.19758    -2.61479    -2.29627   -19.28651
   -0.12900       -24.46588    -2.65479    -2.34090   -19.47020
   -0.12300       -24.74557    -2.69638    -2.38719   -19.66200
   -0.11700       -25.03689    -2.73949    -2.43554   -19.86186
   -0.11100       -25.34112    -2.78450    -2.48583   -20.07079
   -0.10500       -25.65929    -2.83067    -2.53849   -20.29013
   -0.99000E-01   -25.99385    -2.87914    -2.59367   -20.52104
   -0.93000E-01   -26.34558    -2.92957    -2.65158   -20.76442
   -0.87000E-01   -26.71764    -2.98236    -2.71267   -21.02260
   -0.81000E-01   -27.11288    -3.03777    -2.77770   -21.29741
   -0.75000E-01   -27.53355    -3.09573    -2.84657   -21.59126
   -0.69000E-01   -27.98448    -3.15641    -2.92010   -21.90797
   -0.63000E-01   -28.47217    -3.22056    -2.99950   -22.25211
   -0.57000E-01   -29.00557    -3.28899    -3.08768   -22.62889
   -0.51000E-01   -29.59660    -3.36348    -3.18664   -23.04648
   -0.45000E-01   -30.25482    -3.44556    -3.29311   -23.51616
   -0.39000E-01   -30.99096    -3.53344    -3.40189   -24.05563
   -0.33000E-01   -31.82324    -3.62209    -3.50902   -24.69212
   -0.27000E-01   -32.78936    -3.70692    -3.61025   -25.47220
   -0.21300E-01   -33.55655    -3.76014    -3.67201   -26.12440
   -0.19500E-01   -33.67893    -3.76750    -3.68036   -26.23106
   -0.18900E-01   -33.80438    -3.77473    -3.68853   -26.34112
   -0.18300E-01   -33.93316    -3.78187    -3.69646   -26.45482
   -0.17700E-01   -34.06538    -3.78885    -3.70414   -26.57239
   -0.17100E-01   -34.20143    -3.79569    -3.71164   -26.69410
   -0.16500E-01   -34.34151    -3.80236    -3.71891   -26.82024
   -0.15900E-01   -34.48617    -3.80889    -3.72595   -26.95132
   -0.15300E-01   -34.63558    -3.81522    -3.73276   -27.08761
   -0.14700E-01   -34.79005    -3.82133    -3.73932   -27.22940
   -0.14100E-01   -34.95013    -3.82724    -3.74561   -27.37729
   -0.13500E-01   -35.11656    -3.83292    -3.75170   -27.53194
   -0.12900E-01   -35.28995    -3.83844    -3.75752   -27.69399
   -0.12300E-01   -35.47097    -3.84371    -3.76311   -27.86415
   -0.11700E-01   -35.66049    -3.84877    -3.76843   -28.04328
   -0.11100E-01   -35.85947    -3.85360    -3.77351   -28.23236
   -0.10500E-01   -36.06931    -3.85818    -3.77832   -28.43281
   -0.99000E-02   -36.29119    -3.86253    -3.78287   -28.64580
   -0.93000E-02   -36.52712    -3.86662    -3.78715   -28.87335
   -0.87000E-02   -36.77950    -3.87049    -3.79116   -29.11785
   -0.81000E-02   -37.05151    -3.87412    -3.79489   -29.38251
   -0.75000E-02   -37.34741    -3.87747    -3.79836   -29.67158
   -0.69000E-02   -37.67249    -3.88058    -3.80156   -29.99035
   -0.63000E-02   -38.03271    -3.88343    -3.80449   -30.34480
   -0.57000E-02   -38.43432    -3.88602    -3.80714   -30.74117
   -0.51000E-02   -38.88458    -3.88834    -3.80951   -31.18673
   -0.45000E-02   -39.39140    -3.89039    -3.81160   -31.68941
   -0.39000E-02   -39.96359    -3.89219    -3.81341   -32.25799
   -0.33000E-02   -40.61156    -3.89371    -3.81494   -32.90291
   -0.27000E-02   -41.34888    -3.89496    -3.81619   -33.63773
   -0.21000E-02   -42.19841    -3.89592    -3.81717   -34.48532
   -0.15000E-02   -43.19378    -3.89662    -3.81787   -35.47929
   -0.90000E-03   -44.17434    -3.89704    -3.81829   -36.45901
   -0.30000E-03   -44.58766    -3.89718    -3.81844   -36.87204
    0.30000E-03   -44.17493    -3.89704    -3.81831   -36.45958
    0.90000E-03   -43.19434    -3.89662    -3.81790   -35.47981
    0.15000E-02   -42.19920    -3.89593    -3.81722   -34.48605
    0.21000E-02   -41.35015    -3.89496    -3.81626   -33.63894
    0.27000E-02   -40.61339    -3.89370    -3.81503   -32.90466
    0.33000E-02   -39.96601    -3.89215    -3.81353   -32.26033
    0.39000E-02   -39.39469    -3.89034    -3.81176   -31.69259
    0.45000E-02   -38.88853    -3.88824    -3.80973   -31.19056
    0.51000E-02   -38.43891    -3.88588    -3.80744   -30.74560
    0.57000E-02   -38.03790    -3.88322    -3.80487   -30.34980
    0.63000E-02   -37.67839    -3.88030    -3.80203   -29.99606
    0.69000E-02   -37.35388    -3.87709    -3.79894   -29.67785
    0.75000E-02   -37.05847    -3.87361    -3.79562   -29.38924
    0.81000E-02   -36.78697    -3.86985    -3.79203   -29.12508
    0.87000E-02   -36.53502    -3.86583    -3.78821   -28.88098
    0.93000E-02   -36.29962    -3.86154    -3.78413   -28.65396
    0.99000E-02   -36.07829    -3.85697    -3.77979   -28.44154
    0.10500E-01   -35.86914    -3.85213    -3.77522   -28.24178
    0.11100E-01   -35.67078    -3.84705    -3.77044   -28.05328
    0.11700E-01   -35.48185    -3.84169    -3.76541   -27.87475
    0.12300E-01   -35.30130    -3.83609    -3.76016   -27.70506
    0.12900E-01   -35.12830    -3.83024    -3.75469   -27.54337
    0.13500E-01   -34.96210    -3.82411    -3.74899   -27.38900
    0.14100E-01   -34.80234    -3.81776    -3.74314   -27.24144
    0.14700E-01   -34.64822    -3.81117    -3.73707   -27.09997
    0.15300E-01   -34.49921    -3.80435    -3.73080   -26.96406
    0.15900E-01   -34.35505    -3.79730    -3.72437   -26.83337
    0.16500E-01   -34.21521    -3.79001    -3.71779   -26.70741
    0.17100E-01   -34.07967    -3.78253    -3.71102   -26.58611
    0.17700E-01   -33.94769    -3.77480    -3.70414   -26.46875
    0.18300E-01   -33.81927    -3.76684    -3.69708   -26.35535
    0.18900E-01   -33.69420    -3.75868    -3.68989   -26.24563
    0.19500E-01   -33.57214    -3.75032    -3.68256   -26.13926
    0.21300E-01   -32.80764    -3.68840    -3.62988   -25.48936
    0.27000E-01   -31.84630    -3.58711    -3.54529   -24.71390
    0.33000E-01   -31.02110    -3.48033    -3.45650   -24.08427
    0.39000E-01   -30.29642    -3.37190    -3.36833   -23.55619
    0.45000E-01   -29.65440    -3.26582    -3.28578   -23.10280
    0.51000E-01   -29.08640    -3.16767    -3.21107   -22.70766
    0.57000E-01   -28.58027    -3.07993    -3.14206   -22.35829
    0.63000E-01   -28.12485    -3.00096    -3.07730   -22.04658
    0.69000E-01   -27.71006    -2.92798    -3.01579   -21.76628
    0.75000E-01   -27.32913    -2.85969    -2.95724   -21.51219
    0.81000E-01   -26.97722    -2.79527    -2.90145   -21.28050
    0.87000E-01   -26.65065    -2.73440    -2.84808   -21.06817
    0.93000E-01   -26.34561    -2.67680    -2.79672   -20.87209
    0.99000E-01   -26.06098    -2.62209    -2.74783   -20.69106
    0.10500       -25.79332    -2.56975    -2.70093   -20.52264
    0.11100       -25.54088    -2.51989    -2.65577   -20.36523
    0.11700       -25.30228    -2.47207    -2.61233   -20.21789
    0.12300       -25.07720    -2.42639    -2.57063   -20.08018
    0.12900       -24.86322    -2.38229    -2.53027   -19.95066
    0.13500       -24.65923    -2.33995    -2.49109   -19.82819
    0.14100       -24.46519    -2.29904    -2.45338   -19.71277
    0.14700       -24.28022    -2.25966    -2.41719   -19.60337
    0.15300       -24.10322    -2.22176    -2.38204   -19.49942
    0.15900       -23.93399    -2.18529    -2.34793   -19.40077
    0.16500       -23.77157    -2.15003    -2.31499   -19.30655
    0.17100       -23.61625    -2.11616    -2.28319   -19.21690
    0.17700       -23.46720    -2.08336    -2.25237   -19.13147
    0.18300       -23.32354    -2.05171    -2.22247   -19.04936
    0.18900       -23.18533    -2.02114    -2.19344   -18.97075
    0.19500       -23.05197    -1.99126    -2.16519   -18.89552
    0.20100       -22.92344    -1.96253    -2.13771   -18.82320
    0.20700       -22.79938    -1.93442    -2.11101   -18.75395
    0.21300       -22.67940    -1.90704    -2.08526   -18.68710
    0.22700       -21.80605    -1.70498    -1.89363   -18.20744
    0.34500       -20.06077    -1.29352    -1.49836   -17.26889
    0.49500       -18.99764    -1.04761    -1.25842   -16.69162
    0.64500       -18.23705    -0.88178    -1.09796   -16.25731
    0.79500       -17.64382    -0.76094    -0.98111   -15.90177
    0.94500       -17.16229    -0.66883    -0.89101   -15.60245
     1.0950       -16.75960    -0.59674    -0.81754   -15.34532
     1.2450       -16.41630    -0.53745    -0.75737   -15.12148
     1.3950       -16.11956    -0.48908    -0.70631   -14.92417
     1.5450       -15.85972    -0.44786    -0.66388   -14.74798
     1.6950       -15.62842    -0.41294    -0.62767   -14.58780
     1.8450       -15.42354    -0.38317    -0.59641   -14.44396
     1.9950       -15.23942    -0.35806    -0.56949   -14.31187
     2.1450       -15.07417    -0.33675    -0.54545   -14.19198
     2.2950       -14.92382    -0.31899    -0.52376   -14.08107
     2.4450       -14.78616    -0.30294    -0.50346   -13.97976
     2.5950       -14.66073    -0.28842    -0.48548   -13.88683
     2.7450       -14.54615    -0.27621    -0.46924   -13.80069
     2.8950       -14.44381    -0.26558    -0.45439   -13.72384
     3.0450       -14.34821    -0.25586    -0.44016   -13.65219
     3.1950       -14.26059    -0.24682    -0.42827   -13.58551
     3.3450       -14.17746    -0.23849    -0.41708   -13.52189
     3.4950       -14.10414    -0.23149    -0.40741   -13.46525
     3.6450       -14.03468    -0.22493    -0.39842   -13.41133
     3.7950       -13.97103    -0.21911    -0.38969   -13.36223
     3.9450       -13.91083    -0.21388    -0.38194   -13.31501
     4.0950       -13.85352    -0.20880    -0.37459   -13.27013
     4.2450       -13.79902    -0.20428    -0.36713   -13.22761
     4.3950       -13.74902    -0.20014    -0.36071   -13.18817
     4.5450       -13.69934    -0.19635    -0.35355   -13.14943
     4.6950       -13.65289    -0.19261    -0.34774   -13.11254
     4.8450       -13.60774    -0.18962    -0.34134   -13.07678
     4.9950       -13.56477    -0.18645    -0.33635   -13.04197
     5.1450       -13.52308    -0.18357    -0.33017   -13.00933
     5.2950       -13.48293    -0.18133    -0.32466   -12.97693
     5.4450       -13.44410    -0.17901    -0.31921   -12.94588
     5.5950       -13.40548    -0.17668    -0.31370   -12.91511
     5.7450       -13.36974    -0.17472    -0.30893   -12.88609
     5.8950       -13.33558    -0.17309    -0.30444   -12.85805
     6.0450       -13.30197    -0.17171    -0.29973   -12.83053
     6.1950       -13.26913    -0.17040    -0.29534   -12.80339
     6.3450       -13.23796    -0.16940    -0.29106   -12.77750
     6.4950       -13.20726    -0.16845    -0.28693   -12.75188
     6.6450       -13.17844    -0.16790    -0.28346   -12.72707
     6.7950       -13.14994    -0.16715    -0.27984   -12.70295
     6.9450       -13.12278    -0.16679    -0.27659   -12.67940
     7.0950       -13.09644    -0.16613    -0.27389   -12.65643
     7.2450       -13.07146    -0.16581    -0.27186   -12.63379
     7.3950       -13.04613    -0.16548    -0.26912   -12.61153
     7.5450       -13.02147    -0.16518    -0.26650   -12.58979
     7.6950       -12.99729    -0.16456    -0.26413   -12.56860
     7.8450       -12.97454    -0.16428    -0.26245   -12.54782
     7.9950       -12.95245    -0.16401    -0.26119   -12.52724
     8.1450       -12.93117    -0.16375    -0.26010   -12.50732
     8.2950       -12.91015    -0.16334    -0.25908   -12.48773
     8.4450       -12.88952    -0.16310    -0.25795   -12.46847
     8.5950       -12.86966    -0.16285    -0.25724   -12.44957
     8.7450       -12.85039    -0.16263    -0.25676   -12.43101
     8.8950       -12.83150    -0.16224    -0.25652   -12.41274
     9.0450       -12.81292    -0.16203    -0.25605   -12.39483
     9.1950       -12.79458    -0.16182    -0.25560   -12.37716
     9.3450       -12.77682    -0.16162    -0.25537   -12.35984
     9.4950       -12.75936    -0.16143    -0.25517   -12.34276
     9.6450       -12.74218    -0.16124    -0.25496   -12.32597
     9.7950       -12.72510    -0.16105    -0.25457   -12.30948
     9.9450       -12.70846    -0.16088    -0.25437   -12.29321
     10.095       -12.69208    -0.16070    -0.25420   -12.27718
     10.245       -12.67577    -0.16053    -0.25381   -12.26142
     10.395       -12.65990    -0.16037    -0.25364   -12.24588
     10.545       -12.64429    -0.16021    -0.25348   -12.23061
     10.695       -12.62886    -0.16004    -0.25332   -12.21550
     10.845       -12.61371    -0.15988    -0.25316   -12.20067
     10.995       -12.59869    -0.15973    -0.25300   -12.18596
     11.145       -12.58395    -0.15958    -0.25286   -12.17152
     11.295       -12.56939    -0.15943    -0.25272   -12.15724
     11.445       -12.55505    -0.15929    -0.25259   -12.14316
     11.595       -12.54089    -0.15915    -0.25246   -12.12928
     11.745       -12.52694    -0.15901    -0.25234   -12.11558
     11.895       -12.51318    -0.15889    -0.25222   -12.10208
     12.045       -12.49958    -0.15875    -0.25210   -12.08873
     12.195       -12.48618    -0.15862    -0.25198   -12.07557
     12.345       -12.47290    -0.15849    -0.25187   -12.06253
     12.495       -12.45979    -0.15836    -0.25177   -12.04966
     12.645       -12.44683    -0.15824    -0.25166   -12.03693
     12.795       -12.43405    -0.15812    -0.25155   -12.02438
     12.945       -12.42144    -0.15800    -0.25145   -12.01199
     13.095       -12.40900    -0.15789    -0.25137   -11.99974
     13.245       -12.39668    -0.15777    -0.25127   -11.98764
     13.395       -12.38450    -0.15766    -0.25117   -11.97567
     13.545       -12.37246    -0.15754    -0.25107   -11.96385
     13.695       -12.36058    -0.15743    -0.25099   -11.95217
     13.845       -12.34880    -0.15732    -0.25090   -11.94058
     13.995       -12.33719    -0.15721    -0.25082   -11.92915
     14.145       -12.32571    -0.15711    -0.25073   -11.91787
     14.295       -12.31435    -0.15700    -0.25065   -11.90670
     14.445       -12.30310    -0.15689    -0.25057   -11.89564
     14.595       -12.29194    -0.15679    -0.25050   -11.88465
     14.745       -12.28093    -0.15669    -0.25043   -11.87382
     14.895       -12.27003    -0.15659    -0.25035   -11.86309
     15.045       -12.25927    -0.15650    -0.25028   -11.85250
     15.195       -12.24858    -0.15640    -0.25021   -11.84197
     15.345       -12.23804    -0.15631    -0.25014   -11.83159
     15.495       -12.22758    -0.15622    -0.25007   -11.82129
     15.645       -12.21723    -0.15612    -0.25001   -11.81110
     15.795       -12.20697    -0.15603    -0.24994   -11.80100
     15.945       -12.19681    -0.15595    -0.24987   -11.79099
     16.095       -12.18679    -0.15585    -0.24980   -11.78114
     16.245       -12.17686    -0.15577    -0.24974   -11.77136
     16.395       -12.16703    -0.15568    -0.24968   -11.76167
     16.545       -12.15727    -0.15560    -0.24961   -11.75207
     16.695       -12.14760    -0.15552    -0.24955   -11.74254
     16.845       -12.13805    -0.15543    -0.24950   -11.73312
     16.995       -12.12856    -0.15535    -0.24944   -11.72376
     17.145       -12.11917    -0.15527    -0.24939   -11.71451
     17.295       -12.10988    -0.15520    -0.24934   -11.70534
     17.445       -12.10066    -0.15512    -0.24928   -11.69626
     17.595       -12.09158    -0.15504    -0.24923   -11.68732
     17.745       -12.08253    -0.15496    -0.24918   -11.67839
     17.895       -12.07357    -0.15488    -0.24913   -11.66956
     18.045       -12.06467    -0.15481    -0.24908   -11.66079
     18.195       -12.05582    -0.15473    -0.24903   -11.65206
     18.345       -12.04705    -0.15466    -0.24898   -11.64341
     18.495       -12.03836    -0.15458    -0.24894   -11.63484
     18.645       -12.02974    -0.15451    -0.24889   -11.62634
     18.795       -12.02125    -0.15444    -0.24885   -11.61796
     18.945       -12.01282    -0.15437    -0.24880   -11.60965
     19.095       -12.00444    -0.15430    -0.24876   -11.60138
     19.245       -11.99613    -0.15423    -0.24871   -11.59318
     19.395       -11.98789    -0.15417    -0.24867   -11.58505
     19.545       -11.97973    -0.15410    -0.24864   -11.57699
     19.695       -11.97163    -0.15403    -0.24858   -11.56901
     19.845       -11.96359    -0.15397    -0.24854   -11.56108
     19.995       -11.95556    -0.15390    -0.24851   -11.55316
     20.145       -11.94764    -0.15384    -0.24847   -11.54533
     20.295       -11.93978    -0.15377    -0.24843   -11.53758
     20.445       -11.93196    -0.15371    -0.24839   -11.52986
     20.595       -11.92421    -0.15365    -0.24835   -11.52221
     20.745       -11.91653    -0.15359    -0.24831   -11.51463
     20.895       -11.90890    -0.15352    -0.24828   -11.50710
     21.045       -11.90129    -0.15346    -0.24824   -11.49959
     21.195       -11.89376    -0.15340    -0.24820   -11.49216
     21.345       -11.88630    -0.15334    -0.24816   -11.48480
     21.495       -11.87888    -0.15328    -0.24813   -11.47748
     21.645       -11.87153    -0.15322    -0.24809   -11.47022
     21.795       -11.86425    -0.15315    -0.24806   -11.46304
     21.945       -11.85705    -0.15310    -0.24803   -11.45593
     22.095       -11.84985    -0.15304    -0.24798   -11.44883
     22.245       -11.84274    -0.15298    -0.24795   -11.44182
     22.395       -11.83567    -0.15292    -0.24791   -11.43484
     22.545       -11.82863    -0.15286    -0.24787   -11.42789
     22.695       -11.82164    -0.15281    -0.24784   -11.42099
     22.845       -11.81469    -0.15275    -0.24780   -11.41413
     22.995       -11.80779    -0.15270    -0.24777   -11.40732
     23.145       -11.80093    -0.15264    -0.24774   -11.40055
     23.295       -11.79414    -0.15258    -0.24770   -11.39386
     23.445       -11.78738    -0.15253    -0.24766   -11.38718
     23.595       -11.78066    -0.15248    -0.24763   -11.38056
     23.745       -11.77400    -0.15242    -0.24760   -11.37397
     23.895       -11.76741    -0.15237    -0.24757   -11.36747
     24.045       -11.76082    -0.15232    -0.24754   -11.36096
     24.195       -11.75429    -0.15227    -0.24751   -11.35451
     24.345       -11.74780    -0.15222    -0.24748   -11.34811
     24.495       -11.74133    -0.15216    -0.24745   -11.34171
     24.645       -11.73490    -0.15211    -0.24742   -11.33538
     24.795       -11.72854    -0.15206    -0.24738   -11.32909
     24.945       -11.72221    -0.15201    -0.24735   -11.32285
     25.095       -11.71596    -0.15196    -0.24731   -11.31669
     25.245       -11.70973    -0.15190    -0.24728   -11.31054
     25.395       -11.70353    -0.15186    -0.24726   -11.30442
     25.545       -11.69736    -0.15181    -0.24722   -11.29833
     25.695       -11.69125    -0.15176    -0.24720   -11.29229
     25.845       -11.68515    -0.15171    -0.24717   -11.28627
     25.995       -11.67912    -0.15166    -0.24714   -11.28032
     26.145       -11.67309    -0.15162    -0.24711   -11.27436
     26.295       -11.66711    -0.15157    -0.24709   -11.26845
     26.445       -11.66116    -0.15152    -0.24706   -11.26258
     26.595       -11.65524    -0.15148    -0.24703   -11.25674
     26.745       -11.64936    -0.15143    -0.24700   -11.25093
     26.895       -11.64354    -0.15138    -0.24697   -11.24519
     27.045       -11.63775    -0.15134    -0.24695   -11.23947
     27.195       -11.63197    -0.15129    -0.24692   -11.23376
     27.345       -11.62623    -0.15125    -0.24690   -11.22808
     27.495       -11.62053    -0.15120    -0.24687   -11.22246
     27.645       -11.61489    -0.15116    -0.24684   -11.21689
     27.795       -11.60926    -0.15111    -0.24682   -11.21133
     27.945       -11.60365    -0.15106    -0.24679   -11.20579
     28.095       -11.59808    -0.15102    -0.24677   -11.20030
     28.245       -11.59257    -0.15098    -0.24675   -11.19484
     28.395       -11.58706    -0.15093    -0.24672   -11.18940
     28.545       -11.58158    -0.15089    -0.24670   -11.18400
     28.695       -11.57616    -0.15084    -0.24667   -11.17864
     28.845       -11.57073    -0.15080    -0.24664   -11.17329
     28.995       -11.56536    -0.15076    -0.24661   -11.16799
     29.145       -11.55998    -0.15071    -0.24659   -11.16268
     29.295       -11.55466    -0.15067    -0.24656   -11.15743
     29.445       -11.54938    -0.15063    -0.24654   -11.15221
     29.595       -11.54415    -0.15059    -0.24652   -11.14704
     29.745       -11.53891    -0.15055    -0.24650   -11.14186
     29.895       -11.53368    -0.15051    -0.24648   -11.13670
     30.045       -11.52850    -0.15046    -0.24646   -11.13158
     30.195       -11.52334    -0.15042    -0.24644   -11.12648
     30.345       -11.51820    -0.15038    -0.24641   -11.12141
     30.495       -11.51308    -0.15035    -0.24639   -11.11635
     30.645       -11.50801    -0.15031    -0.24637   -11.11134
     30.795       -11.50297    -0.15027    -0.24635   -11.10636
     30.945       -11.49793    -0.15023    -0.24632   -11.10138
     31.095       -11.49294    -0.15019    -0.24630   -11.09645
     31.245       -11.48796    -0.15015    -0.24628   -11.09153
     31.395       -11.48304    -0.15011    -0.24626   -11.08666
     31.545       -11.47812    -0.15008    -0.24624   -11.08181
     31.695       -11.47322    -0.15004    -0.24621   -11.07697
     31.845       -11.46836    -0.15000    -0.24619   -11.07217
     31.995       -11.46353    -0.14997    -0.24617   -11.06740
     32.145       -11.45869    -0.14993    -0.24614   -11.06262
     32.295       -11.45390    -0.14989    -0.24612   -11.05789
     32.445       -11.44913    -0.14985    -0.24610   -11.05318
     32.595       -11.44438    -0.14981    -0.24608   -11.04849
     32.745       -11.43965    -0.14977    -0.24606   -11.04381
     32.895       -11.43496    -0.14973    -0.24604   -11.03919
     33.045       -11.43029    -0.14970    -0.24602   -11.03457
     33.195       -11.42562    -0.14967    -0.24600   -11.02995
     33.345       -11.42099    -0.14963    -0.24598   -11.02537
     33.495       -11.41637    -0.14959    -0.24596   -11.02081
     33.645       -11.41179    -0.14956    -0.24594   -11.01629
     33.795       -11.40722    -0.14952    -0.24592   -11.01178
     33.945       -11.40267    -0.14949    -0.24590   -11.00729
     34.095       -11.39814    -0.14945    -0.24587   -11.00281
     34.245       -11.39364    -0.14942    -0.24585   -10.99837
     34.395       -11.38918    -0.14938    -0.24584   -10.99396
     34.545       -11.38471    -0.14935    -0.24582   -10.98955
     34.695       -11.38031    -0.14931    -0.24580   -10.98520
     34.845       -11.37590    -0.14928    -0.24579   -10.98083
     34.995       -11.37148    -0.14924    -0.24577   -10.97647
     35.145       -11.36709    -0.14921    -0.24576   -10.97212
     35.295       -11.36273    -0.14918    -0.24574   -10.96781
     35.445       -11.35838    -0.14914    -0.24572   -10.96351
     35.595       -11.35404    -0.14911    -0.24570   -10.95923
     35.745       -11.34973    -0.14908    -0.24569   -10.95496
     35.895       -11.34544    -0.14905    -0.24567   -10.95072
     36.045       -11.34115    -0.14902    -0.24566   -10.94648
     36.195       -11.33689    -0.14898    -0.24564   -10.94227
     36.345       -11.33266    -0.14895    -0.24562   -10.93809
     36.495       -11.32846    -0.14892    -0.24560   -10.93394
     36.645       -11.32424    -0.14888    -0.24558   -10.92977
     36.795       -11.32007    -0.14885    -0.24556   -10.92565
     36.945       -11.31592    -0.14882    -0.24555   -10.92155
     37.095       -11.31180    -0.14879    -0.24554   -10.91748
     37.245       -11.30769    -0.14876    -0.24552   -10.91341
     37.395       -11.30358    -0.14872    -0.24550   -10.90936
     37.545       -11.29950    -0.14870    -0.24548   -10.90532
     37.695       -11.29545    -0.14866    -0.24547   -10.90132
     37.845       -11.29141    -0.14863    -0.24545   -10.89732
     37.995       -11.28740    -0.14860    -0.24544   -10.89336
     38.145       -11.28338    -0.14857    -0.24541   -10.88940
     38.295       -11.27939    -0.14854    -0.24540   -10.88546
     38.445       -11.27543    -0.14851    -0.24538   -10.88155
     38.595       -11.27146    -0.14848    -0.24537   -10.87762
     38.745       -11.26753    -0.14845    -0.24535   -10.87373
     38.895       -11.26362    -0.14842    -0.24534   -10.86986
     39.045       -11.25971    -0.14839    -0.24532   -10.86599
     39.195       -11.25581    -0.14836    -0.24530   -10.86214
     39.345       -11.25192    -0.14833    -0.24529   -10.85831
     39.495       -11.24805    -0.14830    -0.24527   -10.85448
     39.645       -11.24418    -0.14827    -0.24526   -10.85065
     39.795       -11.24033    -0.14824    -0.24524   -10.84685
     39.945       -11.23650    -0.14821    -0.24523   -10.84307
     40.095       -11.23270    -0.14818    -0.24521   -10.83931
     40.245       -11.22892    -0.14815    -0.24519   -10.83558
     40.395       -11.22515    -0.14812    -0.24518   -10.83185
     40.545       -11.22139    -0.14809    -0.24516   -10.82814
     40.695       -11.21763    -0.14806    -0.24515   -10.82442
     40.845       -11.21390    -0.14803    -0.24513   -10.82073
     40.995       -11.21017    -0.14800    -0.24512   -10.81705
     41.145       -11.20645    -0.14798    -0.24510   -10.81338
     41.295       -11.20275    -0.14795    -0.24508   -10.80972
     41.445       -11.19908    -0.14792    -0.24507   -10.80610
     41.595       -11.19542    -0.14789    -0.24505   -10.80247
     41.745       -11.19177    -0.14787    -0.24504   -10.79887
     41.895       -11.18814    -0.14784    -0.24503   -10.79527
     42.045       -11.18452    -0.14781    -0.24501   -10.79170
     42.195       -11.18094    -0.14779    -0.24500   -10.78815
     42.345       -11.17737    -0.14776    -0.24498   -10.78463
     42.495       -11.17380    -0.14773    -0.24496   -10.78110
     42.645       -11.17025    -0.14770    -0.24495   -10.77760
     42.795       -11.16670    -0.14768    -0.24493   -10.77410
     42.945       -11.16314    -0.14765    -0.24491   -10.77058
     43.095       -11.15963    -0.14762    -0.24490   -10.76711
     43.245       -11.15611    -0.14760    -0.24488   -10.76363
     43.395       -11.15263    -0.14757    -0.24487   -10.76018
     43.545       -11.14915    -0.14754    -0.24485   -10.75675
     43.695       -11.14568    -0.14752    -0.24484   -10.75333
     43.845       -11.14223    -0.14749    -0.24482   -10.74992
     43.995       -11.13878    -0.14746    -0.24481   -10.74652
     44.145       -11.13536    -0.14744    -0.24479   -10.74313
     44.295       -11.13196    -0.14741    -0.24478   -10.73977
     44.445       -11.12853    -0.14738    -0.24476   -10.73638
     44.595       -11.12513    -0.14736    -0.24475   -10.73302
     44.745       -11.12175    -0.14733    -0.24474   -10.72968
     44.895       -11.11839    -0.14731    -0.24473   -10.72635
     45.045       -11.11505    -0.14728    -0.24471   -10.72305
     45.195       -11.11171    -0.14726    -0.24470   -10.71976
     45.345       -11.10838    -0.14723    -0.24468   -10.71647
     45.495       -11.10507    -0.14721    -0.24467   -10.71319
     45.645       -11.10179    -0.14718    -0.24466   -10.70995
     45.795       -11.09850    -0.14716    -0.24464   -10.70669
     45.945       -11.09522    -0.14714    -0.24463   -10.70346
     46.095       -11.09192    -0.14711    -0.24462   -10.70019
     46.245       -11.08868    -0.14708    -0.24461   -10.69698
     46.395       -11.08543    -0.14706    -0.24460   -10.69377
     46.545       -11.08219    -0.14703    -0.24458   -10.69058
     46.695       -11.07898    -0.14701    -0.24457   -10.68740
     46.845       -11.07573    -0.14699    -0.24455   -10.68419
     46.995       -11.07252    -0.14696    -0.24454   -10.68102
     47.145       -11.06934    -0.14693    -0.24453   -10.67787
     47.295       -11.06615    -0.14691    -0.24452   -10.67472
     47.445       -11.06297    -0.14689    -0.24450   -10.67158
     47.595       -11.05980    -0.14686    -0.24449   -10.66845
     47.745       -11.05664    -0.14684    -0.24448   -10.66532
     47.895       -11.05351    -0.14682    -0.24446   -10.66223
     48.045       -11.05036    -0.14679    -0.24445   -10.65912
     48.195       -11.04725    -0.14677    -0.24444   -10.65604
     48.345       -11.04416    -0.14675    -0.24442   -10.65299
     48.495       -11.04104    -0.14672    -0.24441   -10.64990
     48.645       -11.03795    -0.14670    -0.24440   -10.64685
     48.795       -11.03487    -0.14668    -0.24439   -10.64381
     48.945       -11.03181    -0.14666    -0.24438   -10.64078
     49.095       -11.02876    -0.14663    -0.24436   -10.63776
     49.245       -11.02572    -0.14661    -0.24435   -10.63476
     49.395       -11.02268    -0.14659    -0.24434   -10.63176
     49.545       -11.01967    -0.14656    -0.24432   -10.62878
     49.695       -11.01666    -0.14654    -0.24431   -10.62581
     49.845       -11.01364    -0.14651    -0.24430   -10.62283
     49.995       -11.01066    -0.14649    -0.24429   -10.61988
     50.145       -11.00765    -0.14646    -0.24428   -10.61690
     50.295       -11.00468    -0.14644    -0.24427   -10.61396
     50.445       -11.00170    -0.14642    -0.24425   -10.61103
     50.595       -10.99876    -0.14640    -0.24425   -10.60812
     50.745       -10.99582    -0.14637    -0.24424   -10.60521
     50.895       -10.99287    -0.14635    -0.24422   -10.60229
     51.045       -10.98994    -0.14633    -0.24421   -10.59940
     51.195       -10.98703    -0.14631    -0.24420   -10.59652
     51.345       -10.98412    -0.14629    -0.24419   -10.59364
     51.495       -10.98121    -0.14627    -0.24417   -10.59077
     51.645       -10.97833    -0.14625    -0.24416   -10.58792
     51.795       -10.97545    -0.14622    -0.24415   -10.58508
     51.945       -10.97258    -0.14620    -0.24414   -10.58224
     52.095       -10.96973    -0.14618    -0.24413   -10.57942
     52.245       -10.96687    -0.14616    -0.24412   -10.57659
     52.395       -10.96401    -0.14614    -0.24411   -10.57376
     52.545       -10.96117    -0.14612    -0.24410   -10.57096
     52.695       -10.95835    -0.14610    -0.24409   -10.56817
     52.845       -10.95552    -0.14608    -0.24408   -10.56537
     52.995       -10.95270    -0.14605    -0.24407   -10.56258
     53.145       -10.94990    -0.14603    -0.24406   -10.55981
     53.295       -10.94712    -0.14601    -0.24405   -10.55706
     53.445       -10.94435    -0.14599    -0.24404   -10.55432
     53.595       -10.94157    -0.14597    -0.24403   -10.55158
     53.745       -10.93879    -0.14595    -0.24402   -10.54883
     53.895       -10.93603    -0.14592    -0.24401   -10.54610
     54.045       -10.93329    -0.14590    -0.24399   -10.54340
     54.195       -10.93056    -0.14588    -0.24398   -10.54069
     54.345       -10.92782    -0.14586    -0.24397   -10.53799
     54.495       -10.92511    -0.14584    -0.24396   -10.53530
     54.645       -10.92239    -0.14583    -0.24395   -10.53261
     54.795       -10.91968    -0.14580    -0.24394   -10.52993
     54.945       -10.91699    -0.14578    -0.24393   -10.52727
     55.095       -10.91430    -0.14576    -0.24392   -10.52462
     59.433       -10.70296    -0.14417    -0.24306   -10.31573
     80.646       -10.39512    -0.14185    -0.24183   -10.01144
     111.21       -10.09686    -0.13960    -0.24067    -9.71659
     153.36        -9.80803    -0.13741    -0.23951    -9.43111
     211.49        -9.52933    -0.13531    -0.23839    -9.15563
     291.64        -9.26037    -0.13327    -0.23728    -8.88982
     402.18        -9.00119    -0.13131    -0.23620    -8.63368
     554.60        -8.75166    -0.12939    -0.23512    -8.38716
     764.80        -8.51166    -0.12756    -0.23408    -8.15002
     1054.7        -8.28076    -0.12581    -0.23307    -7.92188
     1454.4        -8.05870    -0.12410    -0.23210    -7.70250
     2005.6        -7.84522    -0.12244    -0.23113    -7.49165
     2765.8        -7.63972    -0.12084    -0.23018    -7.28870
     3814.0        -7.44176    -0.11931    -0.22925    -7.09320
     5259.5        -7.25129    -0.11783    -0.22834    -6.90512
     7252.9        -7.06807    -0.11640    -0.22745    -6.72422
     10002.        -6.89159    -0.11502    -0.22658    -6.54999
     13793.        -6.72197    -0.11369    -0.22575    -6.38253
     19020.        -6.55901    -0.11242    -0.22494    -6.22165
     26229.        -6.40266    -0.11119    -0.22416    -6.06731
     36170.        -6.25296    -0.11001    -0.22342    -5.91954
     49878.        -6.10986    -0.10889    -0.22269    -5.77828
     68782.        -5.97352    -0.10782    -0.22199    -5.64370
     94851.        -5.84338    -0.10680    -0.22133    -5.51525
    0.13080E+06    -5.71927    -0.10582    -0.22069    -5.39276
    0.18038E+06    -5.60101    -0.10491    -0.22008    -5.27602
    0.24874E+06    -5.48846    -0.10402    -0.21949    -5.16495
    0.34301E+06    -5.38141    -0.10319    -0.21894    -5.05929
    0.47302E+06    -5.27949    -0.10239    -0.21841    -4.95869
    0.65229E+06    -5.18256    -0.10162    -0.21789    -4.86304
    0.89952E+06    -5.09054    -0.10090    -0.21741    -4.77223
    0.12404E+07    -5.00287    -0.10021    -0.21696    -4.68571
    0.17106E+07    -4.91959    -0.09955    -0.21652    -4.60352
    0.23589E+07    -4.84033    -0.09893    -0.21610    -4.52531
    0.32529E+07    -4.76503    -0.09834    -0.21570    -4.45099
    0.44858E+07    -4.69344    -0.09776    -0.21531    -4.38036
    0.61860E+07    -4.62541    -0.09724    -0.21495    -4.31322
    0.85305E+07    -4.56072    -0.09674    -0.21461    -4.24938
    0.11764E+08    -4.49926    -0.09625    -0.21428    -4.18873
    0.16222E+08    -4.44070    -0.09579    -0.21396    -4.13095
    0.22370E+08    -4.38504    -0.09535    -0.21366    -4.07603
    0.30849E+08    -4.33234    -0.09494    -0.21337    -4.02403
    0.42541E+08    -4.28258    -0.09455    -0.21311    -3.97493
    0.58664E+08    -4.23597    -0.09418    -0.21286    -3.92893
    0.80898E+08    -4.19224    -0.09384    -0.21263    -3.88578
    0.11156E+09    -4.15140    -0.09351    -0.21241    -3.84547
    0.15384E+09    -4.11311    -0.09322    -0.21221    -3.80769
    0.21215E+09    -4.07717    -0.09293    -0.21202    -3.77222
    0.29255E+09    -4.04340    -0.09267    -0.21183    -3.73890
    0.40343E+09    -4.01172    -0.09243    -0.21166    -3.70764
    0.55633E+09    -3.98197    -0.09220    -0.21150    -3.67828
    0.76719E+09    -3.95417    -0.09198    -0.21135    -3.65085
    0.10580E+10    -3.92908    -0.09178    -0.21121    -3.62609
    0.14589E+10    -3.90609    -0.09160    -0.21108    -3.60341
    0.20119E+10    -3.88496    -0.09143    -0.21097    -3.58256
    0.27744E+10    -3.86548    -0.09128    -0.21086    -3.56334
    0.38259E+10    -3.84748    -0.09114    -0.21076    -3.54558
    0.52760E+10    -3.83087    -0.09101    -0.21067    -3.52920
    0.72756E+10    -3.81554    -0.09089    -0.21059    -3.51407
    0.10033E+11    -3.80139    -0.09078    -0.21051    -3.50010
    0.13836E+11    -3.78834    -0.09068    -0.21044    -3.48722
    0.19079E+11    -3.77629    -0.09058    -0.21037    -3.47534
    0.26311E+11    -3.76516    -0.09050    -0.21031    -3.46435
    0.36283E+11    -3.75488    -0.09041    -0.21025    -3.45422
    0.50034E+11    -3.74541    -0.09034    -0.21019    -3.44488
    0.68997E+11    -3.73664    -0.09027    -0.21015    -3.43622
    0.10000E+12    -3.63145    -0.08945    -0.20952    -3.33247
