    -99.945         0.00000     0.00000     0.00000     0.00000
    -99.795         0.00000     0.00000     0.00000     0.00000
    -99.645         0.00000     0.00000     0.00000     0.00000
    -99.495         0.00000     0.00000     0.00000     0.00000
    -99.345         0.00000     0.00000     0.00000     0.00000
    -99.195         0.00000     0.00000     0.00000     0.00000
    -99.045         0.00000     0.00000     0.00000     0.00000
    -98.895         0.00000     0.00000     0.00000     0.00000
    -98.745         0.00000     0.00000     0.00000     0.00000
    -98.595         0.00000     0.00000     0.00000     0.00000
    -98.445         0.00000     0.00000     0.00000     0.00000
    -98.295         0.00000     0.00000     0.00000     0.00000
    -98.145         0.00000     0.00000     0.00000     0.00000
    -97.995         0.00000     0.00000     0.00000     0.00000
    -97.845         0.00000     0.00000     0.00000     0.00000
    -97.695         0.00000     0.00000     0.00000     0.00000
    -97.545         0.00000     0.00000     0.00000     0.00000
    -97.395         0.00000     0.00000     0.00000     0.00000
    -97.245         0.00000     0.00000     0.00000     0.00000
    -97.095         0.00000     0.00000     0.00000     0.00000
    -96.945         0.00000     0.00000     0.00000     0.00000
    -96.795         0.00000     0.00000     0.00000     0.00000
    -96.645         0.00000     0.00000     0.00000     0.00000
    -96.495         0.00000     0.00000     0.00000     0.00000
    -96.345         0.00000     0.00000     0.00000     0.00000
    -96.195         0.00000     0.00000     0.00000     0.00000
    -96.045         0.00000     0.00000     0.00000     0.00000
    -95.895         0.00000     0.00000     0.00000     0.00000
    -95.745         0.00000     0.00000     0.00000     0.00000
    -95.595         0.00000     0.00000     0.00000     0.00000
    -95.445         0.00000     0.00000     0.00000     0.00000
    -95.295         0.00000     0.00000     0.00000     0.00000
    -95.145         0.00000     0.00000     0.00000     0.00000
    -94.995         0.00000     0.00000     0.00000     0.00000
    -94.845         0.00000     0.00000     0.00000     0.00000
    -94.695         0.00000     0.00000     0.00000     0.00000
    -94.545         0.00000     0.00000     0.00000     0.00000
    -94.395         0.00000     0.00000     0.00000     0.00000
    -94.245         0.00000     0.00000     0.00000     0.00000
    -94.095         0.00000     0.00000     0.00000     0.00000
    -93.945         0.00000     0.00000     0.00000     0.00000
    -93.795         0.00000     0.00000     0.00000     0.00000
    -93.645         0.00000     0.00000     0.00000     0.00000
    -93.495         0.00000     0.00000     0.00000     0.00000
    -93.345         0.00000     0.00000     0.00000     0.00000
    -93.195         0.00000     0.00000     0.00000     0.00000
    -93.045         0.00000     0.00000     0.00000     0.00000
    -92.895         0.00000     0.00000     0.00000     0.00000
    -92.745         0.00000     0.00000     0.00000     0.00000
    -92.595         0.00000     0.00000     0.00000     0.00000
    -92.445         0.00000     0.00000     0.00000     0.00000
    -92.295         0.00000     0.00000     0.00000     0.00000
    -92.145         0.00000     0.00000     0.00000     0.00000
    -91.995         0.00000     0.00000     0.00000     0.00000
    -91.845         0.00000     0.00000     0.00000     0.00000
    -91.695         0.00000     0.00000     0.00000     0.00000
    -91.545         0.00000     0.00000     0.00000     0.00000
    -91.395         0.00000     0.00000     0.00000     0.00000
    -91.245         0.00000     0.00000     0.00000     0.00000
    -91.095         0.00000     0.00000     0.00000     0.00000
    -90.945         0.00000     0.00000     0.00000     0.00000
    -90.795         0.00000     0.00000     0.00000     0.00000
    -90.645         0.00000     0.00000     0.00000     0.00000
    -90.495         0.00000     0.00000     0.00000     0.00000
    -90.345         0.00000     0.00000     0.00000     0.00000
    -90.195         0.00000     0.00000     0.00000     0.00000
    -90.045         0.00000     0.00000     0.00000     0.00000
    -89.895         0.00000     0.00000     0.00000     0.00000
    -89.745         0.00000     0.00000     0.00000     0.00000
    -89.595         0.00000     0.00000     0.00000     0.00000
    -89.445         0.00000     0.00000     0.00000     0.00000
    -89.295         0.00000     0.00000     0.00000     0.00000
    -89.145         0.00000     0.00000     0.00000     0.00000
    -88.995         0.00000     0.00000     0.00000     0.00000
    -88.845         0.00000     0.00000     0.00000     0.00000
    -88.695         0.00000     0.00000     0.00000     0.00000
    -88.545         0.00000     0.00000     0.00000     0.00000
    -88.395         0.00000     0.00000     0.00000     0.00000
    -88.245         0.00000     0.00000     0.00000     0.00000
    -88.095         0.00000     0.00000     0.00000     0.00000
    -87.945         0.00000     0.00000     0.00000     0.00000
    -87.795         0.00000     0.00000     0.00000     0.00000
    -87.645         0.00000     0.00000     0.00000     0.00000
    -87.495         0.00000     0.00000     0.00000     0.00000
    -87.345         0.00000     0.00000     0.00000     0.00000
    -87.195         0.00000     0.00000     0.00000     0.00000
    -87.045         0.00000     0.00000     0.00000     0.00000
    -86.895         0.00000     0.00000     0.00000     0.00000
    -86.745         0.00000     0.00000     0.00000     0.00000
    -86.595         0.00000     0.00000     0.00000     0.00000
    -86.445         0.00000     0.00000     0.00000     0.00000
    -86.295         0.00000     0.00000     0.00000     0.00000
    -86.145         0.00000     0.00000     0.00000     0.00000
    -85.995         0.00000     0.00000     0.00000     0.00000
    -85.845         0.00000     0.00000     0.00000     0.00000
    -85.695         0.00000     0.00000     0.00000     0.00000
    -85.545         0.00000     0.00000     0.00000     0.00000
    -85.395         0.00000     0.00000     0.00000     0.00000
    -85.245         0.00000     0.00000     0.00000     0.00000
    -85.095         0.00000     0.00000     0.00000     0.00000
    -84.945         0.00000     0.00000     0.00000     0.00000
    -84.795         0.00000     0.00000     0.00000     0.00000
    -84.645         0.00000     0.00000     0.00000     0.00000
    -84.495         0.00000     0.00000     0.00000     0.00000
    -84.345         0.00000     0.00000     0.00000     0.00000
    -84.195         0.00000     0.00000     0.00000     0.00000
    -84.045         0.00000     0.00000     0.00000     0.00000
    -83.895         0.00000     0.00000     0.00000     0.00000
    -83.745         0.00000     0.00000     0.00000     0.00000
    -83.595         0.00000     0.00000     0.00000     0.00000
    -83.445         0.00000     0.00000     0.00000     0.00000
    -83.295         0.00000     0.00000     0.00000     0.00000
    -83.145         0.00000     0.00000     0.00000     0.00000
    -82.995         0.00000     0.00000     0.00000     0.00000
    -82.845         0.00000     0.00000     0.00000     0.00000
    -82.695         0.00000     0.00000     0.00000     0.00000
    -82.545         0.00000     0.00000     0.00000     0.00000
    -82.395         0.00000     0.00000     0.00000     0.00000
    -82.245         0.00000     0.00000     0.00000     0.00000
    -82.095         0.00000     0.00000     0.00000     0.00000
    -81.945         0.00000     0.00000     0.00000     0.00000
    -81.795         0.00000     0.00000     0.00000     0.00000
    -81.645         0.00000     0.00000     0.00000     0.00000
    -81.495         0.00000     0.00000     0.00000     0.00000
    -81.345         0.00000     0.00000     0.00000     0.00000
    -81.195         0.00000     0.00000     0.00000     0.00000
    -81.045         0.00000     0.00000     0.00000     0.00000
    -80.895         0.00000     0.00000     0.00000     0.00000
    -80.745         0.00000     0.00000     0.00000     0.00000
    -80.595         0.00000     0.00000     0.00000     0.00000
    -80.445         0.00000     0.00000     0.00000     0.00000
    -80.295         0.00000     0.00000     0.00000     0.00000
    -80.145         0.00000     0.00000     0.00000     0.00000
    -79.995         0.00000     0.00000     0.00000     0.00000
    -79.845         0.00000     0.00000     0.00000     0.00000
    -79.695         0.00000     0.00000     0.00000     0.00000
    -79.545         0.00000     0.00000     0.00000     0.00000
    -79.395         0.00000     0.00000     0.00000     0.00000
    -79.245         0.00000     0.00000     0.00000     0.00000
    -79.095         0.00000     0.00000     0.00000     0.00000
    -78.945         0.00000     0.00000     0.00000     0.00000
    -78.795         0.00000     0.00000     0.00000     0.00000
    -78.645         0.00000     0.00000     0.00000     0.00000
    -78.495         0.00000     0.00000     0.00000     0.00000
    -78.345         0.00000     0.00000     0.00000     0.00000
    -78.195         0.00000     0.00000     0.00000     0.00000
    -78.045         0.00000     0.00000     0.00000     0.00000
    -77.895         0.00000     0.00000     0.00000     0.00000
    -77.745         0.00000     0.00000     0.00000     0.00000
    -77.595         0.00000     0.00000     0.00000     0.00000
    -77.445         0.00000     0.00000     0.00000     0.00000
    -77.295         0.00000     0.00000     0.00000     0.00000
    -77.145         0.00000     0.00000     0.00000     0.00000
    -76.995         0.00000     0.00000     0.00000     0.00000
    -76.845         0.00000     0.00000     0.00000     0.00000
    -76.695         0.00000     0.00000     0.00000     0.00000
    -76.545         0.00000     0.00000     0.00000     0.00000
    -76.395         0.00000     0.00000     0.00000     0.00000
    -76.245         0.00000     0.00000     0.00000     0.00000
    -76.095         0.00000     0.00000     0.00000     0.00000
    -75.945         0.00000     0.00000     0.00000     0.00000
    -75.795         0.00000     0.00000     0.00000     0.00000
    -75.645         0.00000     0.00000     0.00000     0.00000
    -75.495         0.00000     0.00000     0.00000     0.00000
    -75.345         0.00000     0.00000     0.00000     0.00000
    -75.195         0.00000     0.00000     0.00000     0.00000
    -75.045         0.00000     0.00000     0.00000     0.00000
    -74.895         0.00000     0.00000     0.00000     0.00000
    -74.745         0.00000     0.00000     0.00000     0.00000
    -74.595         0.00000     0.00000     0.00000     0.00000
    -74.445         0.00000     0.00000     0.00000     0.00000
    -74.295         0.00000     0.00000     0.00000     0.00000
    -74.145         0.00000     0.00000     0.00000     0.00000
    -73.995         0.00000     0.00000     0.00000     0.00000
    -73.845         0.00000     0.00000     0.00000     0.00000
    -73.695         0.00000     0.00000     0.00000     0.00000
    -73.545         0.00000     0.00000     0.00000     0.00000
    -73.395         0.00000     0.00000     0.00000     0.00000
    -73.245         0.00000     0.00000     0.00000     0.00000
    -73.095         0.00000     0.00000     0.00000     0.00000
    -72.945         0.00000     0.00000     0.00000     0.00000
    -72.795         0.00000     0.00000     0.00000     0.00000
    -72.645         0.00000     0.00000     0.00000     0.00000
    -72.495         0.00000     0.00000     0.00000     0.00000
    -72.345         0.00000     0.00000     0.00000     0.00000
    -72.195         0.00000     0.00000     0.00000     0.00000
    -72.045         0.00000     0.00000     0.00000     0.00000
    -71.895         0.00000     0.00000     0.00000     0.00000
    -71.745         0.00000     0.00000     0.00000     0.00000
    -71.595         0.00000     0.00000     0.00000     0.00000
    -71.445         0.00000     0.00000     0.00000     0.00000
    -71.295         0.00000     0.00000     0.00000     0.00000
    -71.145         0.00000     0.00000     0.00000     0.00000
    -70.995         0.00000     0.00000     0.00000     0.00000
    -70.845         0.00000     0.00000     0.00000     0.00000
    -70.695         0.00000     0.00000     0.00000     0.00000
    -70.545         0.00000     0.00000     0.00000     0.00000
    -70.395         0.00000     0.00000     0.00000     0.00000
    -70.245         0.00000     0.00000     0.00000     0.00000
    -70.095         0.00000     0.00000     0.00000     0.00000
    -69.945         0.00000     0.00000     0.00000     0.00000
    -69.795         0.00000     0.00000     0.00000     0.00000
    -69.645         0.00000     0.00000     0.00000     0.00000
    -69.495         0.00000     0.00000     0.00000     0.00000
    -69.345         0.00000     0.00000     0.00000     0.00000
    -69.195         0.00000     0.00000     0.00000     0.00000
    -69.045         0.00000     0.00000     0.00000     0.00000
    -68.895         0.00000     0.00000     0.00000     0.00000
    -68.745         0.00000     0.00000     0.00000     0.00000
    -68.595         0.00000     0.00000     0.00000     0.00000
    -68.445         0.00000     0.00000     0.00000     0.00000
    -68.295         0.00000     0.00000     0.00000     0.00000
    -68.145         0.00000     0.00000     0.00000     0.00000
    -67.995         0.00000     0.00000     0.00000     0.00000
    -67.845         0.00000     0.00000     0.00000     0.00000
    -67.695         0.00000     0.00000     0.00000     0.00000
    -67.545         0.00000     0.00000     0.00000     0.00000
    -67.395         0.00000     0.00000     0.00000     0.00000
    -67.245         0.00000     0.00000     0.00000     0.00000
    -67.095         0.00000     0.00000     0.00000     0.00000
    -66.945         0.00000     0.00000     0.00000     0.00000
    -66.795         0.00000     0.00000     0.00000     0.00000
    -66.645         0.00000     0.00000     0.00000     0.00000
    -66.495         0.00000     0.00000     0.00000     0.00000
    -66.345         0.00000     0.00000     0.00000     0.00000
    -66.195         0.00000     0.00000     0.00000     0.00000
    -66.045         0.00000     0.00000     0.00000     0.00000
    -65.895         0.00000     0.00000     0.00000     0.00000
    -65.745         0.00000     0.00000     0.00000     0.00000
    -65.595         0.00000     0.00000     0.00000     0.00000
    -65.445         0.00000     0.00000     0.00000     0.00000
    -65.295         0.00000     0.00000     0.00000     0.00000
    -65.145         0.00000     0.00000     0.00000     0.00000
    -64.995         0.00000     0.00000     0.00000     0.00000
    -64.845         0.00000     0.00000     0.00000     0.00000
    -64.695         0.00000     0.00000     0.00000     0.00000
    -64.545         0.00000     0.00000     0.00000     0.00000
    -64.395         0.00000     0.00000     0.00000     0.00000
    -64.245         0.00000     0.00000     0.00000     0.00000
    -64.095         0.00000     0.00000     0.00000     0.00000
    -63.945         0.00000     0.00000     0.00000     0.00000
    -63.795         0.00000     0.00000     0.00000     0.00000
    -63.645         0.00000     0.00000     0.00000     0.00000
    -63.495         0.00000     0.00000     0.00000     0.00000
    -63.345         0.00000     0.00000     0.00000     0.00000
    -63.195         0.00000     0.00000     0.00000     0.00000
    -63.045         0.00000     0.00000     0.00000     0.00000
    -62.895         0.00000     0.00000     0.00000     0.00000
    -62.745         0.00000     0.00000     0.00000     0.00000
    -62.595         0.00000     0.00000     0.00000     0.00000
    -62.445         0.00000     0.00000     0.00000     0.00000
    -62.295         0.00000     0.00000     0.00000     0.00000
    -62.145         0.00000     0.00000     0.00000     0.00000
    -61.995         0.00000     0.00000     0.00000     0.00000
    -61.845         0.00000     0.00000     0.00000     0.00000
    -61.695         0.00000     0.00000     0.00000     0.00000
    -61.545         0.00000     0.00000     0.00000     0.00000
    -61.395         0.00000     0.00000     0.00000     0.00000
    -61.245         0.00000     0.00000     0.00000     0.00000
    -61.095         0.00000     0.00000     0.00000     0.00000
    -60.945         0.00000     0.00000     0.00000     0.00000
    -60.795         0.00000     0.00000     0.00000     0.00000
    -60.645         0.00000     0.00000     0.00000     0.00000
    -60.495         0.00000     0.00000     0.00000     0.00000
    -60.345         0.00000     0.00000     0.00000     0.00000
    -60.195         0.00000     0.00000     0.00000     0.00000
    -60.045         0.00000     0.00000     0.00000     0.00000
    -59.895         0.00000     0.00000     0.00000     0.00000
    -59.745         0.00000     0.00000     0.00000     0.00000
    -59.595         0.00000     0.00000     0.00000     0.00000
    -59.445         0.00000     0.00000     0.00000     0.00000
    -59.295         0.00000     0.00000     0.00000     0.00000
    -59.145         0.00000     0.00000     0.00000     0.00000
    -58.995         0.00000     0.00000     0.00000     0.00000
    -58.845         0.00000     0.00000     0.00000     0.00000
    -58.695         0.00000     0.00000     0.00000     0.00000
    -58.545         0.00000     0.00000     0.00000     0.00000
    -58.395         0.00000     0.00000     0.00000     0.00000
    -58.245         0.00000     0.00000     0.00000     0.00000
    -58.095         0.00000     0.00000     0.00000     0.00000
    -57.945         0.00000     0.00000     0.00000     0.00000
    -57.795         0.00000     0.00000     0.00000     0.00000
    -57.645         0.00000     0.00000     0.00000     0.00000
    -57.495         0.00000     0.00000     0.00000     0.00000
    -57.345         0.00000     0.00000     0.00000     0.00000
    -57.195         0.00000     0.00000     0.00000     0.00000
    -57.045         0.00000     0.00000     0.00000     0.00000
    -56.895         0.00000     0.00000     0.00000     0.00000
    -56.745         0.00000     0.00000     0.00000     0.00000
    -56.595         0.00000     0.00000     0.00000     0.00000
    -56.445         0.00000     0.00000     0.00000     0.00000
    -56.295         0.00000     0.00000     0.00000     0.00000
    -56.145         0.00000     0.00000     0.00000     0.00000
    -55.995         0.00000     0.00000     0.00000     0.00000
    -55.845         0.00000     0.00000     0.00000     0.00000
    -55.695         0.00000     0.00000     0.00000     0.00000
    -55.545         0.00000     0.00000     0.00000     0.00000
    -55.395         0.00000     0.00000     0.00000     0.00000
    -55.245         0.00000     0.00000     0.00000     0.00000
    -55.095         0.00000     0.00000     0.00000     0.00000
    -54.945         0.00000     0.00000     0.00000     0.00000
    -54.795         0.00000     0.00000     0.00000     0.00000
    -54.645         0.00000     0.00000     0.00000     0.00000
    -54.495         0.00000     0.00000     0.00000     0.00000
    -54.345         0.00000     0.00000     0.00000     0.00000
    -54.195         0.00000     0.00000     0.00000     0.00000
    -54.045         0.00000     0.00000     0.00000     0.00000
    -53.895         0.00000     0.00000     0.00000     0.00000
    -53.745         0.00000     0.00000     0.00000     0.00000
    -53.595         0.00000     0.00000     0.00000     0.00000
    -53.445         0.00000     0.00000     0.00000     0.00000
    -53.295         0.00000     0.00000     0.00000     0.00000
    -53.145         0.00000     0.00000     0.00000     0.00000
    -52.995         0.00000     0.00000     0.00000     0.00000
    -52.845         0.00000     0.00000     0.00000     0.00000
    -52.695         0.00000     0.00000     0.00000     0.00000
    -52.545         0.00000     0.00000     0.00000     0.00000
    -52.395         0.00000     0.00000     0.00000     0.00000
    -52.245         0.00000     0.00000     0.00000     0.00000
    -52.095         0.00000     0.00000     0.00000     0.00000
    -51.945         0.00000     0.00000     0.00000     0.00000
    -51.795         0.00000     0.00000     0.00000     0.00000
    -51.645         0.00000     0.00000     0.00000     0.00000
    -51.495         0.00000     0.00000     0.00000     0.00000
    -51.345         0.00000     0.00000     0.00000     0.00000
    -51.195         0.00000     0.00000     0.00000     0.00000
    -51.045         0.00000     0.00000     0.00000     0.00000
    -50.895         0.00000     0.00000     0.00000     0.00000
    -50.745         0.00000     0.00000     0.00000     0.00000
    -50.595         0.00000     0.00000     0.00000     0.00000
    -50.445         0.00000     0.00000     0.00000     0.00000
    -50.295         0.00000     0.00000     0.00000     0.00000
    -50.145         0.00000     0.00000     0.00000     0.00000
    -49.995         0.00000     0.00000     0.00000     0.00000
    -49.845         0.00000     0.00000     0.00000     0.00000
    -49.695         0.00000     0.00000     0.00000     0.00000
    -49.545         0.00000     0.00000     0.00000     0.00000
    -49.395         0.00000     0.00000     0.00000     0.00000
    -49.245         0.00000     0.00000     0.00000     0.00000
    -49.095         0.00000     0.00000     0.00000     0.00000
    -48.945         0.00000     0.00000     0.00000     0.00000
    -48.795         0.00000     0.00000     0.00000     0.00000
    -48.645         0.00000     0.00000     0.00000     0.00000
    -48.495         0.00000     0.00000     0.00000     0.00000
    -48.345         0.00000     0.00000     0.00000     0.00000
    -48.195         0.00000     0.00000     0.00000     0.00000
    -48.045         0.00000     0.00000     0.00000     0.00000
    -47.895         0.00000     0.00000     0.00000     0.00000
    -47.745         0.00000     0.00000     0.00000     0.00000
    -47.595         0.00000     0.00000     0.00000     0.00000
    -47.445         0.00000     0.00000     0.00000     0.00000
    -47.295         0.00000     0.00000     0.00000     0.00000
    -47.145         0.00000     0.00000     0.00000     0.00000
    -46.995         0.00000     0.00000     0.00000     0.00000
    -46.845         0.00000     0.00000     0.00000     0.00000
    -46.695         0.00000     0.00000     0.00000     0.00000
    -46.545         0.00000     0.00000     0.00000     0.00000
    -46.395         0.00000     0.00000     0.00000     0.00000
    -46.245         0.00000     0.00000     0.00000     0.00000
    -46.095         0.00000     0.00000     0.00000     0.00000
    -45.945         0.00000     0.00000     0.00000     0.00000
    -45.795         0.00000     0.00000     0.00000     0.00000
    -45.645         0.00000     0.00000     0.00000     0.00000
    -45.495         0.00000     0.00000     0.00000     0.00000
    -45.345         0.00000     0.00000     0.00000     0.00000
    -45.195         0.00000     0.00000     0.00000     0.00000
    -45.045         0.00000     0.00000     0.00000     0.00000
    -44.895         0.00000     0.00000     0.00000     0.00000
    -44.745         0.00000     0.00000     0.00000     0.00000
    -44.595         0.00000     0.00000     0.00000     0.00000
    -44.445         0.00000     0.00000     0.00000     0.00000
    -44.295         0.00000     0.00000     0.00000     0.00000
    -44.145         0.00000     0.00000     0.00000     0.00000
    -43.995         0.00000     0.00000     0.00000     0.00000
    -43.845         0.00000     0.00000     0.00000     0.00000
    -43.695         0.00000     0.00000     0.00000     0.00000
    -43.545         0.00000     0.00000     0.00000     0.00000
    -43.395         0.00000     0.00000     0.00000     0.00000
    -43.245         0.00000     0.00000     0.00000     0.00000
    -43.095         0.00000     0.00000     0.00000     0.00000
    -42.945         0.00000     0.00000     0.00000     0.00000
    -42.795         0.00000     0.00000     0.00000     0.00000
    -42.645         0.00000     0.00000     0.00000     0.00000
    -42.495         0.00000     0.00000     0.00000     0.00000
    -42.345         0.00000     0.00000     0.00000     0.00000
    -42.195         0.00000     0.00000     0.00000     0.00000
    -42.045         0.00000     0.00000     0.00000     0.00000
    -41.895         0.00000     0.00000     0.00000     0.00000
    -41.745         0.00000     0.00000     0.00000     0.00000
    -41.595         0.00000     0.00000     0.00000     0.00000
    -41.445         0.00000     0.00000     0.00000     0.00000
    -41.295         0.00000     0.00000     0.00000     0.00000
    -41.145         0.00000     0.00000     0.00000     0.00000
    -40.995         0.00000     0.00000     0.00000     0.00000
    -40.845         0.00000     0.00000     0.00000     0.00000
    -40.695         0.00000     0.00000     0.00000     0.00000
    -40.545         0.00000     0.00000     0.00000     0.00000
    -40.395         0.00000     0.00000     0.00000     0.00000
    -40.245         0.00000     0.00000     0.00000     0.00000
    -40.095         0.00000     0.00000     0.00000     0.00000
    -39.945         0.00000     0.00000     0.00000     0.00000
    -39.795         0.00000     0.00000     0.00000     0.00000
    -39.645         0.00000     0.00000     0.00000     0.00000
    -39.495         0.00000     0.00000     0.00000     0.00000
    -39.345         0.00000     0.00000     0.00000     0.00000
    -39.195         0.00000     0.00000     0.00000     0.00000
    -39.045         0.00000     0.00000     0.00000     0.00000
    -38.895         0.00000     0.00000     0.00000     0.00000
    -38.745         0.00000     0.00000     0.00000     0.00000
    -38.595         0.00000     0.00000     0.00000     0.00000
    -38.445         0.00000     0.00000     0.00000     0.00000
    -38.295         0.00000     0.00000     0.00000     0.00000
    -38.145         0.00000     0.00000     0.00000     0.00000
    -37.995         0.00000     0.00000     0.00000     0.00000
    -37.845         0.00000     0.00000     0.00000     0.00000
    -37.695         0.00000     0.00000     0.00000     0.00000
    -37.545         0.00000     0.00000     0.00000     0.00000
    -37.395         0.00000     0.00000     0.00000     0.00000
    -37.245         0.00000     0.00000     0.00000     0.00000
    -37.095         0.00000     0.00000     0.00000     0.00000
    -36.945         0.00000     0.00000     0.00000     0.00000
    -36.795         0.00000     0.00000     0.00000     0.00000
    -36.645         0.00000     0.00000     0.00000     0.00000
    -36.495         0.00000     0.00000     0.00000     0.00000
    -36.345         0.00000     0.00000     0.00000     0.00000
    -36.195         0.00000     0.00000     0.00000     0.00000
    -36.045         0.00000     0.00000     0.00000     0.00000
    -35.895         0.00000     0.00000     0.00000     0.00000
    -35.745         0.00000     0.00000     0.00000     0.00000
    -35.595         0.00000     0.00000     0.00000     0.00000
    -35.445         0.00000     0.00000     0.00000     0.00000
    -35.295         0.00000     0.00000     0.00000     0.00000
    -35.145         0.00000     0.00000     0.00000     0.00000
    -34.995         0.00000     0.00000     0.00000     0.00000
    -34.845         0.00000     0.00000     0.00000     0.00000
    -34.695         0.00000     0.00000     0.00000     0.00000
    -34.545         0.00000     0.00000     0.00000     0.00000
    -34.395         0.00000     0.00000     0.00000     0.00000
    -34.245         0.00000     0.00000     0.00000     0.00000
    -34.095         0.00000     0.00000     0.00000     0.00000
    -33.945         0.00000     0.00000     0.00000     0.00000
    -33.795         0.00000     0.00000     0.00000     0.00000
    -33.645         0.00000     0.00000     0.00000     0.00000
    -33.495         0.00000     0.00000     0.00000     0.00000
    -33.345         0.00000     0.00000     0.00000     0.00000
    -33.195         0.00000     0.00000     0.00000     0.00000
    -33.045         0.00000     0.00000     0.00000     0.00000
    -32.895         0.00000     0.00000     0.00000     0.00000
    -32.745         0.00000     0.00000     0.00000     0.00000
    -32.595         0.00000     0.00000     0.00000     0.00000
    -32.445         0.00000     0.00000     0.00000     0.00000
    -32.295         0.00000     0.00000     0.00000     0.00000
    -32.145         0.00000     0.00000     0.00000     0.00000
    -31.995         0.00000     0.00000     0.00000     0.00000
    -31.845         0.00000     0.00000     0.00000     0.00000
    -31.695         0.00000     0.00000     0.00000     0.00000
    -31.545         0.00000     0.00000     0.00000     0.00000
    -31.395         0.00000     0.00000     0.00000     0.00000
    -31.245         0.00000     0.00000     0.00000     0.00000
    -31.095         0.00000     0.00000     0.00000     0.00000
    -30.945         0.00000     0.00000     0.00000     0.00000
    -30.795         0.00000     0.00000     0.00000     0.00000
    -30.645         0.00000     0.00000     0.00000     0.00000
    -30.495         0.00000     0.00000     0.00000     0.00000
    -30.345         0.00000     0.00000     0.00000     0.00000
    -30.195         0.00000     0.00000     0.00000     0.00000
    -30.045         0.00000     0.00000     0.00000     0.00000
    -29.895         0.00000     0.00000     0.00000     0.00000
    -29.745         0.00000     0.00000     0.00000     0.00000
    -29.595         0.00000     0.00000     0.00000     0.00000
    -29.445         0.00000     0.00000     0.00000     0.00000
    -29.295         0.00000     0.00000     0.00000     0.00000
    -29.145         0.00000     0.00000     0.00000     0.00000
    -28.995         0.00000     0.00000     0.00000     0.00000
    -28.845         0.00000     0.00000     0.00000     0.00000
    -28.695         0.00000     0.00000     0.00000     0.00000
    -28.545         0.00000     0.00000     0.00000     0.00000
    -28.395         0.00000     0.00000     0.00000     0.00000
    -28.245         0.00000     0.00000     0.00000     0.00000
    -28.095         0.00000     0.00000     0.00000     0.00000
    -27.945         0.00000     0.00000     0.00000     0.00000
    -27.795         0.00000     0.00000     0.00000     0.00000
    -27.645         0.00000     0.00000     0.00000     0.00000
    -27.495         0.00000     0.00000     0.00000     0.00000
    -27.345         0.00000     0.00000     0.00000     0.00000
    -27.195         0.00000     0.00000     0.00000     0.00000
    -27.045         0.00000     0.00000     0.00000     0.00000
    -26.895         0.00000     0.00000     0.00000     0.00000
    -26.745         0.00000     0.00000     0.00000     0.00000
    -26.595         0.00000     0.00000     0.00000     0.00000
    -26.445         0.00000     0.00000     0.00000     0.00000
    -26.295         0.00000     0.00000     0.00000     0.00000
    -26.145         0.00000     0.00000     0.00000     0.00000
    -25.995         0.00000     0.00000     0.00000     0.00000
    -25.845         0.00000     0.00000     0.00000     0.00000
    -25.695         0.00000     0.00000     0.00000     0.00000
    -25.545         0.00000     0.00000     0.00000     0.00000
    -25.395         0.00000     0.00000     0.00000     0.00000
    -25.245         0.00000     0.00000     0.00000     0.00000
    -25.095         0.00000     0.00000     0.00000     0.00000
    -24.945         0.00000     0.00000     0.00000     0.00000
    -24.795         0.00000     0.00000     0.00000     0.00000
    -24.645         0.00000     0.00000     0.00000     0.00000
    -24.495         0.00000     0.00000     0.00000     0.00000
    -24.345         0.00000     0.00000     0.00000     0.00000
    -24.195         0.00000     0.00000     0.00000     0.00000
    -24.045         0.00000     0.00000     0.00000     0.00000
    -23.895         0.00000     0.00000     0.00000     0.00000
    -23.745         0.00000     0.00000     0.00000     0.00000
    -23.595         0.00000     0.00000     0.00000     0.00000
    -23.445         0.00000     0.00000     0.00000     0.00000
    -23.295         0.00000     0.00000     0.00000     0.00000
    -23.145         0.00000     0.00000     0.00000     0.00000
    -22.995         0.00000     0.00000     0.00000     0.00000
    -22.845         0.00000     0.00000     0.00000     0.00000
    -22.695         0.00000     0.00000     0.00000     0.00000
    -22.545         0.00000     0.00000     0.00000     0.00000
    -22.395         0.00000     0.00000     0.00000     0.00000
    -22.245         0.00000     0.00000     0.00000     0.00000
    -22.095         0.00000     0.00000     0.00000     0.00000
    -21.945         0.00000     0.00000     0.00000     0.00000
    -21.795         0.00000     0.00000     0.00000     0.00000
    -21.645         0.00000     0.00000     0.00000     0.00000
    -21.495         0.00000     0.00000     0.00000     0.00000
    -21.345         0.00000     0.00000     0.00000     0.00000
    -21.195         0.00000     0.00000     0.00000     0.00000
    -21.045         0.00000     0.00000     0.00000     0.00000
    -20.895         0.00000     0.00000     0.00000     0.00000
    -20.745         0.00000     0.00000     0.00000     0.00000
    -20.595         0.00000     0.00000     0.00000     0.00000
    -20.445         0.00000     0.00000     0.00000     0.00000
    -20.295         0.00000     0.00000     0.00000     0.00000
    -20.145         0.00000     0.00000     0.00000     0.00000
    -19.995         0.00000     0.00000     0.00000     0.00000
    -19.845         0.00000     0.00000     0.00000     0.00000
    -19.695         0.00000     0.00000     0.00000     0.00000
    -19.545         0.00000     0.00000     0.00000     0.00000
    -19.395         0.00000     0.00000     0.00000     0.00000
    -19.245         0.00000     0.00000     0.00000     0.00000
    -19.095         0.00000     0.00000     0.00000     0.00000
    -18.945         0.00000     0.00000     0.00000     0.00000
    -18.795        -0.00081    -0.00081     0.00000     0.00000
    -18.645        -0.00081    -0.00081     0.00000     0.00000
    -18.495        -0.00081    -0.00081     0.00000     0.00000
    -18.345        -0.00081    -0.00081     0.00000     0.00000
    -18.195        -0.00155    -0.00155     0.00000     0.00000
    -18.045        -0.00155    -0.00155     0.00000     0.00000
    -17.895        -0.00229    -0.00229     0.00000     0.00000
    -17.745        -0.00380    -0.00380     0.00000     0.00000
    -17.595        -0.00459    -0.00459     0.00000     0.00000
    -17.445        -0.00613    -0.00613     0.00000     0.00000
    -17.295        -0.00770    -0.00770     0.00000     0.00000
    -17.145        -0.01293    -0.01293     0.00000     0.00000
    -16.995        -0.01679    -0.01679     0.00000     0.00000
    -16.845        -0.02362    -0.02362     0.00000     0.00000
    -16.695        -0.03345    -0.03345     0.00000     0.00000
    -16.545        -0.04839    -0.04839     0.00000     0.00000
    -16.395        -0.06131    -0.06131     0.00000     0.00000
    -16.245        -0.07723    -0.07723     0.00000     0.00000
    -16.095        -0.09396    -0.09396     0.00000     0.00000
    -15.945        -0.11432    -0.11432     0.00000     0.00000
    -15.795        -0.13405    -0.13405     0.00000     0.00000
    -15.645        -0.15865    -0.15865     0.00000     0.00000
    -15.495        -0.18393    -0.18393     0.00000     0.00000
    -15.345        -0.20493    -0.20493     0.00000     0.00000
    -15.195        -0.22379    -0.22379    -0.00000     0.00000
    -15.045        -0.23910    -0.23910     0.00000     0.00000
    -14.895        -0.26259    -0.26259     0.00000     0.00000
    -14.745        -0.27915    -0.27915    -0.00000     0.00000
    -14.595        -0.29819    -0.29701    -0.00117     0.00000
    -14.445        -0.32230    -0.31877    -0.00353     0.00000
    -14.295        -0.34568    -0.33973    -0.00595     0.00000
    -14.145        -0.36128    -0.35063    -0.01065     0.00000
    -13.995        -0.38467    -0.36808    -0.01659     0.00000
    -13.845        -0.41391    -0.38798    -0.02593     0.00000
    -13.695        -0.44269    -0.40905    -0.03364     0.00000
    -13.545        -0.46987    -0.42677    -0.04310     0.00000
    -13.395        -0.49931    -0.44126    -0.05805     0.00000
    -13.245        -0.52944    -0.45751    -0.07192     0.00000
    -13.095        -0.55540    -0.47181    -0.08359     0.00000
    -12.945        -0.58690    -0.48787    -0.09903     0.00000
    -12.795        -0.60584    -0.49522    -0.11062     0.00000
    -12.645        -0.63695    -0.50628    -0.13067     0.00000
    -12.495        -0.66562    -0.51662    -0.14900     0.00000
    -12.345        -0.69069    -0.52873    -0.16196     0.00000
    -12.195        -0.71911    -0.53959    -0.17952     0.00000
    -12.045        -0.74118    -0.54627    -0.19491     0.00000
    -11.895        -0.75872    -0.55470    -0.20402     0.00000
    -11.745        -0.78211    -0.56595    -0.21615     0.00000
    -11.595        -0.80591    -0.57824    -0.22767     0.00000
    -11.445        -0.82262    -0.58605    -0.23657     0.00000
    -11.295        -0.84076    -0.59383    -0.24693     0.00000
    -11.145        -0.85852    -0.60481    -0.25371     0.00000
    -10.995        -0.87707    -0.61466    -0.26241     0.00000
    -10.845        -0.89414    -0.62554    -0.26860     0.00000
    -10.695        -0.90599    -0.63221    -0.27378     0.00000
    -10.545        -0.91874    -0.63884    -0.27990     0.00000
    -10.395        -0.93151    -0.64601    -0.28550     0.00000
    -10.245        -0.94132    -0.65268    -0.28865     0.00000
    -10.095        -0.95451    -0.65986    -0.29465     0.00000
    -9.9450        -0.96330    -0.66501    -0.29829     0.00000
    -9.7950        -0.97505    -0.67266    -0.30239     0.00000
    -9.6450        -0.98869    -0.68175    -0.30694     0.00000
    -9.4950        -0.99899    -0.68845    -0.31054     0.00000
    -9.3450        -1.01071    -0.69610    -0.31461     0.00000
    -9.1950        -1.02200    -0.70419    -0.31781     0.00000
    -9.0450        -1.02777    -0.70768    -0.32009     0.00000
    -8.8950        -1.04211    -0.71669    -0.32542     0.00000
    -8.7450        -1.05387    -0.72481    -0.32906     0.00000
    -8.5950        -1.06482    -0.73169    -0.33313     0.00000
    -8.4450        -1.07328    -0.73818    -0.33510     0.00000
    -8.2950        -1.08307    -0.74512    -0.33795     0.00000
    -8.1450        -1.09145    -0.75020    -0.34124     0.00000
    -7.9950        -1.10299    -0.75761    -0.34537     0.00000
    -7.8450        -1.11193    -0.76279    -0.34914     0.00000
    -7.6950        -1.12278    -0.76908    -0.35370     0.00000
    -7.5450        -1.13680    -0.77704    -0.35975     0.00000
    -7.3950        -1.15081    -0.78620    -0.36438    -0.00023
    -7.2450        -1.16447    -0.79353    -0.36944    -0.00150
    -7.0950        -1.18007    -0.79808    -0.37695    -0.00503
    -6.9450        -1.21293    -0.80772    -0.38380    -0.02141
    -6.7950        -1.26179    -0.81637    -0.39100    -0.05442
    -6.6450        -1.33816    -0.82583    -0.39762    -0.11470
    -6.4950        -1.45696    -0.83764    -0.40560    -0.21372
    -6.3450        -1.61074    -0.84953    -0.41760    -0.34361
    -6.1950        -1.78947    -0.86144    -0.42723    -0.50080
    -6.0450        -2.00180    -0.87644    -0.43546    -0.68989
    -5.8950        -2.23469    -0.88854    -0.44610    -0.90005
    -5.7450        -2.48726    -0.90589    -0.45711    -1.12425
    -5.5950        -2.74475    -0.92097    -0.46989    -1.35388
    -5.4450        -3.01715    -0.93830    -0.48114    -1.59771
    -5.2950        -3.28235    -0.95648    -0.49335    -1.83252
    -5.1450        -3.54845    -0.97342    -0.50626    -2.06878
    -4.9950        -3.81436    -0.99392    -0.51965    -2.30079
    -4.8450        -4.07392    -1.01177    -0.53399    -2.52817
    -4.6950        -4.30844    -1.03141    -0.54742    -2.72962
    -4.5450        -4.54521    -1.05497    -0.56278    -2.92746
    -4.3950        -4.77443    -1.07828    -0.57997    -3.11618
    -4.2450        -4.98893    -1.10109    -0.59581    -3.29203
    -4.0950        -5.20447    -1.12525    -0.61145    -3.46777
    -3.9450        -5.40332    -1.15053    -0.62882    -3.62398
    -3.7950        -5.60677    -1.17523    -0.64848    -3.78306
    -3.6450        -5.80600    -1.20292    -0.66752    -3.93556
    -3.4950        -6.00321    -1.23137    -0.68778    -4.08406
    -3.3450        -6.20943    -1.26282    -0.71290    -4.23371
    -3.1950        -6.41548    -1.29629    -0.73810    -4.38110
    -3.0450        -6.62776    -1.33404    -0.76851    -4.52522
    -2.8950        -6.84798    -1.37325    -0.79996    -4.67477
    -2.7450        -7.07660    -1.41632    -0.83711    -4.82317
    -2.5950        -7.32467    -1.46368    -0.87600    -4.98499
    -2.4450        -7.59123    -1.51545    -0.91801    -5.15777
    -2.2950        -7.88608    -1.57468    -0.96400    -5.34740
    -2.1450        -8.20541    -1.64073    -1.01532    -5.54935
    -1.9950        -8.56407    -1.71085    -1.07236    -5.78085
    -1.8450        -8.98041    -1.78623    -1.13611    -6.05807
    -1.6950        -9.47536    -1.87565    -1.20943    -6.39027
    -1.5450       -10.07689    -1.97498    -1.29638    -6.80553
    -1.3950       -10.80969    -2.08505    -1.39741    -7.32723
    -1.2450       -11.70932    -2.21375    -1.51586    -7.97971
    -1.0950       -12.80205    -2.37170    -1.65514    -8.77521
   -0.94500       -14.14077    -2.56809    -1.83350    -9.73918
   -0.79500       -15.83780    -2.82449    -2.07761   -10.93570
   -0.64500       -17.97869    -3.16715    -2.42367   -12.38787
   -0.49500       -20.82713    -3.64753    -2.94366   -14.23594
   -0.34500       -24.82104    -4.42657    -3.79098   -16.60349
   -0.22700       -26.57939    -4.80567    -4.19454   -17.57918
   -0.21300       -26.81253    -4.85667    -4.25068   -17.70519
   -0.20700       -27.04586    -4.90825    -4.30656   -17.83106
   -0.20100       -27.28923    -4.96193    -4.36488   -17.96242
   -0.19500       -27.53879    -5.01693    -4.42559   -18.09627
   -0.18900       -27.79445    -5.07457    -4.48784   -18.23203
   -0.18300       -28.05938    -5.13415    -4.55173   -18.37351
   -0.17700       -28.33079    -5.19557    -4.61724   -18.51799
   -0.17100       -28.61184    -5.25858    -4.68705   -18.66621
   -0.16500       -28.90194    -5.32414    -4.75873   -18.81908
   -0.15900       -29.19979    -5.39086    -4.83235   -18.97657
   -0.15300       -29.50655    -5.46013    -4.90906   -19.13736
   -0.14700       -29.82505    -5.53171    -4.98971   -19.30364
   -0.14100       -30.15592    -5.60562    -5.07379   -19.47651
   -0.13500       -30.49835    -5.68206    -5.16159   -19.65470
   -0.12900       -30.85655    -5.76302    -5.25267   -19.84085
   -0.12300       -31.22872    -5.84551    -5.34897   -20.03425
   -0.11700       -31.61450    -5.93090    -5.44783   -20.23577
   -0.11100       -32.01619    -6.01904    -5.55237   -20.44477
   -0.10500       -32.43823    -6.11174    -5.66199   -20.66450
   -0.99000E-01   -32.87845    -6.20874    -5.77613   -20.89357
   -0.93000E-01   -33.34107    -6.30939    -5.89514   -21.13655
   -0.87000E-01   -33.82889    -6.41475    -6.02054   -21.39360
   -0.81000E-01   -34.34180    -6.52468    -6.15145   -21.66567
   -0.75000E-01   -34.88658    -6.63965    -6.28973   -21.95720
   -0.69000E-01   -35.46892    -6.76050    -6.43776   -22.27066
   -0.63000E-01   -36.09466    -6.88659    -6.59681   -22.61125
   -0.57000E-01   -36.77870    -7.02072    -6.77621   -22.98177
   -0.51000E-01   -37.53658    -7.16468    -6.97861   -23.39328
   -0.45000E-01   -38.37604    -7.32388    -7.19734   -23.85482
   -0.39000E-01   -39.29946    -7.49549    -7.41971   -24.38426
   -0.33000E-01   -40.31302    -7.66883    -7.63705   -25.00714
   -0.27000E-01   -41.44543    -7.83442    -7.84277   -25.76824
   -0.21300E-01   -42.31074    -7.93769    -7.96779   -26.40526
   -0.19500E-01   -42.44665    -7.95208    -7.98474   -26.50983
   -0.18900E-01   -42.58521    -7.96623    -8.00124   -26.61774
   -0.18300E-01   -42.72649    -7.98006    -8.01714   -26.72929
   -0.17700E-01   -42.87029    -7.99351    -8.03257   -26.84421
   -0.17100E-01   -43.01800    -8.00684    -8.04771   -26.96345
   -0.16500E-01   -43.16881    -8.01970    -8.06251   -27.08660
   -0.15900E-01   -43.32429    -8.03236    -8.07669   -27.21524
   -0.15300E-01   -43.48371    -8.04466    -8.09039   -27.34866
   -0.14700E-01   -43.64792    -8.05663    -8.10369   -27.48760
   -0.14100E-01   -43.81737    -8.06817    -8.11654   -27.63266
   -0.13500E-01   -43.99219    -8.07940    -8.12873   -27.78406
   -0.12900E-01   -44.17333    -8.09028    -8.14043   -27.94262
   -0.12300E-01   -44.36171    -8.10069    -8.15169   -28.10933
   -0.11700E-01   -44.55792    -8.11070    -8.16238   -28.28484
   -0.11100E-01   -44.76348    -8.12029    -8.17253   -28.47066
   -0.10500E-01   -44.97831    -8.12929    -8.18212   -28.66691
   -0.99000E-02   -45.20467    -8.13789    -8.19125   -28.87552
   -0.93000E-02   -45.44498    -8.14596    -8.19989   -29.09914
   -0.87000E-02   -45.70057    -8.15353    -8.20792   -29.33912
   -0.81000E-02   -45.97444    -8.16062    -8.21547   -29.59835
   -0.75000E-02   -46.27086    -8.16728    -8.22244   -29.88115
   -0.69000E-02   -46.59549    -8.17343    -8.22888   -30.19318
   -0.63000E-02   -46.95341    -8.17901    -8.23473   -30.53967
   -0.57000E-02   -47.35152    -8.18413    -8.24002   -30.92737
   -0.51000E-02   -47.79700    -8.18872    -8.24474   -31.36353
   -0.45000E-02   -48.29855    -8.19279    -8.24897   -31.85679
   -0.39000E-02   -48.86469    -8.19635    -8.25260   -32.41575
   -0.33000E-02   -49.50610    -8.19938    -8.25569   -33.05103
   -0.27000E-02   -50.23720    -8.20185    -8.25819   -33.77716
   -0.21000E-02   -51.08065    -8.20378    -8.26015   -34.61672
   -0.15000E-02   -52.07293    -8.20516    -8.26155   -35.60622
   -0.90000E-03   -53.06175    -8.20599    -8.26238   -36.59338
   -0.30000E-03   -53.48227    -8.20626    -8.26266   -37.01334
    0.30000E-03   -53.06194    -8.20598    -8.26239   -36.59356
    0.90000E-03   -52.07327    -8.20515    -8.26155   -35.60657
    0.15000E-02   -51.08184    -8.20376    -8.26016   -34.61793
    0.21000E-02   -50.23941    -8.20181    -8.25823   -33.77937
    0.27000E-02   -49.50802    -8.19930    -8.25573   -33.05299
    0.33000E-02   -48.86555    -8.19623    -8.25271   -32.41661
    0.39000E-02   -48.29847    -8.19264    -8.24916   -31.85668
    0.45000E-02   -47.79598    -8.18847    -8.24505   -31.36246
    0.51000E-02   -47.34957    -8.18371    -8.24046   -30.92540
    0.57000E-02   -46.95125    -8.17843    -8.23530   -30.53752
    0.63000E-02   -46.59381    -8.17262    -8.22964   -30.19155
    0.69000E-02   -46.26969    -8.16625    -8.22345   -29.87999
    0.75000E-02   -45.97437    -8.15934    -8.21678   -29.59826
    0.81000E-02   -45.70148    -8.15180    -8.20957   -29.34010
    0.87000E-02   -45.44728    -8.14371    -8.20199   -29.10158
    0.93000E-02   -45.20822    -8.13516    -8.19388   -28.87918
    0.99000E-02   -44.98219    -8.12609    -8.18521   -28.67088
    0.10500E-01   -44.76751    -8.11647    -8.17617   -28.47488
    0.11100E-01   -44.56295    -8.10637    -8.16665   -28.28993
    0.11700E-01   -44.36715    -8.09587    -8.15672   -28.11457
    0.12300E-01   -44.17907    -8.08457    -8.14630   -27.94820
    0.12900E-01   -43.99758    -8.07279    -8.13544   -27.78935
    0.13500E-01   -43.82245    -8.06070    -8.12429   -27.63745
    0.14100E-01   -43.65295    -8.04786    -8.11271   -27.49238
    0.14700E-01   -43.48897    -8.03463    -8.10071   -27.35363
    0.15300E-01   -43.32950    -8.02104    -8.08828   -27.22018
    0.15900E-01   -43.17508    -8.00687    -8.07564   -27.09257
    0.16500E-01   -43.02421    -7.99214    -8.06259   -26.96948
    0.17100E-01   -42.87686    -7.97718    -8.04927   -26.85041
    0.17700E-01   -42.73257    -7.96169    -8.03559   -26.73529
    0.18300E-01   -42.59194    -7.94566    -8.02185   -26.62444
    0.18900E-01   -42.45365    -7.92919    -8.00774   -26.51672
    0.19500E-01   -42.31849    -7.91237    -7.99347   -26.41265
    0.21300E-01   -41.45425    -7.78806    -7.89029   -25.77590
    0.27000E-01   -40.32403    -7.58362    -7.72438   -25.01603
    0.33000E-01   -39.31894    -7.36734    -7.54962   -24.40198
    0.39000E-01   -38.41437    -7.14666    -7.37743   -23.89028
    0.45000E-01   -37.60157    -6.92941    -7.21813   -23.45403
    0.51000E-01   -36.87672    -6.72710    -7.07306   -23.07657
    0.57000E-01   -36.23222    -6.54763    -6.94007   -22.74452
    0.63000E-01   -35.65039    -6.38570    -6.81493   -22.44976
    0.69000E-01   -35.11986    -6.23676    -6.69608   -22.18702
    0.75000E-01   -34.62829    -6.09612    -6.58288   -21.94930
    0.81000E-01   -34.17261    -5.96463    -6.47461   -21.73337
    0.87000E-01   -33.74820    -5.84044    -6.37057   -21.53719
    0.93000E-01   -33.34931    -5.72197    -6.27183   -21.35550
    0.99000E-01   -32.97368    -5.60891    -6.17670   -21.18807
    0.10500       -32.61731    -5.50012    -6.08425   -21.03293
    0.11100       -32.28035    -5.39667    -5.99478   -20.88889
    0.11700       -31.96047    -5.29784    -5.90925   -20.75339
    0.12300       -31.65782    -5.20418    -5.82689   -20.62675
    0.12900       -31.36907    -5.11333    -5.74771   -20.50802
    0.13500       -31.09250    -5.02548    -5.67102   -20.39600
    0.14100       -30.82774    -4.94209    -5.59707   -20.28859
    0.14700       -30.57391    -4.86220    -5.52462   -20.18710
    0.15300       -30.33194    -4.78505    -5.45511   -20.09178
    0.15900       -30.09899    -4.70980    -5.38835   -20.00084
    0.16500       -29.87351    -4.63794    -5.32193   -19.91363
    0.17100       -29.65673    -4.56888    -5.25736   -19.83049
    0.17700       -29.44703    -4.50158    -5.19449   -19.75096
    0.18300       -29.24669    -4.43729    -5.13468   -19.67473
    0.18900       -29.05314    -4.37495    -5.07717   -19.60101
    0.19500       -28.86521    -4.31388    -5.02054   -19.53080
    0.20100       -28.68311    -4.25451    -4.96646   -19.46215
    0.20700       -28.50837    -4.19754    -4.91385   -19.39699
    0.21300       -28.33926    -4.14278    -4.86222   -19.33425
    0.22700       -27.09688    -3.73300    -4.48505   -18.87883
    0.34500       -24.57835    -2.89131    -3.71244   -17.97460
    0.49500       -23.01473    -2.37545    -3.24106   -17.39821
    0.64500       -21.89941    -2.02213    -2.91584   -16.96145
    0.79500       -21.04558    -1.76546    -2.67579   -16.60432
    0.94500       -20.37177    -1.57364    -2.49700   -16.30113
     1.0950       -19.82028    -1.43073    -2.35730   -16.03225
     1.2450       -19.35572    -1.31058    -2.24469   -15.80045
     1.3950       -18.95375    -1.21174    -2.15082   -15.59119
     1.5450       -18.60613    -1.12911    -2.07193   -15.40509
     1.6950       -18.30337    -1.05879    -2.00588   -15.23870
     1.8450       -18.03295    -0.99674    -1.94681   -15.08941
     1.9950       -17.78937    -0.94507    -1.89606   -14.94824
     2.1450       -17.56637    -0.89706    -1.85165   -14.81766
     2.2950       -17.36791    -0.85766    -1.81040   -14.69986
     2.4450       -17.19025    -0.82358    -1.77217   -14.59449
     2.5950       -17.02691    -0.79603    -1.73804   -14.49284
     2.7450       -16.87234    -0.76835    -1.70561   -14.39838
     2.8950       -16.72982    -0.74499    -1.67397   -14.31086
     3.0450       -16.60778    -0.72381    -1.64880   -14.23518
     3.1950       -16.49710    -0.70499    -1.62591   -14.16621
     3.3450       -16.39587    -0.68801    -1.60768   -14.10019
     3.4950       -16.29630    -0.67216    -1.58754   -14.03660
     3.6450       -16.20775    -0.66324    -1.56999   -13.97452
     3.7950       -16.11861    -0.64922    -1.55024   -13.91915
     3.9450       -16.03837    -0.63754    -1.53324   -13.86758
     4.0950       -15.96315    -0.62860    -1.51770   -13.81686
     4.2450       -15.89167    -0.61702    -1.50420   -13.77046
     4.3950       -15.82327    -0.60597    -1.49219   -13.72511
     4.5450       -15.75857    -0.59719    -1.47861   -13.68277
     4.6950       -15.69887    -0.58946    -1.46732   -13.64209
     4.8450       -15.64142    -0.58236    -1.45526   -13.60379
     4.9950       -15.58540    -0.57526    -1.44420   -13.56594
     5.1450       -15.53384    -0.57153    -1.43328   -13.52903
     5.2950       -15.48826    -0.56674    -1.42734   -13.49418
     5.4450       -15.44230    -0.56106    -1.42142   -13.45982
     5.5950       -15.39720    -0.55725    -1.41364   -13.42631
     5.7450       -15.35043    -0.55096    -1.40590   -13.39358
     5.8950       -15.30987    -0.54712    -1.40119   -13.36155
     6.0450       -15.27218    -0.54326    -1.39791   -13.33101
     6.1950       -15.23439    -0.53939    -1.39469   -13.30030
     6.3450       -15.19960    -0.53687    -1.39148   -13.27125
     6.4950       -15.16102    -0.53135    -1.38681   -13.24286
     6.6450       -15.12524    -0.52648    -1.38365   -13.21510
     6.7950       -15.09277    -0.52575    -1.37898   -13.18803
     6.9450       -15.05913    -0.52182    -1.37584   -13.16147
     7.0950       -15.03120    -0.52116    -1.37457   -13.13546
     7.2450       -15.00045    -0.52052    -1.36989   -13.11003
     7.3950       -14.96981    -0.51790    -1.36678   -13.08513
     7.5450       -14.94212    -0.51732    -1.36568   -13.05911
     7.6950       -14.91654    -0.51676    -1.36462   -13.03516
     7.8450       -14.89151    -0.51621    -1.36363   -13.01166
     7.9950       -14.86697    -0.51569    -1.36265   -12.98862
     8.1450       -14.84294    -0.51518    -1.36173   -12.96603
     8.2950       -14.81934    -0.51468    -1.36084   -12.94382
     8.4450       -14.79620    -0.51421    -1.35998   -12.92201
     8.5950       -14.77354    -0.51376    -1.35915   -12.90063
     8.7450       -14.75126    -0.51332    -1.35835   -12.87959
     8.8950       -14.72938    -0.51290    -1.35757   -12.85890
     9.0450       -14.70786    -0.51248    -1.35682   -12.83855
     9.1950       -14.68672    -0.51207    -1.35609   -12.81855
     9.3450       -14.66595    -0.51167    -1.35541   -12.79887
     9.4950       -14.64555    -0.51128    -1.35473   -12.77954
     9.6450       -14.62541    -0.51091    -1.35406   -12.76043
     9.7950       -14.60565    -0.51055    -1.35342   -12.74168
     9.9450       -14.58621    -0.51020    -1.35280   -12.72321
     10.095       -14.56699    -0.50984    -1.35220   -12.70495
     10.245       -14.54815    -0.50951    -1.35160   -12.68704
     10.395       -14.52959    -0.50917    -1.35102   -12.66939
     10.545       -14.51125    -0.50885    -1.35046   -12.65194
     10.695       -14.49324    -0.50853    -1.34991   -12.63480
     10.845       -14.47551    -0.50822    -1.34938   -12.61791
     10.995       -14.45800    -0.50792    -1.34886   -12.60121
     11.145       -14.44070    -0.50762    -1.34835   -12.58473
     11.295       -14.42367    -0.50733    -1.34785   -12.56848
     11.445       -14.40691    -0.50705    -1.34736   -12.55250
     11.595       -14.39029    -0.50676    -1.34688   -12.53665
     11.745       -14.37395    -0.50650    -1.34642   -12.52103
     11.895       -14.35781    -0.50623    -1.34596   -12.50561
     12.045       -14.34188    -0.50598    -1.34551   -12.49039
     12.195       -14.32614    -0.50571    -1.34506   -12.47536
     12.345       -14.31059    -0.50546    -1.34463   -12.46050
     12.495       -14.29524    -0.50521    -1.34420   -12.44583
     12.645       -14.28013    -0.50496    -1.34379   -12.43139
     12.795       -14.26521    -0.50472    -1.34338   -12.41711
     12.945       -14.25045    -0.50448    -1.34297   -12.40300
     13.095       -14.23588    -0.50425    -1.34258   -12.38905
     13.245       -14.22150    -0.50402    -1.34218   -12.37529
     13.395       -14.20725    -0.50381    -1.34181   -12.36164
     13.545       -14.19312    -0.50358    -1.34142   -12.34812
     13.695       -14.17922    -0.50337    -1.34105   -12.33480
     13.845       -14.16551    -0.50315    -1.34069   -12.32166
     13.995       -14.15187    -0.50294    -1.34033   -12.30860
     14.145       -14.13840    -0.50273    -1.33997   -12.29570
     14.295       -14.12510    -0.50253    -1.33962   -12.28295
     14.445       -14.11191    -0.50231    -1.33927   -12.27032
     14.595       -14.09892    -0.50212    -1.33894   -12.25786
     14.745       -14.08604    -0.50192    -1.33860   -12.24552
     14.895       -14.07327    -0.50172    -1.33827   -12.23328
     15.045       -14.06062    -0.50152    -1.33794   -12.22116
     15.195       -14.04810    -0.50132    -1.33762   -12.20916
     15.345       -14.03572    -0.50114    -1.33730   -12.19728
     15.495       -14.02347    -0.50095    -1.33699   -12.18553
     15.645       -14.01130    -0.50077    -1.33668   -12.17386
     15.795       -13.99931    -0.50059    -1.33638   -12.16234
     15.945       -13.98743    -0.50041    -1.33607   -12.15094
     16.095       -13.97563    -0.50024    -1.33578   -12.13961
     16.245       -13.96397    -0.50007    -1.33548   -12.12842
     16.395       -13.95241    -0.49990    -1.33519   -12.11732
     16.545       -13.94100    -0.49973    -1.33491   -12.10636
     16.695       -13.92967    -0.49957    -1.33462   -12.09548
     16.845       -13.91846    -0.49941    -1.33433   -12.08472
     16.995       -13.90736    -0.49925    -1.33405   -12.07406
     17.145       -13.89636    -0.49909    -1.33377   -12.06349
     17.295       -13.88546    -0.49894    -1.33350   -12.05302
     17.445       -13.87462    -0.49877    -1.33323   -12.04262
     17.595       -13.86390    -0.49862    -1.33296   -12.03232
     17.745       -13.85325    -0.49847    -1.33270   -12.02208
     17.895       -13.84270    -0.49831    -1.33244   -12.01195
     18.045       -13.83226    -0.49816    -1.33218   -12.00191
     18.195       -13.82190    -0.49802    -1.33193   -11.99195
     18.345       -13.81164    -0.49787    -1.33167   -11.98210
     18.495       -13.80146    -0.49773    -1.33142   -11.97230
     18.645       -13.79135    -0.49758    -1.33118   -11.96259
     18.795       -13.78134    -0.49744    -1.33093   -11.95296
     18.945       -13.77142    -0.49730    -1.33069   -11.94343
     19.095       -13.76157    -0.49715    -1.33045   -11.93397
     19.245       -13.75183    -0.49701    -1.33021   -11.92460
     19.395       -13.74214    -0.49688    -1.32998   -11.91528
     19.545       -13.73256    -0.49675    -1.32974   -11.90606
     19.695       -13.72304    -0.49662    -1.32951   -11.89691
     19.845       -13.71364    -0.49649    -1.32928   -11.88787
     19.995       -13.70425    -0.49636    -1.32905   -11.87884
     20.145       -13.69495    -0.49623    -1.32883   -11.86989
     20.295       -13.68573    -0.49610    -1.32861   -11.86102
     20.445       -13.67657    -0.49597    -1.32838   -11.85222
     20.595       -13.66748    -0.49585    -1.32816   -11.84347
     20.745       -13.65845    -0.49572    -1.32794   -11.83479
     20.895       -13.64948    -0.49559    -1.32773   -11.82616
     21.045       -13.64056    -0.49546    -1.32751   -11.81759
     21.195       -13.63174    -0.49532    -1.32729   -11.80913
     21.345       -13.62297    -0.49521    -1.32708   -11.80068
     21.495       -13.61430    -0.49509    -1.32687   -11.79233
     21.645       -13.60566    -0.49497    -1.32667   -11.78402
     21.795       -13.59707    -0.49485    -1.32646   -11.77576
     21.945       -13.58856    -0.49473    -1.32625   -11.76758
     22.095       -13.58012    -0.49461    -1.32605   -11.75946
     22.245       -13.57175    -0.49450    -1.32585   -11.75140
     22.395       -13.56340    -0.49438    -1.32565   -11.74336
     22.545       -13.55509    -0.49427    -1.32545   -11.73537
     22.695       -13.54686    -0.49416    -1.32526   -11.72744
     22.845       -13.53871    -0.49405    -1.32506   -11.71959
     22.995       -13.53057    -0.49394    -1.32487   -11.71176
     23.145       -13.52251    -0.49383    -1.32467   -11.70401
     23.295       -13.51454    -0.49372    -1.32448   -11.69633
     23.445       -13.50658    -0.49361    -1.32429   -11.68868
     23.595       -13.49870    -0.49350    -1.32410   -11.68110
     23.745       -13.49086    -0.49340    -1.32391   -11.67355
     23.895       -13.48308    -0.49330    -1.32373   -11.66606
     24.045       -13.47535    -0.49319    -1.32354   -11.65862
     24.195       -13.46767    -0.49308    -1.32335   -11.65124
     24.345       -13.46005    -0.49298    -1.32317   -11.64389
     24.495       -13.45245    -0.49287    -1.32299   -11.63658
     24.645       -13.44490    -0.49277    -1.32281   -11.62932
     24.795       -13.43744    -0.49267    -1.32263   -11.62214
     24.945       -13.42996    -0.49257    -1.32246   -11.61494
     25.095       -13.42256    -0.49246    -1.32228   -11.60782
     25.245       -13.41523    -0.49236    -1.32211   -11.60076
     25.395       -13.40795    -0.49226    -1.32194   -11.59375
     25.545       -13.40071    -0.49217    -1.32176   -11.58678
     25.695       -13.39349    -0.49207    -1.32159   -11.57983
     25.845       -13.38632    -0.49197    -1.32142   -11.57294
     25.995       -13.37920    -0.49187    -1.32125   -11.56607
     26.145       -13.37214    -0.49178    -1.32109   -11.55927
     26.295       -13.36510    -0.49169    -1.32092   -11.55250
     26.445       -13.35809    -0.49159    -1.32075   -11.54576
     26.595       -13.35113    -0.49150    -1.32058   -11.53905
     26.745       -13.34423    -0.49141    -1.32042   -11.53240
     26.895       -13.33735    -0.49131    -1.32026   -11.52578
     27.045       -13.33055    -0.49123    -1.32010   -11.51923
     27.195       -13.32375    -0.49113    -1.31993   -11.51269
     27.345       -13.31699    -0.49104    -1.31977   -11.50618
     27.495       -13.31030    -0.49094    -1.31962   -11.49974
     27.645       -13.30364    -0.49085    -1.31946   -11.49333
     27.795       -13.29699    -0.49076    -1.31930   -11.48693
     27.945       -13.29040    -0.49067    -1.31914   -11.48059
     28.095       -13.28383    -0.49058    -1.31899   -11.47426
     28.245       -13.27730    -0.49049    -1.31884   -11.46797
     28.395       -13.27081    -0.49041    -1.31869   -11.46172
     28.545       -13.26433    -0.49032    -1.31853   -11.45548
     28.695       -13.25791    -0.49023    -1.31838   -11.44930
     28.845       -13.25151    -0.49015    -1.31823   -11.44313
     28.995       -13.24518    -0.49006    -1.31808   -11.43703
     29.145       -13.23887    -0.48998    -1.31793   -11.43096
     29.295       -13.23256    -0.48990    -1.31778   -11.42488
     29.445       -13.22627    -0.48982    -1.31763   -11.41882
     29.595       -13.22004    -0.48974    -1.31749   -11.41282
     29.745       -13.21387    -0.48966    -1.31735   -11.40686
     29.895       -13.20772    -0.48957    -1.31720   -11.40094
     30.045       -13.20164    -0.48949    -1.31706   -11.39509
     30.195       -13.19554    -0.48941    -1.31692   -11.38921
     30.345       -13.18949    -0.48933    -1.31678   -11.38338
     30.495       -13.18347    -0.48925    -1.31663   -11.37758
     30.645       -13.17747    -0.48918    -1.31649   -11.37180
     30.795       -13.17149    -0.48910    -1.31635   -11.36604
     30.945       -13.16558    -0.48902    -1.31621   -11.36034
     31.095       -13.15967    -0.48894    -1.31607   -11.35466
     31.245       -13.15382    -0.48886    -1.31594   -11.34902
     31.395       -13.14798    -0.48879    -1.31580   -11.34340
     31.545       -13.14216    -0.48871    -1.31566   -11.33779
     31.695       -13.13641    -0.48863    -1.31552   -11.33225
     31.845       -13.13064    -0.48855    -1.31539   -11.32670
     31.995       -13.12493    -0.48848    -1.31525   -11.32120
     32.145       -13.11927    -0.48841    -1.31512   -11.31575
     32.295       -13.11362    -0.48833    -1.31499   -11.31030
     32.445       -13.10797    -0.48825    -1.31485   -11.30486
     32.595       -13.10238    -0.48818    -1.31472   -11.29947
     32.745       -13.09681    -0.48811    -1.31459   -11.29411
     32.895       -13.09123    -0.48804    -1.31446   -11.28873
     33.045       -13.08570    -0.48796    -1.31433   -11.28341
     33.195       -13.08020    -0.48789    -1.31421   -11.27810
     33.345       -13.07473    -0.48782    -1.31408   -11.27283
     33.495       -13.06929    -0.48774    -1.31395   -11.26760
     33.645       -13.06389    -0.48768    -1.31382   -11.26239
     33.795       -13.05850    -0.48761    -1.31370   -11.25719
     33.945       -13.05312    -0.48754    -1.31357   -11.25201
     34.095       -13.04777    -0.48747    -1.31344   -11.24686
     34.245       -13.04244    -0.48740    -1.31331   -11.24172
     34.395       -13.03712    -0.48733    -1.31319   -11.23660
     34.545       -13.03187    -0.48727    -1.31307   -11.23154
     34.695       -13.02663    -0.48720    -1.31294   -11.22649
     34.845       -13.02145    -0.48713    -1.31282   -11.22149
     34.995       -13.01625    -0.48706    -1.31270   -11.21649
     35.145       -13.01108    -0.48699    -1.31258   -11.21151
     35.295       -13.00594    -0.48692    -1.31246   -11.20656
     35.445       -13.00081    -0.48685    -1.31234   -11.20162
     35.595       -12.99572    -0.48678    -1.31222   -11.19672
     35.745       -12.99066    -0.48672    -1.31210   -11.19184
     35.895       -12.98560    -0.48665    -1.31198   -11.18696
     36.045       -12.98061    -0.48659    -1.31187   -11.18216
     36.195       -12.97560    -0.48652    -1.31175   -11.17732
     36.345       -12.97061    -0.48645    -1.31163   -11.17252
     36.495       -12.96564    -0.48638    -1.31152   -11.16773
     36.645       -12.96068    -0.48632    -1.31140   -11.16295
     36.795       -12.95577    -0.48625    -1.31129   -11.15823
     36.945       -12.95088    -0.48618    -1.31117   -11.15353
     37.095       -12.94600    -0.48612    -1.31106   -11.14882
     37.245       -12.94113    -0.48605    -1.31095   -11.14413
     37.395       -12.93627    -0.48599    -1.31083   -11.13944
     37.545       -12.93143    -0.48593    -1.31072   -11.13478
     37.695       -12.92663    -0.48586    -1.31061   -11.13016
     37.845       -12.92184    -0.48580    -1.31049   -11.12554
     37.995       -12.91711    -0.48574    -1.31038   -11.12099
     38.145       -12.91238    -0.48568    -1.31028   -11.11642
     38.295       -12.90765    -0.48562    -1.31017   -11.11187
     38.445       -12.90294    -0.48556    -1.31006   -11.10732
     38.595       -12.89824    -0.48550    -1.30995   -11.10279
     38.745       -12.89356    -0.48544    -1.30985   -11.09828
     38.895       -12.88890    -0.48537    -1.30974   -11.09379
     39.045       -12.88425    -0.48532    -1.30963   -11.08930
     39.195       -12.87964    -0.48526    -1.30952   -11.08486
     39.345       -12.87506    -0.48520    -1.30942   -11.08044
     39.495       -12.87049    -0.48514    -1.30932   -11.07603
     39.645       -12.86594    -0.48508    -1.30921   -11.07165
     39.795       -12.86140    -0.48502    -1.30910   -11.06727
     39.945       -12.85689    -0.48496    -1.30900   -11.06293
     40.095       -12.85240    -0.48491    -1.30889   -11.05860
     40.245       -12.84792    -0.48485    -1.30879   -11.05428
     40.395       -12.84345    -0.48479    -1.30868   -11.04998
     40.545       -12.83900    -0.48473    -1.30858   -11.04569
     40.695       -12.83458    -0.48467    -1.30847   -11.04144
     40.845       -12.83018    -0.48461    -1.30837   -11.03720
     40.995       -12.82578    -0.48455    -1.30827   -11.03296
     41.145       -12.82140    -0.48450    -1.30816   -11.02874
     41.295       -12.81705    -0.48444    -1.30806   -11.02455
     41.445       -12.81271    -0.48439    -1.30796   -11.02036
     41.595       -12.80840    -0.48433    -1.30786   -11.01621
     41.745       -12.80409    -0.48428    -1.30777   -11.01204
     41.895       -12.79978    -0.48423    -1.30767   -11.00789
     42.045       -12.79549    -0.48417    -1.30757   -11.00375
     42.195       -12.79123    -0.48412    -1.30747   -10.99965
     42.345       -12.78699    -0.48406    -1.30737   -10.99556
     42.495       -12.78278    -0.48400    -1.30727   -10.99150
     42.645       -12.77857    -0.48395    -1.30718   -10.98745
     42.795       -12.77439    -0.48389    -1.30708   -10.98342
     42.945       -12.77022    -0.48384    -1.30698   -10.97940
     43.095       -12.76604    -0.48378    -1.30688   -10.97538
     43.245       -12.76189    -0.48373    -1.30679   -10.97136
     43.395       -12.75774    -0.48368    -1.30669   -10.96737
     43.545       -12.75361    -0.48362    -1.30660   -10.96339
     43.695       -12.74950    -0.48357    -1.30651   -10.95943
     43.845       -12.74542    -0.48352    -1.30641   -10.95549
     43.995       -12.74135    -0.48347    -1.30632   -10.95157
     44.145       -12.73730    -0.48341    -1.30622   -10.94767
     44.295       -12.73327    -0.48336    -1.30613   -10.94378
     44.445       -12.72922    -0.48331    -1.30604   -10.93988
     44.595       -12.72521    -0.48326    -1.30594   -10.93601
     44.745       -12.72122    -0.48320    -1.30585   -10.93217
     44.895       -12.71724    -0.48315    -1.30575   -10.92834
     45.045       -12.71328    -0.48310    -1.30566   -10.92452
     45.195       -12.70931    -0.48305    -1.30557   -10.92070
     45.345       -12.70536    -0.48300    -1.30548   -10.91689
     45.495       -12.70143    -0.48295    -1.30538   -10.91309
     45.645       -12.69752    -0.48289    -1.30530   -10.90933
     45.795       -12.69363    -0.48285    -1.30520   -10.90558
     45.945       -12.68975    -0.48280    -1.30511   -10.90184
     46.095       -12.68586    -0.48275    -1.30502   -10.89809
     46.245       -12.68198    -0.48270    -1.30493   -10.89435
     46.395       -12.67813    -0.48265    -1.30484   -10.89063
     46.545       -12.67430    -0.48261    -1.30475   -10.88695
     46.695       -12.67048    -0.48256    -1.30466   -10.88327
     46.845       -12.66670    -0.48251    -1.30457   -10.87962
     46.995       -12.66291    -0.48246    -1.30449   -10.87597
     47.145       -12.65912    -0.48241    -1.30440   -10.87231
     47.295       -12.65534    -0.48236    -1.30431   -10.86868
     47.445       -12.65160    -0.48231    -1.30422   -10.86508
     47.595       -12.64786    -0.48226    -1.30413   -10.86147
     47.745       -12.64413    -0.48221    -1.30404   -10.85788
     47.895       -12.64039    -0.48216    -1.30396   -10.85427
     48.045       -12.63668    -0.48211    -1.30387   -10.85070
     48.195       -12.63298    -0.48206    -1.30378   -10.84713
     48.345       -12.62930    -0.48201    -1.30370   -10.84358
     48.495       -12.62561    -0.48196    -1.30362   -10.84003
     48.645       -12.62198    -0.48192    -1.30354   -10.83652
     48.795       -12.61832    -0.48187    -1.30345   -10.83299
     48.945       -12.61468    -0.48183    -1.30337   -10.82948
     49.095       -12.61106    -0.48178    -1.30328   -10.82600
     49.245       -12.60746    -0.48174    -1.30320   -10.82253
     49.395       -12.60387    -0.48169    -1.30311   -10.81907
     49.545       -12.60028    -0.48165    -1.30302   -10.81561
     49.695       -12.59671    -0.48160    -1.30294   -10.81216
     49.845       -12.59315    -0.48156    -1.30286   -10.80873
     49.995       -12.58962    -0.48151    -1.30278   -10.80532
     50.145       -12.58606    -0.48147    -1.30270   -10.80190
     50.295       -12.58253    -0.48142    -1.30262   -10.79849
     50.445       -12.57902    -0.48138    -1.30254   -10.79511
     50.595       -12.57552    -0.48133    -1.30246   -10.79173
     50.745       -12.57202    -0.48129    -1.30238   -10.78835
     50.895       -12.56855    -0.48124    -1.30230   -10.78501
     51.045       -12.56508    -0.48119    -1.30222   -10.78167
     51.195       -12.56160    -0.48115    -1.30214   -10.77831
     51.345       -12.55813    -0.48110    -1.30206   -10.77497
     51.495       -12.55470    -0.48106    -1.30198   -10.77165
     51.645       -12.55128    -0.48102    -1.30190   -10.76836
     51.795       -12.54785    -0.48098    -1.30182   -10.76506
     51.945       -12.54445    -0.48093    -1.30174   -10.76177
     52.095       -12.54106    -0.48089    -1.30166   -10.75850
     52.245       -12.53769    -0.48085    -1.30159   -10.75525
     52.395       -12.53432    -0.48080    -1.30151   -10.75201
     52.545       -12.53096    -0.48076    -1.30143   -10.74876
     52.695       -12.52760    -0.48072    -1.30136   -10.74552
     52.845       -12.52424    -0.48067    -1.30128   -10.74229
     52.995       -12.52091    -0.48063    -1.30120   -10.73908
     53.145       -12.51760    -0.48059    -1.30113   -10.73588
     53.295       -12.51431    -0.48055    -1.30105   -10.73271
     53.445       -12.51100    -0.48050    -1.30097   -10.72952
     53.595       -12.50770    -0.48046    -1.30090   -10.72635
     53.745       -12.50443    -0.48042    -1.30082   -10.72319
     53.895       -12.50116    -0.48037    -1.30075   -10.72004
     54.045       -12.49789    -0.48033    -1.30067   -10.71688
     54.195       -12.49465    -0.48029    -1.30060   -10.71376
     54.345       -12.49141    -0.48025    -1.30053   -10.71063
     54.495       -12.48818    -0.48021    -1.30045   -10.70752
     54.645       -12.48495    -0.48017    -1.30038   -10.70440
     54.795       -12.48174    -0.48013    -1.30030   -10.70130
     54.945       -12.47852    -0.48009    -1.30023   -10.69820
     55.095       -12.47529    -0.48005    -1.30015   -10.69509
     59.433       -12.22477    -0.47681    -1.29434   -10.45362
     80.646       -11.85867    -0.47212    -1.28588   -10.10067
     111.21       -11.50296    -0.46756    -1.27765    -9.75775
     153.36       -11.15807    -0.46313    -1.26966    -9.42528
     211.49       -10.82417    -0.45883    -1.26191    -9.10342
     291.64       -10.50120    -0.45464    -1.25441    -8.79215
     402.18       -10.18945    -0.45060    -1.24718    -8.49167
     554.60        -9.88860    -0.44668    -1.24020    -8.20172
     764.80        -9.59810    -0.44286    -1.23350    -7.92174
     1054.7        -9.31763    -0.43913    -1.22705    -7.65145
     1454.4        -9.04710    -0.43554    -1.22082    -7.39074
     2005.6        -8.78608    -0.43207    -1.21484    -7.13917
     2765.8        -8.53389    -0.42871    -1.20907    -6.89612
     3814.0        -8.29044    -0.42543    -1.20350    -6.66151
     5259.5        -8.05524    -0.42227    -1.19817    -6.43480
     7252.9        -7.82784    -0.41919    -1.19301    -6.21564
     10002.        -7.60815    -0.41623    -1.18805    -6.00387
     13793.        -7.39589    -0.41336    -1.18327    -5.79926
     19020.        -7.19134    -0.41061    -1.17864    -5.60210
     26229.        -6.99440    -0.40795    -1.17417    -5.41228
     36170.        -6.80536    -0.40539    -1.16985    -5.23012
     49878.        -6.62458    -0.40296    -1.16570    -5.05592
     68782.        -6.45188    -0.40064    -1.16168    -4.88956
     94851.        -6.28690    -0.39844    -1.15781    -4.73066
    0.13080E+06    -6.12959    -0.39631    -1.15406    -4.57921
    0.18038E+06    -5.97937    -0.39430    -1.15047    -4.43461
    0.24874E+06    -5.83646    -0.39238    -1.14705    -4.29703
    0.34301E+06    -5.70029    -0.39058    -1.14377    -4.16594
    0.47302E+06    -5.57068    -0.38883    -1.14065    -4.04119
    0.65229E+06    -5.44722    -0.38719    -1.13768    -3.92236
    0.89952E+06    -5.32974    -0.38561    -1.13484    -3.80929
    0.12404E+07    -5.21802    -0.38412    -1.13214    -3.70175
    0.17106E+07    -5.11159    -0.38270    -1.12958    -3.59931
    0.23589E+07    -5.01044    -0.38137    -1.12711    -3.50196
    0.32529E+07    -4.91417    -0.38009    -1.12478    -3.40929
    0.44858E+07    -4.82259    -0.37888    -1.12255    -3.32116
    0.61860E+07    -4.73544    -0.37773    -1.12045    -3.23726
    0.85305E+07    -4.65249    -0.37664    -1.11842    -3.15743
    0.11764E+08    -4.57360    -0.37559    -1.11650    -3.08150
    0.16222E+08    -4.49852    -0.37461    -1.11466    -3.00925
    0.22370E+08    -4.42731    -0.37368    -1.11293    -2.94070
    0.30849E+08    -4.35963    -0.37279    -1.11127    -2.87557
    0.42541E+08    -4.29574    -0.37195    -1.10969    -2.81410
    0.58664E+08    -4.23588    -0.37118    -1.10816    -2.75654
    0.80898E+08    -4.17994    -0.37046    -1.10673    -2.70275
    0.11156E+09    -4.12761    -0.36978    -1.10538    -2.65245
    0.15384E+09    -4.07852    -0.36914    -1.10408    -2.60529
    0.21215E+09    -4.03252    -0.36853    -1.10288    -2.56111
    0.29255E+09    -3.98930    -0.36797    -1.10173    -2.51960
    0.40343E+09    -3.94859    -0.36745    -1.10066    -2.48049
    0.55633E+09    -3.91043    -0.36696    -1.09966    -2.44381
    0.76719E+09    -3.87481    -0.36650    -1.09873    -2.40957
    0.10580E+10    -3.84254    -0.36609    -1.09785    -2.37860
    0.14589E+10    -3.81303    -0.36571    -1.09702    -2.35029
    0.20119E+10    -3.78587    -0.36536    -1.09625    -2.32425
    0.27744E+10    -3.76080    -0.36504    -1.09552    -2.30024
    0.38259E+10    -3.73766    -0.36476    -1.09484    -2.27805
    0.52760E+10    -3.71636    -0.36449    -1.09423    -2.25765
    0.72756E+10    -3.69668    -0.36424    -1.09367    -2.23877
    0.10033E+11    -3.67859    -0.36401    -1.09315    -2.22142
    0.13836E+11    -3.66187    -0.36379    -1.09268    -2.20539
    0.19079E+11    -3.64643    -0.36360    -1.09225    -2.19058
    0.26311E+11    -3.63217    -0.36342    -1.09185    -2.17690
    0.36283E+11    -3.61902    -0.36325    -1.09147    -2.16429
    0.50034E+11    -3.60683    -0.36310    -1.09113    -2.15260
    0.68997E+11    -3.59559    -0.36296    -1.09081    -2.14182
    0.10000E+12    -3.46091    -0.36125    -1.08702    -2.01264
