    -99.945         0.00000     0.00000     0.00000     0.00000
    -99.795         0.00000     0.00000     0.00000     0.00000
    -99.645         0.00000     0.00000     0.00000     0.00000
    -99.495         0.00000     0.00000     0.00000     0.00000
    -99.345         0.00000     0.00000     0.00000     0.00000
    -99.195         0.00000     0.00000     0.00000     0.00000
    -99.045         0.00000     0.00000     0.00000     0.00000
    -98.895         0.00000     0.00000     0.00000     0.00000
    -98.745         0.00000     0.00000     0.00000     0.00000
    -98.595         0.00000     0.00000     0.00000     0.00000
    -98.445         0.00000     0.00000     0.00000     0.00000
    -98.295         0.00000     0.00000     0.00000     0.00000
    -98.145         0.00000     0.00000     0.00000     0.00000
    -97.995         0.00000     0.00000     0.00000     0.00000
    -97.845         0.00000     0.00000     0.00000     0.00000
    -97.695         0.00000     0.00000     0.00000     0.00000
    -97.545         0.00000     0.00000     0.00000     0.00000
    -97.395         0.00000     0.00000     0.00000     0.00000
    -97.245         0.00000     0.00000     0.00000     0.00000
    -97.095         0.00000     0.00000     0.00000     0.00000
    -96.945         0.00000     0.00000     0.00000     0.00000
    -96.795         0.00000     0.00000     0.00000     0.00000
    -96.645         0.00000     0.00000     0.00000     0.00000
    -96.495         0.00000     0.00000     0.00000     0.00000
    -96.345         0.00000     0.00000     0.00000     0.00000
    -96.195         0.00000     0.00000     0.00000     0.00000
    -96.045         0.00000     0.00000     0.00000     0.00000
    -95.895         0.00000     0.00000     0.00000     0.00000
    -95.745         0.00000     0.00000     0.00000     0.00000
    -95.595         0.00000     0.00000     0.00000     0.00000
    -95.445         0.00000     0.00000     0.00000     0.00000
    -95.295         0.00000     0.00000     0.00000     0.00000
    -95.145         0.00000     0.00000     0.00000     0.00000
    -94.995         0.00000     0.00000     0.00000     0.00000
    -94.845         0.00000     0.00000     0.00000     0.00000
    -94.695         0.00000     0.00000     0.00000     0.00000
    -94.545         0.00000     0.00000     0.00000     0.00000
    -94.395         0.00000     0.00000     0.00000     0.00000
    -94.245         0.00000     0.00000     0.00000     0.00000
    -94.095         0.00000     0.00000     0.00000     0.00000
    -93.945         0.00000     0.00000     0.00000     0.00000
    -93.795         0.00000     0.00000     0.00000     0.00000
    -93.645         0.00000     0.00000     0.00000     0.00000
    -93.495         0.00000     0.00000     0.00000     0.00000
    -93.345         0.00000     0.00000     0.00000     0.00000
    -93.195         0.00000     0.00000     0.00000     0.00000
    -93.045         0.00000     0.00000     0.00000     0.00000
    -92.895         0.00000     0.00000     0.00000     0.00000
    -92.745         0.00000     0.00000     0.00000     0.00000
    -92.595         0.00000     0.00000     0.00000     0.00000
    -92.445         0.00000     0.00000     0.00000     0.00000
    -92.295         0.00000     0.00000     0.00000     0.00000
    -92.145         0.00000     0.00000     0.00000     0.00000
    -91.995         0.00000     0.00000     0.00000     0.00000
    -91.845         0.00000     0.00000     0.00000     0.00000
    -91.695         0.00000     0.00000     0.00000     0.00000
    -91.545         0.00000     0.00000     0.00000     0.00000
    -91.395         0.00000     0.00000     0.00000     0.00000
    -91.245         0.00000     0.00000     0.00000     0.00000
    -91.095         0.00000     0.00000     0.00000     0.00000
    -90.945         0.00000     0.00000     0.00000     0.00000
    -90.795         0.00000     0.00000     0.00000     0.00000
    -90.645         0.00000     0.00000     0.00000     0.00000
    -90.495         0.00000     0.00000     0.00000     0.00000
    -90.345         0.00000     0.00000     0.00000     0.00000
    -90.195         0.00000     0.00000     0.00000     0.00000
    -90.045         0.00000     0.00000     0.00000     0.00000
    -89.895         0.00000     0.00000     0.00000     0.00000
    -89.745         0.00000     0.00000     0.00000     0.00000
    -89.595         0.00000     0.00000     0.00000     0.00000
    -89.445         0.00000     0.00000     0.00000     0.00000
    -89.295         0.00000     0.00000     0.00000     0.00000
    -89.145         0.00000     0.00000     0.00000     0.00000
    -88.995         0.00000     0.00000     0.00000     0.00000
    -88.845         0.00000     0.00000     0.00000     0.00000
    -88.695         0.00000     0.00000     0.00000     0.00000
    -88.545         0.00000     0.00000     0.00000     0.00000
    -88.395         0.00000     0.00000     0.00000     0.00000
    -88.245         0.00000     0.00000     0.00000     0.00000
    -88.095         0.00000     0.00000     0.00000     0.00000
    -87.945         0.00000     0.00000     0.00000     0.00000
    -87.795         0.00000     0.00000     0.00000     0.00000
    -87.645         0.00000     0.00000     0.00000     0.00000
    -87.495         0.00000     0.00000     0.00000     0.00000
    -87.345         0.00000     0.00000     0.00000     0.00000
    -87.195         0.00000     0.00000     0.00000     0.00000
    -87.045         0.00000     0.00000     0.00000     0.00000
    -86.895         0.00000     0.00000     0.00000     0.00000
    -86.745         0.00000     0.00000     0.00000     0.00000
    -86.595         0.00000     0.00000     0.00000     0.00000
    -86.445         0.00000     0.00000     0.00000     0.00000
    -86.295         0.00000     0.00000     0.00000     0.00000
    -86.145         0.00000     0.00000     0.00000     0.00000
    -85.995         0.00000     0.00000     0.00000     0.00000
    -85.845         0.00000     0.00000     0.00000     0.00000
    -85.695         0.00000     0.00000     0.00000     0.00000
    -85.545         0.00000     0.00000     0.00000     0.00000
    -85.395         0.00000     0.00000     0.00000     0.00000
    -85.245         0.00000     0.00000     0.00000     0.00000
    -85.095         0.00000     0.00000     0.00000     0.00000
    -84.945         0.00000     0.00000     0.00000     0.00000
    -84.795         0.00000     0.00000     0.00000     0.00000
    -84.645         0.00000     0.00000     0.00000     0.00000
    -84.495         0.00000     0.00000     0.00000     0.00000
    -84.345         0.00000     0.00000     0.00000     0.00000
    -84.195         0.00000     0.00000     0.00000     0.00000
    -84.045         0.00000     0.00000     0.00000     0.00000
    -83.895         0.00000     0.00000     0.00000     0.00000
    -83.745         0.00000     0.00000     0.00000     0.00000
    -83.595         0.00000     0.00000     0.00000     0.00000
    -83.445         0.00000     0.00000     0.00000     0.00000
    -83.295         0.00000     0.00000     0.00000     0.00000
    -83.145         0.00000     0.00000     0.00000     0.00000
    -82.995         0.00000     0.00000     0.00000     0.00000
    -82.845         0.00000     0.00000     0.00000     0.00000
    -82.695         0.00000     0.00000     0.00000     0.00000
    -82.545         0.00000     0.00000     0.00000     0.00000
    -82.395         0.00000     0.00000     0.00000     0.00000
    -82.245         0.00000     0.00000     0.00000     0.00000
    -82.095         0.00000     0.00000     0.00000     0.00000
    -81.945         0.00000     0.00000     0.00000     0.00000
    -81.795         0.00000     0.00000     0.00000     0.00000
    -81.645         0.00000     0.00000     0.00000     0.00000
    -81.495         0.00000     0.00000     0.00000     0.00000
    -81.345         0.00000     0.00000     0.00000     0.00000
    -81.195         0.00000     0.00000     0.00000     0.00000
    -81.045         0.00000     0.00000     0.00000     0.00000
    -80.895         0.00000     0.00000     0.00000     0.00000
    -80.745         0.00000     0.00000     0.00000     0.00000
    -80.595         0.00000     0.00000     0.00000     0.00000
    -80.445         0.00000     0.00000     0.00000     0.00000
    -80.295         0.00000     0.00000     0.00000     0.00000
    -80.145         0.00000     0.00000     0.00000     0.00000
    -79.995         0.00000     0.00000     0.00000     0.00000
    -79.845         0.00000     0.00000     0.00000     0.00000
    -79.695         0.00000     0.00000     0.00000     0.00000
    -79.545         0.00000     0.00000     0.00000     0.00000
    -79.395         0.00000     0.00000     0.00000     0.00000
    -79.245         0.00000     0.00000     0.00000     0.00000
    -79.095         0.00000     0.00000     0.00000     0.00000
    -78.945         0.00000     0.00000     0.00000     0.00000
    -78.795         0.00000     0.00000     0.00000     0.00000
    -78.645         0.00000     0.00000     0.00000     0.00000
    -78.495         0.00000     0.00000     0.00000     0.00000
    -78.345         0.00000     0.00000     0.00000     0.00000
    -78.195         0.00000     0.00000     0.00000     0.00000
    -78.045         0.00000     0.00000     0.00000     0.00000
    -77.895         0.00000     0.00000     0.00000     0.00000
    -77.745         0.00000     0.00000     0.00000     0.00000
    -77.595         0.00000     0.00000     0.00000     0.00000
    -77.445         0.00000     0.00000     0.00000     0.00000
    -77.295         0.00000     0.00000     0.00000     0.00000
    -77.145         0.00000     0.00000     0.00000     0.00000
    -76.995         0.00000     0.00000     0.00000     0.00000
    -76.845         0.00000     0.00000     0.00000     0.00000
    -76.695         0.00000     0.00000     0.00000     0.00000
    -76.545         0.00000     0.00000     0.00000     0.00000
    -76.395         0.00000     0.00000     0.00000     0.00000
    -76.245         0.00000     0.00000     0.00000     0.00000
    -76.095         0.00000     0.00000     0.00000     0.00000
    -75.945         0.00000     0.00000     0.00000     0.00000
    -75.795         0.00000     0.00000     0.00000     0.00000
    -75.645         0.00000     0.00000     0.00000     0.00000
    -75.495         0.00000     0.00000     0.00000     0.00000
    -75.345         0.00000     0.00000     0.00000     0.00000
    -75.195         0.00000     0.00000     0.00000     0.00000
    -75.045         0.00000     0.00000     0.00000     0.00000
    -74.895         0.00000     0.00000     0.00000     0.00000
    -74.745         0.00000     0.00000     0.00000     0.00000
    -74.595         0.00000     0.00000     0.00000     0.00000
    -74.445         0.00000     0.00000     0.00000     0.00000
    -74.295         0.00000     0.00000     0.00000     0.00000
    -74.145         0.00000     0.00000     0.00000     0.00000
    -73.995         0.00000     0.00000     0.00000     0.00000
    -73.845         0.00000     0.00000     0.00000     0.00000
    -73.695         0.00000     0.00000     0.00000     0.00000
    -73.545         0.00000     0.00000     0.00000     0.00000
    -73.395         0.00000     0.00000     0.00000     0.00000
    -73.245         0.00000     0.00000     0.00000     0.00000
    -73.095         0.00000     0.00000     0.00000     0.00000
    -72.945         0.00000     0.00000     0.00000     0.00000
    -72.795         0.00000     0.00000     0.00000     0.00000
    -72.645         0.00000     0.00000     0.00000     0.00000
    -72.495         0.00000     0.00000     0.00000     0.00000
    -72.345         0.00000     0.00000     0.00000     0.00000
    -72.195         0.00000     0.00000     0.00000     0.00000
    -72.045         0.00000     0.00000     0.00000     0.00000
    -71.895         0.00000     0.00000     0.00000     0.00000
    -71.745         0.00000     0.00000     0.00000     0.00000
    -71.595         0.00000     0.00000     0.00000     0.00000
    -71.445         0.00000     0.00000     0.00000     0.00000
    -71.295         0.00000     0.00000     0.00000     0.00000
    -71.145         0.00000     0.00000     0.00000     0.00000
    -70.995         0.00000     0.00000     0.00000     0.00000
    -70.845         0.00000     0.00000     0.00000     0.00000
    -70.695         0.00000     0.00000     0.00000     0.00000
    -70.545         0.00000     0.00000     0.00000     0.00000
    -70.395         0.00000     0.00000     0.00000     0.00000
    -70.245         0.00000     0.00000     0.00000     0.00000
    -70.095         0.00000     0.00000     0.00000     0.00000
    -69.945         0.00000     0.00000     0.00000     0.00000
    -69.795         0.00000     0.00000     0.00000     0.00000
    -69.645         0.00000     0.00000     0.00000     0.00000
    -69.495         0.00000     0.00000     0.00000     0.00000
    -69.345         0.00000     0.00000     0.00000     0.00000
    -69.195         0.00000     0.00000     0.00000     0.00000
    -69.045         0.00000     0.00000     0.00000     0.00000
    -68.895         0.00000     0.00000     0.00000     0.00000
    -68.745         0.00000     0.00000     0.00000     0.00000
    -68.595         0.00000     0.00000     0.00000     0.00000
    -68.445         0.00000     0.00000     0.00000     0.00000
    -68.295         0.00000     0.00000     0.00000     0.00000
    -68.145         0.00000     0.00000     0.00000     0.00000
    -67.995         0.00000     0.00000     0.00000     0.00000
    -67.845         0.00000     0.00000     0.00000     0.00000
    -67.695         0.00000     0.00000     0.00000     0.00000
    -67.545         0.00000     0.00000     0.00000     0.00000
    -67.395         0.00000     0.00000     0.00000     0.00000
    -67.245         0.00000     0.00000     0.00000     0.00000
    -67.095         0.00000     0.00000     0.00000     0.00000
    -66.945         0.00000     0.00000     0.00000     0.00000
    -66.795         0.00000     0.00000     0.00000     0.00000
    -66.645         0.00000     0.00000     0.00000     0.00000
    -66.495         0.00000     0.00000     0.00000     0.00000
    -66.345         0.00000     0.00000     0.00000     0.00000
    -66.195         0.00000     0.00000     0.00000     0.00000
    -66.045         0.00000     0.00000     0.00000     0.00000
    -65.895         0.00000     0.00000     0.00000     0.00000
    -65.745         0.00000     0.00000     0.00000     0.00000
    -65.595         0.00000     0.00000     0.00000     0.00000
    -65.445         0.00000     0.00000     0.00000     0.00000
    -65.295         0.00000     0.00000     0.00000     0.00000
    -65.145         0.00000     0.00000     0.00000     0.00000
    -64.995         0.00000     0.00000     0.00000     0.00000
    -64.845         0.00000     0.00000     0.00000     0.00000
    -64.695         0.00000     0.00000     0.00000     0.00000
    -64.545         0.00000     0.00000     0.00000     0.00000
    -64.395         0.00000     0.00000     0.00000     0.00000
    -64.245         0.00000     0.00000     0.00000     0.00000
    -64.095         0.00000     0.00000     0.00000     0.00000
    -63.945         0.00000     0.00000     0.00000     0.00000
    -63.795         0.00000     0.00000     0.00000     0.00000
    -63.645         0.00000     0.00000     0.00000     0.00000
    -63.495         0.00000     0.00000     0.00000     0.00000
    -63.345         0.00000     0.00000     0.00000     0.00000
    -63.195         0.00000     0.00000     0.00000     0.00000
    -63.045         0.00000     0.00000     0.00000     0.00000
    -62.895         0.00000     0.00000     0.00000     0.00000
    -62.745         0.00000     0.00000     0.00000     0.00000
    -62.595         0.00000     0.00000     0.00000     0.00000
    -62.445         0.00000     0.00000     0.00000     0.00000
    -62.295         0.00000     0.00000     0.00000     0.00000
    -62.145         0.00000     0.00000     0.00000     0.00000
    -61.995         0.00000     0.00000     0.00000     0.00000
    -61.845         0.00000     0.00000     0.00000     0.00000
    -61.695         0.00000     0.00000     0.00000     0.00000
    -61.545         0.00000     0.00000     0.00000     0.00000
    -61.395         0.00000     0.00000     0.00000     0.00000
    -61.245         0.00000     0.00000     0.00000     0.00000
    -61.095         0.00000     0.00000     0.00000     0.00000
    -60.945         0.00000     0.00000     0.00000     0.00000
    -60.795         0.00000     0.00000     0.00000     0.00000
    -60.645         0.00000     0.00000     0.00000     0.00000
    -60.495         0.00000     0.00000     0.00000     0.00000
    -60.345         0.00000     0.00000     0.00000     0.00000
    -60.195         0.00000     0.00000     0.00000     0.00000
    -60.045         0.00000     0.00000     0.00000     0.00000
    -59.895         0.00000     0.00000     0.00000     0.00000
    -59.745         0.00000     0.00000     0.00000     0.00000
    -59.595         0.00000     0.00000     0.00000     0.00000
    -59.445         0.00000     0.00000     0.00000     0.00000
    -59.295         0.00000     0.00000     0.00000     0.00000
    -59.145         0.00000     0.00000     0.00000     0.00000
    -58.995         0.00000     0.00000     0.00000     0.00000
    -58.845         0.00000     0.00000     0.00000     0.00000
    -58.695         0.00000     0.00000     0.00000     0.00000
    -58.545         0.00000     0.00000     0.00000     0.00000
    -58.395         0.00000     0.00000     0.00000     0.00000
    -58.245         0.00000     0.00000     0.00000     0.00000
    -58.095         0.00000     0.00000     0.00000     0.00000
    -57.945         0.00000     0.00000     0.00000     0.00000
    -57.795         0.00000     0.00000     0.00000     0.00000
    -57.645         0.00000     0.00000     0.00000     0.00000
    -57.495         0.00000     0.00000     0.00000     0.00000
    -57.345         0.00000     0.00000     0.00000     0.00000
    -57.195         0.00000     0.00000     0.00000     0.00000
    -57.045         0.00000     0.00000     0.00000     0.00000
    -56.895         0.00000     0.00000     0.00000     0.00000
    -56.745         0.00000     0.00000     0.00000     0.00000
    -56.595         0.00000     0.00000     0.00000     0.00000
    -56.445         0.00000     0.00000     0.00000     0.00000
    -56.295         0.00000     0.00000     0.00000     0.00000
    -56.145         0.00000     0.00000     0.00000     0.00000
    -55.995         0.00000     0.00000     0.00000     0.00000
    -55.845         0.00000     0.00000     0.00000     0.00000
    -55.695         0.00000     0.00000     0.00000     0.00000
    -55.545         0.00000     0.00000     0.00000     0.00000
    -55.395         0.00000     0.00000     0.00000     0.00000
    -55.245         0.00000     0.00000     0.00000     0.00000
    -55.095         0.00000     0.00000     0.00000     0.00000
    -54.945         0.00000     0.00000     0.00000     0.00000
    -54.795         0.00000     0.00000     0.00000     0.00000
    -54.645         0.00000     0.00000     0.00000     0.00000
    -54.495         0.00000     0.00000     0.00000     0.00000
    -54.345         0.00000     0.00000     0.00000     0.00000
    -54.195         0.00000     0.00000     0.00000     0.00000
    -54.045         0.00000     0.00000     0.00000     0.00000
    -53.895         0.00000     0.00000     0.00000     0.00000
    -53.745         0.00000     0.00000     0.00000     0.00000
    -53.595         0.00000     0.00000     0.00000     0.00000
    -53.445         0.00000     0.00000     0.00000     0.00000
    -53.295         0.00000     0.00000     0.00000     0.00000
    -53.145         0.00000     0.00000     0.00000     0.00000
    -52.995         0.00000     0.00000     0.00000     0.00000
    -52.845         0.00000     0.00000     0.00000     0.00000
    -52.695         0.00000     0.00000     0.00000     0.00000
    -52.545         0.00000     0.00000     0.00000     0.00000
    -52.395         0.00000     0.00000     0.00000     0.00000
    -52.245         0.00000     0.00000     0.00000     0.00000
    -52.095         0.00000     0.00000     0.00000     0.00000
    -51.945         0.00000     0.00000     0.00000     0.00000
    -51.795         0.00000     0.00000     0.00000     0.00000
    -51.645         0.00000     0.00000     0.00000     0.00000
    -51.495         0.00000     0.00000     0.00000     0.00000
    -51.345         0.00000     0.00000     0.00000     0.00000
    -51.195         0.00000     0.00000     0.00000     0.00000
    -51.045         0.00000     0.00000     0.00000     0.00000
    -50.895         0.00000     0.00000     0.00000     0.00000
    -50.745         0.00000     0.00000     0.00000     0.00000
    -50.595         0.00000     0.00000     0.00000     0.00000
    -50.445         0.00000     0.00000     0.00000     0.00000
    -50.295         0.00000     0.00000     0.00000     0.00000
    -50.145         0.00000     0.00000     0.00000     0.00000
    -49.995         0.00000     0.00000     0.00000     0.00000
    -49.845         0.00000     0.00000     0.00000     0.00000
    -49.695         0.00000     0.00000     0.00000     0.00000
    -49.545         0.00000     0.00000     0.00000     0.00000
    -49.395         0.00000     0.00000     0.00000     0.00000
    -49.245         0.00000     0.00000     0.00000     0.00000
    -49.095         0.00000     0.00000     0.00000     0.00000
    -48.945         0.00000     0.00000     0.00000     0.00000
    -48.795         0.00000     0.00000     0.00000     0.00000
    -48.645         0.00000     0.00000     0.00000     0.00000
    -48.495         0.00000     0.00000     0.00000     0.00000
    -48.345         0.00000     0.00000     0.00000     0.00000
    -48.195         0.00000     0.00000     0.00000     0.00000
    -48.045         0.00000     0.00000     0.00000     0.00000
    -47.895         0.00000     0.00000     0.00000     0.00000
    -47.745         0.00000     0.00000     0.00000     0.00000
    -47.595         0.00000     0.00000     0.00000     0.00000
    -47.445         0.00000     0.00000     0.00000     0.00000
    -47.295         0.00000     0.00000     0.00000     0.00000
    -47.145         0.00000     0.00000     0.00000     0.00000
    -46.995         0.00000     0.00000     0.00000     0.00000
    -46.845         0.00000     0.00000     0.00000     0.00000
    -46.695         0.00000     0.00000     0.00000     0.00000
    -46.545         0.00000     0.00000     0.00000     0.00000
    -46.395         0.00000     0.00000     0.00000     0.00000
    -46.245         0.00000     0.00000     0.00000     0.00000
    -46.095         0.00000     0.00000     0.00000     0.00000
    -45.945         0.00000     0.00000     0.00000     0.00000
    -45.795         0.00000     0.00000     0.00000     0.00000
    -45.645         0.00000     0.00000     0.00000     0.00000
    -45.495         0.00000     0.00000     0.00000     0.00000
    -45.345         0.00000     0.00000     0.00000     0.00000
    -45.195         0.00000     0.00000     0.00000     0.00000
    -45.045         0.00000     0.00000     0.00000     0.00000
    -44.895         0.00000     0.00000     0.00000     0.00000
    -44.745         0.00000     0.00000     0.00000     0.00000
    -44.595         0.00000     0.00000     0.00000     0.00000
    -44.445         0.00000     0.00000     0.00000     0.00000
    -44.295         0.00000     0.00000     0.00000     0.00000
    -44.145         0.00000     0.00000     0.00000     0.00000
    -43.995         0.00000     0.00000     0.00000     0.00000
    -43.845         0.00000     0.00000     0.00000     0.00000
    -43.695         0.00000     0.00000     0.00000     0.00000
    -43.545         0.00000     0.00000     0.00000     0.00000
    -43.395         0.00000     0.00000     0.00000     0.00000
    -43.245         0.00000     0.00000     0.00000     0.00000
    -43.095         0.00000     0.00000     0.00000     0.00000
    -42.945         0.00000     0.00000     0.00000     0.00000
    -42.795         0.00000     0.00000     0.00000     0.00000
    -42.645         0.00000     0.00000     0.00000     0.00000
    -42.495         0.00000     0.00000     0.00000     0.00000
    -42.345         0.00000     0.00000     0.00000     0.00000
    -42.195         0.00000     0.00000     0.00000     0.00000
    -42.045         0.00000     0.00000     0.00000     0.00000
    -41.895         0.00000     0.00000     0.00000     0.00000
    -41.745         0.00000     0.00000     0.00000     0.00000
    -41.595         0.00000     0.00000     0.00000     0.00000
    -41.445         0.00000     0.00000     0.00000     0.00000
    -41.295         0.00000     0.00000     0.00000     0.00000
    -41.145         0.00000     0.00000     0.00000     0.00000
    -40.995         0.00000     0.00000     0.00000     0.00000
    -40.845         0.00000     0.00000     0.00000     0.00000
    -40.695         0.00000     0.00000     0.00000     0.00000
    -40.545         0.00000     0.00000     0.00000     0.00000
    -40.395         0.00000     0.00000     0.00000     0.00000
    -40.245         0.00000     0.00000     0.00000     0.00000
    -40.095         0.00000     0.00000     0.00000     0.00000
    -39.945         0.00000     0.00000     0.00000     0.00000
    -39.795         0.00000     0.00000     0.00000     0.00000
    -39.645         0.00000     0.00000     0.00000     0.00000
    -39.495         0.00000     0.00000     0.00000     0.00000
    -39.345         0.00000     0.00000     0.00000     0.00000
    -39.195         0.00000     0.00000     0.00000     0.00000
    -39.045         0.00000     0.00000     0.00000     0.00000
    -38.895         0.00000     0.00000     0.00000     0.00000
    -38.745         0.00000     0.00000     0.00000     0.00000
    -38.595         0.00000     0.00000     0.00000     0.00000
    -38.445         0.00000     0.00000     0.00000     0.00000
    -38.295         0.00000     0.00000     0.00000     0.00000
    -38.145         0.00000     0.00000     0.00000     0.00000
    -37.995         0.00000     0.00000     0.00000     0.00000
    -37.845         0.00000     0.00000     0.00000     0.00000
    -37.695         0.00000     0.00000     0.00000     0.00000
    -37.545         0.00000     0.00000     0.00000     0.00000
    -37.395         0.00000     0.00000     0.00000     0.00000
    -37.245         0.00000     0.00000     0.00000     0.00000
    -37.095         0.00000     0.00000     0.00000     0.00000
    -36.945         0.00000     0.00000     0.00000     0.00000
    -36.795         0.00000     0.00000     0.00000     0.00000
    -36.645         0.00000     0.00000     0.00000     0.00000
    -36.495         0.00000     0.00000     0.00000     0.00000
    -36.345         0.00000     0.00000     0.00000     0.00000
    -36.195         0.00000     0.00000     0.00000     0.00000
    -36.045         0.00000     0.00000     0.00000     0.00000
    -35.895         0.00000     0.00000     0.00000     0.00000
    -35.745         0.00000     0.00000     0.00000     0.00000
    -35.595         0.00000     0.00000     0.00000     0.00000
    -35.445         0.00000     0.00000     0.00000     0.00000
    -35.295         0.00000     0.00000     0.00000     0.00000
    -35.145         0.00000     0.00000     0.00000     0.00000
    -34.995         0.00000     0.00000     0.00000     0.00000
    -34.845         0.00000     0.00000     0.00000     0.00000
    -34.695         0.00000     0.00000     0.00000     0.00000
    -34.545         0.00000     0.00000     0.00000     0.00000
    -34.395         0.00000     0.00000     0.00000     0.00000
    -34.245         0.00000     0.00000     0.00000     0.00000
    -34.095         0.00000     0.00000     0.00000     0.00000
    -33.945         0.00000     0.00000     0.00000     0.00000
    -33.795         0.00000     0.00000     0.00000     0.00000
    -33.645         0.00000     0.00000     0.00000     0.00000
    -33.495         0.00000     0.00000     0.00000     0.00000
    -33.345         0.00000     0.00000     0.00000     0.00000
    -33.195         0.00000     0.00000     0.00000     0.00000
    -33.045         0.00000     0.00000     0.00000     0.00000
    -32.895         0.00000     0.00000     0.00000     0.00000
    -32.745         0.00000     0.00000     0.00000     0.00000
    -32.595         0.00000     0.00000     0.00000     0.00000
    -32.445         0.00000     0.00000     0.00000     0.00000
    -32.295         0.00000     0.00000     0.00000     0.00000
    -32.145         0.00000     0.00000     0.00000     0.00000
    -31.995         0.00000     0.00000     0.00000     0.00000
    -31.845         0.00000     0.00000     0.00000     0.00000
    -31.695         0.00000     0.00000     0.00000     0.00000
    -31.545         0.00000     0.00000     0.00000     0.00000
    -31.395         0.00000     0.00000     0.00000     0.00000
    -31.245         0.00000     0.00000     0.00000     0.00000
    -31.095         0.00000     0.00000     0.00000     0.00000
    -30.945         0.00000     0.00000     0.00000     0.00000
    -30.795         0.00000     0.00000     0.00000     0.00000
    -30.645         0.00000     0.00000     0.00000     0.00000
    -30.495         0.00000     0.00000     0.00000     0.00000
    -30.345         0.00000     0.00000     0.00000     0.00000
    -30.195         0.00000     0.00000     0.00000     0.00000
    -30.045         0.00000     0.00000     0.00000     0.00000
    -29.895         0.00000     0.00000     0.00000     0.00000
    -29.745         0.00000     0.00000     0.00000     0.00000
    -29.595         0.00000     0.00000     0.00000     0.00000
    -29.445         0.00000     0.00000     0.00000     0.00000
    -29.295         0.00000     0.00000     0.00000     0.00000
    -29.145         0.00000     0.00000     0.00000     0.00000
    -28.995         0.00000     0.00000     0.00000     0.00000
    -28.845         0.00000     0.00000     0.00000     0.00000
    -28.695         0.00000     0.00000     0.00000     0.00000
    -28.545         0.00000     0.00000     0.00000     0.00000
    -28.395         0.00000     0.00000     0.00000     0.00000
    -28.245         0.00000     0.00000     0.00000     0.00000
    -28.095         0.00000     0.00000     0.00000     0.00000
    -27.945         0.00000     0.00000     0.00000     0.00000
    -27.795         0.00000     0.00000     0.00000     0.00000
    -27.645         0.00000     0.00000     0.00000     0.00000
    -27.495         0.00000     0.00000     0.00000     0.00000
    -27.345         0.00000     0.00000     0.00000     0.00000
    -27.195         0.00000     0.00000     0.00000     0.00000
    -27.045         0.00000     0.00000     0.00000     0.00000
    -26.895         0.00000     0.00000     0.00000     0.00000
    -26.745         0.00000     0.00000     0.00000     0.00000
    -26.595         0.00000     0.00000     0.00000     0.00000
    -26.445         0.00000     0.00000     0.00000     0.00000
    -26.295         0.00000     0.00000     0.00000     0.00000
    -26.145         0.00000     0.00000     0.00000     0.00000
    -25.995         0.00000     0.00000     0.00000     0.00000
    -25.845         0.00000     0.00000     0.00000     0.00000
    -25.695         0.00000     0.00000     0.00000     0.00000
    -25.545         0.00000     0.00000     0.00000     0.00000
    -25.395         0.00000     0.00000     0.00000     0.00000
    -25.245         0.00000     0.00000     0.00000     0.00000
    -25.095         0.00000     0.00000     0.00000     0.00000
    -24.945         0.00000     0.00000     0.00000     0.00000
    -24.795         0.00000     0.00000     0.00000     0.00000
    -24.645         0.00000     0.00000     0.00000     0.00000
    -24.495         0.00000     0.00000     0.00000     0.00000
    -24.345         0.00000     0.00000     0.00000     0.00000
    -24.195         0.00000     0.00000     0.00000     0.00000
    -24.045         0.00000     0.00000     0.00000     0.00000
    -23.895         0.00000     0.00000     0.00000     0.00000
    -23.745         0.00000     0.00000     0.00000     0.00000
    -23.595         0.00000     0.00000     0.00000     0.00000
    -23.445         0.00000     0.00000     0.00000     0.00000
    -23.295         0.00000     0.00000     0.00000     0.00000
    -23.145         0.00000     0.00000     0.00000     0.00000
    -22.995         0.00000     0.00000     0.00000     0.00000
    -22.845         0.00000     0.00000     0.00000     0.00000
    -22.695         0.00000     0.00000     0.00000     0.00000
    -22.545         0.00000     0.00000     0.00000     0.00000
    -22.395         0.00000     0.00000     0.00000     0.00000
    -22.245         0.00000     0.00000     0.00000     0.00000
    -22.095         0.00000     0.00000     0.00000     0.00000
    -21.945         0.00000     0.00000     0.00000     0.00000
    -21.795         0.00000     0.00000     0.00000     0.00000
    -21.645         0.00000     0.00000     0.00000     0.00000
    -21.495         0.00000     0.00000     0.00000     0.00000
    -21.345         0.00000     0.00000     0.00000     0.00000
    -21.195         0.00000     0.00000     0.00000     0.00000
    -21.045         0.00000     0.00000     0.00000     0.00000
    -20.895         0.00000     0.00000     0.00000     0.00000
    -20.745         0.00000     0.00000     0.00000     0.00000
    -20.595         0.00000     0.00000     0.00000     0.00000
    -20.445         0.00000     0.00000     0.00000     0.00000
    -20.295         0.00000     0.00000     0.00000     0.00000
    -20.145         0.00000     0.00000     0.00000     0.00000
    -19.995         0.00000     0.00000     0.00000     0.00000
    -19.845         0.00000     0.00000     0.00000     0.00000
    -19.695         0.00000     0.00000     0.00000     0.00000
    -19.545         0.00000     0.00000     0.00000     0.00000
    -19.395         0.00000     0.00000     0.00000     0.00000
    -19.245         0.00000     0.00000     0.00000     0.00000
    -19.095         0.00000     0.00000     0.00000     0.00000
    -18.945         0.00000     0.00000     0.00000     0.00000
    -18.795         0.00000     0.00000     0.00000     0.00000
    -18.645         0.00000     0.00000     0.00000     0.00000
    -18.495         0.00000     0.00000     0.00000     0.00000
    -18.345         0.00000     0.00000     0.00000     0.00000
    -18.195         0.00000     0.00000     0.00000     0.00000
    -18.045         0.00000     0.00000     0.00000     0.00000
    -17.895         0.00000     0.00000     0.00000     0.00000
    -17.745         0.00000     0.00000     0.00000     0.00000
    -17.595        -0.00000    -0.00000     0.00000     0.00000
    -17.445        -0.00000    -0.00000     0.00000     0.00000
    -17.295        -0.00000    -0.00000     0.00000     0.00000
    -17.145        -0.00000    -0.00000     0.00000     0.00000
    -16.995        -0.00000    -0.00000     0.00000     0.00000
    -16.845        -0.00073    -0.00073     0.00000     0.00000
    -16.695        -0.00147    -0.00147     0.00000     0.00000
    -16.545        -0.00221    -0.00221     0.00000     0.00000
    -16.395        -0.00569    -0.00569     0.00000     0.00000
    -16.245        -0.00991    -0.00991     0.00000     0.00000
    -16.095        -0.01211    -0.01211     0.00000     0.00000
    -15.945        -0.01506    -0.01506     0.00000     0.00000
    -15.795        -0.01803    -0.01803     0.00000     0.00000
    -15.645        -0.02452    -0.02452     0.00000     0.00000
    -15.495        -0.02830    -0.02830     0.00000     0.00000
    -15.345        -0.03420    -0.03420     0.00000     0.00000
    -15.195        -0.03877    -0.03877     0.00000     0.00000
    -15.045        -0.04678    -0.04678     0.00000     0.00000
    -14.895        -0.05073    -0.05073     0.00000     0.00000
    -14.745        -0.06345    -0.06345     0.00000     0.00000
    -14.595        -0.06811    -0.06811     0.00000     0.00000
    -14.445        -0.07813    -0.07813     0.00000     0.00000
    -14.295        -0.08750    -0.08750     0.00000     0.00000
    -14.145        -0.09283    -0.09283     0.00000     0.00000
    -13.995        -0.10466    -0.10466     0.00000     0.00000
    -13.845        -0.11128    -0.11128     0.00000     0.00000
    -13.695        -0.12106    -0.12106     0.00000     0.00000
    -13.545        -0.12700    -0.12700     0.00000     0.00000
    -13.395        -0.13164    -0.13164     0.00000     0.00000
    -13.245        -0.13754    -0.13754     0.00000     0.00000
    -13.095        -0.14401    -0.14401     0.00000     0.00000
    -12.945        -0.14794    -0.14794     0.00000     0.00000
    -12.795        -0.15436    -0.15436     0.00000     0.00000
    -12.645        -0.15770    -0.15770     0.00000     0.00000
    -12.495        -0.16164    -0.16164     0.00000     0.00000
    -12.345        -0.16497    -0.16497     0.00000     0.00000
    -12.195        -0.17007    -0.17007     0.00000     0.00000
    -12.045        -0.17278    -0.17278     0.00000     0.00000
    -11.895        -0.17491    -0.17491     0.00000     0.00000
    -11.745        -0.17764    -0.17764     0.00000     0.00000
    -11.595        -0.18207    -0.18207     0.00000     0.00000
    -11.445        -0.18423    -0.18423     0.00000     0.00000
    -11.295        -0.18992    -0.18812    -0.00180     0.00000
    -11.145        -0.19334    -0.18971    -0.00364     0.00000
    -10.995        -0.19971    -0.19461    -0.00509     0.00000
    -10.845        -0.20811    -0.19847    -0.00964     0.00000
    -10.695        -0.21345    -0.20229    -0.01116     0.00000
    -10.545        -0.22187    -0.20563    -0.01623     0.00000
    -10.395        -0.22817    -0.20728    -0.02089     0.00000
    -10.245        -0.23437    -0.21009    -0.02428     0.00000
    -10.095        -0.24015    -0.21293    -0.02722     0.00000
    -9.9450        -0.24927    -0.21525    -0.03402     0.00000
    -9.7950        -0.25984    -0.21907    -0.04077     0.00000
    -9.6450        -0.27024    -0.22193    -0.04831     0.00000
    -9.4950        -0.28037    -0.22576    -0.05461     0.00000
    -9.3450        -0.28791    -0.22866    -0.05924     0.00000
    -9.1950        -0.29547    -0.23203    -0.06345     0.00000
    -9.0450        -0.30127    -0.23447    -0.06680     0.00000
    -8.8950        -0.30677    -0.23621    -0.07056     0.00000
    -8.7450        -0.31385    -0.23917    -0.07468     0.00000
    -8.5950        -0.31927    -0.24166    -0.07761     0.00000
    -8.4450        -0.32626    -0.24418    -0.08208     0.00000
    -8.2950        -0.33222    -0.24722    -0.08499     0.00000
    -8.1450        -0.33822    -0.25070    -0.08752     0.00000
    -7.9950        -0.34662    -0.25581    -0.09081     0.00000
    -7.8450        -0.35304    -0.25892    -0.09411     0.00000
    -7.6950        -0.35954    -0.26249    -0.09705     0.00000
    -7.5450        -0.36643    -0.26608    -0.10036     0.00000
    -7.3950        -0.37242    -0.26927    -0.10294    -0.00020
    -7.2450        -0.38019    -0.27248    -0.10661    -0.00110
    -7.0950        -0.39209    -0.27573    -0.11131    -0.00505
    -6.9450        -0.41270    -0.27840    -0.11567    -0.01863
    -6.7950        -0.45713    -0.28257    -0.12350    -0.05106
    -6.6450        -0.52496    -0.28590    -0.12691    -0.11216
    -6.4950        -0.62695    -0.28973    -0.13287    -0.20435
    -6.3450        -0.77193    -0.29360    -0.13823    -0.34009
    -6.1950        -0.95441    -0.29830    -0.14449    -0.51161
    -6.0450        -1.16063    -0.30339    -0.15278    -0.70447
    -5.8950        -1.37934    -0.30977    -0.15939    -0.91017
    -5.7450        -1.62685    -0.31645    -0.16847    -1.14193
    -5.5950        -1.87964    -0.31906    -0.17676    -1.38383
    -5.4450        -2.15081    -0.32584    -0.18894    -1.63603
    -5.2950        -2.41574    -0.33183    -0.20061    -1.88330
    -5.1450        -2.65978    -0.33760    -0.21255    -2.10963
    -4.9950        -2.92037    -0.34535    -0.22211    -2.35291
    -4.8450        -3.15765    -0.35294    -0.23176    -2.57296
    -4.6950        -3.40009    -0.36086    -0.24534    -2.79389
    -4.5450        -3.63048    -0.37051    -0.25769    -3.00228
    -4.3950        -3.85655    -0.37689    -0.27183    -3.20783
    -4.2450        -4.06720    -0.38459    -0.28520    -3.39741
    -4.0950        -4.26336    -0.39412    -0.29991    -3.56933
    -3.9450        -4.45858    -0.40458    -0.31436    -3.73964
    -3.7950        -4.65162    -0.41498    -0.33103    -3.90562
    -3.6450        -4.83830    -0.42620    -0.34875    -4.06334
    -3.4950        -5.03496    -0.43904    -0.37123    -4.22469
    -3.3450        -5.22190    -0.45375    -0.39354    -4.37461
    -3.1950        -5.40776    -0.46608    -0.41486    -4.52683
    -3.0450        -5.60435    -0.48073    -0.44091    -4.68271
    -2.8950        -5.80967    -0.49812    -0.47001    -4.84155
    -2.7450        -6.01086    -0.51623    -0.49889    -4.99575
    -2.5950        -6.23316    -0.53687    -0.52933    -5.16697
    -2.4450        -6.46277    -0.56096    -0.56143    -5.34038
    -2.2950        -6.72050    -0.58808    -0.59497    -5.53744
    -2.1450        -6.99623    -0.61785    -0.63248    -5.74590
    -1.9950        -7.32687    -0.65401    -0.67473    -5.99813
    -1.8450        -7.69373    -0.68846    -0.71598    -6.28928
    -1.6950        -8.13659    -0.73058    -0.75874    -6.64727
    -1.5450        -8.66930    -0.77879    -0.80665    -7.08386
    -1.3950        -9.32296    -0.83432    -0.86261    -7.62603
    -1.2450       -10.12034    -0.90115    -0.92414    -8.29505
    -1.0950       -11.08470    -0.98210    -0.99726    -9.10534
   -0.94500       -12.27532    -1.08478    -1.08513   -10.10541
   -0.79500       -13.72036    -1.21528    -1.19503   -11.31005
   -0.64500       -15.51987    -1.38406    -1.35322   -12.78258
   -0.49500       -17.85764    -1.62123    -1.60147   -14.63494
   -0.34500       -21.04545    -1.98951    -2.01652   -17.03942
   -0.22700       -22.40624    -2.16905    -2.20935   -18.02784
   -0.21300       -22.58522    -2.19378    -2.23553   -18.15591
   -0.20700       -22.76817    -2.21878    -2.26339   -18.28600
   -0.20100       -22.95611    -2.24427    -2.29129   -18.42056
   -0.19500       -23.14987    -2.27186    -2.32056   -18.55745
   -0.18900       -23.34578    -2.29896    -2.35071   -18.69611
   -0.18300       -23.54572    -2.32753    -2.38173   -18.83646
   -0.17700       -23.75239    -2.35713    -2.41421   -18.98105
   -0.17100       -23.96536    -2.38791    -2.44766   -19.12978
   -0.16500       -24.18595    -2.41959    -2.48252   -19.28384
   -0.15900       -24.41234    -2.45296    -2.51829   -19.44109
   -0.15300       -24.64534    -2.48637    -2.55479   -19.60417
   -0.14700       -24.88552    -2.52133    -2.59290   -19.77129
   -0.14100       -25.13451    -2.55771    -2.63280   -19.94401
   -0.13500       -25.39321    -2.59590    -2.67343   -20.12389
   -0.12900       -25.66160    -2.63605    -2.71612   -20.30943
   -0.12300       -25.94034    -2.67782    -2.76084   -20.50168
   -0.11700       -26.23095    -2.72042    -2.80829   -20.70224
   -0.11100       -26.53545    -2.76579    -2.85766   -20.91200
   -0.10500       -26.85502    -2.81281    -2.90976   -21.13245
   -0.99000E-01   -27.18927    -2.86155    -2.96439   -21.36333
   -0.93000E-01   -27.54249    -2.91263    -3.02236   -21.60750
   -0.87000E-01   -27.91403    -2.96628    -3.08278   -21.86497
   -0.81000E-01   -28.30682    -3.02191    -3.14691   -22.13801
   -0.75000E-01   -28.72507    -3.07989    -3.21544   -22.42974
   -0.69000E-01   -29.17155    -3.14029    -3.28883   -22.74242
   -0.63000E-01   -29.65575    -3.20447    -3.36840   -23.08288
   -0.57000E-01   -30.18524    -3.27256    -3.45630   -23.45638
   -0.51000E-01   -30.77012    -3.34639    -3.55534   -23.86838
   -0.45000E-01   -31.42150    -3.42668    -3.66179   -24.33303
   -0.39000E-01   -32.14700    -3.51365    -3.77135   -24.86201
   -0.33000E-01   -32.96784    -3.60229    -3.87829   -25.48726
   -0.27000E-01   -33.91685    -3.68645    -3.97922   -26.25118
   -0.21300E-01   -34.67227    -3.73964    -4.04121   -26.89142
   -0.19500E-01   -34.79272    -3.74694    -4.04971   -26.99607
   -0.18900E-01   -34.91595    -3.75417    -4.05804   -27.10374
   -0.18300E-01   -35.04271    -3.76131    -4.06623   -27.21517
   -0.17700E-01   -35.17291    -3.76834    -4.07415   -27.33042
   -0.17100E-01   -35.30630    -3.77516    -4.08192   -27.44922
   -0.16500E-01   -35.44387    -3.78184    -4.08932   -27.57271
   -0.15900E-01   -35.58613    -3.78838    -4.09658   -27.70117
   -0.15300E-01   -35.73300    -3.79464    -4.10360   -27.83476
   -0.14700E-01   -35.88504    -3.80074    -4.11030   -27.97400
   -0.14100E-01   -36.04288    -3.80668    -4.11679   -28.11941
   -0.13500E-01   -36.20667    -3.81241    -4.12298   -28.27129
   -0.12900E-01   -36.37669    -3.81786    -4.12888   -28.42996
   -0.12300E-01   -36.55435    -3.82314    -4.13456   -28.59664
   -0.11700E-01   -36.74034    -3.82816    -4.14009   -28.77208
   -0.11100E-01   -36.93584    -3.83295    -4.14528   -28.95761
   -0.10500E-01   -37.14151    -3.83750    -4.15018   -29.15384
   -0.99000E-02   -37.35892    -3.84189    -4.15481   -29.36222
   -0.93000E-02   -37.59047    -3.84600    -4.15917   -29.58529
   -0.87000E-02   -37.83766    -3.84992    -4.16331   -29.82442
   -0.81000E-02   -38.10404    -3.85352    -4.16715   -30.08337
   -0.75000E-02   -38.39386    -3.85689    -4.17074   -30.36622
   -0.69000E-02   -38.71176    -3.85999    -4.17400   -30.67777
   -0.63000E-02   -39.06369    -3.86281    -4.17700   -31.02388
   -0.57000E-02   -39.45702    -3.86539    -4.17972   -31.41192
   -0.51000E-02   -39.89917    -3.86771    -4.18214   -31.84932
   -0.45000E-02   -40.39802    -3.86977    -4.18427   -32.34398
   -0.39000E-02   -40.96196    -3.87155    -4.18611   -32.90430
   -0.33000E-02   -41.60181    -3.87306    -4.18769   -33.54106
   -0.27000E-02   -42.33090    -3.87428    -4.18897   -34.26764
   -0.21000E-02   -43.17181    -3.87525    -4.18997   -35.10659
   -0.15000E-02   -44.16296    -3.87594    -4.19068   -36.09634
   -0.90000E-03   -45.15224    -3.87636    -4.19111   -37.08476
   -0.30000E-03   -45.57302    -3.87650    -4.19125   -37.50527
    0.30000E-03   -45.15317    -3.87636    -4.19111   -37.08570
    0.90000E-03   -44.16698    -3.87595    -4.19068   -36.10035
    0.15000E-02   -43.17823    -3.87526    -4.18997   -35.11301
    0.21000E-02   -42.33736    -3.87429    -4.18897   -34.27410
    0.27000E-02   -41.60904    -3.87303    -4.18769   -33.54832
    0.33000E-02   -40.97008    -3.87149    -4.18614   -32.91245
    0.39000E-02   -40.40758    -3.86969    -4.18430   -32.35359
    0.45000E-02   -39.91032    -3.86759    -4.18219   -31.86055
    0.51000E-02   -39.46923    -3.86521    -4.17981   -31.42421
    0.57000E-02   -39.07638    -3.86257    -4.17721   -31.03660
    0.63000E-02   -38.72436    -3.85964    -4.17432   -30.69041
    0.69000E-02   -38.40668    -3.85643    -4.17115   -30.37910
    0.75000E-02   -38.11784    -3.85298    -4.16770   -30.09716
    0.81000E-02   -37.85209    -3.84926    -4.16402   -29.83881
    0.87000E-02   -37.60565    -3.84523    -4.16006   -29.60036
    0.93000E-02   -37.37488    -3.84094    -4.15589   -29.37804
    0.99000E-02   -37.15778    -3.83639    -4.15144   -29.16995
    0.10500E-01   -36.95259    -3.83156    -4.14682   -28.97421
    0.11100E-01   -36.75825    -3.82648    -4.14194   -28.78984
    0.11700E-01   -36.57308    -3.82121    -4.13678   -28.61510
    0.12300E-01   -36.39611    -3.81559    -4.13140   -28.44912
    0.12900E-01   -36.22657    -3.80978    -4.12586   -28.29093
    0.13500E-01   -36.06322    -3.80367    -4.12005   -28.13950
    0.14100E-01   -35.90620    -3.79723    -4.11399   -27.99497
    0.14700E-01   -35.75478    -3.79071    -4.10779   -27.85628
    0.15300E-01   -35.60789    -3.78373    -4.10133   -27.72282
    0.15900E-01   -35.46628    -3.77656    -4.09483   -27.59489
    0.16500E-01   -35.32919    -3.76919    -4.08813   -27.47187
    0.17100E-01   -35.19579    -3.76157    -4.08131   -27.35291
    0.17700E-01   -35.06602    -3.75371    -4.07428   -27.23803
    0.18300E-01   -34.93991    -3.74562    -4.06724   -27.12704
    0.18900E-01   -34.81696    -3.73730    -4.06016   -27.01950
    0.19500E-01   -34.69641    -3.72865    -4.05281   -26.91495
    0.21300E-01   -33.94382    -3.66523    -4.00014   -26.27846
    0.27000E-01   -33.00123    -3.56169    -3.91634   -25.52320
    0.33000E-01   -32.19437    -3.45222    -3.82931   -24.91283
    0.39000E-01   -31.48894    -3.34238    -3.74328   -24.40329
    0.45000E-01   -30.86708    -3.23584    -3.66329   -23.96795
    0.51000E-01   -30.31886    -3.13762    -3.59062   -23.59061
    0.57000E-01   -29.83519    -3.05026    -3.52436   -23.26057
    0.63000E-01   -29.40110    -2.97158    -3.46161   -22.96790
    0.69000E-01   -29.00592    -2.89854    -3.40178   -22.70559
    0.75000E-01   -28.64528    -2.82993    -3.34538   -22.46997
    0.81000E-01   -28.31205    -2.76508    -3.29066   -22.25630
    0.87000E-01   -28.00288    -2.70319    -3.23941   -22.06028
    0.93000E-01   -27.71560    -2.64461    -3.18968   -21.88131
    0.99000E-01   -27.44619    -2.58875    -3.14164   -21.71580
    0.10500       -27.19584    -2.53539    -3.09590   -21.56455
    0.11100       -26.95960    -2.48465    -3.05209   -21.42286
    0.11700       -26.73574    -2.43616    -3.00949   -21.29008
    0.12300       -26.52315    -2.38949    -2.96820   -21.16547
    0.12900       -26.32249    -2.34510    -2.92844   -21.04895
    0.13500       -26.13269    -2.30308    -2.89059   -20.93901
    0.14100       -25.95135    -2.26281    -2.85401   -20.83453
    0.14700       -25.77958    -2.22449    -2.81878   -20.73632
    0.15300       -25.61423    -2.18712    -2.78423   -20.64287
    0.15900       -25.45676    -2.15157    -2.75142   -20.55376
    0.16500       -25.30514    -2.11670    -2.71978   -20.46867
    0.17100       -25.16004    -2.08345    -2.68856   -20.38803
    0.17700       -25.02096    -2.05115    -2.65927   -20.31054
    0.18300       -24.88554    -2.01938    -2.62955   -20.23660
    0.18900       -24.75584    -1.98893    -2.60116   -20.16575
    0.19500       -24.63112    -1.95983    -2.57380   -20.09749
    0.20100       -24.51022    -1.93052    -2.54802   -20.03168
    0.20700       -24.39309    -1.90256    -2.52271   -19.96782
    0.21300       -24.28118    -1.87548    -2.49808   -19.90762
    0.22700       -23.45942    -1.67826    -2.31390   -19.46726
    0.34500       -21.79309    -1.26894    -1.93349   -18.59066
    0.49500       -20.74868    -1.01390    -1.69556   -18.03922
    0.64500       -19.99808    -0.84860    -1.52618   -17.62330
    0.79500       -19.41676    -0.73171    -1.40211   -17.28294
    0.94500       -18.93777    -0.64131    -1.30706   -16.98940
     1.0950       -18.53884    -0.56938    -1.23301   -16.73644
     1.2450       -18.19679    -0.51113    -1.17182   -16.51384
     1.3950       -17.90575    -0.46526    -1.12205   -16.31844
     1.5450       -17.64734    -0.42601    -1.07914   -16.14219
     1.6950       -17.41658    -0.39412    -1.04285   -15.97961
     1.8450       -17.21983    -0.37108    -1.01243   -15.83632
     1.9950       -17.03624    -0.35008    -0.98441   -15.70176
     2.1450       -16.87702    -0.33385    -0.95925   -15.58392
     2.2950       -16.73690    -0.31926    -0.93776   -15.47987
     2.4450       -16.60865    -0.30652    -0.91741   -15.38472
     2.5950       -16.48378    -0.29308    -0.89923   -15.29147
     2.7450       -16.36924    -0.28187    -0.88378   -15.20359
     2.8950       -16.26186    -0.27237    -0.87093   -15.11856
     3.0450       -16.17088    -0.26451    -0.85899   -15.04738
     3.1950       -16.08807    -0.25619    -0.84732   -14.98456
     3.3450       -16.00874    -0.24958    -0.83611   -14.92304
     3.4950       -15.93668    -0.24308    -0.82641   -14.86719
     3.6450       -15.85924    -0.23595    -0.81655   -14.80674
     3.7950       -15.79336    -0.23033    -0.80722   -14.75581
     3.9450       -15.73240    -0.22754    -0.79845   -14.70641
     4.0950       -15.67410    -0.22337    -0.79254   -14.65819
     4.2450       -15.62068    -0.21877    -0.78839   -14.61351
     4.3950       -15.56550    -0.21466    -0.78171   -14.56912
     4.5450       -15.51480    -0.21278    -0.77568   -14.52634
     4.6950       -15.46842    -0.20997    -0.77238   -14.48607
     4.8450       -15.42323    -0.20598    -0.76911   -14.44815
     4.9950       -15.37998    -0.20522    -0.76357   -14.41119
     5.1450       -15.33642    -0.20453    -0.75959   -14.37231
     5.2950       -15.29856    -0.20387    -0.75635   -14.33834
     5.4450       -15.26269    -0.20326    -0.75412   -14.30531
     5.5950       -15.22604    -0.20267    -0.75025   -14.27311
     5.7450       -15.19133    -0.20213    -0.74805   -14.24116
     5.8950       -15.15936    -0.20160    -0.74717   -14.21058
     6.0450       -15.12554    -0.19967    -0.74499   -14.18088
     6.1950       -15.09522    -0.19920    -0.74419   -14.15183
     6.3450       -15.06564    -0.19875    -0.74345   -14.12343
     6.4950       -15.03681    -0.19833    -0.74275   -14.09573
     6.6450       -15.00860    -0.19794    -0.74208   -14.06858
     6.7950       -14.98105    -0.19756    -0.74143   -14.04206
     6.9450       -14.95424    -0.19720    -0.74082   -14.01621
     7.0950       -14.92656    -0.19685    -0.74023   -13.98948
     7.2450       -14.90084    -0.19651    -0.73965   -13.96467
     7.3950       -14.87566    -0.19618    -0.73911   -13.94037
     7.5450       -14.85096    -0.19587    -0.73858   -13.91650
     7.6950       -14.82677    -0.19557    -0.73807   -13.89313
     7.8450       -14.80314    -0.19527    -0.73757   -13.87030
     7.9950       -14.77990    -0.19498    -0.73710   -13.84782
     8.1450       -14.75718    -0.19471    -0.73664   -13.82583
     8.2950       -14.73479    -0.19445    -0.73619   -13.80415
     8.4450       -14.71276    -0.19419    -0.73576   -13.78281
     8.5950       -14.69117    -0.19394    -0.73534   -13.76190
     8.7450       -14.67001    -0.19371    -0.73492   -13.74139
     8.8950       -14.64914    -0.19347    -0.73452   -13.72116
     9.0450       -14.62871    -0.19325    -0.73413   -13.70133
     9.1950       -14.60859    -0.19304    -0.73375   -13.68180
     9.3450       -14.58886    -0.19282    -0.73338   -13.66266
     9.4950       -14.56937    -0.19260    -0.73302   -13.64375
     9.6450       -14.55014    -0.19239    -0.73267   -13.62508
     9.7950       -14.53122    -0.19220    -0.73232   -13.60671
     9.9450       -14.51263    -0.19200    -0.73197   -13.58865
     10.095       -14.49434    -0.19181    -0.73164   -13.57088
     10.245       -14.47626    -0.19163    -0.73132   -13.55331
     10.395       -14.45844    -0.19145    -0.73100   -13.53600
     10.545       -14.44098    -0.19126    -0.73069   -13.51902
     10.695       -14.42371    -0.19108    -0.73038   -13.50225
     10.845       -14.40675    -0.19091    -0.73009   -13.48575
     10.995       -14.38993    -0.19075    -0.72979   -13.46939
     11.145       -14.37340    -0.19058    -0.72950   -13.45332
     11.295       -14.35708    -0.19042    -0.72921   -13.43744
     11.445       -14.34101    -0.19027    -0.72894   -13.42180
     11.595       -14.32515    -0.19011    -0.72866   -13.40637
     11.745       -14.30946    -0.18996    -0.72839   -13.39110
     11.895       -14.29405    -0.18982    -0.72812   -13.37611
     12.045       -14.27878    -0.18967    -0.72786   -13.36125
     12.195       -14.26368    -0.18953    -0.72760   -13.34656
     12.345       -14.24883    -0.18939    -0.72734   -13.33210
     12.495       -14.23406    -0.18925    -0.72709   -13.31772
     12.645       -14.21957    -0.18912    -0.72684   -13.30361
     12.795       -14.20522    -0.18898    -0.72659   -13.28965
     12.945       -14.19103    -0.18885    -0.72635   -13.27583
     13.095       -14.17704    -0.18872    -0.72611   -13.26221
     13.245       -14.16324    -0.18859    -0.72587   -13.24878
     13.395       -14.14961    -0.18847    -0.72564   -13.23549
     13.545       -14.13604    -0.18835    -0.72541   -13.22229
     13.695       -14.12270    -0.18822    -0.72518   -13.20929
     13.845       -14.10944    -0.18810    -0.72496   -13.19638
     13.995       -14.09639    -0.18799    -0.72474   -13.18366
     14.145       -14.08341    -0.18788    -0.72452   -13.17102
     14.295       -14.07061    -0.18777    -0.72430   -13.15855
     14.445       -14.05796    -0.18766    -0.72409   -13.14622
     14.595       -14.04547    -0.18755    -0.72388   -13.13404
     14.745       -14.03308    -0.18744    -0.72367   -13.12197
     14.895       -14.02082    -0.18733    -0.72346   -13.11003
     15.045       -14.00866    -0.18723    -0.72326   -13.09818
     15.195       -13.99665    -0.18713    -0.72306   -13.08647
     15.345       -13.98481    -0.18703    -0.72286   -13.07492
     15.495       -13.97302    -0.18692    -0.72266   -13.06344
     15.645       -13.96135    -0.18682    -0.72247   -13.05206
     15.795       -13.94978    -0.18672    -0.72228   -13.04078
     15.945       -13.93833    -0.18663    -0.72209   -13.02962
     16.095       -13.92705    -0.18653    -0.72190   -13.01863
     16.245       -13.91588    -0.18643    -0.72171   -13.00773
     16.395       -13.90476    -0.18634    -0.72153   -12.99689
     16.545       -13.89375    -0.18625    -0.72134   -12.98617
     16.695       -13.88284    -0.18615    -0.72116   -12.97553
     16.845       -13.87206    -0.18606    -0.72098   -12.96502
     16.995       -13.86136    -0.18597    -0.72080   -12.95459
     17.145       -13.85074    -0.18588    -0.72063   -12.94423
     17.295       -13.84026    -0.18579    -0.72046   -12.93401
     17.445       -13.82984    -0.18570    -0.72029   -12.92385
     17.595       -13.81954    -0.18562    -0.72012   -12.91381
     17.745       -13.80932    -0.18553    -0.71995   -12.90384
     17.895       -13.79916    -0.18544    -0.71978   -12.89394
     18.045       -13.78906    -0.18536    -0.71962   -12.88409
     18.195       -13.77906    -0.18528    -0.71945   -12.87433
     18.345       -13.76916    -0.18520    -0.71929   -12.86467
     18.495       -13.75933    -0.18512    -0.71913   -12.85509
     18.645       -13.74964    -0.18504    -0.71897   -12.84563
     18.795       -13.73996    -0.18496    -0.71881   -12.83619
     18.945       -13.73042    -0.18488    -0.71865   -12.82688
     19.095       -13.72097    -0.18481    -0.71850   -12.81767
     19.245       -13.71161    -0.18472    -0.71834   -12.80854
     19.395       -13.70224    -0.18465    -0.71819   -12.79940
     19.545       -13.69299    -0.18458    -0.71804   -12.79038
     19.695       -13.68379    -0.18450    -0.71789   -12.78141
     19.845       -13.67467    -0.18442    -0.71774   -12.77252
     19.995       -13.66564    -0.18434    -0.71759   -12.76370
     20.145       -13.65665    -0.18427    -0.71744   -12.75494
     20.295       -13.64776    -0.18419    -0.71729   -12.74628
     20.445       -13.63893    -0.18412    -0.71714   -12.73766
     20.595       -13.63020    -0.18405    -0.71699   -12.72916
     20.745       -13.62147    -0.18398    -0.71685   -12.72065
     20.895       -13.61286    -0.18391    -0.71671   -12.71224
     21.045       -13.60432    -0.18384    -0.71657   -12.70392
     21.195       -13.59580    -0.18377    -0.71643   -12.69560
     21.345       -13.58736    -0.18370    -0.71630   -12.68736
     21.495       -13.57900    -0.18363    -0.71616   -12.67921
     21.645       -13.57067    -0.18356    -0.71602   -12.67109
     21.795       -13.56243    -0.18349    -0.71589   -12.66304
     21.945       -13.55421    -0.18342    -0.71576   -12.65503
     22.095       -13.54608    -0.18336    -0.71563   -12.64709
     22.245       -13.53800    -0.18330    -0.71549   -12.63922
     22.395       -13.52996    -0.18323    -0.71536   -12.63137
     22.545       -13.52200    -0.18317    -0.71523   -12.62360
     22.695       -13.51406    -0.18310    -0.71510   -12.61586
     22.845       -13.50624    -0.18304    -0.71497   -12.60822
     22.995       -13.49845    -0.18298    -0.71484   -12.60062
     23.145       -13.49074    -0.18292    -0.71472   -12.59310
     23.295       -13.48306    -0.18285    -0.71459   -12.58562
     23.445       -13.47540    -0.18279    -0.71447   -12.57815
     23.595       -13.46781    -0.18273    -0.71434   -12.57074
     23.745       -13.46028    -0.18267    -0.71422   -12.56340
     23.895       -13.45278    -0.18261    -0.71410   -12.55608
     24.045       -13.44534    -0.18255    -0.71398   -12.54882
     24.195       -13.43793    -0.18249    -0.71385   -12.54158
     24.345       -13.43058    -0.18243    -0.71374   -12.53442
     24.495       -13.42329    -0.18237    -0.71361   -12.52730
     24.645       -13.41604    -0.18231    -0.71350   -12.52023
     24.795       -13.40882    -0.18226    -0.71338   -12.51318
     24.945       -13.40162    -0.18220    -0.71326   -12.50616
     25.095       -13.39451    -0.18215    -0.71314   -12.49922
     25.245       -13.38744    -0.18209    -0.71303   -12.49232
     25.395       -13.38041    -0.18204    -0.71292   -12.48545
     25.545       -13.37343    -0.18199    -0.71281   -12.47864
     25.695       -13.36651    -0.18193    -0.71269   -12.47189
     25.845       -13.35957    -0.18188    -0.71259   -12.46511
     25.995       -13.35270    -0.18182    -0.71247   -12.45841
     26.145       -13.34586    -0.18177    -0.71236   -12.45173
     26.295       -13.33904    -0.18171    -0.71225   -12.44508
     26.445       -13.33231    -0.18166    -0.71214   -12.43851
     26.595       -13.32558    -0.18161    -0.71203   -12.43194
     26.745       -13.31890    -0.18155    -0.71192   -12.42543
     26.895       -13.31229    -0.18150    -0.71181   -12.41897
     27.045       -13.30569    -0.18145    -0.71171   -12.41253
     27.195       -13.29912    -0.18140    -0.71160   -12.40612
     27.345       -13.29262    -0.18135    -0.71150   -12.39977
     27.495       -13.28614    -0.18130    -0.71139   -12.39345
     27.645       -13.27969    -0.18124    -0.71128   -12.38716
     27.795       -13.27330    -0.18119    -0.71118   -12.38093
     27.945       -13.26695    -0.18114    -0.71107   -12.37474
     28.095       -13.26060    -0.18109    -0.71097   -12.36854
     28.245       -13.25430    -0.18104    -0.71087   -12.36239
     28.395       -13.24804    -0.18099    -0.71077   -12.35628
     28.545       -13.24183    -0.18095    -0.71066   -12.35022
     28.695       -13.23565    -0.18090    -0.71056   -12.34418
     28.845       -13.22949    -0.18085    -0.71046   -12.33818
     28.995       -13.22339    -0.18080    -0.71036   -12.33222
     29.145       -13.21729    -0.18076    -0.71026   -12.32627
     29.295       -13.21124    -0.18071    -0.71016   -12.32037
     29.445       -13.20524    -0.18067    -0.71007   -12.31451
     29.595       -13.19928    -0.18061    -0.70997   -12.30869
     29.745       -13.19332    -0.18057    -0.70987   -12.30288
     29.895       -13.18741    -0.18052    -0.70977   -12.29711
     30.045       -13.18152    -0.18048    -0.70968   -12.29136
     30.195       -13.17564    -0.18043    -0.70958   -12.28563
     30.345       -13.16980    -0.18039    -0.70949   -12.27993
     30.495       -13.16402    -0.18034    -0.70940   -12.27428
     30.645       -13.15823    -0.18030    -0.70930   -12.26863
     30.795       -13.15247    -0.18026    -0.70921   -12.26300
     30.945       -13.14677    -0.18021    -0.70911   -12.25745
     31.095       -13.14107    -0.18016    -0.70901   -12.25189
     31.245       -13.13541    -0.18012    -0.70892   -12.24637
     31.395       -13.12978    -0.18008    -0.70883   -12.24087
     31.545       -13.12417    -0.18003    -0.70873   -12.23541
     31.695       -13.11861    -0.17999    -0.70865   -12.22998
     31.845       -13.11309    -0.17995    -0.70856   -12.22459
     31.995       -13.10757    -0.17990    -0.70847   -12.21920
     32.145       -13.10207    -0.17986    -0.70838   -12.21383
     32.295       -13.09660    -0.17982    -0.70829   -12.20850
     32.445       -13.09115    -0.17977    -0.70820   -12.20318
     32.595       -13.08577    -0.17973    -0.70811   -12.19792
     32.745       -13.08039    -0.17969    -0.70802   -12.19268
     32.895       -13.07507    -0.17965    -0.70793   -12.18749
     33.045       -13.06974    -0.17961    -0.70785   -12.18229
     33.195       -13.06446    -0.17957    -0.70776   -12.17714
     33.345       -13.05917    -0.17952    -0.70767   -12.17198
     33.495       -13.05392    -0.17948    -0.70758   -12.16686
     33.645       -13.04868    -0.17944    -0.70750   -12.16174
     33.795       -13.04346    -0.17940    -0.70741   -12.15665
     33.945       -13.03829    -0.17936    -0.70733   -12.15160
     34.095       -13.03315    -0.17932    -0.70724   -12.14658
     34.245       -13.02803    -0.17928    -0.70716   -12.14159
     34.395       -13.02291    -0.17924    -0.70707   -12.13660
     34.545       -13.01782    -0.17920    -0.70699   -12.13163
     34.695       -13.01278    -0.17916    -0.70691   -12.12671
     34.845       -13.00776    -0.17912    -0.70682   -12.12182
     34.995       -13.00274    -0.17909    -0.70674   -12.11692
     35.145       -12.99775    -0.17905    -0.70666   -12.11205
     35.295       -12.99279    -0.17901    -0.70657   -12.10721
     35.445       -12.98784    -0.17897    -0.70650   -12.10237
     35.595       -12.98290    -0.17894    -0.70642   -12.09755
     35.745       -12.97800    -0.17890    -0.70634   -12.09277
     35.895       -12.97314    -0.17886    -0.70626   -12.08802
     36.045       -12.96826    -0.17883    -0.70618   -12.08325
     36.195       -12.96343    -0.17879    -0.70610   -12.07853
     36.345       -12.95862    -0.17876    -0.70603   -12.07384
     36.495       -12.95382    -0.17872    -0.70595   -12.06916
     36.645       -12.94903    -0.17868    -0.70587   -12.06447
     36.795       -12.94427    -0.17865    -0.70580   -12.05982
     36.945       -12.93952    -0.17861    -0.70572   -12.05519
     37.095       -12.93479    -0.17858    -0.70564   -12.05057
     37.245       -12.93008    -0.17854    -0.70557   -12.04597
     37.395       -12.92541    -0.17851    -0.70549   -12.04141
     37.545       -12.92074    -0.17847    -0.70541   -12.03686
     37.695       -12.91609    -0.17843    -0.70533   -12.03232
     37.845       -12.91147    -0.17840    -0.70526   -12.02781
     37.995       -12.90688    -0.17836    -0.70519   -12.02333
     38.145       -12.90231    -0.17833    -0.70511   -12.01887
     38.295       -12.89776    -0.17829    -0.70504   -12.01443
     38.445       -12.89321    -0.17826    -0.70497   -12.00999
     38.595       -12.88870    -0.17822    -0.70489   -12.00559
     38.745       -12.88420    -0.17819    -0.70482   -12.00119
     38.895       -12.87972    -0.17816    -0.70474   -11.99682
     39.045       -12.87526    -0.17812    -0.70467   -11.99246
     39.195       -12.87081    -0.17809    -0.70460   -11.98812
     39.345       -12.86639    -0.17805    -0.70453   -11.98380
     39.495       -12.86199    -0.17802    -0.70446   -11.97951
     39.645       -12.85760    -0.17799    -0.70438   -11.97522
     39.795       -12.85321    -0.17796    -0.70432   -11.97094
     39.945       -12.84886    -0.17792    -0.70425   -11.96669
     40.095       -12.84451    -0.17789    -0.70417   -11.96245
     40.245       -12.84021    -0.17786    -0.70410   -11.95825
     40.395       -12.83589    -0.17782    -0.70403   -11.95404
     40.545       -12.83163    -0.17779    -0.70397   -11.94988
     40.695       -12.82734    -0.17776    -0.70390   -11.94569
     40.845       -12.82308    -0.17773    -0.70383   -11.94152
     40.995       -12.81882    -0.17769    -0.70376   -11.93737
     41.145       -12.81460    -0.17766    -0.70369   -11.93325
     41.295       -12.81040    -0.17763    -0.70362   -11.92915
     41.445       -12.80621    -0.17760    -0.70355   -11.92506
     41.595       -12.80202    -0.17757    -0.70349   -11.92096
     41.745       -12.79785    -0.17753    -0.70342   -11.91690
     41.895       -12.79371    -0.17750    -0.70335   -11.91285
     42.045       -12.78955    -0.17747    -0.70328   -11.90879
     42.195       -12.78542    -0.17744    -0.70322   -11.90476
     42.345       -12.78134    -0.17741    -0.70315   -11.90078
     42.495       -12.77725    -0.17738    -0.70308   -11.89679
     42.645       -12.77321    -0.17735    -0.70302   -11.89285
     42.795       -12.76917    -0.17732    -0.70295   -11.88890
     42.945       -12.76513    -0.17729    -0.70288   -11.88496
     43.095       -12.76112    -0.17726    -0.70282   -11.88105
     43.245       -12.75712    -0.17723    -0.70275   -11.87714
     43.395       -12.75313    -0.17720    -0.70268   -11.87325
     43.545       -12.74917    -0.17717    -0.70262   -11.86938
     43.695       -12.74521    -0.17714    -0.70255   -11.86552
     43.845       -12.74127    -0.17711    -0.70249   -11.86167
     43.995       -12.73734    -0.17708    -0.70242   -11.85784
     44.145       -12.73342    -0.17705    -0.70236   -11.85401
     44.295       -12.72950    -0.17702    -0.70230   -11.85019
     44.445       -12.72563    -0.17699    -0.70224   -11.84641
     44.595       -12.72176    -0.17696    -0.70217   -11.84263
     44.745       -12.71791    -0.17693    -0.70211   -11.83887
     44.895       -12.71405    -0.17690    -0.70205   -11.83510
     45.045       -12.71021    -0.17687    -0.70199   -11.83135
     45.195       -12.70637    -0.17684    -0.70192   -11.82761
     45.345       -12.70259    -0.17681    -0.70186   -11.82391
     45.495       -12.69879    -0.17678    -0.70180   -11.82021
     45.645       -12.69503    -0.17675    -0.70174   -11.81654
     45.795       -12.69123    -0.17673    -0.70168   -11.81282
     45.945       -12.68748    -0.17670    -0.70162   -11.80916
     46.095       -12.68372    -0.17667    -0.70156   -11.80549
     46.245       -12.67998    -0.17664    -0.70150   -11.80184
     46.395       -12.67626    -0.17661    -0.70144   -11.79821
     46.545       -12.67254    -0.17658    -0.70138   -11.79458
     46.695       -12.66884    -0.17655    -0.70132   -11.79097
     46.845       -12.66514    -0.17652    -0.70126   -11.78736
     46.995       -12.66147    -0.17650    -0.70119   -11.78378
     47.145       -12.65781    -0.17647    -0.70113   -11.78021
     47.295       -12.65419    -0.17644    -0.70108   -11.77667
     47.445       -12.65055    -0.17642    -0.70102   -11.77312
     47.595       -12.64694    -0.17639    -0.70096   -11.76960
     47.745       -12.64334    -0.17636    -0.70090   -11.76608
     47.895       -12.63974    -0.17633    -0.70084   -11.76257
     48.045       -12.63615    -0.17630    -0.70078   -11.75907
     48.195       -12.63257    -0.17628    -0.70072   -11.75557
     48.345       -12.62901    -0.17625    -0.70066   -11.75210
     48.495       -12.62548    -0.17623    -0.70060   -11.74865
     48.645       -12.62195    -0.17620    -0.70054   -11.74521
     48.795       -12.61844    -0.17617    -0.70048   -11.74178
     48.945       -12.61494    -0.17615    -0.70043   -11.73837
     49.095       -12.61145    -0.17612    -0.70037   -11.73497
     49.245       -12.60796    -0.17610    -0.70031   -11.73155
     49.395       -12.60450    -0.17607    -0.70026   -11.72817
     49.545       -12.60107    -0.17604    -0.70020   -11.72482
     49.695       -12.59762    -0.17602    -0.70015   -11.72145
     49.845       -12.59420    -0.17599    -0.70009   -11.71812
     49.995       -12.59075    -0.17597    -0.70003   -11.71475
     50.145       -12.58734    -0.17594    -0.69998   -11.71142
     50.295       -12.58394    -0.17592    -0.69992   -11.70810
     50.445       -12.58055    -0.17589    -0.69987   -11.70479
     50.595       -12.57716    -0.17587    -0.69981   -11.70148
     50.745       -12.57378    -0.17584    -0.69976   -11.69817
     50.895       -12.57040    -0.17582    -0.69970   -11.69488
     51.045       -12.56707    -0.17579    -0.69965   -11.69163
     51.195       -12.56376    -0.17577    -0.69959   -11.68839
     51.345       -12.56042    -0.17574    -0.69954   -11.68514
     51.495       -12.55709    -0.17572    -0.69948   -11.68188
     51.645       -12.55378    -0.17570    -0.69943   -11.67865
     51.795       -12.55049    -0.17567    -0.69938   -11.67544
     51.945       -12.54717    -0.17565    -0.69932   -11.67220
     52.095       -12.54388    -0.17562    -0.69927   -11.66899
     52.245       -12.54061    -0.17560    -0.69922   -11.66580
     52.395       -12.53735    -0.17557    -0.69916   -11.66262
     52.545       -12.53410    -0.17555    -0.69911   -11.65945
     52.695       -12.53087    -0.17552    -0.69905   -11.65630
     52.845       -12.52766    -0.17550    -0.69900   -11.65316
     52.995       -12.52443    -0.17547    -0.69895   -11.65001
     53.145       -12.52121    -0.17545    -0.69889   -11.64687
     53.295       -12.51801    -0.17542    -0.69884   -11.64375
     53.445       -12.51483    -0.17540    -0.69879   -11.64064
     53.595       -12.51164    -0.17538    -0.69874   -11.63753
     53.745       -12.50846    -0.17535    -0.69868   -11.63443
     53.895       -12.50530    -0.17533    -0.69863   -11.63134
     54.045       -12.50214    -0.17531    -0.69858   -11.62826
     54.195       -12.49902    -0.17528    -0.69852   -11.62521
     54.345       -12.49589    -0.17526    -0.69847   -11.62216
     54.495       -12.49276    -0.17524    -0.69842   -11.61910
     54.645       -12.48965    -0.17521    -0.69837   -11.61607
     54.795       -12.48653    -0.17519    -0.69832   -11.61303
     54.945       -12.48344    -0.17516    -0.69826   -11.61001
     55.095       -12.48034    -0.17514    -0.69822   -11.60698
     59.433       -12.23818    -0.17336    -0.69424   -11.37059
     80.646       -11.88433    -0.17072    -0.68839   -11.02521
     111.21       -11.54045    -0.16816    -0.68270   -10.68959
     153.36       -11.20682    -0.16567    -0.67717   -10.36398
     211.49       -10.88390    -0.16326    -0.67180   -10.04884
     291.64       -10.57181    -0.16091    -0.66662    -9.74427
     402.18       -10.27002    -0.15864    -0.66161    -9.44977
     554.60        -9.97860    -0.15645    -0.65677    -9.16538
     764.80        -9.69747    -0.15431    -0.65211    -8.89105
     1054.7        -9.42596    -0.15224    -0.64763    -8.62609
     1454.4        -9.16397    -0.15025    -0.64336    -8.37037
     2005.6        -8.91112    -0.14832    -0.63926    -8.12355
     2765.8        -8.66689    -0.14644    -0.63529    -7.88515
     3814.0        -8.43124    -0.14464    -0.63151    -7.65508
     5259.5        -8.20333    -0.14289    -0.62788    -7.43256
     7252.9        -7.98309    -0.14119    -0.62440    -7.21749
     10002.        -7.77029    -0.13955    -0.62106    -7.00968
     13793.        -7.56448    -0.13796    -0.61786    -6.80867
     19020.        -7.36617    -0.13642    -0.61477    -6.61498
     26229.        -7.17537    -0.13494    -0.61179    -6.42864
     36170.        -6.99229    -0.13351    -0.60893    -6.24984
     49878.        -6.81706    -0.13215    -0.60620    -6.07871
     68782.        -6.64951    -0.13083    -0.60356    -5.91512
     94851.        -6.48970    -0.12959    -0.60100    -5.75910
    0.13080E+06    -6.33713    -0.12841    -0.59855    -5.61017
    0.18038E+06    -6.19154    -0.12728    -0.59618    -5.46809
    0.24874E+06    -6.05289    -0.12621    -0.59389    -5.33279
    0.34301E+06    -5.92079    -0.12518    -0.59170    -5.20391
    0.47302E+06    -5.79499    -0.12421    -0.58958    -5.08120
    0.65229E+06    -5.67508    -0.12328    -0.58754    -4.96425
    0.89952E+06    -5.56102    -0.12240    -0.58559    -4.85304
    0.12404E+07    -5.45246    -0.12155    -0.58372    -4.74719
    0.17106E+07    -5.34924    -0.12077    -0.58195    -4.64652
    0.23589E+07    -5.25096    -0.12001    -0.58025    -4.55070
    0.32529E+07    -5.15754    -0.11929    -0.57864    -4.45961
    0.44858E+07    -5.06864    -0.11860    -0.57711    -4.37293
    0.61860E+07    -4.98403    -0.11795    -0.57565    -4.29043
    0.85305E+07    -4.90355    -0.11734    -0.57427    -4.21194
    0.11764E+08    -4.82705    -0.11675    -0.57295    -4.13736
    0.16222E+08    -4.75423    -0.11618    -0.57169    -4.06635
    0.22370E+08    -4.68505    -0.11565    -0.57049    -3.99890
    0.30849E+08    -4.61928    -0.11514    -0.56935    -3.93479
    0.42541E+08    -4.55726    -0.11466    -0.56826    -3.87435
    0.58664E+08    -4.49913    -0.11421    -0.56722    -3.81769
    0.80898E+08    -4.44481    -0.11379    -0.56624    -3.76479
    0.11156E+09    -4.39396    -0.11340    -0.56531    -3.71525
    0.15384E+09    -4.34632    -0.11303    -0.56442    -3.66886
    0.21215E+09    -4.30156    -0.11269    -0.56358    -3.62528
    0.29255E+09    -4.25952    -0.11238    -0.56278    -3.58436
    0.40343E+09    -4.22001    -0.11207    -0.56201    -3.54593
    0.55633E+09    -4.18290    -0.11178    -0.56128    -3.50983
    0.76719E+09    -4.14826    -0.11151    -0.56060    -3.47615
    0.10580E+10    -4.11701    -0.11127    -0.55996    -3.44579
    0.14589E+10    -4.08831    -0.11104    -0.55935    -3.41792
    0.20119E+10    -4.06191    -0.11084    -0.55879    -3.39228
    0.27744E+10    -4.03755    -0.11065    -0.55826    -3.36863
    0.38259E+10    -4.01511    -0.11048    -0.55777    -3.34687
    0.52760E+10    -3.99439    -0.11032    -0.55731    -3.32677
    0.72756E+10    -3.97523    -0.11017    -0.55687    -3.30820
    0.10033E+11    -3.95754    -0.11003    -0.55645    -3.29106
    0.13836E+11    -3.94127    -0.10991    -0.55607    -3.27529
    0.19079E+11    -3.92617    -0.10979    -0.55573    -3.26064
    0.26311E+11    -3.91227    -0.10968    -0.55541    -3.24718
    0.36283E+11    -3.89943    -0.10959    -0.55513    -3.23471
    0.50034E+11    -3.88762    -0.10950    -0.55487    -3.22325
    0.68997E+11    -3.87667    -0.10942    -0.55462    -3.21263
    0.10000E+12    -3.74560    -0.10842    -0.55170    -3.08548
