    -99.945         0.00000     0.00000     0.00000     0.00000
    -99.795         0.00000     0.00000     0.00000     0.00000
    -99.645         0.00000     0.00000     0.00000     0.00000
    -99.495         0.00000     0.00000     0.00000     0.00000
    -99.345         0.00000     0.00000     0.00000     0.00000
    -99.195         0.00000     0.00000     0.00000     0.00000
    -99.045         0.00000     0.00000     0.00000     0.00000
    -98.895         0.00000     0.00000     0.00000     0.00000
    -98.745         0.00000     0.00000     0.00000     0.00000
    -98.595         0.00000     0.00000     0.00000     0.00000
    -98.445         0.00000     0.00000     0.00000     0.00000
    -98.295         0.00000     0.00000     0.00000     0.00000
    -98.145         0.00000     0.00000     0.00000     0.00000
    -97.995         0.00000     0.00000     0.00000     0.00000
    -97.845         0.00000     0.00000     0.00000     0.00000
    -97.695         0.00000     0.00000     0.00000     0.00000
    -97.545         0.00000     0.00000     0.00000     0.00000
    -97.395         0.00000     0.00000     0.00000     0.00000
    -97.245         0.00000     0.00000     0.00000     0.00000
    -97.095         0.00000     0.00000     0.00000     0.00000
    -96.945         0.00000     0.00000     0.00000     0.00000
    -96.795         0.00000     0.00000     0.00000     0.00000
    -96.645         0.00000     0.00000     0.00000     0.00000
    -96.495         0.00000     0.00000     0.00000     0.00000
    -96.345         0.00000     0.00000     0.00000     0.00000
    -96.195         0.00000     0.00000     0.00000     0.00000
    -96.045         0.00000     0.00000     0.00000     0.00000
    -95.895         0.00000     0.00000     0.00000     0.00000
    -95.745         0.00000     0.00000     0.00000     0.00000
    -95.595         0.00000     0.00000     0.00000     0.00000
    -95.445         0.00000     0.00000     0.00000     0.00000
    -95.295         0.00000     0.00000     0.00000     0.00000
    -95.145         0.00000     0.00000     0.00000     0.00000
    -94.995         0.00000     0.00000     0.00000     0.00000
    -94.845         0.00000     0.00000     0.00000     0.00000
    -94.695         0.00000     0.00000     0.00000     0.00000
    -94.545         0.00000     0.00000     0.00000     0.00000
    -94.395         0.00000     0.00000     0.00000     0.00000
    -94.245         0.00000     0.00000     0.00000     0.00000
    -94.095         0.00000     0.00000     0.00000     0.00000
    -93.945         0.00000     0.00000     0.00000     0.00000
    -93.795         0.00000     0.00000     0.00000     0.00000
    -93.645         0.00000     0.00000     0.00000     0.00000
    -93.495         0.00000     0.00000     0.00000     0.00000
    -93.345         0.00000     0.00000     0.00000     0.00000
    -93.195         0.00000     0.00000     0.00000     0.00000
    -93.045         0.00000     0.00000     0.00000     0.00000
    -92.895         0.00000     0.00000     0.00000     0.00000
    -92.745         0.00000     0.00000     0.00000     0.00000
    -92.595         0.00000     0.00000     0.00000     0.00000
    -92.445         0.00000     0.00000     0.00000     0.00000
    -92.295         0.00000     0.00000     0.00000     0.00000
    -92.145         0.00000     0.00000     0.00000     0.00000
    -91.995         0.00000     0.00000     0.00000     0.00000
    -91.845         0.00000     0.00000     0.00000     0.00000
    -91.695         0.00000     0.00000     0.00000     0.00000
    -91.545         0.00000     0.00000     0.00000     0.00000
    -91.395         0.00000     0.00000     0.00000     0.00000
    -91.245         0.00000     0.00000     0.00000     0.00000
    -91.095         0.00000     0.00000     0.00000     0.00000
    -90.945         0.00000     0.00000     0.00000     0.00000
    -90.795         0.00000     0.00000     0.00000     0.00000
    -90.645         0.00000     0.00000     0.00000     0.00000
    -90.495         0.00000     0.00000     0.00000     0.00000
    -90.345         0.00000     0.00000     0.00000     0.00000
    -90.195         0.00000     0.00000     0.00000     0.00000
    -90.045         0.00000     0.00000     0.00000     0.00000
    -89.895         0.00000     0.00000     0.00000     0.00000
    -89.745         0.00000     0.00000     0.00000     0.00000
    -89.595         0.00000     0.00000     0.00000     0.00000
    -89.445         0.00000     0.00000     0.00000     0.00000
    -89.295         0.00000     0.00000     0.00000     0.00000
    -89.145         0.00000     0.00000     0.00000     0.00000
    -88.995         0.00000     0.00000     0.00000     0.00000
    -88.845         0.00000     0.00000     0.00000     0.00000
    -88.695         0.00000     0.00000     0.00000     0.00000
    -88.545         0.00000     0.00000     0.00000     0.00000
    -88.395         0.00000     0.00000     0.00000     0.00000
    -88.245         0.00000     0.00000     0.00000     0.00000
    -88.095         0.00000     0.00000     0.00000     0.00000
    -87.945         0.00000     0.00000     0.00000     0.00000
    -87.795         0.00000     0.00000     0.00000     0.00000
    -87.645         0.00000     0.00000     0.00000     0.00000
    -87.495         0.00000     0.00000     0.00000     0.00000
    -87.345         0.00000     0.00000     0.00000     0.00000
    -87.195         0.00000     0.00000     0.00000     0.00000
    -87.045         0.00000     0.00000     0.00000     0.00000
    -86.895         0.00000     0.00000     0.00000     0.00000
    -86.745         0.00000     0.00000     0.00000     0.00000
    -86.595         0.00000     0.00000     0.00000     0.00000
    -86.445         0.00000     0.00000     0.00000     0.00000
    -86.295         0.00000     0.00000     0.00000     0.00000
    -86.145         0.00000     0.00000     0.00000     0.00000
    -85.995         0.00000     0.00000     0.00000     0.00000
    -85.845         0.00000     0.00000     0.00000     0.00000
    -85.695         0.00000     0.00000     0.00000     0.00000
    -85.545         0.00000     0.00000     0.00000     0.00000
    -85.395         0.00000     0.00000     0.00000     0.00000
    -85.245         0.00000     0.00000     0.00000     0.00000
    -85.095         0.00000     0.00000     0.00000     0.00000
    -84.945         0.00000     0.00000     0.00000     0.00000
    -84.795         0.00000     0.00000     0.00000     0.00000
    -84.645         0.00000     0.00000     0.00000     0.00000
    -84.495         0.00000     0.00000     0.00000     0.00000
    -84.345         0.00000     0.00000     0.00000     0.00000
    -84.195         0.00000     0.00000     0.00000     0.00000
    -84.045         0.00000     0.00000     0.00000     0.00000
    -83.895         0.00000     0.00000     0.00000     0.00000
    -83.745         0.00000     0.00000     0.00000     0.00000
    -83.595         0.00000     0.00000     0.00000     0.00000
    -83.445         0.00000     0.00000     0.00000     0.00000
    -83.295         0.00000     0.00000     0.00000     0.00000
    -83.145         0.00000     0.00000     0.00000     0.00000
    -82.995         0.00000     0.00000     0.00000     0.00000
    -82.845         0.00000     0.00000     0.00000     0.00000
    -82.695         0.00000     0.00000     0.00000     0.00000
    -82.545         0.00000     0.00000     0.00000     0.00000
    -82.395         0.00000     0.00000     0.00000     0.00000
    -82.245         0.00000     0.00000     0.00000     0.00000
    -82.095         0.00000     0.00000     0.00000     0.00000
    -81.945         0.00000     0.00000     0.00000     0.00000
    -81.795         0.00000     0.00000     0.00000     0.00000
    -81.645         0.00000     0.00000     0.00000     0.00000
    -81.495         0.00000     0.00000     0.00000     0.00000
    -81.345         0.00000     0.00000     0.00000     0.00000
    -81.195         0.00000     0.00000     0.00000     0.00000
    -81.045         0.00000     0.00000     0.00000     0.00000
    -80.895         0.00000     0.00000     0.00000     0.00000
    -80.745         0.00000     0.00000     0.00000     0.00000
    -80.595         0.00000     0.00000     0.00000     0.00000
    -80.445         0.00000     0.00000     0.00000     0.00000
    -80.295         0.00000     0.00000     0.00000     0.00000
    -80.145         0.00000     0.00000     0.00000     0.00000
    -79.995         0.00000     0.00000     0.00000     0.00000
    -79.845         0.00000     0.00000     0.00000     0.00000
    -79.695         0.00000     0.00000     0.00000     0.00000
    -79.545         0.00000     0.00000     0.00000     0.00000
    -79.395         0.00000     0.00000     0.00000     0.00000
    -79.245         0.00000     0.00000     0.00000     0.00000
    -79.095         0.00000     0.00000     0.00000     0.00000
    -78.945         0.00000     0.00000     0.00000     0.00000
    -78.795         0.00000     0.00000     0.00000     0.00000
    -78.645         0.00000     0.00000     0.00000     0.00000
    -78.495         0.00000     0.00000     0.00000     0.00000
    -78.345         0.00000     0.00000     0.00000     0.00000
    -78.195         0.00000     0.00000     0.00000     0.00000
    -78.045         0.00000     0.00000     0.00000     0.00000
    -77.895         0.00000     0.00000     0.00000     0.00000
    -77.745         0.00000     0.00000     0.00000     0.00000
    -77.595         0.00000     0.00000     0.00000     0.00000
    -77.445         0.00000     0.00000     0.00000     0.00000
    -77.295         0.00000     0.00000     0.00000     0.00000
    -77.145         0.00000     0.00000     0.00000     0.00000
    -76.995         0.00000     0.00000     0.00000     0.00000
    -76.845         0.00000     0.00000     0.00000     0.00000
    -76.695         0.00000     0.00000     0.00000     0.00000
    -76.545         0.00000     0.00000     0.00000     0.00000
    -76.395         0.00000     0.00000     0.00000     0.00000
    -76.245         0.00000     0.00000     0.00000     0.00000
    -76.095         0.00000     0.00000     0.00000     0.00000
    -75.945         0.00000     0.00000     0.00000     0.00000
    -75.795         0.00000     0.00000     0.00000     0.00000
    -75.645         0.00000     0.00000     0.00000     0.00000
    -75.495         0.00000     0.00000     0.00000     0.00000
    -75.345         0.00000     0.00000     0.00000     0.00000
    -75.195         0.00000     0.00000     0.00000     0.00000
    -75.045         0.00000     0.00000     0.00000     0.00000
    -74.895         0.00000     0.00000     0.00000     0.00000
    -74.745         0.00000     0.00000     0.00000     0.00000
    -74.595         0.00000     0.00000     0.00000     0.00000
    -74.445         0.00000     0.00000     0.00000     0.00000
    -74.295         0.00000     0.00000     0.00000     0.00000
    -74.145         0.00000     0.00000     0.00000     0.00000
    -73.995         0.00000     0.00000     0.00000     0.00000
    -73.845         0.00000     0.00000     0.00000     0.00000
    -73.695         0.00000     0.00000     0.00000     0.00000
    -73.545         0.00000     0.00000     0.00000     0.00000
    -73.395         0.00000     0.00000     0.00000     0.00000
    -73.245         0.00000     0.00000     0.00000     0.00000
    -73.095         0.00000     0.00000     0.00000     0.00000
    -72.945         0.00000     0.00000     0.00000     0.00000
    -72.795         0.00000     0.00000     0.00000     0.00000
    -72.645         0.00000     0.00000     0.00000     0.00000
    -72.495         0.00000     0.00000     0.00000     0.00000
    -72.345         0.00000     0.00000     0.00000     0.00000
    -72.195         0.00000     0.00000     0.00000     0.00000
    -72.045         0.00000     0.00000     0.00000     0.00000
    -71.895         0.00000     0.00000     0.00000     0.00000
    -71.745         0.00000     0.00000     0.00000     0.00000
    -71.595         0.00000     0.00000     0.00000     0.00000
    -71.445         0.00000     0.00000     0.00000     0.00000
    -71.295         0.00000     0.00000     0.00000     0.00000
    -71.145         0.00000     0.00000     0.00000     0.00000
    -70.995         0.00000     0.00000     0.00000     0.00000
    -70.845         0.00000     0.00000     0.00000     0.00000
    -70.695         0.00000     0.00000     0.00000     0.00000
    -70.545         0.00000     0.00000     0.00000     0.00000
    -70.395         0.00000     0.00000     0.00000     0.00000
    -70.245         0.00000     0.00000     0.00000     0.00000
    -70.095         0.00000     0.00000     0.00000     0.00000
    -69.945         0.00000     0.00000     0.00000     0.00000
    -69.795         0.00000     0.00000     0.00000     0.00000
    -69.645         0.00000     0.00000     0.00000     0.00000
    -69.495         0.00000     0.00000     0.00000     0.00000
    -69.345         0.00000     0.00000     0.00000     0.00000
    -69.195         0.00000     0.00000     0.00000     0.00000
    -69.045         0.00000     0.00000     0.00000     0.00000
    -68.895         0.00000     0.00000     0.00000     0.00000
    -68.745         0.00000     0.00000     0.00000     0.00000
    -68.595         0.00000     0.00000     0.00000     0.00000
    -68.445         0.00000     0.00000     0.00000     0.00000
    -68.295         0.00000     0.00000     0.00000     0.00000
    -68.145         0.00000     0.00000     0.00000     0.00000
    -67.995         0.00000     0.00000     0.00000     0.00000
    -67.845         0.00000     0.00000     0.00000     0.00000
    -67.695         0.00000     0.00000     0.00000     0.00000
    -67.545         0.00000     0.00000     0.00000     0.00000
    -67.395         0.00000     0.00000     0.00000     0.00000
    -67.245         0.00000     0.00000     0.00000     0.00000
    -67.095         0.00000     0.00000     0.00000     0.00000
    -66.945         0.00000     0.00000     0.00000     0.00000
    -66.795         0.00000     0.00000     0.00000     0.00000
    -66.645         0.00000     0.00000     0.00000     0.00000
    -66.495         0.00000     0.00000     0.00000     0.00000
    -66.345         0.00000     0.00000     0.00000     0.00000
    -66.195         0.00000     0.00000     0.00000     0.00000
    -66.045         0.00000     0.00000     0.00000     0.00000
    -65.895         0.00000     0.00000     0.00000     0.00000
    -65.745         0.00000     0.00000     0.00000     0.00000
    -65.595         0.00000     0.00000     0.00000     0.00000
    -65.445         0.00000     0.00000     0.00000     0.00000
    -65.295         0.00000     0.00000     0.00000     0.00000
    -65.145         0.00000     0.00000     0.00000     0.00000
    -64.995         0.00000     0.00000     0.00000     0.00000
    -64.845         0.00000     0.00000     0.00000     0.00000
    -64.695         0.00000     0.00000     0.00000     0.00000
    -64.545         0.00000     0.00000     0.00000     0.00000
    -64.395         0.00000     0.00000     0.00000     0.00000
    -64.245         0.00000     0.00000     0.00000     0.00000
    -64.095         0.00000     0.00000     0.00000     0.00000
    -63.945         0.00000     0.00000     0.00000     0.00000
    -63.795         0.00000     0.00000     0.00000     0.00000
    -63.645         0.00000     0.00000     0.00000     0.00000
    -63.495         0.00000     0.00000     0.00000     0.00000
    -63.345         0.00000     0.00000     0.00000     0.00000
    -63.195         0.00000     0.00000     0.00000     0.00000
    -63.045         0.00000     0.00000     0.00000     0.00000
    -62.895         0.00000     0.00000     0.00000     0.00000
    -62.745         0.00000     0.00000     0.00000     0.00000
    -62.595         0.00000     0.00000     0.00000     0.00000
    -62.445         0.00000     0.00000     0.00000     0.00000
    -62.295         0.00000     0.00000     0.00000     0.00000
    -62.145         0.00000     0.00000     0.00000     0.00000
    -61.995         0.00000     0.00000     0.00000     0.00000
    -61.845         0.00000     0.00000     0.00000     0.00000
    -61.695         0.00000     0.00000     0.00000     0.00000
    -61.545         0.00000     0.00000     0.00000     0.00000
    -61.395         0.00000     0.00000     0.00000     0.00000
    -61.245         0.00000     0.00000     0.00000     0.00000
    -61.095         0.00000     0.00000     0.00000     0.00000
    -60.945         0.00000     0.00000     0.00000     0.00000
    -60.795         0.00000     0.00000     0.00000     0.00000
    -60.645         0.00000     0.00000     0.00000     0.00000
    -60.495         0.00000     0.00000     0.00000     0.00000
    -60.345         0.00000     0.00000     0.00000     0.00000
    -60.195         0.00000     0.00000     0.00000     0.00000
    -60.045         0.00000     0.00000     0.00000     0.00000
    -59.895         0.00000     0.00000     0.00000     0.00000
    -59.745         0.00000     0.00000     0.00000     0.00000
    -59.595         0.00000     0.00000     0.00000     0.00000
    -59.445         0.00000     0.00000     0.00000     0.00000
    -59.295         0.00000     0.00000     0.00000     0.00000
    -59.145         0.00000     0.00000     0.00000     0.00000
    -58.995         0.00000     0.00000     0.00000     0.00000
    -58.845         0.00000     0.00000     0.00000     0.00000
    -58.695         0.00000     0.00000     0.00000     0.00000
    -58.545         0.00000     0.00000     0.00000     0.00000
    -58.395         0.00000     0.00000     0.00000     0.00000
    -58.245         0.00000     0.00000     0.00000     0.00000
    -58.095         0.00000     0.00000     0.00000     0.00000
    -57.945         0.00000     0.00000     0.00000     0.00000
    -57.795         0.00000     0.00000     0.00000     0.00000
    -57.645         0.00000     0.00000     0.00000     0.00000
    -57.495         0.00000     0.00000     0.00000     0.00000
    -57.345         0.00000     0.00000     0.00000     0.00000
    -57.195         0.00000     0.00000     0.00000     0.00000
    -57.045         0.00000     0.00000     0.00000     0.00000
    -56.895         0.00000     0.00000     0.00000     0.00000
    -56.745         0.00000     0.00000     0.00000     0.00000
    -56.595         0.00000     0.00000     0.00000     0.00000
    -56.445         0.00000     0.00000     0.00000     0.00000
    -56.295         0.00000     0.00000     0.00000     0.00000
    -56.145         0.00000     0.00000     0.00000     0.00000
    -55.995         0.00000     0.00000     0.00000     0.00000
    -55.845         0.00000     0.00000     0.00000     0.00000
    -55.695         0.00000     0.00000     0.00000     0.00000
    -55.545         0.00000     0.00000     0.00000     0.00000
    -55.395         0.00000     0.00000     0.00000     0.00000
    -55.245         0.00000     0.00000     0.00000     0.00000
    -55.095         0.00000     0.00000     0.00000     0.00000
    -54.945         0.00000     0.00000     0.00000     0.00000
    -54.795         0.00000     0.00000     0.00000     0.00000
    -54.645         0.00000     0.00000     0.00000     0.00000
    -54.495         0.00000     0.00000     0.00000     0.00000
    -54.345         0.00000     0.00000     0.00000     0.00000
    -54.195         0.00000     0.00000     0.00000     0.00000
    -54.045         0.00000     0.00000     0.00000     0.00000
    -53.895         0.00000     0.00000     0.00000     0.00000
    -53.745         0.00000     0.00000     0.00000     0.00000
    -53.595         0.00000     0.00000     0.00000     0.00000
    -53.445         0.00000     0.00000     0.00000     0.00000
    -53.295         0.00000     0.00000     0.00000     0.00000
    -53.145         0.00000     0.00000     0.00000     0.00000
    -52.995         0.00000     0.00000     0.00000     0.00000
    -52.845         0.00000     0.00000     0.00000     0.00000
    -52.695         0.00000     0.00000     0.00000     0.00000
    -52.545         0.00000     0.00000     0.00000     0.00000
    -52.395         0.00000     0.00000     0.00000     0.00000
    -52.245         0.00000     0.00000     0.00000     0.00000
    -52.095         0.00000     0.00000     0.00000     0.00000
    -51.945         0.00000     0.00000     0.00000     0.00000
    -51.795         0.00000     0.00000     0.00000     0.00000
    -51.645         0.00000     0.00000     0.00000     0.00000
    -51.495         0.00000     0.00000     0.00000     0.00000
    -51.345         0.00000     0.00000     0.00000     0.00000
    -51.195         0.00000     0.00000     0.00000     0.00000
    -51.045         0.00000     0.00000     0.00000     0.00000
    -50.895         0.00000     0.00000     0.00000     0.00000
    -50.745         0.00000     0.00000     0.00000     0.00000
    -50.595         0.00000     0.00000     0.00000     0.00000
    -50.445         0.00000     0.00000     0.00000     0.00000
    -50.295         0.00000     0.00000     0.00000     0.00000
    -50.145         0.00000     0.00000     0.00000     0.00000
    -49.995         0.00000     0.00000     0.00000     0.00000
    -49.845         0.00000     0.00000     0.00000     0.00000
    -49.695         0.00000     0.00000     0.00000     0.00000
    -49.545         0.00000     0.00000     0.00000     0.00000
    -49.395         0.00000     0.00000     0.00000     0.00000
    -49.245         0.00000     0.00000     0.00000     0.00000
    -49.095         0.00000     0.00000     0.00000     0.00000
    -48.945         0.00000     0.00000     0.00000     0.00000
    -48.795         0.00000     0.00000     0.00000     0.00000
    -48.645         0.00000     0.00000     0.00000     0.00000
    -48.495         0.00000     0.00000     0.00000     0.00000
    -48.345         0.00000     0.00000     0.00000     0.00000
    -48.195         0.00000     0.00000     0.00000     0.00000
    -48.045         0.00000     0.00000     0.00000     0.00000
    -47.895         0.00000     0.00000     0.00000     0.00000
    -47.745         0.00000     0.00000     0.00000     0.00000
    -47.595         0.00000     0.00000     0.00000     0.00000
    -47.445         0.00000     0.00000     0.00000     0.00000
    -47.295         0.00000     0.00000     0.00000     0.00000
    -47.145         0.00000     0.00000     0.00000     0.00000
    -46.995         0.00000     0.00000     0.00000     0.00000
    -46.845         0.00000     0.00000     0.00000     0.00000
    -46.695         0.00000     0.00000     0.00000     0.00000
    -46.545         0.00000     0.00000     0.00000     0.00000
    -46.395         0.00000     0.00000     0.00000     0.00000
    -46.245         0.00000     0.00000     0.00000     0.00000
    -46.095         0.00000     0.00000     0.00000     0.00000
    -45.945         0.00000     0.00000     0.00000     0.00000
    -45.795         0.00000     0.00000     0.00000     0.00000
    -45.645         0.00000     0.00000     0.00000     0.00000
    -45.495         0.00000     0.00000     0.00000     0.00000
    -45.345         0.00000     0.00000     0.00000     0.00000
    -45.195         0.00000     0.00000     0.00000     0.00000
    -45.045         0.00000     0.00000     0.00000     0.00000
    -44.895         0.00000     0.00000     0.00000     0.00000
    -44.745         0.00000     0.00000     0.00000     0.00000
    -44.595         0.00000     0.00000     0.00000     0.00000
    -44.445         0.00000     0.00000     0.00000     0.00000
    -44.295         0.00000     0.00000     0.00000     0.00000
    -44.145         0.00000     0.00000     0.00000     0.00000
    -43.995         0.00000     0.00000     0.00000     0.00000
    -43.845         0.00000     0.00000     0.00000     0.00000
    -43.695         0.00000     0.00000     0.00000     0.00000
    -43.545         0.00000     0.00000     0.00000     0.00000
    -43.395         0.00000     0.00000     0.00000     0.00000
    -43.245         0.00000     0.00000     0.00000     0.00000
    -43.095         0.00000     0.00000     0.00000     0.00000
    -42.945         0.00000     0.00000     0.00000     0.00000
    -42.795         0.00000     0.00000     0.00000     0.00000
    -42.645         0.00000     0.00000     0.00000     0.00000
    -42.495         0.00000     0.00000     0.00000     0.00000
    -42.345         0.00000     0.00000     0.00000     0.00000
    -42.195         0.00000     0.00000     0.00000     0.00000
    -42.045         0.00000     0.00000     0.00000     0.00000
    -41.895         0.00000     0.00000     0.00000     0.00000
    -41.745         0.00000     0.00000     0.00000     0.00000
    -41.595         0.00000     0.00000     0.00000     0.00000
    -41.445         0.00000     0.00000     0.00000     0.00000
    -41.295         0.00000     0.00000     0.00000     0.00000
    -41.145         0.00000     0.00000     0.00000     0.00000
    -40.995         0.00000     0.00000     0.00000     0.00000
    -40.845         0.00000     0.00000     0.00000     0.00000
    -40.695         0.00000     0.00000     0.00000     0.00000
    -40.545         0.00000     0.00000     0.00000     0.00000
    -40.395         0.00000     0.00000     0.00000     0.00000
    -40.245         0.00000     0.00000     0.00000     0.00000
    -40.095         0.00000     0.00000     0.00000     0.00000
    -39.945         0.00000     0.00000     0.00000     0.00000
    -39.795         0.00000     0.00000     0.00000     0.00000
    -39.645         0.00000     0.00000     0.00000     0.00000
    -39.495         0.00000     0.00000     0.00000     0.00000
    -39.345         0.00000     0.00000     0.00000     0.00000
    -39.195         0.00000     0.00000     0.00000     0.00000
    -39.045         0.00000     0.00000     0.00000     0.00000
    -38.895         0.00000     0.00000     0.00000     0.00000
    -38.745         0.00000     0.00000     0.00000     0.00000
    -38.595         0.00000     0.00000     0.00000     0.00000
    -38.445         0.00000     0.00000     0.00000     0.00000
    -38.295         0.00000     0.00000     0.00000     0.00000
    -38.145         0.00000     0.00000     0.00000     0.00000
    -37.995         0.00000     0.00000     0.00000     0.00000
    -37.845         0.00000     0.00000     0.00000     0.00000
    -37.695         0.00000     0.00000     0.00000     0.00000
    -37.545         0.00000     0.00000     0.00000     0.00000
    -37.395         0.00000     0.00000     0.00000     0.00000
    -37.245         0.00000     0.00000     0.00000     0.00000
    -37.095         0.00000     0.00000     0.00000     0.00000
    -36.945         0.00000     0.00000     0.00000     0.00000
    -36.795         0.00000     0.00000     0.00000     0.00000
    -36.645         0.00000     0.00000     0.00000     0.00000
    -36.495         0.00000     0.00000     0.00000     0.00000
    -36.345         0.00000     0.00000     0.00000     0.00000
    -36.195         0.00000     0.00000     0.00000     0.00000
    -36.045         0.00000     0.00000     0.00000     0.00000
    -35.895         0.00000     0.00000     0.00000     0.00000
    -35.745         0.00000     0.00000     0.00000     0.00000
    -35.595         0.00000     0.00000     0.00000     0.00000
    -35.445         0.00000     0.00000     0.00000     0.00000
    -35.295         0.00000     0.00000     0.00000     0.00000
    -35.145         0.00000     0.00000     0.00000     0.00000
    -34.995         0.00000     0.00000     0.00000     0.00000
    -34.845         0.00000     0.00000     0.00000     0.00000
    -34.695         0.00000     0.00000     0.00000     0.00000
    -34.545         0.00000     0.00000     0.00000     0.00000
    -34.395         0.00000     0.00000     0.00000     0.00000
    -34.245         0.00000     0.00000     0.00000     0.00000
    -34.095         0.00000     0.00000     0.00000     0.00000
    -33.945         0.00000     0.00000     0.00000     0.00000
    -33.795         0.00000     0.00000     0.00000     0.00000
    -33.645         0.00000     0.00000     0.00000     0.00000
    -33.495         0.00000     0.00000     0.00000     0.00000
    -33.345         0.00000     0.00000     0.00000     0.00000
    -33.195         0.00000     0.00000     0.00000     0.00000
    -33.045         0.00000     0.00000     0.00000     0.00000
    -32.895         0.00000     0.00000     0.00000     0.00000
    -32.745         0.00000     0.00000     0.00000     0.00000
    -32.595         0.00000     0.00000     0.00000     0.00000
    -32.445         0.00000     0.00000     0.00000     0.00000
    -32.295         0.00000     0.00000     0.00000     0.00000
    -32.145         0.00000     0.00000     0.00000     0.00000
    -31.995         0.00000     0.00000     0.00000     0.00000
    -31.845         0.00000     0.00000     0.00000     0.00000
    -31.695         0.00000     0.00000     0.00000     0.00000
    -31.545         0.00000     0.00000     0.00000     0.00000
    -31.395         0.00000     0.00000     0.00000     0.00000
    -31.245         0.00000     0.00000     0.00000     0.00000
    -31.095         0.00000     0.00000     0.00000     0.00000
    -30.945         0.00000     0.00000     0.00000     0.00000
    -30.795         0.00000     0.00000     0.00000     0.00000
    -30.645         0.00000     0.00000     0.00000     0.00000
    -30.495         0.00000     0.00000     0.00000     0.00000
    -30.345         0.00000     0.00000     0.00000     0.00000
    -30.195         0.00000     0.00000     0.00000     0.00000
    -30.045         0.00000     0.00000     0.00000     0.00000
    -29.895         0.00000     0.00000     0.00000     0.00000
    -29.745         0.00000     0.00000     0.00000     0.00000
    -29.595         0.00000     0.00000     0.00000     0.00000
    -29.445         0.00000     0.00000     0.00000     0.00000
    -29.295         0.00000     0.00000     0.00000     0.00000
    -29.145         0.00000     0.00000     0.00000     0.00000
    -28.995         0.00000     0.00000     0.00000     0.00000
    -28.845         0.00000     0.00000     0.00000     0.00000
    -28.695         0.00000     0.00000     0.00000     0.00000
    -28.545         0.00000     0.00000     0.00000     0.00000
    -28.395         0.00000     0.00000     0.00000     0.00000
    -28.245         0.00000     0.00000     0.00000     0.00000
    -28.095         0.00000     0.00000     0.00000     0.00000
    -27.945         0.00000     0.00000     0.00000     0.00000
    -27.795         0.00000     0.00000     0.00000     0.00000
    -27.645         0.00000     0.00000     0.00000     0.00000
    -27.495         0.00000     0.00000     0.00000     0.00000
    -27.345         0.00000     0.00000     0.00000     0.00000
    -27.195         0.00000     0.00000     0.00000     0.00000
    -27.045         0.00000     0.00000     0.00000     0.00000
    -26.895         0.00000     0.00000     0.00000     0.00000
    -26.745         0.00000     0.00000     0.00000     0.00000
    -26.595         0.00000     0.00000     0.00000     0.00000
    -26.445         0.00000     0.00000     0.00000     0.00000
    -26.295         0.00000     0.00000     0.00000     0.00000
    -26.145         0.00000     0.00000     0.00000     0.00000
    -25.995         0.00000     0.00000     0.00000     0.00000
    -25.845         0.00000     0.00000     0.00000     0.00000
    -25.695         0.00000     0.00000     0.00000     0.00000
    -25.545         0.00000     0.00000     0.00000     0.00000
    -25.395         0.00000     0.00000     0.00000     0.00000
    -25.245         0.00000     0.00000     0.00000     0.00000
    -25.095         0.00000     0.00000     0.00000     0.00000
    -24.945         0.00000     0.00000     0.00000     0.00000
    -24.795         0.00000     0.00000     0.00000     0.00000
    -24.645         0.00000     0.00000     0.00000     0.00000
    -24.495         0.00000     0.00000     0.00000     0.00000
    -24.345         0.00000     0.00000     0.00000     0.00000
    -24.195         0.00000     0.00000     0.00000     0.00000
    -24.045         0.00000     0.00000     0.00000     0.00000
    -23.895         0.00000     0.00000     0.00000     0.00000
    -23.745         0.00000     0.00000     0.00000     0.00000
    -23.595         0.00000     0.00000     0.00000     0.00000
    -23.445         0.00000     0.00000     0.00000     0.00000
    -23.295         0.00000     0.00000     0.00000     0.00000
    -23.145         0.00000     0.00000     0.00000     0.00000
    -22.995         0.00000     0.00000     0.00000     0.00000
    -22.845         0.00000     0.00000     0.00000     0.00000
    -22.695         0.00000     0.00000     0.00000     0.00000
    -22.545         0.00000     0.00000     0.00000     0.00000
    -22.395         0.00000     0.00000     0.00000     0.00000
    -22.245         0.00000     0.00000     0.00000     0.00000
    -22.095         0.00000     0.00000     0.00000     0.00000
    -21.945         0.00000     0.00000     0.00000     0.00000
    -21.795         0.00000     0.00000     0.00000     0.00000
    -21.645         0.00000     0.00000     0.00000     0.00000
    -21.495         0.00000     0.00000     0.00000     0.00000
    -21.345         0.00000     0.00000     0.00000     0.00000
    -21.195         0.00000     0.00000     0.00000     0.00000
    -21.045         0.00000     0.00000     0.00000     0.00000
    -20.895         0.00000     0.00000     0.00000     0.00000
    -20.745         0.00000     0.00000     0.00000     0.00000
    -20.595         0.00000     0.00000     0.00000     0.00000
    -20.445         0.00000     0.00000     0.00000     0.00000
    -20.295         0.00000     0.00000     0.00000     0.00000
    -20.145         0.00000     0.00000     0.00000     0.00000
    -19.995         0.00000     0.00000     0.00000     0.00000
    -19.845         0.00000     0.00000     0.00000     0.00000
    -19.695         0.00000     0.00000     0.00000     0.00000
    -19.545         0.00000     0.00000     0.00000     0.00000
    -19.395         0.00000     0.00000     0.00000     0.00000
    -19.245         0.00000     0.00000     0.00000     0.00000
    -19.095         0.00000     0.00000     0.00000     0.00000
    -18.945         0.00000     0.00000     0.00000     0.00000
    -18.795         0.00000     0.00000     0.00000     0.00000
    -18.645         0.00000     0.00000     0.00000     0.00000
    -18.495         0.00000     0.00000     0.00000     0.00000
    -18.345         0.00000     0.00000     0.00000     0.00000
    -18.195         0.00000     0.00000     0.00000     0.00000
    -18.045         0.00000     0.00000     0.00000     0.00000
    -17.895         0.00000     0.00000     0.00000     0.00000
    -17.745         0.00000     0.00000     0.00000     0.00000
    -17.595         0.00000     0.00000     0.00000     0.00000
    -17.445         0.00000     0.00000     0.00000     0.00000
    -17.295         0.00000     0.00000     0.00000     0.00000
    -17.145         0.00000     0.00000     0.00000     0.00000
    -16.995         0.00000     0.00000     0.00000     0.00000
    -16.845         0.00000     0.00000     0.00000     0.00000
    -16.695         0.00000     0.00000     0.00000     0.00000
    -16.545         0.00000     0.00000     0.00000     0.00000
    -16.395         0.00000     0.00000     0.00000     0.00000
    -16.245         0.00000     0.00000     0.00000     0.00000
    -16.095         0.00000     0.00000     0.00000     0.00000
    -15.945         0.00000     0.00000     0.00000     0.00000
    -15.795         0.00000     0.00000     0.00000     0.00000
    -15.645         0.00000     0.00000     0.00000     0.00000
    -15.495         0.00000     0.00000     0.00000     0.00000
    -15.345         0.00000     0.00000     0.00000     0.00000
    -15.195         0.00000     0.00000     0.00000     0.00000
    -15.045         0.00000     0.00000     0.00000     0.00000
    -14.895         0.00000     0.00000     0.00000     0.00000
    -14.745         0.00000     0.00000     0.00000     0.00000
    -14.595         0.00000     0.00000     0.00000     0.00000
    -14.445         0.00000     0.00000     0.00000     0.00000
    -14.295         0.00000     0.00000     0.00000     0.00000
    -14.145         0.00000     0.00000     0.00000     0.00000
    -13.995         0.00000     0.00000     0.00000     0.00000
    -13.845         0.00000     0.00000     0.00000     0.00000
    -13.695         0.00000     0.00000     0.00000     0.00000
    -13.545         0.00000     0.00000     0.00000     0.00000
    -13.395         0.00000     0.00000     0.00000     0.00000
    -13.245         0.00000     0.00000     0.00000     0.00000
    -13.095         0.00000     0.00000     0.00000     0.00000
    -12.945         0.00000     0.00000     0.00000     0.00000
    -12.795         0.00000     0.00000     0.00000     0.00000
    -12.645         0.00000     0.00000     0.00000     0.00000
    -12.495         0.00000     0.00000     0.00000     0.00000
    -12.345         0.00000     0.00000     0.00000     0.00000
    -12.195         0.00000     0.00000     0.00000     0.00000
    -12.045         0.00000     0.00000     0.00000     0.00000
    -11.895         0.00000     0.00000     0.00000     0.00000
    -11.745         0.00000     0.00000     0.00000     0.00000
    -11.595         0.00000     0.00000     0.00000     0.00000
    -11.445         0.00000     0.00000     0.00000     0.00000
    -11.295         0.00000     0.00000     0.00000     0.00000
    -11.145         0.00000     0.00000     0.00000     0.00000
    -10.995         0.00000     0.00000     0.00000     0.00000
    -10.845         0.00000     0.00000     0.00000     0.00000
    -10.695         0.00000     0.00000     0.00000     0.00000
    -10.545         0.00000     0.00000     0.00000     0.00000
    -10.395         0.00000     0.00000     0.00000     0.00000
    -10.245         0.00000     0.00000     0.00000     0.00000
    -10.095         0.00000     0.00000     0.00000     0.00000
    -9.9450         0.00000     0.00000     0.00000     0.00000
    -9.7950         0.00000     0.00000     0.00000     0.00000
    -9.6450         0.00000     0.00000     0.00000     0.00000
    -9.4950         0.00000     0.00000     0.00000     0.00000
    -9.3450         0.00000     0.00000     0.00000     0.00000
    -9.1950         0.00000     0.00000     0.00000     0.00000
    -9.0450         0.00000     0.00000     0.00000     0.00000
    -8.8950         0.00000     0.00000     0.00000     0.00000
    -8.7450         0.00000     0.00000     0.00000     0.00000
    -8.5950         0.00000     0.00000     0.00000     0.00000
    -8.4450         0.00000     0.00000     0.00000     0.00000
    -8.2950         0.00000     0.00000     0.00000     0.00000
    -8.1450         0.00000     0.00000     0.00000     0.00000
    -7.9950         0.00000     0.00000     0.00000     0.00000
    -7.8450         0.00000     0.00000     0.00000     0.00000
    -7.6950         0.00000     0.00000     0.00000     0.00000
    -7.5450         0.00000     0.00000     0.00000     0.00000
    -7.3950         0.00000     0.00000     0.00000     0.00000
    -7.2450         0.00000     0.00000     0.00000     0.00000
    -7.0950         0.00000     0.00000     0.00000     0.00000
    -6.9450         0.00000     0.00000     0.00000     0.00000
    -6.7950         0.00000     0.00000     0.00000     0.00000
    -6.6450         0.00000     0.00000     0.00000     0.00000
    -6.4950         0.00000     0.00000     0.00000     0.00000
    -6.3450         0.00000     0.00000     0.00000     0.00000
    -6.1950         0.00000     0.00000     0.00000     0.00000
    -6.0450         0.00000     0.00000     0.00000     0.00000
    -5.8950         0.00000     0.00000     0.00000     0.00000
    -5.7450         0.00000     0.00000     0.00000     0.00000
    -5.5950         0.00000     0.00000     0.00000     0.00000
    -5.4450         0.00000     0.00000     0.00000     0.00000
    -5.2950         0.00000     0.00000     0.00000     0.00000
    -5.1450         0.00000     0.00000     0.00000     0.00000
    -4.9950         0.00000     0.00000     0.00000     0.00000
    -4.8450         0.00000     0.00000     0.00000     0.00000
    -4.6950         0.00000     0.00000     0.00000     0.00000
    -4.5450         0.00000     0.00000     0.00000     0.00000
    -4.3950         0.00000     0.00000     0.00000     0.00000
    -4.2450         0.00000     0.00000     0.00000     0.00000
    -4.0950         0.00000     0.00000     0.00000     0.00000
    -3.9450         0.00000     0.00000     0.00000     0.00000
    -3.7950         0.00000     0.00000     0.00000     0.00000
    -3.6450         0.00000     0.00000     0.00000     0.00000
    -3.4950         0.00000     0.00000     0.00000     0.00000
    -3.3450         0.00000     0.00000     0.00000     0.00000
    -3.1950         0.00000     0.00000     0.00000     0.00000
    -3.0450         0.00000     0.00000     0.00000     0.00000
    -2.8950         0.00000     0.00000     0.00000     0.00000
    -2.7450         0.00000     0.00000     0.00000     0.00000
    -2.5950         0.00000     0.00000     0.00000     0.00000
    -2.4450         0.00000     0.00000     0.00000     0.00000
    -2.2950         0.00000     0.00000     0.00000     0.00000
    -2.1450         0.00000     0.00000     0.00000     0.00000
    -1.9950         0.00000     0.00000     0.00000     0.00000
    -1.8450         0.00001     0.00001     0.00000     0.00000
    -1.6950         0.00004     0.00004     0.00000     0.00000
    -1.5450        -0.00002     0.00013    -0.00006    -0.00010
    -1.3950        -0.00129    -0.00022    -0.00030    -0.00077
    -1.2450        -0.00648    -0.00047    -0.00195    -0.00406
    -1.0950        -0.02650    -0.00156    -0.00865    -0.01629
   -0.94500        -0.09387    -0.00493    -0.02604    -0.06289
   -0.79500        -0.34615    -0.01035    -0.06028    -0.27552
   -0.64500        -1.33284    -0.02262    -0.10054    -1.20968
   -0.49500        -3.60855    -0.03922    -0.13426    -3.43507
   -0.34500        -6.51071    -0.06291    -0.16637    -6.28143
   -0.22700        -7.28706    -0.07295    -0.17967    -7.03443
   -0.21300        -7.37314    -0.07432    -0.18134    -7.11748
   -0.20700        -7.45843    -0.07553    -0.18316    -7.19974
   -0.20100        -7.54364    -0.07689    -0.18483    -7.28192
   -0.19500        -7.62846    -0.07829    -0.18684    -7.36333
   -0.18900        -7.71297    -0.07986    -0.18885    -7.44426
   -0.18300        -7.79796    -0.08135    -0.19082    -7.52578
   -0.17700        -7.88241    -0.08285    -0.19289    -7.60667
   -0.17100        -7.96587    -0.08451    -0.19488    -7.68648
   -0.16500        -8.05033    -0.08614    -0.19718    -7.76701
   -0.15900        -8.13374    -0.08781    -0.19945    -7.84647
   -0.15300        -8.21803    -0.08946    -0.20188    -7.92669
   -0.14700        -8.30300    -0.09122    -0.20428    -8.00749
   -0.14100        -8.38826    -0.09308    -0.20687    -8.08831
   -0.13500        -8.47538    -0.09501    -0.20964    -8.17073
   -0.12900        -8.56298    -0.09703    -0.21260    -8.25335
   -0.12300        -8.65177    -0.09911    -0.21554    -8.33712
   -0.11700        -8.74283    -0.10130    -0.21871    -8.42282
   -0.11100        -8.83572    -0.10364    -0.22206    -8.51003
   -0.10500        -8.93166    -0.10614    -0.22586    -8.59967
   -0.99000E-01    -9.02982    -0.10868    -0.22946    -8.69168
   -0.93000E-01    -9.13089    -0.11135    -0.23316    -8.78638
   -0.87000E-01    -9.23655    -0.11414    -0.23714    -8.88526
   -0.81000E-01    -9.34816    -0.11713    -0.24129    -8.98975
   -0.75000E-01    -9.46598    -0.12046    -0.24594    -9.09958
   -0.69000E-01    -9.59130    -0.12401    -0.25058    -9.21670
   -0.63000E-01    -9.72639    -0.12772    -0.25583    -9.34284
   -0.57000E-01    -9.87273    -0.13190    -0.26156    -9.47927
   -0.51000E-01   -10.03207    -0.13661    -0.26749    -9.62796
   -0.45000E-01   -10.20579    -0.14159    -0.27425    -9.78994
   -0.39000E-01   -10.39536    -0.14744    -0.28202    -9.96590
   -0.33000E-01   -10.60211    -0.15426    -0.29117   -10.15667
   -0.27000E-01   -10.82811    -0.16243    -0.30306   -10.36262
   -0.21300E-01   -10.99742    -0.16921    -0.31390   -10.51432
   -0.19500E-01   -11.02349    -0.17029    -0.31574   -10.53746
   -0.18900E-01   -11.04994    -0.17145    -0.31768   -10.56081
   -0.18300E-01   -11.07684    -0.17261    -0.31972   -10.58450
   -0.17700E-01   -11.10400    -0.17378    -0.32190   -10.60831
   -0.17100E-01   -11.13163    -0.17503    -0.32418   -10.63242
   -0.16500E-01   -11.15964    -0.17632    -0.32656   -10.65676
   -0.15900E-01   -11.18836    -0.17767    -0.32915   -10.68153
   -0.15300E-01   -11.21772    -0.17904    -0.33194   -10.70674
   -0.14700E-01   -11.24744    -0.18047    -0.33486   -10.73210
   -0.14100E-01   -11.27790    -0.18196    -0.33799   -10.75795
   -0.13500E-01   -11.30909    -0.18351    -0.34134   -10.78424
   -0.12900E-01   -11.34107    -0.18513    -0.34499   -10.81095
   -0.12300E-01   -11.37371    -0.18678    -0.34894   -10.83800
   -0.11700E-01   -11.40714    -0.18850    -0.35318   -10.86547
   -0.11100E-01   -11.44162    -0.19032    -0.35787   -10.89343
   -0.10500E-01   -11.47691    -0.19223    -0.36298   -10.92170
   -0.99000E-02   -11.51353    -0.19426    -0.36864   -10.95063
   -0.93000E-02   -11.55132    -0.19639    -0.37491   -10.98001
   -0.87000E-02   -11.59032    -0.19860    -0.38194   -11.00979
   -0.81000E-02   -11.63104    -0.20087    -0.38995   -11.04022
   -0.75000E-02   -11.67356    -0.20331    -0.39913   -11.07112
   -0.69000E-02   -11.71821    -0.20585    -0.40984   -11.10251
   -0.63000E-02   -11.76544    -0.20854    -0.42252   -11.13437
   -0.57000E-02   -11.81608    -0.21140    -0.43811   -11.16657
   -0.51000E-02   -11.87183    -0.21440    -0.45815   -11.19928
   -0.45000E-02   -11.93537    -0.21753    -0.48540   -11.23244
   -0.39000E-02   -12.01158    -0.22081    -0.52500   -11.26578
   -0.33000E-02   -12.10843    -0.22418    -0.58460   -11.29965
   -0.27000E-02   -12.23141    -0.22765    -0.66945   -11.33431
   -0.21000E-02   -12.34364    -0.23109    -0.74119   -11.37136
   -0.15000E-02   -12.42316    -0.23433    -0.77235   -11.41647
   -0.90000E-03   -12.51207    -0.23699    -0.78273   -11.49235
   -0.30000E-03   -13.95370    -0.23827    -0.78475   -12.93068
    0.30000E-03   -12.51343    -0.23625    -0.78347   -11.49370
    0.90000E-03   -12.43379    -0.22587    -0.78084   -11.42707
    0.15000E-02   -12.37375    -0.19467    -0.77764   -11.40145
    0.21000E-02   -12.28851    -0.12322    -0.77423   -11.39106
    0.27000E-02   -12.19640    -0.03873    -0.77079   -11.38687
    0.33000E-02   -12.13152     0.02107    -0.76738   -11.38521
    0.39000E-02   -12.08787     0.06079    -0.76411   -11.38455
    0.45000E-02   -12.05708     0.08818    -0.76096   -11.38429
    0.51000E-02   -12.03382     0.10833    -0.75797   -11.38418
    0.57000E-02   -12.01525     0.12401    -0.75513   -11.38413
    0.63000E-02   -11.99980     0.13672    -0.75242   -11.38410
    0.69000E-02   -11.98649     0.14746    -0.74987   -11.38409
    0.75000E-02   -11.97482     0.15667    -0.74742   -11.38407
    0.81000E-02   -11.96457     0.16461    -0.74512   -11.38406
    0.87000E-02   -11.95542     0.17164    -0.74301   -11.38405
    0.93000E-02   -11.94712     0.17784    -0.74093   -11.38403
    0.99000E-02   -11.93957     0.18340    -0.73896   -11.38401
    0.10500E-01   -11.93265     0.18845    -0.73711   -11.38399
    0.11100E-01   -11.92633     0.19304    -0.73539   -11.38398
    0.11700E-01   -11.92055     0.19719    -0.73378   -11.38396
    0.12300E-01   -11.91509     0.20102    -0.73218   -11.38394
    0.12900E-01   -11.91007     0.20456    -0.73071   -11.38392
    0.13500E-01   -11.90537     0.20782    -0.72929   -11.38390
    0.14100E-01   -11.90097     0.21086    -0.72795   -11.38387
    0.14700E-01   -11.89676     0.21373    -0.72665   -11.38385
    0.15300E-01   -11.89287     0.21637    -0.72541   -11.38383
    0.15900E-01   -11.88921     0.21885    -0.72426   -11.38380
    0.16500E-01   -11.88575     0.22118    -0.72314   -11.38378
    0.17100E-01   -11.88248     0.22336    -0.72209   -11.38375
    0.17700E-01   -11.87936     0.22545    -0.72109   -11.38372
    0.18300E-01   -11.87648     0.22736    -0.72015   -11.38369
    0.18900E-01   -11.87364     0.22926    -0.71924   -11.38367
    0.19500E-01   -11.87098     0.23103    -0.71837   -11.38363
    0.21300E-01   -11.85577     0.24094    -0.71331   -11.38340
    0.27000E-01   -11.84038     0.25083    -0.70824   -11.38298
    0.33000E-01   -11.83002     0.25748    -0.70506   -11.38244
    0.39000E-01   -11.82296     0.26199    -0.70313   -11.38182
    0.45000E-01   -11.81790     0.26512    -0.70189   -11.38112
    0.51000E-01   -11.81427     0.26736    -0.70121   -11.38041
    0.57000E-01   -11.81147     0.26886    -0.70074   -11.37960
    0.63000E-01   -11.80905     0.27001    -0.70043   -11.37863
    0.69000E-01   -11.80719     0.27083    -0.70027   -11.37776
    0.75000E-01   -11.80539     0.27146    -0.70016   -11.37669
    0.81000E-01   -11.80382     0.27185    -0.70008   -11.37559
    0.87000E-01   -11.80231     0.27216    -0.70003   -11.37443
    0.93000E-01   -11.80089     0.27238    -0.69997   -11.37330
    0.99000E-01   -11.79943     0.27255    -0.69993   -11.37205
    0.10500       -11.79780     0.27266    -0.69970   -11.37076
    0.11100       -11.79607     0.27275    -0.69949   -11.36933
    0.11700       -11.79433     0.27283    -0.69931   -11.36785
    0.12300       -11.79255     0.27289    -0.69913   -11.36631
    0.12900       -11.79079     0.27293    -0.69896   -11.36476
    0.13500       -11.78897     0.27317    -0.69894   -11.36320
    0.14100       -11.78707     0.27338    -0.69878   -11.36168
    0.14700       -11.78492     0.27359    -0.69861   -11.35989
    0.15300       -11.78294     0.27362    -0.69845   -11.35811
    0.15900       -11.78095     0.27365    -0.69829   -11.35632
    0.16500       -11.77898     0.27383    -0.69827   -11.35454
    0.17100       -11.77695     0.27386    -0.69811   -11.35270
    0.17700       -11.77493     0.27389    -0.69795   -11.35086
    0.18300       -11.77273     0.27404    -0.69780   -11.34897
    0.18900       -11.77061     0.27407    -0.69764   -11.34704
    0.19500       -11.76844     0.27422    -0.69761   -11.34505
    0.20100       -11.76618     0.27437    -0.69746   -11.34310
    0.20700       -11.76379     0.27453    -0.69731   -11.34101
    0.21300       -11.76143     0.27468    -0.69716   -11.33895
    0.22700       -11.74031     0.27504    -0.69582   -11.31953
    0.34500       -11.66923     0.27691    -0.69314   -11.25300
    0.49500       -11.59006     0.27836    -0.69073   -11.17769
    0.64500       -11.50769     0.27994    -0.68854   -11.09909
    0.79500       -11.42307     0.28128    -0.68654   -11.01781
    0.94500       -11.33596     0.28319    -0.68414   -10.93501
     1.0950       -11.24817     0.28495    -0.68189   -10.85123
     1.2450       -11.16075     0.28656    -0.67980   -10.76751
     1.3950       -11.07406     0.28806    -0.67783   -10.68430
     1.5450       -10.98927     0.28925    -0.67597   -10.60256
     1.6950       -10.90616     0.29054    -0.67420   -10.52250
     1.8450       -10.82427     0.29177    -0.67274   -10.44329
     1.9950       -10.74563     0.29293    -0.67121   -10.36735
     2.1450       -10.66947     0.29402    -0.66970   -10.29379
     2.2950       -10.59510     0.29505    -0.66826   -10.22189
     2.4450       -10.52407     0.29604    -0.66687   -10.15324
     2.5950       -10.45581     0.29699    -0.66554   -10.08725
     2.7450       -10.38998     0.29790    -0.66426   -10.02362
     2.8950       -10.32617     0.29876    -0.66303    -9.96190
     3.0450       -10.26487     0.29960    -0.66184    -9.90263
     3.1950       -10.20585     0.30039    -0.66068    -9.84556
     3.3450       -10.14887     0.30116    -0.65956    -9.79047
     3.4950       -10.09384     0.30190    -0.65849    -9.73725
     3.6450       -10.04060     0.30262    -0.65745    -9.68577
     3.7950        -9.98910     0.30332    -0.65643    -9.63599
     3.9450        -9.93904     0.30399    -0.65546    -9.58757
     4.0950        -9.89070     0.30465    -0.65451    -9.54083
     4.2450        -9.84368     0.30528    -0.65358    -9.49538
     4.3950        -9.79807     0.30590    -0.65269    -9.45128
     4.5450        -9.75387     0.30650    -0.65182    -9.40856
     4.6950        -9.71092     0.30709    -0.65096    -9.36705
     4.8450        -9.66897     0.30766    -0.65013    -9.32650
     4.9950        -9.62803     0.30821    -0.64932    -9.28692
     5.1450        -9.58839     0.30875    -0.64854    -9.24860
     5.2950        -9.54979     0.30927    -0.64776    -9.21130
     5.4450        -9.51223     0.30979    -0.64701    -9.17500
     5.5950        -9.47551     0.31028    -0.64627    -9.13953
     5.7450        -9.43968     0.31077    -0.64554    -9.10492
     5.8950        -9.40395     0.31125    -0.64483    -9.07037
     6.0450        -9.36981     0.31171    -0.64414    -9.03739
     6.1950        -9.33641     0.31217    -0.64346    -9.00512
     6.3450        -9.30378     0.31261    -0.64280    -8.97360
     6.4950        -9.27182     0.31305    -0.64215    -8.94272
     6.6450        -9.24054     0.31348    -0.64150    -8.91252
     6.7950        -9.20987     0.31389    -0.64089    -8.88288
     6.9450        -9.17984     0.31430    -0.64027    -8.85387
     7.0950        -9.15035     0.31471    -0.63967    -8.82539
     7.2450        -9.12147     0.31510    -0.63908    -8.79750
     7.3950        -9.09318     0.31549    -0.63849    -8.77017
     7.5450        -9.06536     0.31588    -0.63792    -8.74332
     7.6950        -9.03809     0.31626    -0.63735    -8.71700
     7.8450        -9.01135     0.31662    -0.63680    -8.69117
     7.9950        -8.98505     0.31698    -0.63626    -8.66577
     8.1450        -8.95926     0.31733    -0.63573    -8.64087
     8.2950        -8.93389     0.31767    -0.63520    -8.61636
     8.4450        -8.90898     0.31802    -0.63469    -8.59231
     8.5950        -8.88449     0.31835    -0.63417    -8.56867
     8.7450        -8.86034     0.31869    -0.63368    -8.54535
     8.8950        -8.83657     0.31902    -0.63319    -8.52240
     9.0450        -8.81322     0.31935    -0.63270    -8.49986
     9.1950        -8.79023     0.31967    -0.63222    -8.47768
     9.3450        -8.76762     0.31998    -0.63175    -8.45585
     9.4950        -8.74532     0.32028    -0.63129    -8.43431
     9.6450        -8.72334     0.32058    -0.63083    -8.41309
     9.7950        -8.70170     0.32088    -0.63038    -8.39220
     9.9450        -8.68040     0.32117    -0.62993    -8.37164
     10.095        -8.65941     0.32147    -0.62949    -8.35138
     10.245        -8.63874     0.32175    -0.62905    -8.33144
     10.395        -8.61831     0.32204    -0.62862    -8.31172
     10.545        -8.59816     0.32231    -0.62820    -8.29228
     10.695        -8.57835     0.32258    -0.62779    -8.27314
     10.845        -8.55879     0.32285    -0.62738    -8.25427
     10.995        -8.53951     0.32311    -0.62696    -8.23566
     11.145        -8.52049     0.32338    -0.62657    -8.21730
     11.295        -8.50166     0.32364    -0.62617    -8.19913
     11.445        -8.48309     0.32390    -0.62578    -8.18120
     11.595        -8.46476     0.32415    -0.62539    -8.16352
     11.745        -8.44661     0.32441    -0.62500    -8.14602
     11.895        -8.42878     0.32465    -0.62462    -8.12881
     12.045        -8.41107     0.32490    -0.62425    -8.11172
     12.195        -8.39364     0.32514    -0.62388    -8.09490
     12.345        -8.37639     0.32537    -0.62352    -8.07825
     12.495        -8.35937     0.32560    -0.62315    -8.06183
     12.645        -8.34250     0.32584    -0.62279    -8.04555
     12.795        -8.32589     0.32608    -0.62244    -8.02953
     12.945        -8.30942     0.32631    -0.62209    -8.01364
     13.095        -8.29314     0.32654    -0.62175    -7.99793
     13.245        -8.27712     0.32676    -0.62140    -7.98248
     13.395        -8.26122     0.32698    -0.62106    -7.96714
     13.545        -8.24556     0.32720    -0.62073    -7.95203
     13.695        -8.23003     0.32741    -0.62039    -7.93705
     13.845        -8.21467     0.32763    -0.62007    -7.92224
     13.995        -8.19946     0.32784    -0.61974    -7.90756
     14.145        -8.18440     0.32804    -0.61941    -7.89304
     14.295        -8.16948     0.32826    -0.61909    -7.87865
     14.445        -8.15473     0.32847    -0.61878    -7.86442
     14.595        -8.14016     0.32867    -0.61847    -7.85036
     14.745        -8.12573     0.32887    -0.61816    -7.83645
     14.895        -8.11145     0.32908    -0.61786    -7.82267
     15.045        -8.09731     0.32928    -0.61756    -7.80903
     15.195        -8.08331     0.32948    -0.61726    -7.79554
     15.345        -8.06941     0.32968    -0.61695    -7.78213
     15.495        -8.05569     0.32987    -0.61666    -7.76891
     15.645        -8.04210     0.33006    -0.61637    -7.75579
     15.795        -8.02863     0.33025    -0.61608    -7.74280
     15.945        -8.01531     0.33044    -0.61579    -7.72995
     16.095        -8.00208     0.33062    -0.61551    -7.71719
     16.245        -7.98898     0.33080    -0.61523    -7.70456
     16.395        -7.97605     0.33098    -0.61495    -7.69208
     16.545        -7.96320     0.33116    -0.61468    -7.67968
     16.695        -7.95045     0.33134    -0.61440    -7.66739
     16.845        -7.93782     0.33152    -0.61413    -7.65521
     16.995        -7.92530     0.33169    -0.61386    -7.64312
     17.145        -7.91291     0.33187    -0.61360    -7.63117
     17.295        -7.90062     0.33204    -0.61333    -7.61933
     17.445        -7.88842     0.33221    -0.61307    -7.60756
     17.595        -7.87633     0.33239    -0.61281    -7.59591
     17.745        -7.86437     0.33255    -0.61256    -7.58436
     17.895        -7.85247     0.33272    -0.61230    -7.57289
     18.045        -7.84068     0.33289    -0.61204    -7.56152
     18.195        -7.82898     0.33306    -0.61179    -7.55024
     18.345        -7.81743     0.33322    -0.61155    -7.53910
     18.495        -7.80598     0.33338    -0.61130    -7.52806
     18.645        -7.79460     0.33355    -0.61106    -7.51709
     18.795        -7.78330     0.33371    -0.61082    -7.50619
     18.945        -7.77211     0.33386    -0.61057    -7.49539
     19.095        -7.76105     0.33402    -0.61034    -7.48473
     19.245        -7.75001     0.33417    -0.61010    -7.47409
     19.395        -7.73908     0.33433    -0.60986    -7.46355
     19.545        -7.72823     0.33448    -0.60963    -7.45308
     19.695        -7.71746     0.33463    -0.60939    -7.44270
     19.845        -7.70676     0.33478    -0.60916    -7.43238
     19.995        -7.69614     0.33494    -0.60893    -7.42215
     20.145        -7.68565     0.33508    -0.60870    -7.41204
     20.295        -7.67518     0.33523    -0.60848    -7.40193
     20.445        -7.66480     0.33538    -0.60825    -7.39192
     20.595        -7.65453     0.33552    -0.60803    -7.38202
     20.745        -7.64431     0.33567    -0.60781    -7.37216
     20.895        -7.63417     0.33581    -0.60759    -7.36239
     21.045        -7.62414     0.33595    -0.60738    -7.35271
     21.195        -7.61415     0.33609    -0.60717    -7.34308
     21.345        -7.60422     0.33624    -0.60695    -7.33351
     21.495        -7.59438     0.33637    -0.60674    -7.32401
     21.645        -7.58463     0.33651    -0.60653    -7.31461
     21.795        -7.57493     0.33665    -0.60632    -7.30527
     21.945        -7.56529     0.33679    -0.60610    -7.29598
     22.095        -7.55575     0.33693    -0.60589    -7.28678
     22.245        -7.54626     0.33706    -0.60569    -7.27762
     22.395        -7.53685     0.33720    -0.60549    -7.26857
     22.545        -7.52751     0.33733    -0.60529    -7.25955
     22.695        -7.51821     0.33747    -0.60509    -7.25059
     22.845        -7.50898     0.33760    -0.60488    -7.24169
     22.995        -7.49981     0.33773    -0.60468    -7.23286
     23.145        -7.49067     0.33786    -0.60449    -7.22405
     23.295        -7.48163     0.33799    -0.60429    -7.21533
     23.445        -7.47264     0.33812    -0.60409    -7.20666
     23.595        -7.46371     0.33825    -0.60391    -7.19805
     23.745        -7.45487     0.33837    -0.60371    -7.18953
     23.895        -7.44605     0.33850    -0.60352    -7.18103
     24.045        -7.43730     0.33862    -0.60333    -7.17259
     24.195        -7.42858     0.33875    -0.60313    -7.16420
     24.345        -7.41994     0.33887    -0.60294    -7.15587
     24.495        -7.41133     0.33899    -0.60275    -7.14756
     24.645        -7.40279     0.33911    -0.60257    -7.13933
     24.795        -7.39427     0.33923    -0.60239    -7.13112
     24.945        -7.38583     0.33935    -0.60220    -7.12297
     25.095        -7.37745     0.33946    -0.60202    -7.11489
     25.245        -7.36910     0.33958    -0.60184    -7.10684
     25.395        -7.36082     0.33970    -0.60167    -7.09886
     25.545        -7.35258     0.33981    -0.60148    -7.09091
     25.695        -7.34438     0.33993    -0.60131    -7.08301
     25.845        -7.33625     0.34005    -0.60113    -7.07517
     25.995        -7.32815     0.34016    -0.60096    -7.06735
     26.145        -7.32012     0.34027    -0.60078    -7.05961
     26.295        -7.31214     0.34039    -0.60061    -7.05192
     26.445        -7.30420     0.34050    -0.60044    -7.04427
     26.595        -7.29632     0.34061    -0.60027    -7.03666
     26.745        -7.28849     0.34072    -0.60010    -7.02911
     26.895        -7.28069     0.34084    -0.59993    -7.02159
     27.045        -7.27293     0.34095    -0.59976    -7.01412
     27.195        -7.26522     0.34106    -0.59959    -7.00668
     27.345        -7.25756     0.34117    -0.59942    -6.99930
     27.495        -7.24994     0.34128    -0.59925    -6.99196
     27.645        -7.24237     0.34139    -0.59909    -6.98467
     27.795        -7.23482     0.34149    -0.59892    -6.97739
     27.945        -7.22732     0.34160    -0.59875    -6.97016
     28.095        -7.21987     0.34170    -0.59859    -6.96298
     28.245        -7.21245     0.34181    -0.59843    -6.95583
     28.395        -7.20510     0.34191    -0.59827    -6.94874
     28.545        -7.19774     0.34202    -0.59811    -6.94165
     28.695        -7.19045     0.34212    -0.59795    -6.93462
     28.845        -7.18320     0.34223    -0.59779    -6.92764
     28.995        -7.17598     0.34233    -0.59763    -6.92068
     29.145        -7.16879     0.34243    -0.59747    -6.91375
     29.295        -7.16167     0.34253    -0.59732    -6.90689
     29.445        -7.15457     0.34264    -0.59716    -6.90004
     29.595        -7.14754     0.34274    -0.59701    -6.89326
     29.745        -7.14050     0.34284    -0.59685    -6.88649
     29.895        -7.13352     0.34294    -0.59670    -6.87976
     30.045        -7.12656     0.34304    -0.59654    -6.87305
     30.195        -7.11965     0.34314    -0.59639    -6.86639
     30.345        -7.11277     0.34324    -0.59625    -6.85976
     30.495        -7.10595     0.34333    -0.59610    -6.85319
     30.645        -7.09914     0.34342    -0.59594    -6.84662
     30.795        -7.09238     0.34352    -0.59580    -6.84010
     30.945        -7.08564     0.34362    -0.59565    -6.83362
     31.095        -7.07894     0.34372    -0.59550    -6.82716
     31.245        -7.07229     0.34381    -0.59536    -6.82075
     31.395        -7.06565     0.34391    -0.59521    -6.81435
     31.545        -7.05903     0.34400    -0.59506    -6.80798
     31.695        -7.05248     0.34410    -0.59492    -6.80166
     31.845        -7.04594     0.34419    -0.59477    -6.79536
     31.995        -7.03944     0.34429    -0.59463    -6.78910
     32.145        -7.03297     0.34438    -0.59448    -6.78287
     32.295        -7.02651     0.34447    -0.59434    -6.77663
     32.445        -7.02010     0.34456    -0.59420    -6.77046
     32.595        -7.01370     0.34465    -0.59406    -6.76429
     32.745        -7.00733     0.34474    -0.59392    -6.75815
     32.895        -7.00101     0.34483    -0.59378    -6.75206
     33.045        -6.99473     0.34492    -0.59364    -6.74601
     33.195        -6.98846     0.34501    -0.59350    -6.73997
     33.345        -6.98225     0.34510    -0.59337    -6.73398
     33.495        -6.97602     0.34519    -0.59323    -6.72798
     33.645        -6.96986     0.34528    -0.59309    -6.72204
     33.795        -6.96372     0.34537    -0.59296    -6.71613
     33.945        -6.95761     0.34545    -0.59283    -6.71024
     34.095        -6.95153     0.34554    -0.59269    -6.70438
     34.245        -6.94545     0.34563    -0.59256    -6.69852
     34.395        -6.93942     0.34572    -0.59243    -6.69271
     34.545        -6.93342     0.34580    -0.59229    -6.68692
     34.695        -6.92744     0.34588    -0.59216    -6.68116
     34.845        -6.92150     0.34597    -0.59203    -6.67544
     34.995        -6.91556     0.34605    -0.59190    -6.66971
     35.145        -6.90966     0.34614    -0.59178    -6.66402
     35.295        -6.90377     0.34623    -0.59165    -6.65835
     35.445        -6.89790     0.34631    -0.59152    -6.65270
     35.595        -6.89211     0.34639    -0.59139    -6.64711
     35.745        -6.88631     0.34647    -0.59126    -6.64153
     35.895        -6.88053     0.34656    -0.59113    -6.63595
     36.045        -6.87478     0.34664    -0.59101    -6.63041
     36.195        -6.86904     0.34672    -0.59088    -6.62487
     36.345        -6.86338     0.34680    -0.59076    -6.61942
     36.495        -6.85771     0.34688    -0.59063    -6.61396
     36.645        -6.85207     0.34696    -0.59051    -6.60852
     36.795        -6.84647     0.34704    -0.59039    -6.60312
     36.945        -6.84088     0.34712    -0.59026    -6.59774
     37.095        -6.83531     0.34721    -0.59014    -6.59239
     37.245        -6.82979     0.34729    -0.59001    -6.58706
     37.395        -6.82429     0.34737    -0.58989    -6.58176
     37.545        -6.81879     0.34745    -0.58977    -6.57646
     37.695        -6.81331     0.34752    -0.58965    -6.57118
     37.845        -6.80785     0.34760    -0.58953    -6.56592
     37.995        -6.80241     0.34768    -0.58941    -6.56068
     38.145        -6.79699     0.34775    -0.58929    -6.55546
     38.295        -6.79161     0.34783    -0.58917    -6.55026
     38.445        -6.78621     0.34791    -0.58905    -6.54507
     38.595        -6.78087     0.34799    -0.58893    -6.53993
     38.745        -6.77554     0.34806    -0.58881    -6.53479
     38.895        -6.77023     0.34814    -0.58869    -6.52967
     39.045        -6.76494     0.34821    -0.58858    -6.52457
     39.195        -6.75967     0.34829    -0.58846    -6.51950
     39.345        -6.75446     0.34837    -0.58835    -6.51448
     39.495        -6.74925     0.34844    -0.58823    -6.50945
     39.645        -6.74406     0.34852    -0.58812    -6.50446
     39.795        -6.73888     0.34859    -0.58800    -6.49947
     39.945        -6.73373     0.34866    -0.58789    -6.49450
     40.095        -6.72861     0.34874    -0.58777    -6.48957
     40.245        -6.72349     0.34881    -0.58766    -6.48465
     40.395        -6.71839     0.34889    -0.58755    -6.47973
     40.545        -6.71333     0.34896    -0.58744    -6.47485
     40.695        -6.70827     0.34903    -0.58733    -6.46997
     40.845        -6.70323     0.34911    -0.58722    -6.46512
     40.995        -6.69823     0.34918    -0.58711    -6.46030
     41.145        -6.69324     0.34925    -0.58699    -6.45550
     41.295        -6.68827     0.34933    -0.58688    -6.45072
     41.445        -6.68334     0.34939    -0.58677    -6.44596
     41.595        -6.67840     0.34946    -0.58666    -6.44120
     41.745        -6.67350     0.34953    -0.58656    -6.43647
     41.895        -6.66861     0.34960    -0.58645    -6.43176
     42.045        -6.66374     0.34967    -0.58634    -6.42707
     42.195        -6.65889     0.34974    -0.58623    -6.42240
     42.345        -6.65405     0.34981    -0.58613    -6.41774
     42.495        -6.64922     0.34988    -0.58602    -6.41308
     42.645        -6.64441     0.34995    -0.58591    -6.40845
     42.795        -6.63964     0.35002    -0.58581    -6.40385
     42.945        -6.63487     0.35009    -0.58571    -6.39925
     43.095        -6.63013     0.35016    -0.58560    -6.39469
     43.245        -6.62541     0.35022    -0.58549    -6.39014
     43.395        -6.62069     0.35029    -0.58539    -6.38560
     43.545        -6.61600     0.35036    -0.58528    -6.38108
     43.695        -6.61132     0.35043    -0.58518    -6.37656
     43.845        -6.60666     0.35049    -0.58508    -6.37208
     43.995        -6.60201     0.35056    -0.58498    -6.36760
     44.145        -6.59738     0.35063    -0.58487    -6.36314
     44.295        -6.59278     0.35070    -0.58477    -6.35871
     44.445        -6.58819     0.35077    -0.58467    -6.35429
     44.595        -6.58362     0.35083    -0.58457    -6.34989
     44.745        -6.57908     0.35089    -0.58447    -6.34551
     44.895        -6.57455     0.35096    -0.58437    -6.34114
     45.045        -6.57003     0.35103    -0.58427    -6.33679
     45.195        -6.56552     0.35109    -0.58416    -6.33245
     45.345        -6.56100     0.35116    -0.58406    -6.32809
     45.495        -6.55651     0.35122    -0.58396    -6.32377
     45.645        -6.55202     0.35129    -0.58386    -6.31944
     45.795        -6.54758     0.35135    -0.58376    -6.31516
     45.945        -6.54314     0.35141    -0.58367    -6.31089
     46.095        -6.53873     0.35148    -0.58357    -6.30664
     46.245        -6.53430     0.35154    -0.58347    -6.30238
     46.395        -6.52992     0.35161    -0.58337    -6.29815
     46.545        -6.52554     0.35167    -0.58327    -6.29394
     46.695        -6.52116     0.35173    -0.58317    -6.28972
     46.845        -6.51681     0.35180    -0.58308    -6.28553
     46.995        -6.51249     0.35186    -0.58298    -6.28138
     47.145        -6.50818     0.35193    -0.58289    -6.27723
     47.295        -6.50387     0.35199    -0.58279    -6.27306
     47.445        -6.49957     0.35205    -0.58270    -6.26892
     47.595        -6.49530     0.35211    -0.58260    -6.26481
     47.745        -6.49104     0.35217    -0.58251    -6.26070
     47.895        -6.48679     0.35223    -0.58241    -6.25661
     48.045        -6.48257     0.35230    -0.58232    -6.25254
     48.195        -6.47834     0.35236    -0.58223    -6.24847
     48.345        -6.47415     0.35242    -0.58214    -6.24443
     48.495        -6.46995     0.35248    -0.58204    -6.24039
     48.645        -6.46577     0.35254    -0.58195    -6.23636
     48.795        -6.46160     0.35260    -0.58186    -6.23234
     48.945        -6.45746     0.35266    -0.58176    -6.22835
     49.095        -6.45332     0.35272    -0.58167    -6.22437
     49.245        -6.44921     0.35278    -0.58158    -6.22041
     49.395        -6.44511     0.35284    -0.58149    -6.21646
     49.545        -6.44102     0.35289    -0.58140    -6.21251
     49.695        -6.43693     0.35295    -0.58131    -6.20858
     49.845        -6.43286     0.35301    -0.58122    -6.20466
     49.995        -6.42881     0.35307    -0.58113    -6.20076
     50.145        -6.42479     0.35313    -0.58104    -6.19688
     50.295        -6.42077     0.35319    -0.58095    -6.19300
     50.445        -6.41676     0.35324    -0.58086    -6.18915
     50.595        -6.41274     0.35330    -0.58077    -6.18527
     50.745        -6.40874     0.35336    -0.58068    -6.18142
     50.895        -6.40477     0.35342    -0.58059    -6.17760
     51.045        -6.40079     0.35348    -0.58051    -6.17376
     51.195        -6.39684     0.35353    -0.58042    -6.16996
     51.345        -6.39291     0.35359    -0.58033    -6.16616
     51.495        -6.38897     0.35365    -0.58024    -6.16237
     51.645        -6.38505     0.35370    -0.58015    -6.15860
     51.795        -6.38116     0.35376    -0.58007    -6.15485
     51.945        -6.37728     0.35381    -0.57998    -6.15112
     52.095        -6.37340     0.35387    -0.57990    -6.14738
     52.245        -6.36955     0.35392    -0.57981    -6.14366
     52.395        -6.36568     0.35398    -0.57972    -6.13994
     52.545        -6.36186     0.35403    -0.57964    -6.13626
     52.695        -6.35802     0.35409    -0.57955    -6.13255
     52.845        -6.35419     0.35415    -0.57947    -6.12887
     52.995        -6.35038     0.35420    -0.57938    -6.12520
     53.145        -6.34657     0.35426    -0.57930    -6.12153
     53.295        -6.34277     0.35431    -0.57921    -6.11787
     53.445        -6.33901     0.35437    -0.57913    -6.11425
     53.595        -6.33523     0.35442    -0.57905    -6.11060
     53.745        -6.33146     0.35447    -0.57897    -6.10697
     53.895        -6.32774     0.35453    -0.57888    -6.10339
     54.045        -6.32402     0.35458    -0.57880    -6.09980
     54.195        -6.32031     0.35464    -0.57872    -6.09623
     54.345        -6.31660     0.35469    -0.57864    -6.09265
     54.495        -6.31288     0.35474    -0.57855    -6.08907
     54.645        -6.30918     0.35480    -0.57847    -6.08551
     54.795        -6.30550     0.35485    -0.57838    -6.08197
     54.945        -6.30183     0.35491    -0.57830    -6.07844
     55.095        -6.29818     0.35496    -0.57822    -6.07492
     59.433        -6.01149     0.35914    -0.57182    -5.79881
     80.646        -5.59248     0.36527    -0.56242    -5.39533
     111.21        -5.18480     0.37124    -0.55325    -5.00279
     153.36        -4.78900     0.37707    -0.54427    -4.62179
     211.49        -4.40539     0.38276    -0.53558    -4.25257
     291.64        -4.03425     0.38829    -0.52717    -3.89537
     402.18        -3.67510     0.39365    -0.51902    -3.54974
     554.60        -3.32815     0.39885    -0.51114    -3.21586
     764.80        -2.99296     0.40391    -0.50356    -2.89330
     1054.7        -2.66902     0.40879    -0.49626    -2.58155
     1454.4        -2.35592     0.41352    -0.48925    -2.28019
     2005.6        -2.05335     0.41810    -0.48243    -1.98901
     2765.8        -1.76093     0.42252    -0.47586    -1.70759
     3814.0        -1.47796     0.42682    -0.46957    -1.43521
     5259.5        -1.20383     0.43098    -0.46346    -1.17135
     7252.9        -0.93832     0.43502    -0.45758    -0.91576
     10002.        -0.68114     0.43893    -0.45189    -0.66817
     13793.        -0.43191     0.44273    -0.44639    -0.42824
     19020.        -0.19103     0.44641    -0.44107    -0.19637
     26229.         0.04097     0.44993    -0.43596     0.02700
     36170.         0.26394     0.45334    -0.43095     0.24156
     49878.         0.47725     0.45660    -0.42614     0.44679
     68782.         0.68128     0.45973    -0.42146     0.64300
     94851.         0.87614     0.46269    -0.41695     0.83040
    0.13080E+06     1.06235     0.46553    -0.41259     1.00941
    0.18038E+06     1.23984     0.46825    -0.40841     1.18000
    0.24874E+06     1.40911     0.47082    -0.40438     1.34267
    0.34301E+06     1.57034     0.47329    -0.40054     1.49760
    0.47302E+06     1.72397     0.47563    -0.39689     1.64524
    0.65229E+06     1.87026     0.47785    -0.39341     1.78581
    0.89952E+06     2.00957     0.47997    -0.39008     1.91969
    0.12404E+07     2.14224     0.48198    -0.38690     2.04716
    0.17106E+07     2.26849     0.48389    -0.38386     2.16846
    0.23589E+07     2.38863     0.48571    -0.38098     2.28390
    0.32529E+07     2.50284     0.48744    -0.37824     2.39364
    0.44858E+07     2.61157     0.48909    -0.37563     2.49812
    0.61860E+07     2.71494     0.49065    -0.37314     2.59743
    0.85305E+07     2.81330     0.49213    -0.37077     2.69194
    0.11764E+08     2.90687     0.49352    -0.36851     2.78187
    0.16222E+08     2.99588     0.49485    -0.36638     2.86741
    0.22370E+08     3.08047     0.49612    -0.36434     2.94868
    0.30849E+08     3.16078     0.49732    -0.36239     3.02585
    0.42541E+08     3.23649     0.49846    -0.36054     3.09857
    0.58664E+08     3.30742     0.49953    -0.35879     3.16668
    0.80898E+08     3.37379     0.50053    -0.35711     3.23036
    0.11156E+09     3.43613     0.50146    -0.35551     3.29018
    0.15384E+09     3.49473     0.50234    -0.35400     3.34639
    0.21215E+09     3.54996     0.50317    -0.35258     3.39938
    0.29255E+09     3.60196     0.50395    -0.35125     3.44926
    0.40343E+09     3.65086     0.50468    -0.35001     3.49618
    0.55633E+09     3.69695     0.50537    -0.34884     3.54041
    0.76719E+09     3.73999     0.50602    -0.34774     3.58171
    0.10580E+10     3.77883     0.50661    -0.34670     3.61891
    0.14589E+10     3.81432     0.50714    -0.34572     3.65290
    0.20119E+10     3.84698     0.50764    -0.34480     3.68414
    0.27744E+10     3.87707     0.50810    -0.34394     3.71291
    0.38259E+10     3.90477     0.50851    -0.34312     3.73938
    0.52760E+10     3.93033     0.50889    -0.34239     3.76382
    0.72756E+10     3.95390     0.50925    -0.34173     3.78638
    0.10033E+11     3.97570     0.50957    -0.34111     3.80724
    0.13836E+11     3.99585     0.50987    -0.34055     3.82653
    0.19079E+11     4.01439     0.51014    -0.34003     3.84427
    0.26311E+11     4.03145     0.51040    -0.33955     3.86060
    0.36283E+11     4.04726     0.51064    -0.33911     3.87572
    0.50034E+11     4.06182     0.51086    -0.33870     3.88966
    0.68997E+11     4.07528     0.51106    -0.33833     3.90255
    0.10000E+12     4.23627     0.51346    -0.33384     4.05665
