    -99.945         0.00000     0.00000     0.00000     0.00000
    -99.795         0.00000     0.00000     0.00000     0.00000
    -99.645         0.00000     0.00000     0.00000     0.00000
    -99.495         0.00000     0.00000     0.00000     0.00000
    -99.345         0.00000     0.00000     0.00000     0.00000
    -99.195         0.00000     0.00000     0.00000     0.00000
    -99.045         0.00000     0.00000     0.00000     0.00000
    -98.895         0.00000     0.00000     0.00000     0.00000
    -98.745         0.00000     0.00000     0.00000     0.00000
    -98.595         0.00000     0.00000     0.00000     0.00000
    -98.445         0.00000     0.00000     0.00000     0.00000
    -98.295         0.00000     0.00000     0.00000     0.00000
    -98.145         0.00000     0.00000     0.00000     0.00000
    -97.995         0.00000     0.00000     0.00000     0.00000
    -97.845         0.00000     0.00000     0.00000     0.00000
    -97.695         0.00000     0.00000     0.00000     0.00000
    -97.545         0.00000     0.00000     0.00000     0.00000
    -97.395         0.00000     0.00000     0.00000     0.00000
    -97.245         0.00000     0.00000     0.00000     0.00000
    -97.095         0.00000     0.00000     0.00000     0.00000
    -96.945         0.00000     0.00000     0.00000     0.00000
    -96.795         0.00000     0.00000     0.00000     0.00000
    -96.645         0.00000     0.00000     0.00000     0.00000
    -96.495         0.00000     0.00000     0.00000     0.00000
    -96.345         0.00000     0.00000     0.00000     0.00000
    -96.195         0.00000     0.00000     0.00000     0.00000
    -96.045         0.00000     0.00000     0.00000     0.00000
    -95.895         0.00000     0.00000     0.00000     0.00000
    -95.745         0.00000     0.00000     0.00000     0.00000
    -95.595         0.00000     0.00000     0.00000     0.00000
    -95.445         0.00000     0.00000     0.00000     0.00000
    -95.295         0.00000     0.00000     0.00000     0.00000
    -95.145         0.00000     0.00000     0.00000     0.00000
    -94.995         0.00000     0.00000     0.00000     0.00000
    -94.845         0.00000     0.00000     0.00000     0.00000
    -94.695         0.00000     0.00000     0.00000     0.00000
    -94.545         0.00000     0.00000     0.00000     0.00000
    -94.395         0.00000     0.00000     0.00000     0.00000
    -94.245         0.00000     0.00000     0.00000     0.00000
    -94.095         0.00000     0.00000     0.00000     0.00000
    -93.945         0.00000     0.00000     0.00000     0.00000
    -93.795         0.00000     0.00000     0.00000     0.00000
    -93.645         0.00000     0.00000     0.00000     0.00000
    -93.495         0.00000     0.00000     0.00000     0.00000
    -93.345         0.00000     0.00000     0.00000     0.00000
    -93.195         0.00000     0.00000     0.00000     0.00000
    -93.045         0.00000     0.00000     0.00000     0.00000
    -92.895         0.00000     0.00000     0.00000     0.00000
    -92.745         0.00000     0.00000     0.00000     0.00000
    -92.595         0.00000     0.00000     0.00000     0.00000
    -92.445         0.00000     0.00000     0.00000     0.00000
    -92.295         0.00000     0.00000     0.00000     0.00000
    -92.145         0.00000     0.00000     0.00000     0.00000
    -91.995         0.00000     0.00000     0.00000     0.00000
    -91.845         0.00000     0.00000     0.00000     0.00000
    -91.695         0.00000     0.00000     0.00000     0.00000
    -91.545         0.00000     0.00000     0.00000     0.00000
    -91.395         0.00000     0.00000     0.00000     0.00000
    -91.245         0.00000     0.00000     0.00000     0.00000
    -91.095         0.00000     0.00000     0.00000     0.00000
    -90.945         0.00000     0.00000     0.00000     0.00000
    -90.795         0.00000     0.00000     0.00000     0.00000
    -90.645         0.00000     0.00000     0.00000     0.00000
    -90.495         0.00000     0.00000     0.00000     0.00000
    -90.345         0.00000     0.00000     0.00000     0.00000
    -90.195         0.00000     0.00000     0.00000     0.00000
    -90.045         0.00000     0.00000     0.00000     0.00000
    -89.895         0.00000     0.00000     0.00000     0.00000
    -89.745         0.00000     0.00000     0.00000     0.00000
    -89.595         0.00000     0.00000     0.00000     0.00000
    -89.445         0.00000     0.00000     0.00000     0.00000
    -89.295         0.00000     0.00000     0.00000     0.00000
    -89.145         0.00000     0.00000     0.00000     0.00000
    -88.995         0.00000     0.00000     0.00000     0.00000
    -88.845         0.00000     0.00000     0.00000     0.00000
    -88.695         0.00000     0.00000     0.00000     0.00000
    -88.545         0.00000     0.00000     0.00000     0.00000
    -88.395         0.00000     0.00000     0.00000     0.00000
    -88.245         0.00000     0.00000     0.00000     0.00000
    -88.095         0.00000     0.00000     0.00000     0.00000
    -87.945         0.00000     0.00000     0.00000     0.00000
    -87.795         0.00000     0.00000     0.00000     0.00000
    -87.645         0.00000     0.00000     0.00000     0.00000
    -87.495         0.00000     0.00000     0.00000     0.00000
    -87.345         0.00000     0.00000     0.00000     0.00000
    -87.195         0.00000     0.00000     0.00000     0.00000
    -87.045         0.00000     0.00000     0.00000     0.00000
    -86.895         0.00000     0.00000     0.00000     0.00000
    -86.745         0.00000     0.00000     0.00000     0.00000
    -86.595         0.00000     0.00000     0.00000     0.00000
    -86.445         0.00000     0.00000     0.00000     0.00000
    -86.295         0.00000     0.00000     0.00000     0.00000
    -86.145         0.00000     0.00000     0.00000     0.00000
    -85.995         0.00000     0.00000     0.00000     0.00000
    -85.845         0.00000     0.00000     0.00000     0.00000
    -85.695         0.00000     0.00000     0.00000     0.00000
    -85.545         0.00000     0.00000     0.00000     0.00000
    -85.395         0.00000     0.00000     0.00000     0.00000
    -85.245         0.00000     0.00000     0.00000     0.00000
    -85.095         0.00000     0.00000     0.00000     0.00000
    -84.945         0.00000     0.00000     0.00000     0.00000
    -84.795         0.00000     0.00000     0.00000     0.00000
    -84.645         0.00000     0.00000     0.00000     0.00000
    -84.495         0.00000     0.00000     0.00000     0.00000
    -84.345         0.00000     0.00000     0.00000     0.00000
    -84.195         0.00000     0.00000     0.00000     0.00000
    -84.045         0.00000     0.00000     0.00000     0.00000
    -83.895         0.00000     0.00000     0.00000     0.00000
    -83.745         0.00000     0.00000     0.00000     0.00000
    -83.595         0.00000     0.00000     0.00000     0.00000
    -83.445         0.00000     0.00000     0.00000     0.00000
    -83.295         0.00000     0.00000     0.00000     0.00000
    -83.145         0.00000     0.00000     0.00000     0.00000
    -82.995         0.00000     0.00000     0.00000     0.00000
    -82.845         0.00000     0.00000     0.00000     0.00000
    -82.695         0.00000     0.00000     0.00000     0.00000
    -82.545         0.00000     0.00000     0.00000     0.00000
    -82.395         0.00000     0.00000     0.00000     0.00000
    -82.245         0.00000     0.00000     0.00000     0.00000
    -82.095         0.00000     0.00000     0.00000     0.00000
    -81.945         0.00000     0.00000     0.00000     0.00000
    -81.795         0.00000     0.00000     0.00000     0.00000
    -81.645         0.00000     0.00000     0.00000     0.00000
    -81.495         0.00000     0.00000     0.00000     0.00000
    -81.345         0.00000     0.00000     0.00000     0.00000
    -81.195         0.00000     0.00000     0.00000     0.00000
    -81.045         0.00000     0.00000     0.00000     0.00000
    -80.895         0.00000     0.00000     0.00000     0.00000
    -80.745         0.00000     0.00000     0.00000     0.00000
    -80.595         0.00000     0.00000     0.00000     0.00000
    -80.445         0.00000     0.00000     0.00000     0.00000
    -80.295         0.00000     0.00000     0.00000     0.00000
    -80.145         0.00000     0.00000     0.00000     0.00000
    -79.995         0.00000     0.00000     0.00000     0.00000
    -79.845         0.00000     0.00000     0.00000     0.00000
    -79.695         0.00000     0.00000     0.00000     0.00000
    -79.545         0.00000     0.00000     0.00000     0.00000
    -79.395         0.00000     0.00000     0.00000     0.00000
    -79.245         0.00000     0.00000     0.00000     0.00000
    -79.095         0.00000     0.00000     0.00000     0.00000
    -78.945         0.00000     0.00000     0.00000     0.00000
    -78.795         0.00000     0.00000     0.00000     0.00000
    -78.645         0.00000     0.00000     0.00000     0.00000
    -78.495         0.00000     0.00000     0.00000     0.00000
    -78.345         0.00000     0.00000     0.00000     0.00000
    -78.195         0.00000     0.00000     0.00000     0.00000
    -78.045         0.00000     0.00000     0.00000     0.00000
    -77.895         0.00000     0.00000     0.00000     0.00000
    -77.745         0.00000     0.00000     0.00000     0.00000
    -77.595         0.00000     0.00000     0.00000     0.00000
    -77.445         0.00000     0.00000     0.00000     0.00000
    -77.295         0.00000     0.00000     0.00000     0.00000
    -77.145         0.00000     0.00000     0.00000     0.00000
    -76.995         0.00000     0.00000     0.00000     0.00000
    -76.845         0.00000     0.00000     0.00000     0.00000
    -76.695         0.00000     0.00000     0.00000     0.00000
    -76.545         0.00000     0.00000     0.00000     0.00000
    -76.395         0.00000     0.00000     0.00000     0.00000
    -76.245         0.00000     0.00000     0.00000     0.00000
    -76.095         0.00000     0.00000     0.00000     0.00000
    -75.945         0.00000     0.00000     0.00000     0.00000
    -75.795         0.00000     0.00000     0.00000     0.00000
    -75.645         0.00000     0.00000     0.00000     0.00000
    -75.495         0.00000     0.00000     0.00000     0.00000
    -75.345         0.00000     0.00000     0.00000     0.00000
    -75.195         0.00000     0.00000     0.00000     0.00000
    -75.045         0.00000     0.00000     0.00000     0.00000
    -74.895         0.00000     0.00000     0.00000     0.00000
    -74.745         0.00000     0.00000     0.00000     0.00000
    -74.595         0.00000     0.00000     0.00000     0.00000
    -74.445         0.00000     0.00000     0.00000     0.00000
    -74.295         0.00000     0.00000     0.00000     0.00000
    -74.145         0.00000     0.00000     0.00000     0.00000
    -73.995         0.00000     0.00000     0.00000     0.00000
    -73.845         0.00000     0.00000     0.00000     0.00000
    -73.695         0.00000     0.00000     0.00000     0.00000
    -73.545         0.00000     0.00000     0.00000     0.00000
    -73.395         0.00000     0.00000     0.00000     0.00000
    -73.245         0.00000     0.00000     0.00000     0.00000
    -73.095         0.00000     0.00000     0.00000     0.00000
    -72.945         0.00000     0.00000     0.00000     0.00000
    -72.795         0.00000     0.00000     0.00000     0.00000
    -72.645         0.00000     0.00000     0.00000     0.00000
    -72.495         0.00000     0.00000     0.00000     0.00000
    -72.345         0.00000     0.00000     0.00000     0.00000
    -72.195         0.00000     0.00000     0.00000     0.00000
    -72.045         0.00000     0.00000     0.00000     0.00000
    -71.895         0.00000     0.00000     0.00000     0.00000
    -71.745         0.00000     0.00000     0.00000     0.00000
    -71.595         0.00000     0.00000     0.00000     0.00000
    -71.445         0.00000     0.00000     0.00000     0.00000
    -71.295         0.00000     0.00000     0.00000     0.00000
    -71.145         0.00000     0.00000     0.00000     0.00000
    -70.995         0.00000     0.00000     0.00000     0.00000
    -70.845         0.00000     0.00000     0.00000     0.00000
    -70.695         0.00000     0.00000     0.00000     0.00000
    -70.545         0.00000     0.00000     0.00000     0.00000
    -70.395         0.00000     0.00000     0.00000     0.00000
    -70.245         0.00000     0.00000     0.00000     0.00000
    -70.095         0.00000     0.00000     0.00000     0.00000
    -69.945         0.00000     0.00000     0.00000     0.00000
    -69.795         0.00000     0.00000     0.00000     0.00000
    -69.645         0.00000     0.00000     0.00000     0.00000
    -69.495         0.00000     0.00000     0.00000     0.00000
    -69.345         0.00000     0.00000     0.00000     0.00000
    -69.195         0.00000     0.00000     0.00000     0.00000
    -69.045         0.00000     0.00000     0.00000     0.00000
    -68.895         0.00000     0.00000     0.00000     0.00000
    -68.745         0.00000     0.00000     0.00000     0.00000
    -68.595         0.00000     0.00000     0.00000     0.00000
    -68.445         0.00000     0.00000     0.00000     0.00000
    -68.295         0.00000     0.00000     0.00000     0.00000
    -68.145         0.00000     0.00000     0.00000     0.00000
    -67.995         0.00000     0.00000     0.00000     0.00000
    -67.845         0.00000     0.00000     0.00000     0.00000
    -67.695         0.00000     0.00000     0.00000     0.00000
    -67.545         0.00000     0.00000     0.00000     0.00000
    -67.395         0.00000     0.00000     0.00000     0.00000
    -67.245         0.00000     0.00000     0.00000     0.00000
    -67.095         0.00000     0.00000     0.00000     0.00000
    -66.945         0.00000     0.00000     0.00000     0.00000
    -66.795         0.00000     0.00000     0.00000     0.00000
    -66.645         0.00000     0.00000     0.00000     0.00000
    -66.495         0.00000     0.00000     0.00000     0.00000
    -66.345         0.00000     0.00000     0.00000     0.00000
    -66.195         0.00000     0.00000     0.00000     0.00000
    -66.045         0.00000     0.00000     0.00000     0.00000
    -65.895         0.00000     0.00000     0.00000     0.00000
    -65.745         0.00000     0.00000     0.00000     0.00000
    -65.595         0.00000     0.00000     0.00000     0.00000
    -65.445         0.00000     0.00000     0.00000     0.00000
    -65.295         0.00000     0.00000     0.00000     0.00000
    -65.145         0.00000     0.00000     0.00000     0.00000
    -64.995         0.00000     0.00000     0.00000     0.00000
    -64.845         0.00000     0.00000     0.00000     0.00000
    -64.695         0.00000     0.00000     0.00000     0.00000
    -64.545         0.00000     0.00000     0.00000     0.00000
    -64.395         0.00000     0.00000     0.00000     0.00000
    -64.245         0.00000     0.00000     0.00000     0.00000
    -64.095         0.00000     0.00000     0.00000     0.00000
    -63.945         0.00000     0.00000     0.00000     0.00000
    -63.795         0.00000     0.00000     0.00000     0.00000
    -63.645         0.00000     0.00000     0.00000     0.00000
    -63.495         0.00000     0.00000     0.00000     0.00000
    -63.345         0.00000     0.00000     0.00000     0.00000
    -63.195         0.00000     0.00000     0.00000     0.00000
    -63.045         0.00000     0.00000     0.00000     0.00000
    -62.895         0.00000     0.00000     0.00000     0.00000
    -62.745         0.00000     0.00000     0.00000     0.00000
    -62.595         0.00000     0.00000     0.00000     0.00000
    -62.445         0.00000     0.00000     0.00000     0.00000
    -62.295         0.00000     0.00000     0.00000     0.00000
    -62.145         0.00000     0.00000     0.00000     0.00000
    -61.995         0.00000     0.00000     0.00000     0.00000
    -61.845         0.00000     0.00000     0.00000     0.00000
    -61.695         0.00000     0.00000     0.00000     0.00000
    -61.545         0.00000     0.00000     0.00000     0.00000
    -61.395         0.00000     0.00000     0.00000     0.00000
    -61.245         0.00000     0.00000     0.00000     0.00000
    -61.095         0.00000     0.00000     0.00000     0.00000
    -60.945         0.00000     0.00000     0.00000     0.00000
    -60.795         0.00000     0.00000     0.00000     0.00000
    -60.645         0.00000     0.00000     0.00000     0.00000
    -60.495         0.00000     0.00000     0.00000     0.00000
    -60.345         0.00000     0.00000     0.00000     0.00000
    -60.195         0.00000     0.00000     0.00000     0.00000
    -60.045         0.00000     0.00000     0.00000     0.00000
    -59.895         0.00000     0.00000     0.00000     0.00000
    -59.745         0.00000     0.00000     0.00000     0.00000
    -59.595         0.00000     0.00000     0.00000     0.00000
    -59.445         0.00000     0.00000     0.00000     0.00000
    -59.295         0.00000     0.00000     0.00000     0.00000
    -59.145         0.00000     0.00000     0.00000     0.00000
    -58.995         0.00000     0.00000     0.00000     0.00000
    -58.845         0.00000     0.00000     0.00000     0.00000
    -58.695         0.00000     0.00000     0.00000     0.00000
    -58.545         0.00000     0.00000     0.00000     0.00000
    -58.395         0.00000     0.00000     0.00000     0.00000
    -58.245         0.00000     0.00000     0.00000     0.00000
    -58.095         0.00000     0.00000     0.00000     0.00000
    -57.945         0.00000     0.00000     0.00000     0.00000
    -57.795         0.00000     0.00000     0.00000     0.00000
    -57.645         0.00000     0.00000     0.00000     0.00000
    -57.495         0.00000     0.00000     0.00000     0.00000
    -57.345         0.00000     0.00000     0.00000     0.00000
    -57.195         0.00000     0.00000     0.00000     0.00000
    -57.045         0.00000     0.00000     0.00000     0.00000
    -56.895         0.00000     0.00000     0.00000     0.00000
    -56.745         0.00000     0.00000     0.00000     0.00000
    -56.595         0.00000     0.00000     0.00000     0.00000
    -56.445         0.00000     0.00000     0.00000     0.00000
    -56.295         0.00000     0.00000     0.00000     0.00000
    -56.145         0.00000     0.00000     0.00000     0.00000
    -55.995         0.00000     0.00000     0.00000     0.00000
    -55.845         0.00000     0.00000     0.00000     0.00000
    -55.695         0.00000     0.00000     0.00000     0.00000
    -55.545         0.00000     0.00000     0.00000     0.00000
    -55.395         0.00000     0.00000     0.00000     0.00000
    -55.245         0.00000     0.00000     0.00000     0.00000
    -55.095         0.00000     0.00000     0.00000     0.00000
    -54.945         0.00000     0.00000     0.00000     0.00000
    -54.795         0.00000     0.00000     0.00000     0.00000
    -54.645         0.00000     0.00000     0.00000     0.00000
    -54.495         0.00000     0.00000     0.00000     0.00000
    -54.345         0.00000     0.00000     0.00000     0.00000
    -54.195         0.00000     0.00000     0.00000     0.00000
    -54.045         0.00000     0.00000     0.00000     0.00000
    -53.895         0.00000     0.00000     0.00000     0.00000
    -53.745         0.00000     0.00000     0.00000     0.00000
    -53.595         0.00000     0.00000     0.00000     0.00000
    -53.445         0.00000     0.00000     0.00000     0.00000
    -53.295         0.00000     0.00000     0.00000     0.00000
    -53.145         0.00000     0.00000     0.00000     0.00000
    -52.995         0.00000     0.00000     0.00000     0.00000
    -52.845         0.00000     0.00000     0.00000     0.00000
    -52.695         0.00000     0.00000     0.00000     0.00000
    -52.545         0.00000     0.00000     0.00000     0.00000
    -52.395         0.00000     0.00000     0.00000     0.00000
    -52.245         0.00000     0.00000     0.00000     0.00000
    -52.095         0.00000     0.00000     0.00000     0.00000
    -51.945         0.00000     0.00000     0.00000     0.00000
    -51.795         0.00000     0.00000     0.00000     0.00000
    -51.645         0.00000     0.00000     0.00000     0.00000
    -51.495         0.00000     0.00000     0.00000     0.00000
    -51.345         0.00000     0.00000     0.00000     0.00000
    -51.195         0.00000     0.00000     0.00000     0.00000
    -51.045         0.00000     0.00000     0.00000     0.00000
    -50.895         0.00000     0.00000     0.00000     0.00000
    -50.745         0.00000     0.00000     0.00000     0.00000
    -50.595         0.00000     0.00000     0.00000     0.00000
    -50.445         0.00000     0.00000     0.00000     0.00000
    -50.295         0.00000     0.00000     0.00000     0.00000
    -50.145         0.00000     0.00000     0.00000     0.00000
    -49.995         0.00000     0.00000     0.00000     0.00000
    -49.845         0.00000     0.00000     0.00000     0.00000
    -49.695         0.00000     0.00000     0.00000     0.00000
    -49.545         0.00000     0.00000     0.00000     0.00000
    -49.395         0.00000     0.00000     0.00000     0.00000
    -49.245         0.00000     0.00000     0.00000     0.00000
    -49.095         0.00000     0.00000     0.00000     0.00000
    -48.945         0.00000     0.00000     0.00000     0.00000
    -48.795         0.00000     0.00000     0.00000     0.00000
    -48.645         0.00000     0.00000     0.00000     0.00000
    -48.495         0.00000     0.00000     0.00000     0.00000
    -48.345         0.00000     0.00000     0.00000     0.00000
    -48.195         0.00000     0.00000     0.00000     0.00000
    -48.045         0.00000     0.00000     0.00000     0.00000
    -47.895         0.00000     0.00000     0.00000     0.00000
    -47.745         0.00000     0.00000     0.00000     0.00000
    -47.595         0.00000     0.00000     0.00000     0.00000
    -47.445         0.00000     0.00000     0.00000     0.00000
    -47.295         0.00000     0.00000     0.00000     0.00000
    -47.145         0.00000     0.00000     0.00000     0.00000
    -46.995         0.00000     0.00000     0.00000     0.00000
    -46.845         0.00000     0.00000     0.00000     0.00000
    -46.695         0.00000     0.00000     0.00000     0.00000
    -46.545         0.00000     0.00000     0.00000     0.00000
    -46.395         0.00000     0.00000     0.00000     0.00000
    -46.245         0.00000     0.00000     0.00000     0.00000
    -46.095         0.00000     0.00000     0.00000     0.00000
    -45.945         0.00000     0.00000     0.00000     0.00000
    -45.795         0.00000     0.00000     0.00000     0.00000
    -45.645         0.00000     0.00000     0.00000     0.00000
    -45.495         0.00000     0.00000     0.00000     0.00000
    -45.345         0.00000     0.00000     0.00000     0.00000
    -45.195         0.00000     0.00000     0.00000     0.00000
    -45.045         0.00000     0.00000     0.00000     0.00000
    -44.895         0.00000     0.00000     0.00000     0.00000
    -44.745         0.00000     0.00000     0.00000     0.00000
    -44.595         0.00000     0.00000     0.00000     0.00000
    -44.445         0.00000     0.00000     0.00000     0.00000
    -44.295         0.00000     0.00000     0.00000     0.00000
    -44.145         0.00000     0.00000     0.00000     0.00000
    -43.995         0.00000     0.00000     0.00000     0.00000
    -43.845         0.00000     0.00000     0.00000     0.00000
    -43.695         0.00000     0.00000     0.00000     0.00000
    -43.545         0.00000     0.00000     0.00000     0.00000
    -43.395         0.00000     0.00000     0.00000     0.00000
    -43.245         0.00000     0.00000     0.00000     0.00000
    -43.095         0.00000     0.00000     0.00000     0.00000
    -42.945         0.00000     0.00000     0.00000     0.00000
    -42.795         0.00000     0.00000     0.00000     0.00000
    -42.645         0.00000     0.00000     0.00000     0.00000
    -42.495         0.00000     0.00000     0.00000     0.00000
    -42.345         0.00000     0.00000     0.00000     0.00000
    -42.195         0.00000     0.00000     0.00000     0.00000
    -42.045         0.00000     0.00000     0.00000     0.00000
    -41.895         0.00000     0.00000     0.00000     0.00000
    -41.745         0.00000     0.00000     0.00000     0.00000
    -41.595         0.00000     0.00000     0.00000     0.00000
    -41.445         0.00000     0.00000     0.00000     0.00000
    -41.295         0.00000     0.00000     0.00000     0.00000
    -41.145         0.00000     0.00000     0.00000     0.00000
    -40.995         0.00000     0.00000     0.00000     0.00000
    -40.845         0.00000     0.00000     0.00000     0.00000
    -40.695         0.00000     0.00000     0.00000     0.00000
    -40.545         0.00000     0.00000     0.00000     0.00000
    -40.395         0.00000     0.00000     0.00000     0.00000
    -40.245         0.00000     0.00000     0.00000     0.00000
    -40.095         0.00000     0.00000     0.00000     0.00000
    -39.945         0.00000     0.00000     0.00000     0.00000
    -39.795         0.00000     0.00000     0.00000     0.00000
    -39.645         0.00000     0.00000     0.00000     0.00000
    -39.495         0.00000     0.00000     0.00000     0.00000
    -39.345         0.00000     0.00000     0.00000     0.00000
    -39.195         0.00000     0.00000     0.00000     0.00000
    -39.045         0.00000     0.00000     0.00000     0.00000
    -38.895         0.00000     0.00000     0.00000     0.00000
    -38.745         0.00000     0.00000     0.00000     0.00000
    -38.595         0.00000     0.00000     0.00000     0.00000
    -38.445         0.00000     0.00000     0.00000     0.00000
    -38.295         0.00000     0.00000     0.00000     0.00000
    -38.145         0.00000     0.00000     0.00000     0.00000
    -37.995         0.00000     0.00000     0.00000     0.00000
    -37.845         0.00000     0.00000     0.00000     0.00000
    -37.695         0.00000     0.00000     0.00000     0.00000
    -37.545         0.00000     0.00000     0.00000     0.00000
    -37.395         0.00000     0.00000     0.00000     0.00000
    -37.245         0.00000     0.00000     0.00000     0.00000
    -37.095         0.00000     0.00000     0.00000     0.00000
    -36.945         0.00000     0.00000     0.00000     0.00000
    -36.795         0.00000     0.00000     0.00000     0.00000
    -36.645         0.00000     0.00000     0.00000     0.00000
    -36.495         0.00000     0.00000     0.00000     0.00000
    -36.345         0.00000     0.00000     0.00000     0.00000
    -36.195         0.00000     0.00000     0.00000     0.00000
    -36.045         0.00000     0.00000     0.00000     0.00000
    -35.895         0.00000     0.00000     0.00000     0.00000
    -35.745         0.00000     0.00000     0.00000     0.00000
    -35.595         0.00000     0.00000     0.00000     0.00000
    -35.445         0.00000     0.00000     0.00000     0.00000
    -35.295         0.00000     0.00000     0.00000     0.00000
    -35.145         0.00000     0.00000     0.00000     0.00000
    -34.995         0.00000     0.00000     0.00000     0.00000
    -34.845         0.00000     0.00000     0.00000     0.00000
    -34.695         0.00000     0.00000     0.00000     0.00000
    -34.545         0.00000     0.00000     0.00000     0.00000
    -34.395         0.00000     0.00000     0.00000     0.00000
    -34.245         0.00000     0.00000     0.00000     0.00000
    -34.095         0.00000     0.00000     0.00000     0.00000
    -33.945         0.00000     0.00000     0.00000     0.00000
    -33.795         0.00000     0.00000     0.00000     0.00000
    -33.645         0.00000     0.00000     0.00000     0.00000
    -33.495         0.00000     0.00000     0.00000     0.00000
    -33.345         0.00000     0.00000     0.00000     0.00000
    -33.195         0.00000     0.00000     0.00000     0.00000
    -33.045         0.00000     0.00000     0.00000     0.00000
    -32.895         0.00000     0.00000     0.00000     0.00000
    -32.745         0.00000     0.00000     0.00000     0.00000
    -32.595         0.00000     0.00000     0.00000     0.00000
    -32.445         0.00000     0.00000     0.00000     0.00000
    -32.295         0.00000     0.00000     0.00000     0.00000
    -32.145         0.00000     0.00000     0.00000     0.00000
    -31.995         0.00000     0.00000     0.00000     0.00000
    -31.845         0.00000     0.00000     0.00000     0.00000
    -31.695         0.00000     0.00000     0.00000     0.00000
    -31.545         0.00000     0.00000     0.00000     0.00000
    -31.395         0.00000     0.00000     0.00000     0.00000
    -31.245         0.00000     0.00000     0.00000     0.00000
    -31.095         0.00000     0.00000     0.00000     0.00000
    -30.945         0.00000     0.00000     0.00000     0.00000
    -30.795         0.00000     0.00000     0.00000     0.00000
    -30.645         0.00000     0.00000     0.00000     0.00000
    -30.495         0.00000     0.00000     0.00000     0.00000
    -30.345         0.00000     0.00000     0.00000     0.00000
    -30.195         0.00000     0.00000     0.00000     0.00000
    -30.045         0.00000     0.00000     0.00000     0.00000
    -29.895         0.00000     0.00000     0.00000     0.00000
    -29.745         0.00000     0.00000     0.00000     0.00000
    -29.595         0.00000     0.00000     0.00000     0.00000
    -29.445         0.00000     0.00000     0.00000     0.00000
    -29.295         0.00000     0.00000     0.00000     0.00000
    -29.145         0.00000     0.00000     0.00000     0.00000
    -28.995         0.00000     0.00000     0.00000     0.00000
    -28.845         0.00000     0.00000     0.00000     0.00000
    -28.695         0.00000     0.00000     0.00000     0.00000
    -28.545         0.00000     0.00000     0.00000     0.00000
    -28.395         0.00000     0.00000     0.00000     0.00000
    -28.245         0.00000     0.00000     0.00000     0.00000
    -28.095         0.00000     0.00000     0.00000     0.00000
    -27.945         0.00000     0.00000     0.00000     0.00000
    -27.795         0.00000     0.00000     0.00000     0.00000
    -27.645         0.00000     0.00000     0.00000     0.00000
    -27.495         0.00000     0.00000     0.00000     0.00000
    -27.345         0.00000     0.00000     0.00000     0.00000
    -27.195         0.00000     0.00000     0.00000     0.00000
    -27.045         0.00000     0.00000     0.00000     0.00000
    -26.895         0.00000     0.00000     0.00000     0.00000
    -26.745         0.00000     0.00000     0.00000     0.00000
    -26.595         0.00000     0.00000     0.00000     0.00000
    -26.445         0.00000     0.00000     0.00000     0.00000
    -26.295         0.00000     0.00000     0.00000     0.00000
    -26.145         0.00000     0.00000     0.00000     0.00000
    -25.995         0.00000     0.00000     0.00000     0.00000
    -25.845         0.00000     0.00000     0.00000     0.00000
    -25.695         0.00000     0.00000     0.00000     0.00000
    -25.545         0.00000     0.00000     0.00000     0.00000
    -25.395         0.00000     0.00000     0.00000     0.00000
    -25.245         0.00000     0.00000     0.00000     0.00000
    -25.095         0.00000     0.00000     0.00000     0.00000
    -24.945         0.00000     0.00000     0.00000     0.00000
    -24.795         0.00000     0.00000     0.00000     0.00000
    -24.645         0.00000     0.00000     0.00000     0.00000
    -24.495         0.00000     0.00000     0.00000     0.00000
    -24.345         0.00000     0.00000     0.00000     0.00000
    -24.195         0.00000     0.00000     0.00000     0.00000
    -24.045         0.00000     0.00000     0.00000     0.00000
    -23.895         0.00000     0.00000     0.00000     0.00000
    -23.745         0.00000     0.00000     0.00000     0.00000
    -23.595         0.00000     0.00000     0.00000     0.00000
    -23.445         0.00000     0.00000     0.00000     0.00000
    -23.295         0.00000     0.00000     0.00000     0.00000
    -23.145         0.00000     0.00000     0.00000     0.00000
    -22.995         0.00000     0.00000     0.00000     0.00000
    -22.845         0.00000     0.00000     0.00000     0.00000
    -22.695         0.00000     0.00000     0.00000     0.00000
    -22.545         0.00000     0.00000     0.00000     0.00000
    -22.395         0.00000     0.00000     0.00000     0.00000
    -22.245         0.00000     0.00000     0.00000     0.00000
    -22.095         0.00000     0.00000     0.00000     0.00000
    -21.945         0.00000     0.00000     0.00000     0.00000
    -21.795         0.00000     0.00000     0.00000     0.00000
    -21.645         0.00000     0.00000     0.00000     0.00000
    -21.495         0.00000     0.00000     0.00000     0.00000
    -21.345         0.00000     0.00000     0.00000     0.00000
    -21.195         0.00000     0.00000     0.00000     0.00000
    -21.045         0.00000     0.00000     0.00000     0.00000
    -20.895         0.00000     0.00000     0.00000     0.00000
    -20.745         0.00000     0.00000     0.00000     0.00000
    -20.595         0.00000     0.00000     0.00000     0.00000
    -20.445         0.00000     0.00000     0.00000     0.00000
    -20.295         0.00000     0.00000     0.00000     0.00000
    -20.145         0.00000     0.00000     0.00000     0.00000
    -19.995         0.00000     0.00000     0.00000     0.00000
    -19.845         0.00000     0.00000     0.00000     0.00000
    -19.695         0.00000     0.00000     0.00000     0.00000
    -19.545         0.00000     0.00000     0.00000     0.00000
    -19.395         0.00000     0.00000     0.00000     0.00000
    -19.245         0.00000     0.00000     0.00000     0.00000
    -19.095         0.00000     0.00000     0.00000     0.00000
    -18.945         0.00000     0.00000     0.00000     0.00000
    -18.795         0.00000     0.00000     0.00000     0.00000
    -18.645         0.00000     0.00000     0.00000     0.00000
    -18.495         0.00000     0.00000     0.00000     0.00000
    -18.345         0.00000     0.00000     0.00000     0.00000
    -18.195         0.00000     0.00000     0.00000     0.00000
    -18.045         0.00000     0.00000     0.00000     0.00000
    -17.895        -0.00000    -0.00000     0.00000     0.00000
    -17.745        -0.00000    -0.00000     0.00000     0.00000
    -17.595        -0.00000    -0.00000     0.00000     0.00000
    -17.445        -0.00000    -0.00000     0.00000     0.00000
    -17.295        -0.00079    -0.00079     0.00000     0.00000
    -17.145        -0.00159    -0.00159     0.00000     0.00000
    -16.995        -0.00316    -0.00316     0.00000     0.00000
    -16.845        -0.00400    -0.00400     0.00000     0.00000
    -16.695        -0.00564    -0.00564     0.00000     0.00000
    -16.545        -0.00885    -0.00885     0.00000     0.00000
    -16.395        -0.01727    -0.01727     0.00000     0.00000
    -16.245        -0.02137    -0.02137     0.00000     0.00000
    -16.095        -0.03216    -0.03216     0.00000     0.00000
    -15.945        -0.04377    -0.04377     0.00000     0.00000
    -15.795        -0.05107    -0.05107     0.00000     0.00000
    -15.645        -0.06423    -0.06423     0.00000     0.00000
    -15.495        -0.07953    -0.07953     0.00000     0.00000
    -15.345        -0.09062    -0.09062     0.00000     0.00000
    -15.195        -0.10383    -0.10383     0.00000     0.00000
    -15.045        -0.11900    -0.11838    -0.00062     0.00000
    -14.895        -0.13353    -0.13292    -0.00062     0.00000
    -14.745        -0.14663    -0.14601    -0.00062     0.00000
    -14.595        -0.15963    -0.15841    -0.00122     0.00000
    -14.445        -0.17095    -0.16798    -0.00298     0.00000
    -14.295        -0.18436    -0.17618    -0.00818     0.00000
    -14.145        -0.19665    -0.18370    -0.01295     0.00000
    -13.995        -0.21242    -0.19521    -0.01720     0.00000
    -13.845        -0.23283    -0.20669    -0.02614     0.00000
    -13.695        -0.25866    -0.21679    -0.04187     0.00000
    -13.545        -0.28353    -0.22817    -0.05537     0.00000
    -13.395        -0.30801    -0.23626    -0.07175     0.00000
    -13.245        -0.34123    -0.24878    -0.09245     0.00000
    -13.095        -0.36919    -0.25937    -0.10983     0.00000
    -12.945        -0.40110    -0.26740    -0.13371     0.00000
    -12.795        -0.43108    -0.27412    -0.15696     0.00000
    -12.645        -0.45959    -0.28268    -0.17691     0.00000
    -12.495        -0.49295    -0.29304    -0.19991     0.00000
    -12.345        -0.52305    -0.29977    -0.22328     0.00000
    -12.195        -0.55406    -0.30710    -0.24696     0.00000
    -12.045        -0.58352    -0.31615    -0.26737     0.00000
    -11.895        -0.60864    -0.32460    -0.28404     0.00000
    -11.745        -0.63594    -0.33128    -0.30467     0.00000
    -11.595        -0.66527    -0.33965    -0.32562     0.00000
    -11.445        -0.69037    -0.34744    -0.34293     0.00000
    -11.295        -0.71063    -0.35355    -0.35707     0.00000
    -11.145        -0.72723    -0.35909    -0.36814     0.00000
    -10.995        -0.74585    -0.36574    -0.38011     0.00000
    -10.845        -0.76388    -0.37241    -0.39147     0.00000
    -10.695        -0.77944    -0.37960    -0.39985     0.00000
    -10.545        -0.79940    -0.38834    -0.41105     0.00000
    -10.395        -0.81689    -0.39805    -0.41884     0.00000
    -10.245        -0.83158    -0.40264    -0.42894     0.00000
    -10.095        -0.84734    -0.40883    -0.43850     0.00000
    -9.9450        -0.86166    -0.41551    -0.44615     0.00000
    -9.7950        -0.87967    -0.42410    -0.45556     0.00000
    -9.6450        -0.89045    -0.42826    -0.46219     0.00000
    -9.4950        -0.90734    -0.43543    -0.47191     0.00000
    -9.3450        -0.91700    -0.44119    -0.47581     0.00000
    -9.1950        -0.93211    -0.44930    -0.48282     0.00000
    -9.0450        -0.94462    -0.45700    -0.48762     0.00000
    -8.8950        -0.95797    -0.46512    -0.49285     0.00000
    -8.7450        -0.97051    -0.47241    -0.49809     0.00000
    -8.5950        -0.98168    -0.47836    -0.50332     0.00000
    -8.4450        -0.99464    -0.48652    -0.50812     0.00000
    -8.2950        -1.00549    -0.49213    -0.51336     0.00000
    -8.1450        -1.01817    -0.49995    -0.51822     0.00000
    -7.9950        -1.03006    -0.50856    -0.52150     0.00000
    -7.8450        -1.04086    -0.51523    -0.52564     0.00000
    -7.6950        -1.05363    -0.52192    -0.53172     0.00000
    -7.5450        -1.06269    -0.52636    -0.53633     0.00000
    -7.3950        -1.07572    -0.53472    -0.54100     0.00000
    -7.2450        -1.08996    -0.54239    -0.54719    -0.00038
    -7.0950        -1.10504    -0.55017    -0.55272    -0.00216
    -6.9450        -1.12847    -0.55944    -0.55903    -0.01000
    -6.7950        -1.16137    -0.56880    -0.56573    -0.02684
    -6.6450        -1.21462    -0.57787    -0.57184    -0.06491
    -6.4950        -1.30349    -0.58771    -0.57906    -0.13671
    -6.3450        -1.42849    -0.59830    -0.58737    -0.24282
    -6.1950        -1.59008    -0.60991    -0.59607    -0.38411
    -6.0450        -1.78441    -0.62094    -0.60520    -0.55827
    -5.8950        -2.00092    -0.63387    -0.61273    -0.75431
    -5.7450        -2.25231    -0.64772    -0.62135    -0.98324
    -5.5950        -2.52457    -0.66140    -0.63326    -1.22991
    -5.4450        -2.79631    -0.67865    -0.64343    -1.47422
    -5.2950        -3.06869    -0.69437    -0.65544    -1.71888
    -5.1450        -3.33949    -0.71248    -0.66774    -1.95927
    -4.9950        -3.60316    -0.73115    -0.68181    -2.19020
    -4.8450        -3.85513    -0.74967    -0.69693    -2.40853
    -4.6950        -4.10369    -0.76688    -0.71395    -2.62286
    -4.5450        -4.35172    -0.78873    -0.73262    -2.83037
    -4.3950        -4.59210    -0.80939    -0.75330    -3.02940
    -4.2450        -4.82182    -0.82912    -0.77411    -3.21860
    -4.0950        -5.04940    -0.84906    -0.79726    -3.40308
    -3.9450        -5.26630    -0.87145    -0.81914    -3.57571
    -3.7950        -5.47569    -0.89353    -0.84709    -3.73506
    -3.6450        -5.68440    -0.91910    -0.87226    -3.89303
    -3.4950        -5.89152    -0.94864    -0.89965    -4.04323
    -3.3450        -6.10612    -0.97662    -0.93162    -4.19788
    -3.1950        -6.32111    -1.01123    -0.96387    -4.34602
    -3.0450        -6.53684    -1.04765    -0.99624    -4.49295
    -2.8950        -6.76300    -1.08846    -1.03371    -4.64082
    -2.7450        -6.99517    -1.12983    -1.07435    -4.79099
    -2.5950        -7.24872    -1.17673    -1.11725    -4.95474
    -2.4450        -7.52206    -1.22769    -1.16594    -5.12843
    -2.2950        -7.81806    -1.28210    -1.21761    -5.31835
    -2.1450        -8.14003    -1.34663    -1.27379    -5.51961
    -1.9950        -8.50573    -1.41677    -1.33542    -5.75354
    -1.8450        -8.92298    -1.49276    -1.40859    -6.02163
    -1.6950        -9.40259    -1.57484    -1.49129    -6.33646
    -1.5450        -9.96581    -1.66837    -1.58424    -6.71320
    -1.3950       -10.64986    -1.77750    -1.68557    -7.18679
    -1.2450       -11.48890    -1.90015    -1.80796    -7.78078
    -1.0950       -12.50943    -2.05135    -1.95621    -8.50188
   -0.94500       -13.73729    -2.23689    -2.14488    -9.35552
   -0.79500       -15.27128    -2.48283    -2.39333   -10.39511
   -0.64500       -17.18517    -2.82119    -2.72719   -11.63679
   -0.49500       -19.62598    -3.31625    -3.22142   -13.08831
   -0.34500       -23.16080    -4.11361    -4.03557   -15.01163
   -0.22700       -24.77779    -4.49373    -4.43677   -15.84729
   -0.21300       -24.99351    -4.54384    -4.49150   -15.95818
   -0.20700       -25.21317    -4.59492    -4.54752   -16.07073
   -0.20100       -25.44152    -4.64903    -4.60522   -16.18727
   -0.19500       -25.67446    -4.70470    -4.66400   -16.30575
   -0.18900       -25.91650    -4.76268    -4.72540   -16.42843
   -0.18300       -26.16408    -4.82152    -4.78833   -16.55422
   -0.17700       -26.41911    -4.88283    -4.85297   -16.68332
   -0.17100       -26.68211    -4.94481    -4.92019   -16.81711
   -0.16500       -26.95672    -5.00972    -4.99072   -16.95628
   -0.15900       -27.23785    -5.07596    -5.06302   -17.09888
   -0.15300       -27.52981    -5.14393    -5.13830   -17.24758
   -0.14700       -27.83183    -5.21458    -5.21604   -17.40121
   -0.14100       -28.14426    -5.28826    -5.29621   -17.55978
   -0.13500       -28.46948    -5.36460    -5.38010   -17.72478
   -0.12900       -28.80953    -5.44392    -5.46680   -17.89881
   -0.12300       -29.16329    -5.52609    -5.55757   -18.07964
   -0.11700       -29.53201    -5.61289    -5.65064   -18.26848
   -0.11100       -29.91639    -5.70224    -5.74839   -18.46576
   -0.10500       -30.31780    -5.79545    -5.85018   -18.67217
   -0.99000E-01   -30.74253    -5.89353    -5.95821   -18.89079
   -0.93000E-01   -31.18983    -5.99568    -6.07101   -19.12313
   -0.87000E-01   -31.66191    -6.10151    -6.19086   -19.36954
   -0.81000E-01   -32.15971    -6.21182    -6.31675   -19.63115
   -0.75000E-01   -32.68999    -6.32702    -6.45032   -19.91265
   -0.69000E-01   -33.25931    -6.44839    -6.59325   -20.21767
   -0.63000E-01   -33.87052    -6.57746    -6.74474   -20.54833
   -0.57000E-01   -34.53703    -6.71389    -6.91195   -20.91119
   -0.51000E-01   -35.27916    -6.86249    -7.10131   -21.31536
   -0.45000E-01   -36.10667    -7.02841    -7.30647   -21.77178
   -0.39000E-01   -37.02247    -7.20785    -7.51800   -22.29662
   -0.33000E-01   -38.03118    -7.38775    -7.72689   -22.91655
   -0.27000E-01   -39.16470    -7.55936    -7.92663   -23.67871
   -0.21300E-01   -40.03176    -7.66724    -8.04959   -24.31493
   -0.19500E-01   -40.16739    -7.68235    -8.06621   -24.41883
   -0.18900E-01   -40.30616    -7.69717    -8.08277   -24.52623
   -0.18300E-01   -40.44758    -7.71184    -8.09855   -24.63718
   -0.17700E-01   -40.59193    -7.72602    -8.11397   -24.75193
   -0.17100E-01   -40.73998    -7.73993    -8.12902   -24.87103
   -0.16500E-01   -40.89110    -7.75358    -8.14359   -24.99394
   -0.15900E-01   -41.04648    -7.76693    -8.15775   -25.12180
   -0.15300E-01   -41.20604    -7.77994    -8.17135   -25.25476
   -0.14700E-01   -41.37051    -7.79242    -8.18463   -25.39345
   -0.14100E-01   -41.53979    -7.80450    -8.19735   -25.53795
   -0.13500E-01   -41.71497    -7.81616    -8.20978   -25.68904
   -0.12900E-01   -41.89583    -7.82737    -8.22155   -25.84691
   -0.12300E-01   -42.08379    -7.83812    -8.23282   -26.01286
   -0.11700E-01   -42.27915    -7.84841    -8.24363   -26.18710
   -0.11100E-01   -42.48355    -7.85831    -8.25394   -26.37129
   -0.10500E-01   -42.69756    -7.86764    -8.26368   -26.56624
   -0.99000E-02   -42.92354    -7.87654    -8.27287   -26.77412
   -0.93000E-02   -43.16181    -7.88491    -8.28153   -26.99537
   -0.87000E-02   -43.41579    -7.89281    -8.28968   -27.23330
   -0.81000E-02   -43.68779    -7.90014    -8.29733   -27.49033
   -0.75000E-02   -43.98211    -7.90700    -8.30436   -27.77076
   -0.69000E-02   -44.30443    -7.91331    -8.31083   -28.08028
   -0.63000E-02   -44.66037    -7.91914    -8.31674   -28.42450
   -0.57000E-02   -45.05706    -7.92445    -8.32212   -28.81049
   -0.51000E-02   -45.50129    -7.92924    -8.32696   -29.24509
   -0.45000E-02   -46.00185    -7.93344    -8.33117   -29.73724
   -0.39000E-02   -46.56705    -7.93711    -8.33485   -30.29510
   -0.33000E-02   -47.20785    -7.94021    -8.33795   -30.92969
   -0.27000E-02   -47.93793    -7.94272    -8.34049   -31.65472
   -0.21000E-02   -48.77867    -7.94468    -8.34246   -32.49153
   -0.15000E-02   -49.76881    -7.94610    -8.34388   -33.47884
   -0.90000E-03   -50.76131    -7.94694    -8.34472   -34.46964
   -0.30000E-03   -51.18493    -7.94722    -8.34501   -34.89270
    0.30000E-03   -50.76240    -7.94694    -8.34473   -34.47073
    0.90000E-03   -49.77217    -7.94610    -8.34388   -33.48219
    0.15000E-02   -48.78461    -7.94469    -8.34249   -32.49743
    0.21000E-02   -47.94569    -7.94271    -8.34053   -31.66245
    0.27000E-02   -47.21876    -7.94017    -8.33803   -30.94055
    0.33000E-02   -46.58060    -7.93708    -8.33497   -30.30855
    0.39000E-02   -46.01787    -7.93340    -8.33134   -29.75312
    0.45000E-02   -45.52038    -7.92921    -8.32721   -29.26395
    0.51000E-02   -45.07787    -7.92445    -8.32254   -28.83088
    0.57000E-02   -44.68318    -7.91910    -8.31728   -28.44680
    0.63000E-02   -44.32884    -7.91320    -8.31147   -28.10417
    0.69000E-02   -44.00738    -7.90672    -8.30518   -27.79548
    0.75000E-02   -43.71344    -7.89977    -8.29838   -27.51529
    0.81000E-02   -43.44171    -7.89215    -8.29108   -27.25849
    0.87000E-02   -43.18840    -7.88404    -8.28321   -27.02114
    0.93000E-02   -42.95022    -7.87546    -8.27486   -26.79990
    0.99000E-02   -42.72519    -7.86627    -8.26603   -26.59289
    0.10500E-01   -42.51197    -7.85658    -8.25676   -26.39863
    0.11100E-01   -42.30843    -7.84637    -8.24690   -26.21516
    0.11700E-01   -42.11366    -7.83556    -8.23666   -26.04144
    0.12300E-01   -41.92676    -7.82434    -8.22589   -25.87653
    0.12900E-01   -41.74667    -7.81259    -8.21478   -25.71930
    0.13500E-01   -41.57308    -7.80035    -8.20320   -25.56954
    0.14100E-01   -41.40443    -7.78768    -8.19107   -25.42567
    0.14700E-01   -41.24128    -7.77452    -8.17863   -25.28813
    0.15300E-01   -41.08268    -7.76090    -8.16572   -25.15606
    0.15900E-01   -40.92854    -7.74675    -8.15248   -25.02931
    0.16500E-01   -40.77826    -7.73219    -8.13888   -24.90719
    0.17100E-01   -40.63106    -7.71712    -8.12501   -24.78894
    0.17700E-01   -40.48750    -7.70169    -8.11073   -24.67509
    0.18300E-01   -40.34722    -7.68576    -8.09611   -24.56535
    0.18900E-01   -40.20913    -7.66935    -8.08110   -24.45868
    0.19500E-01   -40.07433    -7.65267    -8.06607   -24.35558
    0.21300E-01   -39.21165    -7.53015    -7.95730   -23.72420
    0.27000E-01   -38.08675    -7.33163    -7.78412   -22.97101
    0.33000E-01   -37.08252    -7.12175    -7.60336   -22.35740
    0.39000E-01   -36.17620    -6.90941    -7.42574   -21.84105
    0.45000E-01   -35.35721    -6.70186    -7.26004   -21.39531
    0.51000E-01   -34.62650    -6.51277    -7.11007   -21.00366
    0.57000E-01   -33.97169    -6.34439    -6.97123   -20.65608
    0.63000E-01   -33.37452    -6.19107    -6.83987   -20.34358
    0.69000E-01   -32.82312    -6.04872    -6.71500   -20.05939
    0.75000E-01   -32.31186    -5.91512    -6.59576   -19.80097
    0.81000E-01   -31.83410    -5.78832    -6.48250   -19.56328
    0.87000E-01   -31.38795    -5.66883    -6.37502   -19.34410
    0.93000E-01   -30.96683    -5.55484    -6.27175   -19.14025
    0.99000E-01   -30.57081    -5.44643    -6.17403   -18.95034
    0.10500       -30.19665    -5.34355    -6.08023   -18.77287
    0.11100       -29.84129    -5.24471    -5.99070   -18.60589
    0.11700       -29.50487    -5.15136    -5.90466   -18.44884
    0.12300       -29.18499    -5.06129    -5.82266   -18.30104
    0.12900       -28.87931    -4.97499    -5.74353   -18.16078
    0.13500       -28.58593    -4.89071    -5.66716   -18.02807
    0.14100       -28.30513    -4.80970    -5.59315   -17.90228
    0.14700       -28.03562    -4.73191    -5.52244   -17.78127
    0.15300       -27.77744    -4.65779    -5.45264   -17.66701
    0.15900       -27.53118    -4.58693    -5.38586   -17.55839
    0.16500       -27.29467    -4.51780    -5.32301   -17.45386
    0.17100       -27.06645    -4.45096    -5.26139   -17.35410
    0.17700       -26.84572    -4.38573    -5.20135   -17.25863
    0.18300       -26.63402    -4.32230    -5.14401   -17.16771
    0.18900       -26.42910    -4.26134    -5.08764   -17.08012
    0.19500       -26.23165    -4.20179    -5.03376   -16.99611
    0.20100       -26.03959    -4.14416    -4.98083   -16.91461
    0.20700       -25.85402    -4.08763    -4.92959   -16.83680
    0.21300       -25.67580    -4.03397    -4.88056   -16.76128
    0.22700       -24.36465    -3.63074    -4.51623   -16.21768
    0.34500       -21.68469    -2.79618    -3.73576   -15.15275
    0.49500       -20.04038    -2.29001    -3.24639   -14.50397
    0.64500       -18.88595    -1.95714    -2.90849   -14.02033
    0.79500       -18.00316    -1.71151    -2.65907   -13.63258
    0.94500       -17.29651    -1.52457    -2.46706   -13.30489
     1.0950       -16.71138    -1.37345    -2.30974   -13.02818
     1.2450       -16.21643    -1.24680    -2.18226   -12.78737
     1.3950       -15.79892    -1.14615    -2.07625   -12.57651
     1.5450       -15.43739    -1.05906    -1.98720   -12.39114
     1.6950       -15.11433    -0.98207    -1.91058   -12.22169
     1.8450       -14.82596    -0.91625    -1.84378   -12.06593
     1.9950       -14.56965    -0.85667    -1.78425   -11.92873
     2.1450       -14.33494    -0.80453    -1.73166   -11.79875
     2.2950       -14.12246    -0.75893    -1.68264   -11.68090
     2.4450       -13.93745    -0.71714    -1.64050   -11.57980
     2.5950       -13.76171    -0.68035    -1.60107   -11.48029
     2.7450       -13.60814    -0.64701    -1.56516   -11.39597
     2.8950       -13.46047    -0.61539    -1.53220   -11.31288
     3.0450       -13.33072    -0.58963    -1.50236   -11.23873
     3.1950       -13.20828    -0.56611    -1.47482   -11.16735
     3.3450       -13.09965    -0.54500    -1.45020   -11.10445
     3.4950       -13.00065    -0.52597    -1.42663   -11.04805
     3.6450       -12.90970    -0.50900    -1.40551   -10.99520
     3.7950       -12.82368    -0.49324    -1.38535   -10.94508
     3.9450       -12.75120    -0.48221    -1.36613   -10.90286
     4.0950       -12.68222    -0.47073    -1.34813   -10.86336
     4.2450       -12.61066    -0.45937    -1.33068   -10.82061
     4.3950       -12.54803    -0.45165    -1.31395   -10.78243
     4.5450       -12.48523    -0.43928    -1.29946   -10.74649
     4.6950       -12.43070    -0.43158    -1.28457   -10.71455
     4.8450       -12.37347    -0.42083    -1.27006   -10.68259
     4.9950       -12.31945    -0.41160    -1.25658   -10.65127
     5.1450       -12.26957    -0.40403    -1.24405   -10.62149
     5.2950       -12.22014    -0.39520    -1.23260   -10.59234
     5.4450       -12.17483    -0.38840    -1.22161   -10.56482
     5.5950       -12.13369    -0.38236    -1.21172   -10.53961
     5.7450       -12.08997    -0.37516    -1.20150   -10.51331
     5.8950       -12.05121    -0.37115    -1.19139   -10.48867
     6.0450       -12.01936    -0.37009    -1.18469   -10.46458
     6.1950       -11.98382    -0.36609    -1.17671   -10.44102
     6.3450       -11.95328    -0.36208    -1.17221   -10.41899
     6.4950       -11.92074    -0.35947    -1.16494   -10.39633
     6.6450       -11.88905    -0.35445    -1.15927   -10.37533
     6.7950       -11.86217    -0.35366    -1.15363   -10.35487
     6.9450       -11.83383    -0.35103    -1.14802   -10.33478
     7.0950       -11.81060    -0.35033    -1.14503   -10.31524
     7.2450       -11.78779    -0.34965    -1.14204   -10.29609
     7.3950       -11.76749    -0.34901    -1.14108   -10.27740
     7.5450       -11.74762    -0.34839    -1.14014   -10.25909
     7.6950       -11.72609    -0.34781    -1.13715   -10.24114
     7.8450       -11.70498    -0.34725    -1.13417   -10.22356
     7.9950       -11.68643    -0.34672    -1.13335   -10.20636
     8.1450       -11.66823    -0.34619    -1.13257   -10.18947
     8.2950       -11.65038    -0.34570    -1.13183   -10.17286
     8.4450       -11.63290    -0.34522    -1.13109   -10.15659
     8.5950       -11.61346    -0.34476    -1.12808   -10.14062
     8.7450       -11.59671    -0.34432    -1.12741   -10.12498
     8.8950       -11.58028    -0.34390    -1.12678   -10.10961
     9.0450       -11.56416    -0.34349    -1.12615   -10.09453
     9.1950       -11.54827    -0.34308    -1.12554   -10.07965
     9.3450       -11.53267    -0.34269    -1.12495   -10.06503
     9.4950       -11.51734    -0.34232    -1.12438   -10.05064
     9.6450       -11.50229    -0.34195    -1.12383   -10.03651
     9.7950       -11.48747    -0.34160    -1.12330   -10.02257
     9.9450       -11.47295    -0.34126    -1.12278   -10.00891
     10.095       -11.45864    -0.34093    -1.12229    -9.99541
     10.245       -11.44458    -0.34061    -1.12181    -9.98216
     10.395       -11.43073    -0.34029    -1.12134    -9.96909
     10.545       -11.41713    -0.34000    -1.12088    -9.95624
     10.695       -11.40373    -0.33970    -1.12044    -9.94358
     10.845       -11.39051    -0.33941    -1.12001    -9.93109
     10.995       -11.37753    -0.33912    -1.11959    -9.91882
     11.145       -11.36474    -0.33885    -1.11918    -9.90671
     11.295       -11.35209    -0.33858    -1.11878    -9.89473
     11.445       -11.33969    -0.33832    -1.11839    -9.88299
     11.595       -11.32739    -0.33806    -1.11800    -9.87133
     11.745       -11.31527    -0.33780    -1.11762    -9.85984
     11.895       -11.30332    -0.33755    -1.11726    -9.84851
     12.045       -11.29154    -0.33732    -1.11690    -9.83733
     12.195       -11.27991    -0.33708    -1.11655    -9.82627
     12.345       -11.26846    -0.33685    -1.11621    -9.81540
     12.495       -11.25716    -0.33663    -1.11588    -9.80465
     12.645       -11.24602    -0.33641    -1.11555    -9.79406
     12.795       -11.23500    -0.33621    -1.11522    -9.78357
     12.945       -11.22406    -0.33599    -1.11490    -9.77318
     13.095       -11.21332    -0.33578    -1.11459    -9.76295
     13.245       -11.20269    -0.33557    -1.11428    -9.75284
     13.395       -11.19222    -0.33537    -1.11398    -9.74287
     13.545       -11.18185    -0.33518    -1.11368    -9.73299
     13.695       -11.17162    -0.33498    -1.11339    -9.72325
     13.845       -11.16151    -0.33479    -1.11310    -9.71361
     13.995       -11.15148    -0.33461    -1.11282    -9.70405
     14.145       -11.14161    -0.33443    -1.11255    -9.69463
     14.295       -11.13183    -0.33425    -1.11227    -9.68530
     14.445       -11.12216    -0.33407    -1.11201    -9.67607
     14.595       -11.11259    -0.33390    -1.11175    -9.66694
     14.745       -11.10313    -0.33373    -1.11148    -9.65792
     14.895       -11.09377    -0.33356    -1.11122    -9.64899
     15.045       -11.08453    -0.33339    -1.11096    -9.64017
     15.195       -11.07538    -0.33323    -1.11072    -9.63143
     15.345       -11.06633    -0.33308    -1.11047    -9.62279
     15.495       -11.05737    -0.33291    -1.11022    -9.61424
     15.645       -11.04849    -0.33276    -1.10998    -9.60575
     15.795       -11.03969    -0.33260    -1.10974    -9.59734
     15.945       -11.03102    -0.33245    -1.10951    -9.58905
     16.095       -11.02240    -0.33230    -1.10928    -9.58082
     16.245       -11.01389    -0.33215    -1.10905    -9.57269
     16.395       -11.00545    -0.33200    -1.10882    -9.56463
     16.545       -10.99710    -0.33185    -1.10860    -9.55664
     16.695       -10.98884    -0.33171    -1.10839    -9.54874
     16.845       -10.98064    -0.33157    -1.10817    -9.54090
     16.995       -10.97250    -0.33142    -1.10796    -9.53312
     17.145       -10.96448    -0.33129    -1.10775    -9.52544
     17.295       -10.95653    -0.33115    -1.10754    -9.51784
     17.445       -10.94866    -0.33102    -1.10733    -9.51031
     17.595       -10.94086    -0.33089    -1.10713    -9.50284
     17.745       -10.93310    -0.33076    -1.10693    -9.49541
     17.895       -10.92544    -0.33063    -1.10673    -9.48807
     18.045       -10.91786    -0.33051    -1.10654    -9.48081
     18.195       -10.91033    -0.33039    -1.10634    -9.47360
     18.345       -10.90288    -0.33026    -1.10615    -9.46647
     18.495       -10.89547    -0.33014    -1.10596    -9.45937
     18.645       -10.88809    -0.33002    -1.10577    -9.45230
     18.795       -10.88081    -0.32990    -1.10559    -9.44531
     18.945       -10.87360    -0.32979    -1.10541    -9.43840
     19.095       -10.86643    -0.32967    -1.10523    -9.43152
     19.245       -10.85930    -0.32955    -1.10505    -9.42470
     19.395       -10.85226    -0.32944    -1.10487    -9.41796
     19.545       -10.84529    -0.32933    -1.10469    -9.41128
     19.695       -10.83841    -0.32922    -1.10452    -9.40467
     19.845       -10.83154    -0.32910    -1.10435    -9.39809
     19.995       -10.82474    -0.32899    -1.10417    -9.39158
     20.145       -10.81800    -0.32889    -1.10400    -9.38512
     20.295       -10.81128    -0.32878    -1.10383    -9.37868
     20.445       -10.80463    -0.32867    -1.10366    -9.37230
     20.595       -10.79803    -0.32856    -1.10350    -9.36597
     20.745       -10.79150    -0.32846    -1.10334    -9.35970
     20.895       -10.78502    -0.32836    -1.10318    -9.35349
     21.045       -10.77856    -0.32826    -1.10301    -9.34729
     21.195       -10.77217    -0.32816    -1.10285    -9.34116
     21.345       -10.76581    -0.32806    -1.10269    -9.33506
     21.495       -10.75951    -0.32796    -1.10253    -9.32902
     21.645       -10.75326    -0.32786    -1.10237    -9.32303
     21.795       -10.74706    -0.32776    -1.10222    -9.31708
     21.945       -10.74087    -0.32767    -1.10206    -9.31115
     22.095       -10.73476    -0.32758    -1.10191    -9.30528
     22.245       -10.72868    -0.32748    -1.10176    -9.29944
     22.395       -10.72264    -0.32739    -1.10160    -9.29365
     22.545       -10.71669    -0.32730    -1.10146    -9.28793
     22.695       -10.71075    -0.32721    -1.10131    -9.28223
     22.845       -10.70485    -0.32712    -1.10117    -9.27657
     22.995       -10.69899    -0.32703    -1.10102    -9.27095
     23.145       -10.69320    -0.32694    -1.10088    -9.26538
     23.295       -10.68744    -0.32684    -1.10073    -9.25986
     23.445       -10.68171    -0.32675    -1.10059    -9.25437
     23.595       -10.67602    -0.32667    -1.10045    -9.24890
     23.745       -10.67036    -0.32658    -1.10031    -9.24347
     23.895       -10.66473    -0.32650    -1.10018    -9.23805
     24.045       -10.65915    -0.32641    -1.10004    -9.23270
     24.195       -10.65359    -0.32633    -1.09991    -9.22735
     24.345       -10.64810    -0.32625    -1.09977    -9.22209
     24.495       -10.64263    -0.32617    -1.09963    -9.21684
     24.645       -10.63721    -0.32609    -1.09950    -9.21162
     24.795       -10.63181    -0.32600    -1.09936    -9.20645
     24.945       -10.62646    -0.32592    -1.09923    -9.20131
     25.095       -10.62114    -0.32584    -1.09910    -9.19620
     25.245       -10.61587    -0.32576    -1.09897    -9.19114
     25.395       -10.61061    -0.32568    -1.09884    -9.18609
     25.545       -10.60539    -0.32560    -1.09871    -9.18108
     25.695       -10.60021    -0.32552    -1.09858    -9.17610
     25.845       -10.59505    -0.32545    -1.09845    -9.17115
     25.995       -10.58993    -0.32537    -1.09833    -9.16623
     26.145       -10.58486    -0.32529    -1.09821    -9.16136
     26.295       -10.57981    -0.32521    -1.09808    -9.15652
     26.445       -10.57478    -0.32514    -1.09796    -9.15169
     26.595       -10.56979    -0.32506    -1.09784    -9.14689
     26.745       -10.56484    -0.32499    -1.09772    -9.14213
     26.895       -10.55988    -0.32492    -1.09759    -9.13737
     27.045       -10.55497    -0.32485    -1.09747    -9.13265
     27.195       -10.55010    -0.32478    -1.09735    -9.12797
     27.345       -10.54526    -0.32471    -1.09723    -9.12332
     27.495       -10.54041    -0.32463    -1.09711    -9.11867
     27.645       -10.53561    -0.32456    -1.09699    -9.11406
     27.795       -10.53083    -0.32449    -1.09687    -9.10946
     27.945       -10.52609    -0.32442    -1.09676    -9.10491
     28.095       -10.52137    -0.32435    -1.09664    -9.10038
     28.245       -10.51668    -0.32428    -1.09653    -9.09587
     28.395       -10.51201    -0.32421    -1.09642    -9.09138
     28.545       -10.50741    -0.32414    -1.09630    -9.08696
     28.695       -10.50279    -0.32407    -1.09619    -9.08252
     28.845       -10.49821    -0.32400    -1.09608    -9.07813
     28.995       -10.49366    -0.32394    -1.09597    -9.07375
     29.145       -10.48912    -0.32387    -1.09586    -9.06938
     29.295       -10.48463    -0.32381    -1.09575    -9.06507
     29.445       -10.48016    -0.32375    -1.09564    -9.06078
     29.595       -10.47569    -0.32368    -1.09553    -9.05648
     29.745       -10.47130    -0.32361    -1.09543    -9.05226
     29.895       -10.46688    -0.32355    -1.09532    -9.04801
     30.045       -10.46249    -0.32348    -1.09521    -9.04380
     30.195       -10.45815    -0.32342    -1.09510    -9.03963
     30.345       -10.45382    -0.32335    -1.09500    -9.03546
     30.495       -10.44947    -0.32329    -1.09489    -9.03129
     30.645       -10.44517    -0.32323    -1.09478    -9.02716
     30.795       -10.44087    -0.32316    -1.09468    -9.02303
     30.945       -10.43665    -0.32310    -1.09458    -9.01897
     31.095       -10.43245    -0.32304    -1.09448    -9.01493
     31.245       -10.42825    -0.32297    -1.09437    -9.01090
     31.395       -10.42406    -0.32291    -1.09427    -9.00688
     31.545       -10.41989    -0.32285    -1.09417    -9.00287
     31.695       -10.41576    -0.32279    -1.09407    -8.99890
     31.845       -10.41161    -0.32273    -1.09397    -8.99491
     31.995       -10.40751    -0.32267    -1.09387    -8.99097
     32.145       -10.40345    -0.32261    -1.09377    -8.98707
     32.295       -10.39939    -0.32255    -1.09368    -8.98316
     32.445       -10.39535    -0.32249    -1.09358    -8.97928
     32.595       -10.39135    -0.32243    -1.09348    -8.97544
     32.745       -10.38736    -0.32238    -1.09339    -8.97160
     32.895       -10.38339    -0.32232    -1.09329    -8.96778
     33.045       -10.37943    -0.32226    -1.09319    -8.96398
     33.195       -10.37550    -0.32221    -1.09310    -8.96019
     33.345       -10.37158    -0.32215    -1.09300    -8.95642
     33.495       -10.36769    -0.32209    -1.09291    -8.95269
     33.645       -10.36385    -0.32204    -1.09282    -8.94899
     33.795       -10.35999    -0.32198    -1.09273    -8.94528
     33.945       -10.35615    -0.32192    -1.09264    -8.94159
     34.095       -10.35237    -0.32187    -1.09255    -8.93795
     34.245       -10.34857    -0.32182    -1.09246    -8.93429
     34.395       -10.34479    -0.32176    -1.09237    -8.93065
     34.545       -10.34104    -0.32171    -1.09228    -8.92705
     34.695       -10.33730    -0.32166    -1.09219    -8.92345
     34.845       -10.33358    -0.32161    -1.09210    -8.91988
     34.995       -10.32988    -0.32155    -1.09201    -8.91632
     35.145       -10.32619    -0.32150    -1.09193    -8.91277
     35.295       -10.32253    -0.32145    -1.09184    -8.90924
     35.445       -10.31887    -0.32139    -1.09175    -8.90573
     35.595       -10.31522    -0.32134    -1.09166    -8.90222
     35.745       -10.31161    -0.32129    -1.09157    -8.89875
     35.895       -10.30799    -0.32124    -1.09148    -8.89527
     36.045       -10.30441    -0.32119    -1.09140    -8.89183
     36.195       -10.30086    -0.32113    -1.09131    -8.88841
     36.345       -10.29729    -0.32108    -1.09122    -8.88498
     36.495       -10.29375    -0.32103    -1.09114    -8.88158
     36.645       -10.29022    -0.32098    -1.09105    -8.87819
     36.795       -10.28672    -0.32093    -1.09097    -8.87481
     36.945       -10.28324    -0.32088    -1.09089    -8.87148
     37.095       -10.27974    -0.32083    -1.09080    -8.86811
     37.245       -10.27625    -0.32078    -1.09072    -8.86475
     37.395       -10.27279    -0.32073    -1.09064    -8.86142
     37.545       -10.26936    -0.32068    -1.09055    -8.85813
     37.695       -10.26593    -0.32063    -1.09047    -8.85483
     37.845       -10.26252    -0.32059    -1.09039    -8.85154
     37.995       -10.25914    -0.32054    -1.09031    -8.84829
     38.145       -10.25575    -0.32049    -1.09023    -8.84503
     38.295       -10.25239    -0.32044    -1.09015    -8.84180
     38.445       -10.24905    -0.32039    -1.09007    -8.83858
     38.595       -10.24570    -0.32035    -1.08999    -8.83537
     38.745       -10.24240    -0.32030    -1.08991    -8.83219
     38.895       -10.23910    -0.32025    -1.08983    -8.82902
     39.045       -10.23582    -0.32021    -1.08975    -8.82586
     39.195       -10.23253    -0.32016    -1.08967    -8.82270
     39.345       -10.22926    -0.32011    -1.08960    -8.81955
     39.495       -10.22601    -0.32007    -1.08952    -8.81642
     39.645       -10.22276    -0.32003    -1.08944    -8.81329
     39.795       -10.21956    -0.31998    -1.08937    -8.81022
     39.945       -10.21636    -0.31993    -1.08929    -8.80714
     40.095       -10.21316    -0.31989    -1.08921    -8.80406
     40.245       -10.20995    -0.31984    -1.08914    -8.80098
     40.395       -10.20679    -0.31980    -1.08906    -8.79793
     40.545       -10.20364    -0.31975    -1.08899    -8.79490
     40.695       -10.20046    -0.31971    -1.08891    -8.79184
     40.845       -10.19731    -0.31966    -1.08884    -8.78881
     40.995       -10.19418    -0.31962    -1.08876    -8.78580
     41.145       -10.19108    -0.31957    -1.08869    -8.78282
     41.295       -10.18800    -0.31954    -1.08861    -8.77985
     41.445       -10.18492    -0.31949    -1.08854    -8.77689
     41.595       -10.18186    -0.31945    -1.08846    -8.77395
     41.745       -10.17880    -0.31941    -1.08839    -8.77100
     41.895       -10.17575    -0.31936    -1.08832    -8.76807
     42.045       -10.17271    -0.31932    -1.08825    -8.76515
     42.195       -10.16970    -0.31928    -1.08818    -8.76224
     42.345       -10.16667    -0.31924    -1.08811    -8.75933
     42.495       -10.16367    -0.31919    -1.08803    -8.75644
     42.645       -10.16068    -0.31915    -1.08796    -8.75357
     42.795       -10.15769    -0.31911    -1.08789    -8.75070
     42.945       -10.15473    -0.31906    -1.08782    -8.74785
     43.095       -10.15179    -0.31902    -1.08775    -8.74502
     43.245       -10.14885    -0.31898    -1.08768    -8.74219
     43.395       -10.14591    -0.31894    -1.08761    -8.73936
     43.545       -10.14300    -0.31890    -1.08754    -8.73656
     43.695       -10.14009    -0.31886    -1.08747    -8.73376
     43.845       -10.13720    -0.31882    -1.08740    -8.73098
     43.995       -10.13430    -0.31878    -1.08733    -8.72819
     44.145       -10.13142    -0.31874    -1.08726    -8.72541
     44.295       -10.12854    -0.31870    -1.08720    -8.72265
     44.445       -10.12569    -0.31866    -1.08713    -8.71990
     44.595       -10.12283    -0.31862    -1.08706    -8.71715
     44.745       -10.11999    -0.31858    -1.08699    -8.71442
     44.895       -10.11716    -0.31854    -1.08693    -8.71169
     45.045       -10.11433    -0.31850    -1.08686    -8.70897
     45.195       -10.11153    -0.31846    -1.08679    -8.70628
     45.345       -10.10874    -0.31842    -1.08673    -8.70359
     45.495       -10.10596    -0.31838    -1.08666    -8.70092
     45.645       -10.10318    -0.31834    -1.08659    -8.69824
     45.795       -10.10042    -0.31831    -1.08652    -8.69559
     45.945       -10.09767    -0.31827    -1.08646    -8.69294
     46.095       -10.09492    -0.31823    -1.08639    -8.69030
     46.245       -10.09218    -0.31819    -1.08633    -8.68766
     46.395       -10.08945    -0.31816    -1.08626    -8.68504
     46.545       -10.08674    -0.31812    -1.08620    -8.68242
     46.695       -10.08402    -0.31808    -1.08613    -8.67981
     46.845       -10.08133    -0.31804    -1.08607    -8.67723
     46.995       -10.07862    -0.31800    -1.08600    -8.67462
     47.145       -10.07592    -0.31796    -1.08594    -8.67202
     47.295       -10.07325    -0.31792    -1.08587    -8.66946
     47.445       -10.07060    -0.31789    -1.08581    -8.66690
     47.595       -10.06796    -0.31785    -1.08575    -8.66436
     47.745       -10.06531    -0.31782    -1.08569    -8.66180
     47.895       -10.06266    -0.31778    -1.08562    -8.65926
     48.045       -10.06004    -0.31775    -1.08556    -8.65674
     48.195       -10.05742    -0.31771    -1.08550    -8.65421
     48.345       -10.05482    -0.31767    -1.08544    -8.65171
     48.495       -10.05222    -0.31764    -1.08538    -8.64920
     48.645       -10.04963    -0.31760    -1.08532    -8.64670
     48.795       -10.04706    -0.31757    -1.08526    -8.64423
     48.945       -10.04448    -0.31753    -1.08520    -8.64175
     49.095       -10.04192    -0.31749    -1.08514    -8.63928
     49.245       -10.03936    -0.31746    -1.08508    -8.63682
     49.395       -10.03682    -0.31742    -1.08502    -8.63438
     49.545       -10.03428    -0.31739    -1.08496    -8.63193
     49.695       -10.03174    -0.31735    -1.08490    -8.62949
     49.845       -10.02924    -0.31732    -1.08484    -8.62708
     49.995       -10.02673    -0.31729    -1.08478    -8.62466
     50.145       -10.02423    -0.31725    -1.08472    -8.62226
     50.295       -10.02175    -0.31722    -1.08466    -8.61986
     50.445       -10.01926    -0.31718    -1.08461    -8.61747
     50.595       -10.01677    -0.31715    -1.08455    -8.61508
     50.745       -10.01430    -0.31712    -1.08449    -8.61270
     50.895       -10.01186    -0.31708    -1.08443    -8.61035
     51.045       -10.00940    -0.31705    -1.08437    -8.60797
     51.195       -10.00695    -0.31701    -1.08431    -8.60563
     51.345       -10.00451    -0.31698    -1.08426    -8.60327
     51.495       -10.00208    -0.31695    -1.08420    -8.60093
     51.645        -9.99967    -0.31691    -1.08414    -8.59861
     51.795        -9.99725    -0.31687    -1.08409    -8.59629
     51.945        -9.99484    -0.31684    -1.08403    -8.59397
     52.095        -9.99243    -0.31681    -1.08397    -8.59165
     52.245        -9.99005    -0.31678    -1.08392    -8.58935
     52.395        -9.98767    -0.31674    -1.08386    -8.58706
     52.545        -9.98529    -0.31671    -1.08381    -8.58477
     52.695        -9.98293    -0.31668    -1.08375    -8.58250
     52.845        -9.98057    -0.31664    -1.08369    -8.58023
     52.995        -9.97822    -0.31661    -1.08364    -8.57797
     53.145        -9.97587    -0.31658    -1.08358    -8.57571
     53.295        -9.97353    -0.31654    -1.08353    -8.57346
     53.445        -9.97119    -0.31651    -1.08347    -8.57121
     53.595        -9.96888    -0.31648    -1.08342    -8.56898
     53.745        -9.96657    -0.31644    -1.08336    -8.56676
     53.895        -9.96426    -0.31642    -1.08331    -8.56453
     54.045        -9.96195    -0.31639    -1.08325    -8.56231
     54.195        -9.95966    -0.31636    -1.08320    -8.56011
     54.345        -9.95737    -0.31632    -1.08315    -8.55790
     54.495        -9.95506    -0.31629    -1.08309    -8.55568
     54.645        -9.95279    -0.31626    -1.08304    -8.55349
     54.795        -9.95052    -0.31623    -1.08298    -8.55131
     54.945        -9.94826    -0.31620    -1.08293    -8.54914
     55.095        -9.94600    -0.31616    -1.08288    -8.54696
     59.433        -9.76926    -0.31371    -1.07870    -8.37685
     80.646        -9.51284    -0.31022    -1.07264    -8.12998
     111.21        -9.26536    -0.30689    -1.06682    -7.89166
     153.36        -9.02691    -0.30366    -1.06119    -7.66206
     211.49        -8.79771    -0.30054    -1.05578    -7.44139
     291.64        -8.57744    -0.29754    -1.05058    -7.22932
     402.18        -8.36614    -0.29467    -1.04556    -7.02592
     554.60        -8.16367    -0.29189    -1.04077    -6.83100
     764.80        -7.96981    -0.28922    -1.03617    -6.64442
     1054.7        -7.78433    -0.28665    -1.03175    -6.46594
     1454.4        -7.60668    -0.28419    -1.02751    -6.29498
     2005.6        -7.43675    -0.28183    -1.02348    -6.13145
     2765.8        -7.27452    -0.27959    -1.01962    -5.97532
     3814.0        -7.11916    -0.27742    -1.01594    -5.82581
     5259.5        -6.97073    -0.27535    -1.01243    -5.68296
     7252.9        -6.82883    -0.27335    -1.00908    -5.54640
     10002.        -6.69327    -0.27144    -1.00588    -5.41594
     13793.        -6.56380    -0.26962    -1.00283    -5.29135
     19020.        -6.44017    -0.26788    -0.99993    -5.17236
     26229.        -6.32225    -0.26622    -0.99713    -5.05890
     36170.        -6.20956    -0.26464    -0.99446    -4.95046
     49878.        -6.10221    -0.26314    -0.99191    -4.84717
     68782.        -5.99981    -0.26170    -0.98947    -4.74865
     94851.        -5.90230    -0.26032    -0.98714    -4.65483
    0.13080E+06    -5.80951    -0.25902    -0.98493    -4.56555
    0.18038E+06    -5.72126    -0.25779    -0.98282    -4.48065
    0.24874E+06    -5.63731    -0.25660    -0.98079    -4.39992
    0.34301E+06    -5.55755    -0.25548    -0.97887    -4.32320
    0.47302E+06    -5.48172    -0.25441    -0.97704    -4.25027
    0.65229E+06    -5.40976    -0.25342    -0.97528    -4.18107
    0.89952E+06    -5.34132    -0.25247    -0.97361    -4.11524
    0.12404E+07    -5.27627    -0.25156    -0.97203    -4.05268
    0.17106E+07    -5.21449    -0.25071    -0.97052    -3.99326
    0.23589E+07    -5.15589    -0.24989    -0.96910    -3.93690
    0.32529E+07    -5.10022    -0.24911    -0.96774    -3.88337
    0.44858E+07    -5.04735    -0.24837    -0.96646    -3.83253
    0.61860E+07    -4.99713    -0.24767    -0.96523    -3.78422
    0.85305E+07    -4.94941    -0.24702    -0.96406    -3.73833
    0.11764E+08    -4.90408    -0.24639    -0.96296    -3.69473
    0.16222E+08    -4.86107    -0.24580    -0.96190    -3.65337
    0.22370E+08    -4.82020    -0.24523    -0.96091    -3.61406
    0.30849E+08    -4.78141    -0.24470    -0.95995    -3.57676
    0.42541E+08    -4.74482    -0.24419    -0.95906    -3.54157
    0.58664E+08    -4.71044    -0.24372    -0.95820    -3.50852
    0.80898E+08    -4.67808    -0.24328    -0.95738    -3.47742
    0.11156E+09    -4.64783    -0.24287    -0.95661    -3.44835
    0.15384E+09    -4.61954    -0.24248    -0.95587    -3.42119
    0.21215E+09    -4.59298    -0.24211    -0.95518    -3.39569
    0.29255E+09    -4.56812    -0.24178    -0.95453    -3.37181
    0.40343E+09    -4.54476    -0.24146    -0.95391    -3.34939
    0.55633E+09    -4.52280    -0.24116    -0.95334    -3.32831
    0.76719E+09    -4.50234    -0.24089    -0.95281    -3.30864
    0.10580E+10    -4.48381    -0.24064    -0.95231    -3.29085
    0.14589E+10    -4.46680    -0.24041    -0.95184    -3.27454
    0.20119E+10    -4.45114    -0.24020    -0.95140    -3.25954
    0.27744E+10    -4.43667    -0.24001    -0.95097    -3.24568
    0.38259E+10    -4.42331    -0.23983    -0.95059    -3.23289
    0.52760E+10    -4.41102    -0.23967    -0.95024    -3.22111
    0.72756E+10    -4.39967    -0.23952    -0.94992    -3.21023
    0.10033E+11    -4.38919    -0.23938    -0.94963    -3.20018
    0.13836E+11    -4.37954    -0.23925    -0.94936    -3.19093
    0.19079E+11    -4.37066    -0.23914    -0.94911    -3.18241
    0.26311E+11    -4.36244    -0.23903    -0.94888    -3.17453
    0.36283E+11    -4.35485    -0.23893    -0.94867    -3.16725
    0.50034E+11    -4.34783    -0.23883    -0.94847    -3.16052
    0.68997E+11    -4.34137    -0.23875    -0.94829    -3.15433
    0.10000E+12    -4.26352    -0.23771    -0.94610    -3.07971
