    -99.945         0.00000     0.00000     0.00000     0.00000
    -99.795         0.00000     0.00000     0.00000     0.00000
    -99.645         0.00000     0.00000     0.00000     0.00000
    -99.495         0.00000     0.00000     0.00000     0.00000
    -99.345         0.00000     0.00000     0.00000     0.00000
    -99.195         0.00000     0.00000     0.00000     0.00000
    -99.045         0.00000     0.00000     0.00000     0.00000
    -98.895         0.00000     0.00000     0.00000     0.00000
    -98.745         0.00000     0.00000     0.00000     0.00000
    -98.595         0.00000     0.00000     0.00000     0.00000
    -98.445         0.00000     0.00000     0.00000     0.00000
    -98.295         0.00000     0.00000     0.00000     0.00000
    -98.145         0.00000     0.00000     0.00000     0.00000
    -97.995         0.00000     0.00000     0.00000     0.00000
    -97.845         0.00000     0.00000     0.00000     0.00000
    -97.695         0.00000     0.00000     0.00000     0.00000
    -97.545         0.00000     0.00000     0.00000     0.00000
    -97.395         0.00000     0.00000     0.00000     0.00000
    -97.245         0.00000     0.00000     0.00000     0.00000
    -97.095         0.00000     0.00000     0.00000     0.00000
    -96.945         0.00000     0.00000     0.00000     0.00000
    -96.795         0.00000     0.00000     0.00000     0.00000
    -96.645         0.00000     0.00000     0.00000     0.00000
    -96.495         0.00000     0.00000     0.00000     0.00000
    -96.345         0.00000     0.00000     0.00000     0.00000
    -96.195         0.00000     0.00000     0.00000     0.00000
    -96.045         0.00000     0.00000     0.00000     0.00000
    -95.895         0.00000     0.00000     0.00000     0.00000
    -95.745         0.00000     0.00000     0.00000     0.00000
    -95.595         0.00000     0.00000     0.00000     0.00000
    -95.445         0.00000     0.00000     0.00000     0.00000
    -95.295         0.00000     0.00000     0.00000     0.00000
    -95.145         0.00000     0.00000     0.00000     0.00000
    -94.995         0.00000     0.00000     0.00000     0.00000
    -94.845         0.00000     0.00000     0.00000     0.00000
    -94.695         0.00000     0.00000     0.00000     0.00000
    -94.545         0.00000     0.00000     0.00000     0.00000
    -94.395         0.00000     0.00000     0.00000     0.00000
    -94.245         0.00000     0.00000     0.00000     0.00000
    -94.095         0.00000     0.00000     0.00000     0.00000
    -93.945         0.00000     0.00000     0.00000     0.00000
    -93.795         0.00000     0.00000     0.00000     0.00000
    -93.645         0.00000     0.00000     0.00000     0.00000
    -93.495         0.00000     0.00000     0.00000     0.00000
    -93.345         0.00000     0.00000     0.00000     0.00000
    -93.195         0.00000     0.00000     0.00000     0.00000
    -93.045         0.00000     0.00000     0.00000     0.00000
    -92.895         0.00000     0.00000     0.00000     0.00000
    -92.745         0.00000     0.00000     0.00000     0.00000
    -92.595         0.00000     0.00000     0.00000     0.00000
    -92.445         0.00000     0.00000     0.00000     0.00000
    -92.295         0.00000     0.00000     0.00000     0.00000
    -92.145         0.00000     0.00000     0.00000     0.00000
    -91.995         0.00000     0.00000     0.00000     0.00000
    -91.845         0.00000     0.00000     0.00000     0.00000
    -91.695         0.00000     0.00000     0.00000     0.00000
    -91.545         0.00000     0.00000     0.00000     0.00000
    -91.395         0.00000     0.00000     0.00000     0.00000
    -91.245         0.00000     0.00000     0.00000     0.00000
    -91.095         0.00000     0.00000     0.00000     0.00000
    -90.945         0.00000     0.00000     0.00000     0.00000
    -90.795         0.00000     0.00000     0.00000     0.00000
    -90.645         0.00000     0.00000     0.00000     0.00000
    -90.495         0.00000     0.00000     0.00000     0.00000
    -90.345         0.00000     0.00000     0.00000     0.00000
    -90.195         0.00000     0.00000     0.00000     0.00000
    -90.045         0.00000     0.00000     0.00000     0.00000
    -89.895         0.00000     0.00000     0.00000     0.00000
    -89.745         0.00000     0.00000     0.00000     0.00000
    -89.595         0.00000     0.00000     0.00000     0.00000
    -89.445         0.00000     0.00000     0.00000     0.00000
    -89.295         0.00000     0.00000     0.00000     0.00000
    -89.145         0.00000     0.00000     0.00000     0.00000
    -88.995         0.00000     0.00000     0.00000     0.00000
    -88.845         0.00000     0.00000     0.00000     0.00000
    -88.695         0.00000     0.00000     0.00000     0.00000
    -88.545         0.00000     0.00000     0.00000     0.00000
    -88.395         0.00000     0.00000     0.00000     0.00000
    -88.245         0.00000     0.00000     0.00000     0.00000
    -88.095         0.00000     0.00000     0.00000     0.00000
    -87.945         0.00000     0.00000     0.00000     0.00000
    -87.795         0.00000     0.00000     0.00000     0.00000
    -87.645         0.00000     0.00000     0.00000     0.00000
    -87.495         0.00000     0.00000     0.00000     0.00000
    -87.345         0.00000     0.00000     0.00000     0.00000
    -87.195         0.00000     0.00000     0.00000     0.00000
    -87.045         0.00000     0.00000     0.00000     0.00000
    -86.895         0.00000     0.00000     0.00000     0.00000
    -86.745         0.00000     0.00000     0.00000     0.00000
    -86.595         0.00000     0.00000     0.00000     0.00000
    -86.445         0.00000     0.00000     0.00000     0.00000
    -86.295         0.00000     0.00000     0.00000     0.00000
    -86.145         0.00000     0.00000     0.00000     0.00000
    -85.995         0.00000     0.00000     0.00000     0.00000
    -85.845         0.00000     0.00000     0.00000     0.00000
    -85.695         0.00000     0.00000     0.00000     0.00000
    -85.545         0.00000     0.00000     0.00000     0.00000
    -85.395         0.00000     0.00000     0.00000     0.00000
    -85.245         0.00000     0.00000     0.00000     0.00000
    -85.095         0.00000     0.00000     0.00000     0.00000
    -84.945         0.00000     0.00000     0.00000     0.00000
    -84.795         0.00000     0.00000     0.00000     0.00000
    -84.645         0.00000     0.00000     0.00000     0.00000
    -84.495         0.00000     0.00000     0.00000     0.00000
    -84.345         0.00000     0.00000     0.00000     0.00000
    -84.195         0.00000     0.00000     0.00000     0.00000
    -84.045         0.00000     0.00000     0.00000     0.00000
    -83.895         0.00000     0.00000     0.00000     0.00000
    -83.745         0.00000     0.00000     0.00000     0.00000
    -83.595         0.00000     0.00000     0.00000     0.00000
    -83.445         0.00000     0.00000     0.00000     0.00000
    -83.295         0.00000     0.00000     0.00000     0.00000
    -83.145         0.00000     0.00000     0.00000     0.00000
    -82.995         0.00000     0.00000     0.00000     0.00000
    -82.845         0.00000     0.00000     0.00000     0.00000
    -82.695         0.00000     0.00000     0.00000     0.00000
    -82.545         0.00000     0.00000     0.00000     0.00000
    -82.395         0.00000     0.00000     0.00000     0.00000
    -82.245         0.00000     0.00000     0.00000     0.00000
    -82.095         0.00000     0.00000     0.00000     0.00000
    -81.945         0.00000     0.00000     0.00000     0.00000
    -81.795         0.00000     0.00000     0.00000     0.00000
    -81.645         0.00000     0.00000     0.00000     0.00000
    -81.495         0.00000     0.00000     0.00000     0.00000
    -81.345         0.00000     0.00000     0.00000     0.00000
    -81.195         0.00000     0.00000     0.00000     0.00000
    -81.045         0.00000     0.00000     0.00000     0.00000
    -80.895         0.00000     0.00000     0.00000     0.00000
    -80.745         0.00000     0.00000     0.00000     0.00000
    -80.595         0.00000     0.00000     0.00000     0.00000
    -80.445         0.00000     0.00000     0.00000     0.00000
    -80.295         0.00000     0.00000     0.00000     0.00000
    -80.145         0.00000     0.00000     0.00000     0.00000
    -79.995         0.00000     0.00000     0.00000     0.00000
    -79.845         0.00000     0.00000     0.00000     0.00000
    -79.695         0.00000     0.00000     0.00000     0.00000
    -79.545         0.00000     0.00000     0.00000     0.00000
    -79.395         0.00000     0.00000     0.00000     0.00000
    -79.245         0.00000     0.00000     0.00000     0.00000
    -79.095         0.00000     0.00000     0.00000     0.00000
    -78.945         0.00000     0.00000     0.00000     0.00000
    -78.795         0.00000     0.00000     0.00000     0.00000
    -78.645         0.00000     0.00000     0.00000     0.00000
    -78.495         0.00000     0.00000     0.00000     0.00000
    -78.345         0.00000     0.00000     0.00000     0.00000
    -78.195         0.00000     0.00000     0.00000     0.00000
    -78.045         0.00000     0.00000     0.00000     0.00000
    -77.895         0.00000     0.00000     0.00000     0.00000
    -77.745         0.00000     0.00000     0.00000     0.00000
    -77.595         0.00000     0.00000     0.00000     0.00000
    -77.445         0.00000     0.00000     0.00000     0.00000
    -77.295         0.00000     0.00000     0.00000     0.00000
    -77.145         0.00000     0.00000     0.00000     0.00000
    -76.995         0.00000     0.00000     0.00000     0.00000
    -76.845         0.00000     0.00000     0.00000     0.00000
    -76.695         0.00000     0.00000     0.00000     0.00000
    -76.545         0.00000     0.00000     0.00000     0.00000
    -76.395         0.00000     0.00000     0.00000     0.00000
    -76.245         0.00000     0.00000     0.00000     0.00000
    -76.095         0.00000     0.00000     0.00000     0.00000
    -75.945         0.00000     0.00000     0.00000     0.00000
    -75.795         0.00000     0.00000     0.00000     0.00000
    -75.645         0.00000     0.00000     0.00000     0.00000
    -75.495         0.00000     0.00000     0.00000     0.00000
    -75.345         0.00000     0.00000     0.00000     0.00000
    -75.195         0.00000     0.00000     0.00000     0.00000
    -75.045         0.00000     0.00000     0.00000     0.00000
    -74.895         0.00000     0.00000     0.00000     0.00000
    -74.745         0.00000     0.00000     0.00000     0.00000
    -74.595         0.00000     0.00000     0.00000     0.00000
    -74.445         0.00000     0.00000     0.00000     0.00000
    -74.295         0.00000     0.00000     0.00000     0.00000
    -74.145         0.00000     0.00000     0.00000     0.00000
    -73.995         0.00000     0.00000     0.00000     0.00000
    -73.845         0.00000     0.00000     0.00000     0.00000
    -73.695         0.00000     0.00000     0.00000     0.00000
    -73.545         0.00000     0.00000     0.00000     0.00000
    -73.395         0.00000     0.00000     0.00000     0.00000
    -73.245         0.00000     0.00000     0.00000     0.00000
    -73.095         0.00000     0.00000     0.00000     0.00000
    -72.945         0.00000     0.00000     0.00000     0.00000
    -72.795         0.00000     0.00000     0.00000     0.00000
    -72.645         0.00000     0.00000     0.00000     0.00000
    -72.495         0.00000     0.00000     0.00000     0.00000
    -72.345         0.00000     0.00000     0.00000     0.00000
    -72.195         0.00000     0.00000     0.00000     0.00000
    -72.045         0.00000     0.00000     0.00000     0.00000
    -71.895         0.00000     0.00000     0.00000     0.00000
    -71.745         0.00000     0.00000     0.00000     0.00000
    -71.595         0.00000     0.00000     0.00000     0.00000
    -71.445         0.00000     0.00000     0.00000     0.00000
    -71.295         0.00000     0.00000     0.00000     0.00000
    -71.145         0.00000     0.00000     0.00000     0.00000
    -70.995         0.00000     0.00000     0.00000     0.00000
    -70.845         0.00000     0.00000     0.00000     0.00000
    -70.695         0.00000     0.00000     0.00000     0.00000
    -70.545         0.00000     0.00000     0.00000     0.00000
    -70.395         0.00000     0.00000     0.00000     0.00000
    -70.245         0.00000     0.00000     0.00000     0.00000
    -70.095         0.00000     0.00000     0.00000     0.00000
    -69.945         0.00000     0.00000     0.00000     0.00000
    -69.795         0.00000     0.00000     0.00000     0.00000
    -69.645         0.00000     0.00000     0.00000     0.00000
    -69.495         0.00000     0.00000     0.00000     0.00000
    -69.345         0.00000     0.00000     0.00000     0.00000
    -69.195         0.00000     0.00000     0.00000     0.00000
    -69.045         0.00000     0.00000     0.00000     0.00000
    -68.895         0.00000     0.00000     0.00000     0.00000
    -68.745         0.00000     0.00000     0.00000     0.00000
    -68.595         0.00000     0.00000     0.00000     0.00000
    -68.445         0.00000     0.00000     0.00000     0.00000
    -68.295         0.00000     0.00000     0.00000     0.00000
    -68.145         0.00000     0.00000     0.00000     0.00000
    -67.995         0.00000     0.00000     0.00000     0.00000
    -67.845         0.00000     0.00000     0.00000     0.00000
    -67.695         0.00000     0.00000     0.00000     0.00000
    -67.545         0.00000     0.00000     0.00000     0.00000
    -67.395         0.00000     0.00000     0.00000     0.00000
    -67.245         0.00000     0.00000     0.00000     0.00000
    -67.095         0.00000     0.00000     0.00000     0.00000
    -66.945         0.00000     0.00000     0.00000     0.00000
    -66.795         0.00000     0.00000     0.00000     0.00000
    -66.645         0.00000     0.00000     0.00000     0.00000
    -66.495         0.00000     0.00000     0.00000     0.00000
    -66.345         0.00000     0.00000     0.00000     0.00000
    -66.195         0.00000     0.00000     0.00000     0.00000
    -66.045         0.00000     0.00000     0.00000     0.00000
    -65.895         0.00000     0.00000     0.00000     0.00000
    -65.745         0.00000     0.00000     0.00000     0.00000
    -65.595         0.00000     0.00000     0.00000     0.00000
    -65.445         0.00000     0.00000     0.00000     0.00000
    -65.295         0.00000     0.00000     0.00000     0.00000
    -65.145         0.00000     0.00000     0.00000     0.00000
    -64.995         0.00000     0.00000     0.00000     0.00000
    -64.845         0.00000     0.00000     0.00000     0.00000
    -64.695         0.00000     0.00000     0.00000     0.00000
    -64.545         0.00000     0.00000     0.00000     0.00000
    -64.395         0.00000     0.00000     0.00000     0.00000
    -64.245         0.00000     0.00000     0.00000     0.00000
    -64.095         0.00000     0.00000     0.00000     0.00000
    -63.945         0.00000     0.00000     0.00000     0.00000
    -63.795         0.00000     0.00000     0.00000     0.00000
    -63.645         0.00000     0.00000     0.00000     0.00000
    -63.495         0.00000     0.00000     0.00000     0.00000
    -63.345         0.00000     0.00000     0.00000     0.00000
    -63.195         0.00000     0.00000     0.00000     0.00000
    -63.045         0.00000     0.00000     0.00000     0.00000
    -62.895         0.00000     0.00000     0.00000     0.00000
    -62.745         0.00000     0.00000     0.00000     0.00000
    -62.595         0.00000     0.00000     0.00000     0.00000
    -62.445         0.00000     0.00000     0.00000     0.00000
    -62.295         0.00000     0.00000     0.00000     0.00000
    -62.145         0.00000     0.00000     0.00000     0.00000
    -61.995         0.00000     0.00000     0.00000     0.00000
    -61.845         0.00000     0.00000     0.00000     0.00000
    -61.695         0.00000     0.00000     0.00000     0.00000
    -61.545         0.00000     0.00000     0.00000     0.00000
    -61.395         0.00000     0.00000     0.00000     0.00000
    -61.245         0.00000     0.00000     0.00000     0.00000
    -61.095         0.00000     0.00000     0.00000     0.00000
    -60.945         0.00000     0.00000     0.00000     0.00000
    -60.795         0.00000     0.00000     0.00000     0.00000
    -60.645         0.00000     0.00000     0.00000     0.00000
    -60.495         0.00000     0.00000     0.00000     0.00000
    -60.345         0.00000     0.00000     0.00000     0.00000
    -60.195         0.00000     0.00000     0.00000     0.00000
    -60.045         0.00000     0.00000     0.00000     0.00000
    -59.895         0.00000     0.00000     0.00000     0.00000
    -59.745         0.00000     0.00000     0.00000     0.00000
    -59.595         0.00000     0.00000     0.00000     0.00000
    -59.445         0.00000     0.00000     0.00000     0.00000
    -59.295         0.00000     0.00000     0.00000     0.00000
    -59.145         0.00000     0.00000     0.00000     0.00000
    -58.995         0.00000     0.00000     0.00000     0.00000
    -58.845         0.00000     0.00000     0.00000     0.00000
    -58.695         0.00000     0.00000     0.00000     0.00000
    -58.545         0.00000     0.00000     0.00000     0.00000
    -58.395         0.00000     0.00000     0.00000     0.00000
    -58.245         0.00000     0.00000     0.00000     0.00000
    -58.095         0.00000     0.00000     0.00000     0.00000
    -57.945         0.00000     0.00000     0.00000     0.00000
    -57.795         0.00000     0.00000     0.00000     0.00000
    -57.645         0.00000     0.00000     0.00000     0.00000
    -57.495         0.00000     0.00000     0.00000     0.00000
    -57.345         0.00000     0.00000     0.00000     0.00000
    -57.195         0.00000     0.00000     0.00000     0.00000
    -57.045         0.00000     0.00000     0.00000     0.00000
    -56.895         0.00000     0.00000     0.00000     0.00000
    -56.745         0.00000     0.00000     0.00000     0.00000
    -56.595         0.00000     0.00000     0.00000     0.00000
    -56.445         0.00000     0.00000     0.00000     0.00000
    -56.295         0.00000     0.00000     0.00000     0.00000
    -56.145         0.00000     0.00000     0.00000     0.00000
    -55.995         0.00000     0.00000     0.00000     0.00000
    -55.845         0.00000     0.00000     0.00000     0.00000
    -55.695         0.00000     0.00000     0.00000     0.00000
    -55.545         0.00000     0.00000     0.00000     0.00000
    -55.395         0.00000     0.00000     0.00000     0.00000
    -55.245         0.00000     0.00000     0.00000     0.00000
    -55.095         0.00000     0.00000     0.00000     0.00000
    -54.945         0.00000     0.00000     0.00000     0.00000
    -54.795         0.00000     0.00000     0.00000     0.00000
    -54.645         0.00000     0.00000     0.00000     0.00000
    -54.495         0.00000     0.00000     0.00000     0.00000
    -54.345         0.00000     0.00000     0.00000     0.00000
    -54.195         0.00000     0.00000     0.00000     0.00000
    -54.045         0.00000     0.00000     0.00000     0.00000
    -53.895         0.00000     0.00000     0.00000     0.00000
    -53.745         0.00000     0.00000     0.00000     0.00000
    -53.595         0.00000     0.00000     0.00000     0.00000
    -53.445         0.00000     0.00000     0.00000     0.00000
    -53.295         0.00000     0.00000     0.00000     0.00000
    -53.145         0.00000     0.00000     0.00000     0.00000
    -52.995         0.00000     0.00000     0.00000     0.00000
    -52.845         0.00000     0.00000     0.00000     0.00000
    -52.695         0.00000     0.00000     0.00000     0.00000
    -52.545         0.00000     0.00000     0.00000     0.00000
    -52.395         0.00000     0.00000     0.00000     0.00000
    -52.245         0.00000     0.00000     0.00000     0.00000
    -52.095         0.00000     0.00000     0.00000     0.00000
    -51.945         0.00000     0.00000     0.00000     0.00000
    -51.795         0.00000     0.00000     0.00000     0.00000
    -51.645         0.00000     0.00000     0.00000     0.00000
    -51.495         0.00000     0.00000     0.00000     0.00000
    -51.345         0.00000     0.00000     0.00000     0.00000
    -51.195         0.00000     0.00000     0.00000     0.00000
    -51.045         0.00000     0.00000     0.00000     0.00000
    -50.895         0.00000     0.00000     0.00000     0.00000
    -50.745         0.00000     0.00000     0.00000     0.00000
    -50.595         0.00000     0.00000     0.00000     0.00000
    -50.445         0.00000     0.00000     0.00000     0.00000
    -50.295         0.00000     0.00000     0.00000     0.00000
    -50.145         0.00000     0.00000     0.00000     0.00000
    -49.995         0.00000     0.00000     0.00000     0.00000
    -49.845         0.00000     0.00000     0.00000     0.00000
    -49.695         0.00000     0.00000     0.00000     0.00000
    -49.545         0.00000     0.00000     0.00000     0.00000
    -49.395         0.00000     0.00000     0.00000     0.00000
    -49.245         0.00000     0.00000     0.00000     0.00000
    -49.095         0.00000     0.00000     0.00000     0.00000
    -48.945         0.00000     0.00000     0.00000     0.00000
    -48.795         0.00000     0.00000     0.00000     0.00000
    -48.645         0.00000     0.00000     0.00000     0.00000
    -48.495         0.00000     0.00000     0.00000     0.00000
    -48.345         0.00000     0.00000     0.00000     0.00000
    -48.195         0.00000     0.00000     0.00000     0.00000
    -48.045         0.00000     0.00000     0.00000     0.00000
    -47.895         0.00000     0.00000     0.00000     0.00000
    -47.745         0.00000     0.00000     0.00000     0.00000
    -47.595         0.00000     0.00000     0.00000     0.00000
    -47.445         0.00000     0.00000     0.00000     0.00000
    -47.295         0.00000     0.00000     0.00000     0.00000
    -47.145         0.00000     0.00000     0.00000     0.00000
    -46.995         0.00000     0.00000     0.00000     0.00000
    -46.845         0.00000     0.00000     0.00000     0.00000
    -46.695         0.00000     0.00000     0.00000     0.00000
    -46.545         0.00000     0.00000     0.00000     0.00000
    -46.395         0.00000     0.00000     0.00000     0.00000
    -46.245         0.00000     0.00000     0.00000     0.00000
    -46.095         0.00000     0.00000     0.00000     0.00000
    -45.945         0.00000     0.00000     0.00000     0.00000
    -45.795         0.00000     0.00000     0.00000     0.00000
    -45.645         0.00000     0.00000     0.00000     0.00000
    -45.495         0.00000     0.00000     0.00000     0.00000
    -45.345         0.00000     0.00000     0.00000     0.00000
    -45.195         0.00000     0.00000     0.00000     0.00000
    -45.045         0.00000     0.00000     0.00000     0.00000
    -44.895         0.00000     0.00000     0.00000     0.00000
    -44.745         0.00000     0.00000     0.00000     0.00000
    -44.595         0.00000     0.00000     0.00000     0.00000
    -44.445         0.00000     0.00000     0.00000     0.00000
    -44.295         0.00000     0.00000     0.00000     0.00000
    -44.145         0.00000     0.00000     0.00000     0.00000
    -43.995         0.00000     0.00000     0.00000     0.00000
    -43.845         0.00000     0.00000     0.00000     0.00000
    -43.695         0.00000     0.00000     0.00000     0.00000
    -43.545         0.00000     0.00000     0.00000     0.00000
    -43.395         0.00000     0.00000     0.00000     0.00000
    -43.245         0.00000     0.00000     0.00000     0.00000
    -43.095         0.00000     0.00000     0.00000     0.00000
    -42.945         0.00000     0.00000     0.00000     0.00000
    -42.795         0.00000     0.00000     0.00000     0.00000
    -42.645         0.00000     0.00000     0.00000     0.00000
    -42.495         0.00000     0.00000     0.00000     0.00000
    -42.345         0.00000     0.00000     0.00000     0.00000
    -42.195         0.00000     0.00000     0.00000     0.00000
    -42.045         0.00000     0.00000     0.00000     0.00000
    -41.895         0.00000     0.00000     0.00000     0.00000
    -41.745         0.00000     0.00000     0.00000     0.00000
    -41.595         0.00000     0.00000     0.00000     0.00000
    -41.445         0.00000     0.00000     0.00000     0.00000
    -41.295         0.00000     0.00000     0.00000     0.00000
    -41.145         0.00000     0.00000     0.00000     0.00000
    -40.995         0.00000     0.00000     0.00000     0.00000
    -40.845         0.00000     0.00000     0.00000     0.00000
    -40.695         0.00000     0.00000     0.00000     0.00000
    -40.545         0.00000     0.00000     0.00000     0.00000
    -40.395         0.00000     0.00000     0.00000     0.00000
    -40.245         0.00000     0.00000     0.00000     0.00000
    -40.095         0.00000     0.00000     0.00000     0.00000
    -39.945         0.00000     0.00000     0.00000     0.00000
    -39.795         0.00000     0.00000     0.00000     0.00000
    -39.645         0.00000     0.00000     0.00000     0.00000
    -39.495         0.00000     0.00000     0.00000     0.00000
    -39.345         0.00000     0.00000     0.00000     0.00000
    -39.195         0.00000     0.00000     0.00000     0.00000
    -39.045         0.00000     0.00000     0.00000     0.00000
    -38.895         0.00000     0.00000     0.00000     0.00000
    -38.745         0.00000     0.00000     0.00000     0.00000
    -38.595         0.00000     0.00000     0.00000     0.00000
    -38.445         0.00000     0.00000     0.00000     0.00000
    -38.295         0.00000     0.00000     0.00000     0.00000
    -38.145         0.00000     0.00000     0.00000     0.00000
    -37.995         0.00000     0.00000     0.00000     0.00000
    -37.845         0.00000     0.00000     0.00000     0.00000
    -37.695         0.00000     0.00000     0.00000     0.00000
    -37.545         0.00000     0.00000     0.00000     0.00000
    -37.395         0.00000     0.00000     0.00000     0.00000
    -37.245         0.00000     0.00000     0.00000     0.00000
    -37.095         0.00000     0.00000     0.00000     0.00000
    -36.945         0.00000     0.00000     0.00000     0.00000
    -36.795         0.00000     0.00000     0.00000     0.00000
    -36.645         0.00000     0.00000     0.00000     0.00000
    -36.495         0.00000     0.00000     0.00000     0.00000
    -36.345         0.00000     0.00000     0.00000     0.00000
    -36.195         0.00000     0.00000     0.00000     0.00000
    -36.045         0.00000     0.00000     0.00000     0.00000
    -35.895         0.00000     0.00000     0.00000     0.00000
    -35.745         0.00000     0.00000     0.00000     0.00000
    -35.595         0.00000     0.00000     0.00000     0.00000
    -35.445         0.00000     0.00000     0.00000     0.00000
    -35.295         0.00000     0.00000     0.00000     0.00000
    -35.145         0.00000     0.00000     0.00000     0.00000
    -34.995         0.00000     0.00000     0.00000     0.00000
    -34.845         0.00000     0.00000     0.00000     0.00000
    -34.695         0.00000     0.00000     0.00000     0.00000
    -34.545         0.00000     0.00000     0.00000     0.00000
    -34.395         0.00000     0.00000     0.00000     0.00000
    -34.245         0.00000     0.00000     0.00000     0.00000
    -34.095         0.00000     0.00000     0.00000     0.00000
    -33.945         0.00000     0.00000     0.00000     0.00000
    -33.795         0.00000     0.00000     0.00000     0.00000
    -33.645         0.00000     0.00000     0.00000     0.00000
    -33.495         0.00000     0.00000     0.00000     0.00000
    -33.345         0.00000     0.00000     0.00000     0.00000
    -33.195         0.00000     0.00000     0.00000     0.00000
    -33.045         0.00000     0.00000     0.00000     0.00000
    -32.895         0.00000     0.00000     0.00000     0.00000
    -32.745         0.00000     0.00000     0.00000     0.00000
    -32.595         0.00000     0.00000     0.00000     0.00000
    -32.445         0.00000     0.00000     0.00000     0.00000
    -32.295         0.00000     0.00000     0.00000     0.00000
    -32.145         0.00000     0.00000     0.00000     0.00000
    -31.995         0.00000     0.00000     0.00000     0.00000
    -31.845         0.00000     0.00000     0.00000     0.00000
    -31.695         0.00000     0.00000     0.00000     0.00000
    -31.545         0.00000     0.00000     0.00000     0.00000
    -31.395         0.00000     0.00000     0.00000     0.00000
    -31.245         0.00000     0.00000     0.00000     0.00000
    -31.095         0.00000     0.00000     0.00000     0.00000
    -30.945         0.00000     0.00000     0.00000     0.00000
    -30.795         0.00000     0.00000     0.00000     0.00000
    -30.645         0.00000     0.00000     0.00000     0.00000
    -30.495         0.00000     0.00000     0.00000     0.00000
    -30.345         0.00000     0.00000     0.00000     0.00000
    -30.195         0.00000     0.00000     0.00000     0.00000
    -30.045         0.00000     0.00000     0.00000     0.00000
    -29.895         0.00000     0.00000     0.00000     0.00000
    -29.745         0.00000     0.00000     0.00000     0.00000
    -29.595         0.00000     0.00000     0.00000     0.00000
    -29.445         0.00000     0.00000     0.00000     0.00000
    -29.295         0.00000     0.00000     0.00000     0.00000
    -29.145         0.00000     0.00000     0.00000     0.00000
    -28.995         0.00000     0.00000     0.00000     0.00000
    -28.845         0.00000     0.00000     0.00000     0.00000
    -28.695         0.00000     0.00000     0.00000     0.00000
    -28.545         0.00000     0.00000     0.00000     0.00000
    -28.395         0.00000     0.00000     0.00000     0.00000
    -28.245         0.00000     0.00000     0.00000     0.00000
    -28.095         0.00000     0.00000     0.00000     0.00000
    -27.945         0.00000     0.00000     0.00000     0.00000
    -27.795         0.00000     0.00000     0.00000     0.00000
    -27.645         0.00000     0.00000     0.00000     0.00000
    -27.495         0.00000     0.00000     0.00000     0.00000
    -27.345         0.00000     0.00000     0.00000     0.00000
    -27.195         0.00000     0.00000     0.00000     0.00000
    -27.045         0.00000     0.00000     0.00000     0.00000
    -26.895         0.00000     0.00000     0.00000     0.00000
    -26.745         0.00000     0.00000     0.00000     0.00000
    -26.595         0.00000     0.00000     0.00000     0.00000
    -26.445         0.00000     0.00000     0.00000     0.00000
    -26.295         0.00000     0.00000     0.00000     0.00000
    -26.145         0.00000     0.00000     0.00000     0.00000
    -25.995         0.00000     0.00000     0.00000     0.00000
    -25.845         0.00000     0.00000     0.00000     0.00000
    -25.695         0.00000     0.00000     0.00000     0.00000
    -25.545         0.00000     0.00000     0.00000     0.00000
    -25.395         0.00000     0.00000     0.00000     0.00000
    -25.245         0.00000     0.00000     0.00000     0.00000
    -25.095         0.00000     0.00000     0.00000     0.00000
    -24.945         0.00000     0.00000     0.00000     0.00000
    -24.795         0.00000     0.00000     0.00000     0.00000
    -24.645         0.00000     0.00000     0.00000     0.00000
    -24.495         0.00000     0.00000     0.00000     0.00000
    -24.345         0.00000     0.00000     0.00000     0.00000
    -24.195         0.00000     0.00000     0.00000     0.00000
    -24.045         0.00000     0.00000     0.00000     0.00000
    -23.895         0.00000     0.00000     0.00000     0.00000
    -23.745         0.00000     0.00000     0.00000     0.00000
    -23.595         0.00000     0.00000     0.00000     0.00000
    -23.445         0.00000     0.00000     0.00000     0.00000
    -23.295         0.00000     0.00000     0.00000     0.00000
    -23.145         0.00000     0.00000     0.00000     0.00000
    -22.995         0.00000     0.00000     0.00000     0.00000
    -22.845         0.00000     0.00000     0.00000     0.00000
    -22.695         0.00000     0.00000     0.00000     0.00000
    -22.545         0.00000     0.00000     0.00000     0.00000
    -22.395         0.00000     0.00000     0.00000     0.00000
    -22.245         0.00000     0.00000     0.00000     0.00000
    -22.095         0.00000     0.00000     0.00000     0.00000
    -21.945         0.00000     0.00000     0.00000     0.00000
    -21.795         0.00000     0.00000     0.00000     0.00000
    -21.645         0.00000     0.00000     0.00000     0.00000
    -21.495         0.00000     0.00000     0.00000     0.00000
    -21.345         0.00000     0.00000     0.00000     0.00000
    -21.195         0.00000     0.00000     0.00000     0.00000
    -21.045         0.00000     0.00000     0.00000     0.00000
    -20.895         0.00000     0.00000     0.00000     0.00000
    -20.745         0.00000     0.00000     0.00000     0.00000
    -20.595         0.00000     0.00000     0.00000     0.00000
    -20.445         0.00000     0.00000     0.00000     0.00000
    -20.295         0.00000     0.00000     0.00000     0.00000
    -20.145         0.00000     0.00000     0.00000     0.00000
    -19.995         0.00000     0.00000     0.00000     0.00000
    -19.845         0.00000     0.00000     0.00000     0.00000
    -19.695         0.00000     0.00000     0.00000     0.00000
    -19.545         0.00000     0.00000     0.00000     0.00000
    -19.395         0.00000     0.00000     0.00000     0.00000
    -19.245         0.00000     0.00000     0.00000     0.00000
    -19.095         0.00000     0.00000     0.00000     0.00000
    -18.945         0.00000     0.00000     0.00000     0.00000
    -18.795         0.00000     0.00000     0.00000     0.00000
    -18.645         0.00000     0.00000     0.00000     0.00000
    -18.495         0.00000     0.00000     0.00000     0.00000
    -18.345         0.00000     0.00000     0.00000     0.00000
    -18.195         0.00000     0.00000     0.00000     0.00000
    -18.045         0.00000     0.00000     0.00000     0.00000
    -17.895         0.00000     0.00000     0.00000     0.00000
    -17.745         0.00000     0.00000     0.00000     0.00000
    -17.595         0.00000     0.00000     0.00000     0.00000
    -17.445         0.00000     0.00000     0.00000     0.00000
    -17.295         0.00000     0.00000     0.00000     0.00000
    -17.145         0.00000     0.00000     0.00000     0.00000
    -16.995         0.00000     0.00000     0.00000     0.00000
    -16.845         0.00000     0.00000     0.00000     0.00000
    -16.695         0.00000     0.00000     0.00000     0.00000
    -16.545         0.00000     0.00000     0.00000     0.00000
    -16.395         0.00000     0.00000     0.00000     0.00000
    -16.245         0.00000     0.00000     0.00000     0.00000
    -16.095         0.00000     0.00000     0.00000     0.00000
    -15.945         0.00000     0.00000     0.00000     0.00000
    -15.795         0.00000     0.00000     0.00000     0.00000
    -15.645         0.00000     0.00000     0.00000     0.00000
    -15.495         0.00000     0.00000     0.00000     0.00000
    -15.345         0.00000     0.00000     0.00000     0.00000
    -15.195         0.00000     0.00000     0.00000     0.00000
    -15.045         0.00000     0.00000     0.00000     0.00000
    -14.895         0.00000     0.00000     0.00000     0.00000
    -14.745         0.00000     0.00000     0.00000     0.00000
    -14.595         0.00000     0.00000     0.00000     0.00000
    -14.445         0.00000     0.00000     0.00000     0.00000
    -14.295         0.00000     0.00000     0.00000     0.00000
    -14.145         0.00000     0.00000     0.00000     0.00000
    -13.995         0.00000     0.00000     0.00000     0.00000
    -13.845         0.00000     0.00000     0.00000     0.00000
    -13.695         0.00000     0.00000     0.00000     0.00000
    -13.545         0.00000     0.00000     0.00000     0.00000
    -13.395         0.00000     0.00000     0.00000     0.00000
    -13.245         0.00000     0.00000     0.00000     0.00000
    -13.095         0.00000     0.00000     0.00000     0.00000
    -12.945         0.00000     0.00000     0.00000     0.00000
    -12.795         0.00000     0.00000     0.00000     0.00000
    -12.645         0.00000     0.00000     0.00000     0.00000
    -12.495         0.00000     0.00000     0.00000     0.00000
    -12.345         0.00000     0.00000     0.00000     0.00000
    -12.195         0.00000     0.00000     0.00000     0.00000
    -12.045         0.00000     0.00000     0.00000     0.00000
    -11.895         0.00000     0.00000     0.00000     0.00000
    -11.745         0.00000     0.00000     0.00000     0.00000
    -11.595         0.00000     0.00000     0.00000     0.00000
    -11.445         0.00000     0.00000     0.00000     0.00000
    -11.295         0.00000     0.00000     0.00000     0.00000
    -11.145         0.00000     0.00000     0.00000     0.00000
    -10.995         0.00000     0.00000     0.00000     0.00000
    -10.845         0.00000     0.00000     0.00000     0.00000
    -10.695         0.00000     0.00000     0.00000     0.00000
    -10.545         0.00000     0.00000     0.00000     0.00000
    -10.395         0.00000     0.00000     0.00000     0.00000
    -10.245         0.00000     0.00000     0.00000     0.00000
    -10.095         0.00000     0.00000     0.00000     0.00000
    -9.9450         0.00000     0.00000     0.00000     0.00000
    -9.7950         0.00000     0.00000     0.00000     0.00000
    -9.6450         0.00000     0.00000     0.00000     0.00000
    -9.4950         0.00000     0.00000     0.00000     0.00000
    -9.3450         0.00000     0.00000     0.00000     0.00000
    -9.1950         0.00000     0.00000     0.00000     0.00000
    -9.0450         0.00000     0.00000     0.00000     0.00000
    -8.8950         0.00000     0.00000     0.00000     0.00000
    -8.7450         0.00000     0.00000     0.00000     0.00000
    -8.5950         0.00000     0.00000     0.00000     0.00000
    -8.4450         0.00000     0.00000     0.00000     0.00000
    -8.2950         0.00000     0.00000     0.00000     0.00000
    -8.1450         0.00000     0.00000     0.00000     0.00000
    -7.9950         0.00000     0.00000     0.00000     0.00000
    -7.8450         0.00000     0.00000     0.00000     0.00000
    -7.6950         0.00000     0.00000     0.00000     0.00000
    -7.5450         0.00000     0.00000     0.00000     0.00000
    -7.3950         0.00000     0.00000     0.00000     0.00000
    -7.2450         0.00000     0.00000     0.00000     0.00000
    -7.0950         0.00000     0.00000     0.00000     0.00000
    -6.9450         0.00000     0.00000     0.00000     0.00000
    -6.7950         0.00000     0.00000     0.00000     0.00000
    -6.6450         0.00000     0.00000     0.00000     0.00000
    -6.4950         0.00000     0.00000     0.00000     0.00000
    -6.3450         0.00000     0.00000     0.00000     0.00000
    -6.1950         0.00000     0.00000     0.00000     0.00000
    -6.0450         0.00000     0.00000     0.00000     0.00000
    -5.8950         0.00000     0.00000     0.00000     0.00000
    -5.7450         0.00000     0.00000     0.00000     0.00000
    -5.5950         0.00000     0.00000     0.00000     0.00000
    -5.4450         0.00000     0.00000     0.00000     0.00000
    -5.2950         0.00000     0.00000     0.00000     0.00000
    -5.1450         0.00000     0.00000     0.00000     0.00000
    -4.9950         0.00000     0.00000     0.00000     0.00000
    -4.8450         0.00000     0.00000     0.00000     0.00000
    -4.6950         0.00000     0.00000     0.00000     0.00000
    -4.5450         0.00000     0.00000     0.00000     0.00000
    -4.3950         0.00000     0.00000     0.00000     0.00000
    -4.2450         0.00000     0.00000     0.00000     0.00000
    -4.0950         0.00000     0.00000     0.00000     0.00000
    -3.9450         0.00000     0.00000     0.00000     0.00000
    -3.7950         0.00000     0.00000     0.00000     0.00000
    -3.6450         0.00000     0.00000     0.00000     0.00000
    -3.4950         0.00000     0.00000     0.00000     0.00000
    -3.3450         0.00000     0.00000     0.00000     0.00000
    -3.1950         0.00000     0.00000     0.00000     0.00000
    -3.0450         0.00000     0.00000     0.00000     0.00000
    -2.8950         0.00000     0.00000     0.00000     0.00000
    -2.7450         0.00000     0.00000     0.00000     0.00000
    -2.5950         0.00000     0.00000     0.00000     0.00000
    -2.4450         0.00000     0.00000     0.00000     0.00000
    -2.2950         0.00000     0.00000     0.00000     0.00000
    -2.1450        -0.00000    -0.00000     0.00000     0.00000
    -1.9950         0.00000     0.00000     0.00000     0.00000
    -1.8450         0.00000     0.00000     0.00000     0.00000
    -1.6950         0.00000     0.00000     0.00000     0.00000
    -1.5450         0.00001     0.00001     0.00000     0.00000
    -1.3950         0.00008     0.00005     0.00000     0.00003
    -1.2450        -0.00019     0.00014     0.00000    -0.00033
    -1.0950        -0.00285     0.00035    -0.00000    -0.00320
   -0.94500        -0.01800     0.00085     0.00000    -0.01885
   -0.79500        -0.09876     0.00210    -0.00000    -0.10086
   -0.64500        -0.58087     0.00184    -0.00003    -0.58268
   -0.49500        -2.33213     0.00105    -0.00280    -2.33038
   -0.34500        -5.07394     0.00118    -0.01446    -5.06066
   -0.22700        -5.79883     0.00002    -0.01944    -5.77941
   -0.21300        -5.87905    -0.00033    -0.02007    -5.85864
   -0.20700        -5.95762    -0.00055    -0.02069    -5.93638
   -0.20100        -6.03509    -0.00102    -0.02135    -6.01273
   -0.19500        -6.11219    -0.00115    -0.02198    -6.08907
   -0.18900        -6.18871    -0.00159    -0.02266    -6.16447
   -0.18300        -6.26441    -0.00196    -0.02332    -6.23913
   -0.17700        -6.34074    -0.00239    -0.02406    -6.31429
   -0.17100        -6.41707    -0.00271    -0.02477    -6.38959
   -0.16500        -6.49383    -0.00332    -0.02552    -6.46499
   -0.15900        -6.56895    -0.00393    -0.02629    -6.53872
   -0.15300        -6.64547    -0.00447    -0.02715    -6.61386
   -0.14700        -6.72125    -0.00494    -0.02793    -6.68838
   -0.14100        -6.79751    -0.00549    -0.02883    -6.76319
   -0.13500        -6.87510    -0.00619    -0.02970    -6.83921
   -0.12900        -6.95287    -0.00688    -0.03075    -6.91524
   -0.12300        -7.03255    -0.00754    -0.03179    -6.99322
   -0.11700        -7.11281    -0.00836    -0.03289    -7.07156
   -0.11100        -7.19453    -0.00918    -0.03408    -7.15127
   -0.10500        -7.27856    -0.01018    -0.03530    -7.23308
   -0.99000E-01    -7.36439    -0.01115    -0.03659    -7.31666
   -0.93000E-01    -7.45303    -0.01209    -0.03802    -7.40292
   -0.87000E-01    -7.54479    -0.01311    -0.03955    -7.49213
   -0.81000E-01    -7.64015    -0.01429    -0.04122    -7.58464
   -0.75000E-01    -7.74116    -0.01547    -0.04294    -7.68275
   -0.69000E-01    -7.84843    -0.01683    -0.04487    -7.78674
   -0.63000E-01    -7.96347    -0.01827    -0.04698    -7.89822
   -0.57000E-01    -8.08864    -0.01990    -0.04933    -8.01942
   -0.51000E-01    -8.22503    -0.02181    -0.05189    -8.15133
   -0.45000E-01    -8.37630    -0.02389    -0.05489    -8.29751
   -0.39000E-01    -8.54233    -0.02639    -0.05814    -8.45780
   -0.33000E-01    -8.72427    -0.02928    -0.06219    -8.63281
   -0.27000E-01    -8.92351    -0.03275    -0.06724    -8.82352
   -0.21300E-01    -9.07084    -0.03567    -0.07169    -8.96348
   -0.19500E-01    -9.09354    -0.03615    -0.07246    -8.98493
   -0.18900E-01    -9.11659    -0.03664    -0.07323    -9.00672
   -0.18300E-01    -9.14003    -0.03716    -0.07406    -9.02880
   -0.17700E-01    -9.16364    -0.03766    -0.07490    -9.05108
   -0.17100E-01    -9.18762    -0.03817    -0.07583    -9.07361
   -0.16500E-01    -9.21202    -0.03874    -0.07681    -9.09647
   -0.15900E-01    -9.23669    -0.03933    -0.07783    -9.11953
   -0.15300E-01    -9.26192    -0.03994    -0.07890    -9.14308
   -0.14700E-01    -9.28765    -0.04055    -0.08003    -9.16707
   -0.14100E-01    -9.31403    -0.04120    -0.08126    -9.19157
   -0.13500E-01    -9.34076    -0.04189    -0.08255    -9.21631
   -0.12900E-01    -9.36806    -0.04260    -0.08392    -9.24154
   -0.12300E-01    -9.39602    -0.04332    -0.08542    -9.26728
   -0.11700E-01    -9.42475    -0.04410    -0.08706    -9.29358
   -0.11100E-01    -9.45388    -0.04492    -0.08883    -9.32014
   -0.10500E-01    -9.48406    -0.04576    -0.09071    -9.34759
   -0.99000E-02    -9.51465    -0.04666    -0.09274    -9.37525
   -0.93000E-02    -9.54631    -0.04758    -0.09504    -9.40369
   -0.87000E-02    -9.57884    -0.04856    -0.09756    -9.43273
   -0.81000E-02    -9.61240    -0.04960    -0.10040    -9.46240
   -0.75000E-02    -9.64703    -0.05072    -0.10364    -9.49267
   -0.69000E-02    -9.68292    -0.05191    -0.10732    -9.52369
   -0.63000E-02    -9.72008    -0.05320    -0.11168    -9.55520
   -0.57000E-02    -9.75854    -0.05455    -0.11688    -9.58711
   -0.51000E-02    -9.79870    -0.05600    -0.12327    -9.61943
   -0.45000E-02    -9.84125    -0.05755    -0.13153    -9.65217
   -0.39000E-02    -9.88749    -0.05919    -0.14300    -9.68530
   -0.33000E-02    -9.93975    -0.06094    -0.16033    -9.71848
   -0.27000E-02   -10.00303    -0.06277    -0.18823    -9.75204
   -0.21000E-02   -10.07952    -0.06466    -0.22793    -9.78693
   -0.15000E-02   -10.14840    -0.06647    -0.25467    -9.82726
   -0.90000E-03   -10.22391    -0.06805    -0.26319    -9.89267
   -0.30000E-03   -11.67236    -0.06888    -0.26463   -11.33885
    0.30000E-03   -10.22596    -0.06742    -0.26381    -9.89472
    0.90000E-03   -10.16254    -0.05895    -0.26225    -9.84134
    0.15000E-02   -10.11613    -0.03208    -0.26046    -9.82359
    0.21000E-02   -10.06815     0.00789    -0.25861    -9.81743
    0.27000E-02   -10.03648     0.03565    -0.25680    -9.81532
    0.33000E-02   -10.01660     0.05310    -0.25508    -9.81462
    0.39000E-02   -10.00317     0.06465    -0.25343    -9.81439
    0.45000E-02    -9.99313     0.07306    -0.25187    -9.81432
    0.51000E-02    -9.98514     0.07958    -0.25043    -9.81429
    0.57000E-02    -9.97845     0.08488    -0.24906    -9.81428
    0.63000E-02    -9.97277     0.08927    -0.24777    -9.81427
    0.69000E-02    -9.96778     0.09305    -0.24658    -9.81425
    0.75000E-02    -9.96341     0.09627    -0.24544    -9.81424
    0.81000E-02    -9.95947     0.09909    -0.24433    -9.81423
    0.87000E-02    -9.95588     0.10163    -0.24330    -9.81421
    0.93000E-02    -9.95263     0.10386    -0.24230    -9.81419
    0.99000E-02    -9.94977     0.10581    -0.24140    -9.81418
    0.10500E-01    -9.94707     0.10762    -0.24053    -9.81416
    0.11100E-01    -9.94459     0.10926    -0.23971    -9.81414
    0.11700E-01    -9.94228     0.11077    -0.23892    -9.81412
    0.12300E-01    -9.94011     0.11216    -0.23816    -9.81410
    0.12900E-01    -9.93804     0.11345    -0.23742    -9.81408
    0.13500E-01    -9.93618     0.11466    -0.23678    -9.81406
    0.14100E-01    -9.93441     0.11576    -0.23614    -9.81404
    0.14700E-01    -9.93271     0.11679    -0.23548    -9.81402
    0.15300E-01    -9.93109     0.11779    -0.23489    -9.81399
    0.15900E-01    -9.92956     0.11872    -0.23432    -9.81396
    0.16500E-01    -9.92814     0.11958    -0.23378    -9.81393
    0.17100E-01    -9.92675     0.12040    -0.23324    -9.81390
    0.17700E-01    -9.92541     0.12116    -0.23269    -9.81388
    0.18300E-01    -9.92412     0.12192    -0.23219    -9.81385
    0.18900E-01    -9.92293     0.12259    -0.23170    -9.81382
    0.19500E-01    -9.92182     0.12324    -0.23126    -9.81379
    0.21300E-01    -9.91515     0.12702    -0.22861    -9.81356
    0.27000E-01    -9.90799     0.13072    -0.22559    -9.81313
    0.33000E-01    -9.90267     0.13329    -0.22333    -9.81264
    0.39000E-01    -9.89868     0.13502    -0.22165    -9.81204
    0.45000E-01    -9.89556     0.13622    -0.22040    -9.81138
    0.51000E-01    -9.89304     0.13709    -0.21944    -9.81069
    0.57000E-01    -9.89089     0.13765    -0.21868    -9.80986
    0.63000E-01    -9.88894     0.13807    -0.21808    -9.80893
    0.69000E-01    -9.88734     0.13835    -0.21766    -9.80804
    0.75000E-01    -9.88575     0.13854    -0.21728    -9.80701
    0.81000E-01    -9.88424     0.13869    -0.21696    -9.80597
    0.87000E-01    -9.88280     0.13880    -0.21671    -9.80489
    0.93000E-01    -9.88133     0.13888    -0.21654    -9.80367
    0.99000E-01    -9.87993     0.13894    -0.21639    -9.80249
    0.10500        -9.87847     0.13899    -0.21628    -9.80119
    0.11100        -9.87698     0.13905    -0.21619    -9.79984
    0.11700        -9.87547     0.13908    -0.21612    -9.79844
    0.12300        -9.87391     0.13911    -0.21611    -9.79691
    0.12900        -9.87223     0.13927    -0.21605    -9.79545
    0.13500        -9.87048     0.13939    -0.21604    -9.79383
    0.14100        -9.86874     0.13950    -0.21603    -9.79221
    0.14700        -9.86710     0.13952    -0.21602    -9.79061
    0.15300        -9.86546     0.13962    -0.21600    -9.78909
    0.15900        -9.86363     0.13972    -0.21598    -9.78737
    0.16500        -9.86163     0.13981    -0.21595    -9.78549
    0.17100        -9.85967     0.13989    -0.21593    -9.78363
    0.17700        -9.85765     0.13998    -0.21592    -9.78171
    0.18300        -9.85554     0.14007    -0.21590    -9.77970
    0.18900        -9.85353     0.14015    -0.21588    -9.77780
    0.19500        -9.85137     0.14023    -0.21586    -9.77574
    0.20100        -9.84936     0.14031    -0.21585    -9.77382
    0.20700        -9.84735     0.14039    -0.21584    -9.77189
    0.21300        -9.84535     0.14046    -0.21583    -9.76998
    0.22700        -9.82588     0.14114    -0.21572    -9.75131
    0.34500        -9.76035     0.14275    -0.21548    -9.68763
    0.49500        -9.68803     0.14363    -0.21524    -9.61642
    0.64500        -9.61218     0.14476    -0.21505    -9.54190
    0.79500        -9.53346     0.14577    -0.21486    -9.46437
    0.94500        -9.45533     0.14666    -0.21471    -9.38729
     1.0950        -9.37653     0.14747    -0.21453    -9.30947
     1.2450        -9.29815     0.14822    -0.21437    -9.23199
     1.3950        -9.22077     0.14891    -0.21425    -9.15544
     1.5450        -9.14477     0.14955    -0.21409    -9.08022
     1.6950        -9.06965     0.15015    -0.21398    -9.00582
     1.8450        -8.99718     0.15071    -0.21384    -8.93405
     1.9950        -8.92675     0.15123    -0.21374    -8.86424
     2.1450        -8.85918     0.15172    -0.21361    -8.79729
     2.2950        -8.79384     0.15218    -0.21351    -8.73251
     2.4450        -8.73024     0.15263    -0.21340    -8.66947
     2.5950        -8.66954     0.15305    -0.21330    -8.60929
     2.7450        -8.61080     0.15345    -0.21320    -8.55105
     2.8950        -8.55455     0.15383    -0.21311    -8.49528
     3.0450        -8.50018     0.15420    -0.21300    -8.44138
     3.1950        -8.44792     0.15456    -0.21289    -8.38959
     3.3450        -8.39746     0.15491    -0.21280    -8.33957
     3.4950        -8.34859     0.15524    -0.21270    -8.29114
     3.6450        -8.30118     0.15557    -0.21262    -8.24413
     3.7950        -8.25542     0.15588    -0.21254    -8.19876
     3.9450        -8.21131     0.15617    -0.21246    -8.15502
     4.0950        -8.16861     0.15646    -0.21238    -8.11269
     4.2450        -8.12726     0.15674    -0.21229    -8.07170
     4.3950        -8.08712     0.15700    -0.21222    -8.03190
     4.5450        -8.04804     0.15727    -0.21214    -7.99317
     4.6950        -8.01012     0.15752    -0.21205    -7.95559
     4.8450        -7.97328     0.15778    -0.21199    -7.91907
     4.9950        -7.93749     0.15803    -0.21192    -7.88360
     5.1450        -7.90261     0.15826    -0.21185    -7.84901
     5.2950        -7.86866     0.15848    -0.21179    -7.81535
     5.4450        -7.83563     0.15870    -0.21173    -7.78260
     5.5950        -7.80338     0.15893    -0.21167    -7.75064
     5.7450        -7.77189     0.15913    -0.21160    -7.71942
     5.8950        -7.74112     0.15934    -0.21154    -7.68893
     6.0450        -7.71103     0.15955    -0.21147    -7.65911
     6.1950        -7.68172     0.15974    -0.21142    -7.63004
     6.3450        -7.65308     0.15993    -0.21135    -7.60166
     6.4950        -7.62501     0.16012    -0.21129    -7.57384
     6.6450        -7.59747     0.16031    -0.21124    -7.54654
     6.7950        -7.57058     0.16049    -0.21118    -7.51989
     6.9450        -7.54421     0.16066    -0.21112    -7.49375
     7.0950        -7.51836     0.16084    -0.21107    -7.46813
     7.2450        -7.49301     0.16101    -0.21102    -7.44299
     7.3950        -7.46813     0.16117    -0.21096    -7.41835
     7.5450        -7.44377     0.16134    -0.21091    -7.39419
     7.6950        -7.41982     0.16150    -0.21086    -7.37046
     7.8450        -7.39631     0.16166    -0.21080    -7.34716
     7.9950        -7.37328     0.16182    -0.21076    -7.32433
     8.1450        -7.35062     0.16197    -0.21071    -7.30188
     8.2950        -7.32840     0.16212    -0.21066    -7.27985
     8.4450        -7.30650     0.16227    -0.21061    -7.25815
     8.5950        -7.28503     0.16241    -0.21057    -7.23687
     8.7450        -7.26383     0.16255    -0.21052    -7.21585
     8.8950        -7.24304     0.16269    -0.21048    -7.19524
     9.0450        -7.22258     0.16283    -0.21043    -7.17497
     9.1950        -7.20244     0.16296    -0.21039    -7.15501
     9.3450        -7.18262     0.16310    -0.21034    -7.13538
     9.4950        -7.16309     0.16323    -0.21029    -7.11604
     9.6450        -7.14394     0.16336    -0.21025    -7.09704
     9.7950        -7.12507     0.16349    -0.21021    -7.07834
     9.9450        -7.10646     0.16361    -0.21017    -7.05991
     10.095        -7.08809     0.16374    -0.21013    -7.04170
     10.245        -7.07000     0.16386    -0.21008    -7.02378
     10.395        -7.05217     0.16398    -0.21005    -7.00610
     10.545        -7.03458     0.16410    -0.21001    -6.98867
     10.695        -7.01726     0.16422    -0.20996    -6.97151
     10.845        -7.00013     0.16433    -0.20991    -6.95455
     10.995        -6.98327     0.16445    -0.20987    -6.93784
     11.145        -6.96660     0.16456    -0.20983    -6.92133
     11.295        -6.95020     0.16467    -0.20980    -6.90507
     11.445        -6.93398     0.16479    -0.20975    -6.88902
     11.595        -6.91802     0.16489    -0.20972    -6.87320
     11.745        -6.90224     0.16500    -0.20968    -6.85755
     11.895        -6.88666     0.16510    -0.20964    -6.84212
     12.045        -6.87125     0.16521    -0.20960    -6.82686
     12.195        -6.85603     0.16531    -0.20956    -6.81178
     12.345        -6.84098     0.16541    -0.20953    -6.79687
     12.495        -6.82609     0.16551    -0.20949    -6.78210
     12.645        -6.81142     0.16561    -0.20946    -6.76756
     12.795        -6.79689     0.16570    -0.20943    -6.75317
     12.945        -6.78257     0.16580    -0.20939    -6.73898
     13.095        -6.76842     0.16589    -0.20936    -6.72496
     13.245        -6.75442     0.16599    -0.20932    -6.71109
     13.395        -6.74059     0.16609    -0.20929    -6.69738
     13.545        -6.72688     0.16617    -0.20925    -6.68381
     13.695        -6.71338     0.16626    -0.20921    -6.67043
     13.845        -6.70000     0.16635    -0.20918    -6.65718
     13.995        -6.68677     0.16645    -0.20915    -6.64407
     14.145        -6.67363     0.16654    -0.20913    -6.63104
     14.295        -6.66067     0.16662    -0.20910    -6.61819
     14.445        -6.64781     0.16671    -0.20907    -6.60545
     14.595        -6.63513     0.16679    -0.20904    -6.59288
     14.745        -6.62253     0.16688    -0.20901    -6.58041
     14.895        -6.61009     0.16696    -0.20898    -6.56807
     15.045        -6.59775     0.16704    -0.20894    -6.55585
     15.195        -6.58556     0.16713    -0.20891    -6.54378
     15.345        -6.57350     0.16721    -0.20888    -6.53183
     15.495        -6.56156     0.16729    -0.20886    -6.51999
     15.645        -6.54973     0.16737    -0.20883    -6.50827
     15.795        -6.53798     0.16745    -0.20880    -6.49663
     15.945        -6.52638     0.16753    -0.20877    -6.48514
     16.095        -6.51488     0.16761    -0.20874    -6.47376
     16.245        -6.50351     0.16769    -0.20871    -6.46249
     16.395        -6.49218     0.16777    -0.20868    -6.45127
     16.545        -6.48100     0.16784    -0.20865    -6.44019
     16.695        -6.46991     0.16792    -0.20862    -6.42920
     16.845        -6.45894     0.16799    -0.20860    -6.41834
     16.995        -6.44805     0.16807    -0.20857    -6.40754
     17.145        -6.43722     0.16814    -0.20854    -6.39682
     17.295        -6.42654     0.16821    -0.20851    -6.38624
     17.445        -6.41594     0.16829    -0.20849    -6.37574
     17.595        -6.40545     0.16836    -0.20846    -6.36535
     17.745        -6.39503     0.16843    -0.20844    -6.35502
     17.895        -6.38468     0.16850    -0.20841    -6.34477
     18.045        -6.37448     0.16857    -0.20839    -6.33467
     18.195        -6.36432     0.16864    -0.20836    -6.32460
     18.345        -6.35424     0.16871    -0.20833    -6.31462
     18.495        -6.34426     0.16877    -0.20831    -6.30473
     18.645        -6.33436     0.16885    -0.20828    -6.29493
     18.795        -6.32457     0.16891    -0.20825    -6.28523
     18.945        -6.31484     0.16898    -0.20822    -6.27560
     19.095        -6.30519     0.16905    -0.20819    -6.26604
     19.245        -6.29562     0.16911    -0.20817    -6.25656
     19.395        -6.28613     0.16917    -0.20815    -6.24716
     19.545        -6.27667     0.16924    -0.20812    -6.23779
     19.695        -6.26731     0.16931    -0.20809    -6.22852
     19.845        -6.25803     0.16937    -0.20806    -6.21933
     19.995        -6.24880     0.16943    -0.20804    -6.21020
     20.145        -6.23968     0.16949    -0.20801    -6.20116
     20.295        -6.23064     0.16955    -0.20799    -6.19220
     20.445        -6.22160     0.16961    -0.20797    -6.18324
     20.595        -6.21269     0.16967    -0.20795    -6.17442
     20.745        -6.20380     0.16974    -0.20792    -6.16561
     20.895        -6.19501     0.16979    -0.20790    -6.15690
     21.045        -6.18629     0.16985    -0.20788    -6.14826
     21.195        -6.17763     0.16991    -0.20785    -6.13969
     21.345        -6.16903     0.16997    -0.20783    -6.13116
     21.495        -6.16049     0.17003    -0.20781    -6.12272
     21.645        -6.15200     0.17009    -0.20779    -6.11431
     21.795        -6.14358     0.17015    -0.20776    -6.10596
     21.945        -6.13523     0.17020    -0.20774    -6.09769
     22.095        -6.12694     0.17026    -0.20772    -6.08947
     22.245        -6.11870     0.17032    -0.20770    -6.08132
     22.395        -6.11053     0.17037    -0.20768    -6.07322
     22.545        -6.10239     0.17043    -0.20765    -6.06516
     22.695        -6.09433     0.17048    -0.20763    -6.05718
     22.845        -6.08631     0.17054    -0.20761    -6.04924
     22.995        -6.07833     0.17059    -0.20759    -6.04133
     23.145        -6.07043     0.17064    -0.20757    -6.03350
     23.295        -6.06258     0.17070    -0.20755    -6.02574
     23.445        -6.05478     0.17075    -0.20752    -6.01801
     23.595        -6.04704     0.17080    -0.20750    -6.01034
     23.745        -6.03928     0.17086    -0.20748    -6.00266
     23.895        -6.03160     0.17091    -0.20746    -5.99505
     24.045        -6.02401     0.17096    -0.20743    -5.98753
     24.195        -6.01647     0.17101    -0.20741    -5.98007
     24.345        -6.00898     0.17106    -0.20739    -5.97266
     24.495        -6.00152     0.17112    -0.20737    -5.96527
     24.645        -5.99413     0.17117    -0.20736    -5.95794
     24.795        -5.98675     0.17122    -0.20733    -5.95064
     24.945        -5.97944     0.17127    -0.20732    -5.94340
     25.095        -5.97219     0.17132    -0.20730    -5.93622
     25.245        -5.96497     0.17137    -0.20728    -5.92906
     25.395        -5.95779     0.17142    -0.20727    -5.92194
     25.545        -5.95066     0.17147    -0.20725    -5.91489
     25.695        -5.94357     0.17152    -0.20723    -5.90786
     25.845        -5.93651     0.17157    -0.20721    -5.90087
     25.995        -5.92948     0.17162    -0.20718    -5.89392
     26.145        -5.92249     0.17167    -0.20716    -5.88699
     26.295        -5.91558     0.17171    -0.20714    -5.88015
     26.445        -5.90871     0.17176    -0.20712    -5.87335
     26.595        -5.90188     0.17181    -0.20710    -5.86658
     26.745        -5.89506     0.17185    -0.20708    -5.85983
     26.895        -5.88827     0.17190    -0.20707    -5.85310
     27.045        -5.88156     0.17195    -0.20705    -5.84647
     27.195        -5.87490     0.17200    -0.20703    -5.83987
     27.345        -5.86826     0.17204    -0.20701    -5.83328
     27.495        -5.86166     0.17209    -0.20699    -5.82675
     27.645        -5.85509     0.17213    -0.20697    -5.82024
     27.795        -5.84856     0.17217    -0.20696    -5.81377
     27.945        -5.84206     0.17222    -0.20694    -5.80734
     28.095        -5.83558     0.17226    -0.20692    -5.80092
     28.245        -5.82913     0.17231    -0.20690    -5.79454
     28.395        -5.82275     0.17235    -0.20688    -5.78822
     28.545        -5.81641     0.17240    -0.20686    -5.78195
     28.695        -5.81009     0.17244    -0.20685    -5.77569
     28.845        -5.80382     0.17248    -0.20683    -5.76946
     28.995        -5.79757     0.17252    -0.20681    -5.76328
     29.145        -5.79135     0.17257    -0.20679    -5.75713
     29.295        -5.78521     0.17261    -0.20678    -5.75104
     29.445        -5.77905     0.17266    -0.20676    -5.74495
     29.595        -5.77297     0.17270    -0.20674    -5.73893
     29.745        -5.76688     0.17274    -0.20672    -5.73290
     29.895        -5.76082     0.17278    -0.20670    -5.72690
     30.045        -5.75480     0.17282    -0.20669    -5.72093
     30.195        -5.74881     0.17286    -0.20668    -5.71500
     30.345        -5.74284     0.17290    -0.20666    -5.70909
     30.495        -5.73694     0.17295    -0.20664    -5.70324
     30.645        -5.73105     0.17298    -0.20663    -5.69741
     30.795        -5.72519     0.17302    -0.20661    -5.69160
     30.945        -5.71936     0.17306    -0.20660    -5.68583
     31.095        -5.71356     0.17310    -0.20658    -5.68008
     31.245        -5.70778     0.17314    -0.20657    -5.67435
     31.395        -5.70203     0.17318    -0.20655    -5.66866
     31.545        -5.69631     0.17322    -0.20654    -5.66299
     31.695        -5.69062     0.17326    -0.20652    -5.65736
     31.845        -5.68497     0.17330    -0.20650    -5.65177
     31.995        -5.67935     0.17333    -0.20649    -5.64619
     32.145        -5.67372     0.17337    -0.20647    -5.64062
     32.295        -5.66815     0.17341    -0.20645    -5.63511
     32.445        -5.66259     0.17345    -0.20644    -5.62960
     32.595        -5.65706     0.17349    -0.20642    -5.62413
     32.745        -5.65156     0.17353    -0.20641    -5.61867
     32.895        -5.64611     0.17356    -0.20639    -5.61328
     33.045        -5.64069     0.17360    -0.20638    -5.60791
     33.195        -5.63528     0.17364    -0.20636    -5.60255
     33.345        -5.62989     0.17367    -0.20634    -5.59722
     33.495        -5.62456     0.17371    -0.20633    -5.59194
     33.645        -5.61923     0.17375    -0.20633    -5.58666
     33.795        -5.61391     0.17378    -0.20631    -5.58139
     33.945        -5.60861     0.17382    -0.20629    -5.57613
     34.095        -5.60333     0.17386    -0.20628    -5.57090
     34.245        -5.59809     0.17389    -0.20627    -5.56571
     34.395        -5.59286     0.17392    -0.20625    -5.56053
     34.545        -5.58767     0.17396    -0.20623    -5.55540
     34.695        -5.58251     0.17400    -0.20622    -5.55030
     34.845        -5.57735     0.17403    -0.20621    -5.54517
     34.995        -5.57222     0.17407    -0.20619    -5.54010
     35.145        -5.56711     0.17410    -0.20617    -5.53504
     35.295        -5.56203     0.17414    -0.20616    -5.53001
     35.445        -5.55696     0.17417    -0.20614    -5.52499
     35.595        -5.55193     0.17421    -0.20613    -5.52001
     35.745        -5.54692     0.17425    -0.20611    -5.51506
     35.895        -5.54193     0.17428    -0.20610    -5.51011
     36.045        -5.53699     0.17431    -0.20609    -5.50522
     36.195        -5.53205     0.17435    -0.20607    -5.50033
     36.345        -5.52712     0.17438    -0.20606    -5.49545
     36.495        -5.52224     0.17442    -0.20605    -5.49060
     36.645        -5.51737     0.17445    -0.20603    -5.48578
     36.795        -5.51251     0.17448    -0.20602    -5.48097
     36.945        -5.50766     0.17452    -0.20601    -5.47617
     37.095        -5.50284     0.17455    -0.20599    -5.47140
     37.245        -5.49805     0.17458    -0.20598    -5.46666
     37.395        -5.49330     0.17461    -0.20596    -5.46195
     37.545        -5.48856     0.17465    -0.20595    -5.45725
     37.695        -5.48384     0.17468    -0.20594    -5.45259
     37.845        -5.47911     0.17471    -0.20592    -5.44790
     37.995        -5.47442     0.17474    -0.20591    -5.44326
     38.145        -5.46978     0.17477    -0.20590    -5.43865
     38.295        -5.46511     0.17481    -0.20589    -5.43403
     38.445        -5.46048     0.17484    -0.20587    -5.42944
     38.595        -5.45587     0.17487    -0.20586    -5.42488
     38.745        -5.45127     0.17490    -0.20585    -5.42032
     38.895        -5.44669     0.17494    -0.20583    -5.41579
     39.045        -5.44213     0.17497    -0.20582    -5.41127
     39.195        -5.43760     0.17500    -0.20581    -5.40678
     39.345        -5.43309     0.17503    -0.20579    -5.40232
     39.495        -5.42860     0.17506    -0.20578    -5.39788
     39.645        -5.42411     0.17509    -0.20577    -5.39343
     39.795        -5.41964     0.17512    -0.20575    -5.38901
     39.945        -5.41519     0.17515    -0.20574    -5.38461
     40.095        -5.41076     0.17518    -0.20573    -5.38022
     40.245        -5.40635     0.17521    -0.20572    -5.37585
     40.395        -5.40198     0.17524    -0.20571    -5.37151
     40.545        -5.39762     0.17527    -0.20570    -5.36719
     40.695        -5.39325     0.17530    -0.20568    -5.36287
     40.845        -5.38890     0.17533    -0.20567    -5.35856
     40.995        -5.38457     0.17536    -0.20566    -5.35427
     41.145        -5.38028     0.17539    -0.20565    -5.35002
     41.295        -5.37601     0.17542    -0.20564    -5.34579
     41.445        -5.37172     0.17545    -0.20562    -5.34155
     41.595        -5.36745     0.17548    -0.20561    -5.33733
     41.745        -5.36319     0.17551    -0.20559    -5.33311
     41.895        -5.35897     0.17554    -0.20558    -5.32892
     42.045        -5.35477     0.17557    -0.20557    -5.32476
     42.195        -5.35056     0.17560    -0.20556    -5.32060
     42.345        -5.34637     0.17563    -0.20554    -5.31645
     42.495        -5.34220     0.17566    -0.20553    -5.31233
     42.645        -5.33807     0.17568    -0.20552    -5.30823
     42.795        -5.33392     0.17571    -0.20550    -5.30413
     42.945        -5.32981     0.17574    -0.20549    -5.30006
     43.095        -5.32572     0.17577    -0.20548    -5.29600
     43.245        -5.32162     0.17580    -0.20547    -5.29195
     43.395        -5.31755     0.17583    -0.20545    -5.28792
     43.545        -5.31347     0.17585    -0.20544    -5.28388
     43.695        -5.30942     0.17588    -0.20543    -5.27987
     43.845        -5.30539     0.17591    -0.20542    -5.27588
     43.995        -5.30135     0.17594    -0.20541    -5.27188
     44.145        -5.29735     0.17597    -0.20540    -5.26792
     44.295        -5.29338     0.17599    -0.20538    -5.26399
     44.445        -5.28940     0.17602    -0.20538    -5.26005
     44.595        -5.28545     0.17605    -0.20537    -5.25613
     44.745        -5.28151     0.17608    -0.20535    -5.25224
     44.895        -5.27758     0.17610    -0.20534    -5.24834
     45.045        -5.27365     0.17613    -0.20533    -5.24445
     45.195        -5.26974     0.17616    -0.20531    -5.24058
     45.345        -5.26583     0.17619    -0.20530    -5.23671
     45.495        -5.26196     0.17621    -0.20529    -5.23288
     45.645        -5.25812     0.17624    -0.20528    -5.22907
     45.795        -5.25427     0.17627    -0.20527    -5.22526
     45.945        -5.25045     0.17629    -0.20526    -5.22148
     46.095        -5.24663     0.17632    -0.20525    -5.21770
     46.245        -5.24283     0.17634    -0.20524    -5.21393
     46.395        -5.23904     0.17637    -0.20523    -5.21018
     46.545        -5.23527     0.17639    -0.20521    -5.20644
     46.695        -5.23148     0.17642    -0.20520    -5.20270
     46.845        -5.22774     0.17645    -0.20519    -5.19899
     46.995        -5.22403     0.17647    -0.20518    -5.19531
     47.145        -5.22029     0.17650    -0.20517    -5.19161
     47.295        -5.21656     0.17652    -0.20516    -5.18792
     47.445        -5.21286     0.17655    -0.20515    -5.18425
     47.595        -5.20917     0.17657    -0.20514    -5.18060
     47.745        -5.20549     0.17660    -0.20513    -5.17696
     47.895        -5.20184     0.17662    -0.20512    -5.17334
     48.045        -5.19818     0.17665    -0.20511    -5.16972
     48.195        -5.19453     0.17667    -0.20510    -5.16610
     48.345        -5.19090     0.17670    -0.20509    -5.16251
     48.495        -5.18729     0.17672    -0.20508    -5.15893
     48.645        -5.18369     0.17675    -0.20507    -5.15537
     48.795        -5.18009     0.17677    -0.20506    -5.15180
     48.945        -5.17652     0.17680    -0.20505    -5.14826
     49.095        -5.17294     0.17682    -0.20504    -5.14472
     49.245        -5.16939     0.17685    -0.20503    -5.14121
     49.395        -5.16585     0.17687    -0.20502    -5.13770
     49.545        -5.16230     0.17689    -0.20501    -5.13419
     49.695        -5.15880     0.17692    -0.20500    -5.13072
     49.845        -5.15527     0.17694    -0.20499    -5.12723
     49.995        -5.15176     0.17697    -0.20498    -5.12375
     50.145        -5.14826     0.17699    -0.20497    -5.12028
     50.295        -5.14478     0.17701    -0.20496    -5.11683
     50.445        -5.14132     0.17704    -0.20495    -5.11341
     50.595        -5.13787     0.17706    -0.20494    -5.11000
     50.745        -5.13442     0.17709    -0.20493    -5.10659
     50.895        -5.13098     0.17711    -0.20492    -5.10317
     51.045        -5.12756     0.17714    -0.20490    -5.09980
     51.195        -5.12415     0.17716    -0.20489    -5.09642
     51.345        -5.12074     0.17718    -0.20488    -5.09304
     51.495        -5.11735     0.17721    -0.20487    -5.08969
     51.645        -5.11399     0.17723    -0.20486    -5.08635
     51.795        -5.11062     0.17725    -0.20485    -5.08302
     51.945        -5.10725     0.17727    -0.20484    -5.07968
     52.095        -5.10391     0.17730    -0.20483    -5.07638
     52.245        -5.10058     0.17732    -0.20482    -5.07308
     52.395        -5.09726     0.17735    -0.20481    -5.06979
     52.545        -5.09393     0.17737    -0.20480    -5.06650
     52.695        -5.09061     0.17739    -0.20479    -5.06321
     52.845        -5.08730     0.17741    -0.20478    -5.05994
     52.995        -5.08401     0.17744    -0.20477    -5.05668
     53.145        -5.08073     0.17746    -0.20476    -5.05343
     53.295        -5.07746     0.17748    -0.20475    -5.05019
     53.445        -5.07421     0.17750    -0.20474    -5.04697
     53.595        -5.07097     0.17753    -0.20473    -5.04376
     53.745        -5.06774     0.17755    -0.20472    -5.04057
     53.895        -5.06452     0.17757    -0.20471    -5.03738
     54.045        -5.06131     0.17759    -0.20470    -5.03420
     54.195        -5.05810     0.17761    -0.20469    -5.03103
     54.345        -5.05490     0.17764    -0.20468    -5.02786
     54.495        -5.05169     0.17766    -0.20467    -5.02469
     54.645        -5.04852     0.17768    -0.20466    -5.02154
     54.795        -5.04535     0.17770    -0.20465    -5.01841
     54.945        -5.04217     0.17772    -0.20463    -5.01526
     55.095        -5.03902     0.17775    -0.20463    -5.01214
     59.433        -4.79193     0.17946    -0.20384    -4.76755
     80.646        -4.43122     0.18197    -0.20267    -4.41052
     111.21        -4.08124     0.18442    -0.20149    -4.06417
     153.36        -3.74214     0.18683    -0.20030    -3.72866
     211.49        -3.41414     0.18913    -0.19912    -3.40415
     291.64        -3.09726     0.19137    -0.19795    -3.09068
     402.18        -2.79157     0.19354    -0.19679    -2.78832
     554.60        -2.49667     0.19565    -0.19565    -2.49667
     764.80        -2.21251     0.19766    -0.19454    -2.21563
     1054.7        -1.93860     0.19960    -0.19345    -1.94476
     1454.4        -1.67458     0.20151    -0.19238    -1.68371
     2005.6        -1.41993     0.20335    -0.19133    -1.43196
     2765.8        -1.17467     0.20511    -0.19033    -1.18945
     3814.0        -0.93781     0.20681    -0.18935    -0.95527
     5259.5        -0.70919     0.20846    -0.18843    -0.72922
     7252.9        -0.48857     0.21005    -0.18753    -0.51109
     10002.        -0.27540     0.21158    -0.18664    -0.30033
     13793.        -0.06983     0.21305    -0.18583    -0.09706
     19020.         0.12836     0.21448    -0.18503     0.09890
     26229.         0.31883     0.21584    -0.18426     0.28725
     36170.         0.50139     0.21714    -0.18353     0.46778
     49878.         0.67598     0.21839    -0.18285     0.64044
     68782.         0.84287     0.21957    -0.18219     0.80548
     94851.         1.00213     0.22070    -0.18156     0.96299
    0.13080E+06     1.15394     0.22179    -0.18096     1.11311
    0.18038E+06     1.29877     0.22281    -0.18040     1.25636
    0.24874E+06     1.43680     0.22379    -0.17987     1.39288
    0.34301E+06     1.56822     0.22471    -0.17936     1.52286
    0.47302E+06     1.69331     0.22559    -0.17889     1.64660
    0.65229E+06     1.81234     0.22643    -0.17844     1.76435
    0.89952E+06     1.92555     0.22722    -0.17800     1.87633
    0.12404E+07     2.03329     0.22798    -0.17760     1.98291
    0.17106E+07     2.13580     0.22869    -0.17722     2.08433
    0.23589E+07     2.23339     0.22937    -0.17685     2.18087
    0.32529E+07     2.32607     0.23001    -0.17651     2.27257
    0.44858E+07     2.41428     0.23062    -0.17619     2.35985
    0.61860E+07     2.49807     0.23120    -0.17589     2.44276
    0.85305E+07     2.57788     0.23175    -0.17561     2.52175
    0.11764E+08     2.65372     0.23227    -0.17534     2.59680
    0.16222E+08     2.72578     0.23277    -0.17509     2.66811
    0.22370E+08     2.79423     0.23324    -0.17486     2.73585
    0.30849E+08     2.85925     0.23369    -0.17464     2.80020
    0.42541E+08     2.92065     0.23410    -0.17444     2.86099
    0.58664E+08     2.97806     0.23449    -0.17426     2.91783
    0.80898E+08     3.03190     0.23486    -0.17409     2.97112
    0.11156E+09     3.08239     0.23520    -0.17394     3.02112
    0.15384E+09     3.12993     0.23553    -0.17379     3.06819
    0.21215E+09     3.17468     0.23583    -0.17366     3.11250
    0.29255E+09     3.21686     0.23612    -0.17352     3.15426
    0.40343E+09     3.25655     0.23639    -0.17340     3.19357
    0.55633E+09     3.29398     0.23663    -0.17330     3.23065
    0.76719E+09     3.32895     0.23686    -0.17321     3.26530
    0.10580E+10     3.36046     0.23707    -0.17312     3.29651
    0.14589E+10     3.38919     0.23726    -0.17303     3.32496
    0.20119E+10     3.41560     0.23744    -0.17295     3.35112
    0.27744E+10     3.43997     0.23760    -0.17289     3.37526
    0.38259E+10     3.46240     0.23775    -0.17283     3.39748
    0.52760E+10     3.48310     0.23788    -0.17277     3.41798
    0.72756E+10     3.50220     0.23801    -0.17271     3.43691
    0.10033E+11     3.51984     0.23813    -0.17267     3.45437
    0.13836E+11     3.53608     0.23823    -0.17262     3.47046
    0.19079E+11     3.55107     0.23833    -0.17258     3.48531
    0.26311E+11     3.56492     0.23843    -0.17253     3.49903
    0.36283E+11     3.57772     0.23851    -0.17250     3.51171
    0.50034E+11     3.58952     0.23859    -0.17247     3.52341
    0.68997E+11     3.60040     0.23866    -0.17244     3.53418
    0.10000E+12     3.73087     0.23953    -0.17206     3.66341
