    -99.945         0.00000     0.00000     0.00000     0.00000
    -99.795         0.00000     0.00000     0.00000     0.00000
    -99.645         0.00000     0.00000     0.00000     0.00000
    -99.495         0.00000     0.00000     0.00000     0.00000
    -99.345         0.00000     0.00000     0.00000     0.00000
    -99.195         0.00000     0.00000     0.00000     0.00000
    -99.045         0.00000     0.00000     0.00000     0.00000
    -98.895         0.00000     0.00000     0.00000     0.00000
    -98.745         0.00000     0.00000     0.00000     0.00000
    -98.595         0.00000     0.00000     0.00000     0.00000
    -98.445         0.00000     0.00000     0.00000     0.00000
    -98.295         0.00000     0.00000     0.00000     0.00000
    -98.145         0.00000     0.00000     0.00000     0.00000
    -97.995         0.00000     0.00000     0.00000     0.00000
    -97.845         0.00000     0.00000     0.00000     0.00000
    -97.695         0.00000     0.00000     0.00000     0.00000
    -97.545         0.00000     0.00000     0.00000     0.00000
    -97.395         0.00000     0.00000     0.00000     0.00000
    -97.245         0.00000     0.00000     0.00000     0.00000
    -97.095         0.00000     0.00000     0.00000     0.00000
    -96.945         0.00000     0.00000     0.00000     0.00000
    -96.795         0.00000     0.00000     0.00000     0.00000
    -96.645         0.00000     0.00000     0.00000     0.00000
    -96.495         0.00000     0.00000     0.00000     0.00000
    -96.345         0.00000     0.00000     0.00000     0.00000
    -96.195         0.00000     0.00000     0.00000     0.00000
    -96.045         0.00000     0.00000     0.00000     0.00000
    -95.895         0.00000     0.00000     0.00000     0.00000
    -95.745         0.00000     0.00000     0.00000     0.00000
    -95.595         0.00000     0.00000     0.00000     0.00000
    -95.445         0.00000     0.00000     0.00000     0.00000
    -95.295         0.00000     0.00000     0.00000     0.00000
    -95.145         0.00000     0.00000     0.00000     0.00000
    -94.995         0.00000     0.00000     0.00000     0.00000
    -94.845         0.00000     0.00000     0.00000     0.00000
    -94.695         0.00000     0.00000     0.00000     0.00000
    -94.545         0.00000     0.00000     0.00000     0.00000
    -94.395         0.00000     0.00000     0.00000     0.00000
    -94.245         0.00000     0.00000     0.00000     0.00000
    -94.095         0.00000     0.00000     0.00000     0.00000
    -93.945         0.00000     0.00000     0.00000     0.00000
    -93.795         0.00000     0.00000     0.00000     0.00000
    -93.645         0.00000     0.00000     0.00000     0.00000
    -93.495         0.00000     0.00000     0.00000     0.00000
    -93.345         0.00000     0.00000     0.00000     0.00000
    -93.195         0.00000     0.00000     0.00000     0.00000
    -93.045         0.00000     0.00000     0.00000     0.00000
    -92.895         0.00000     0.00000     0.00000     0.00000
    -92.745         0.00000     0.00000     0.00000     0.00000
    -92.595         0.00000     0.00000     0.00000     0.00000
    -92.445         0.00000     0.00000     0.00000     0.00000
    -92.295         0.00000     0.00000     0.00000     0.00000
    -92.145         0.00000     0.00000     0.00000     0.00000
    -91.995         0.00000     0.00000     0.00000     0.00000
    -91.845         0.00000     0.00000     0.00000     0.00000
    -91.695         0.00000     0.00000     0.00000     0.00000
    -91.545         0.00000     0.00000     0.00000     0.00000
    -91.395         0.00000     0.00000     0.00000     0.00000
    -91.245         0.00000     0.00000     0.00000     0.00000
    -91.095         0.00000     0.00000     0.00000     0.00000
    -90.945         0.00000     0.00000     0.00000     0.00000
    -90.795         0.00000     0.00000     0.00000     0.00000
    -90.645         0.00000     0.00000     0.00000     0.00000
    -90.495         0.00000     0.00000     0.00000     0.00000
    -90.345         0.00000     0.00000     0.00000     0.00000
    -90.195         0.00000     0.00000     0.00000     0.00000
    -90.045         0.00000     0.00000     0.00000     0.00000
    -89.895         0.00000     0.00000     0.00000     0.00000
    -89.745         0.00000     0.00000     0.00000     0.00000
    -89.595         0.00000     0.00000     0.00000     0.00000
    -89.445         0.00000     0.00000     0.00000     0.00000
    -89.295         0.00000     0.00000     0.00000     0.00000
    -89.145         0.00000     0.00000     0.00000     0.00000
    -88.995         0.00000     0.00000     0.00000     0.00000
    -88.845         0.00000     0.00000     0.00000     0.00000
    -88.695         0.00000     0.00000     0.00000     0.00000
    -88.545         0.00000     0.00000     0.00000     0.00000
    -88.395         0.00000     0.00000     0.00000     0.00000
    -88.245         0.00000     0.00000     0.00000     0.00000
    -88.095         0.00000     0.00000     0.00000     0.00000
    -87.945         0.00000     0.00000     0.00000     0.00000
    -87.795         0.00000     0.00000     0.00000     0.00000
    -87.645         0.00000     0.00000     0.00000     0.00000
    -87.495         0.00000     0.00000     0.00000     0.00000
    -87.345         0.00000     0.00000     0.00000     0.00000
    -87.195         0.00000     0.00000     0.00000     0.00000
    -87.045         0.00000     0.00000     0.00000     0.00000
    -86.895         0.00000     0.00000     0.00000     0.00000
    -86.745         0.00000     0.00000     0.00000     0.00000
    -86.595         0.00000     0.00000     0.00000     0.00000
    -86.445         0.00000     0.00000     0.00000     0.00000
    -86.295         0.00000     0.00000     0.00000     0.00000
    -86.145         0.00000     0.00000     0.00000     0.00000
    -85.995         0.00000     0.00000     0.00000     0.00000
    -85.845         0.00000     0.00000     0.00000     0.00000
    -85.695         0.00000     0.00000     0.00000     0.00000
    -85.545         0.00000     0.00000     0.00000     0.00000
    -85.395         0.00000     0.00000     0.00000     0.00000
    -85.245         0.00000     0.00000     0.00000     0.00000
    -85.095         0.00000     0.00000     0.00000     0.00000
    -84.945         0.00000     0.00000     0.00000     0.00000
    -84.795         0.00000     0.00000     0.00000     0.00000
    -84.645         0.00000     0.00000     0.00000     0.00000
    -84.495         0.00000     0.00000     0.00000     0.00000
    -84.345         0.00000     0.00000     0.00000     0.00000
    -84.195         0.00000     0.00000     0.00000     0.00000
    -84.045         0.00000     0.00000     0.00000     0.00000
    -83.895         0.00000     0.00000     0.00000     0.00000
    -83.745         0.00000     0.00000     0.00000     0.00000
    -83.595         0.00000     0.00000     0.00000     0.00000
    -83.445         0.00000     0.00000     0.00000     0.00000
    -83.295         0.00000     0.00000     0.00000     0.00000
    -83.145         0.00000     0.00000     0.00000     0.00000
    -82.995         0.00000     0.00000     0.00000     0.00000
    -82.845         0.00000     0.00000     0.00000     0.00000
    -82.695         0.00000     0.00000     0.00000     0.00000
    -82.545         0.00000     0.00000     0.00000     0.00000
    -82.395         0.00000     0.00000     0.00000     0.00000
    -82.245         0.00000     0.00000     0.00000     0.00000
    -82.095         0.00000     0.00000     0.00000     0.00000
    -81.945         0.00000     0.00000     0.00000     0.00000
    -81.795         0.00000     0.00000     0.00000     0.00000
    -81.645         0.00000     0.00000     0.00000     0.00000
    -81.495         0.00000     0.00000     0.00000     0.00000
    -81.345         0.00000     0.00000     0.00000     0.00000
    -81.195         0.00000     0.00000     0.00000     0.00000
    -81.045         0.00000     0.00000     0.00000     0.00000
    -80.895         0.00000     0.00000     0.00000     0.00000
    -80.745         0.00000     0.00000     0.00000     0.00000
    -80.595         0.00000     0.00000     0.00000     0.00000
    -80.445         0.00000     0.00000     0.00000     0.00000
    -80.295         0.00000     0.00000     0.00000     0.00000
    -80.145         0.00000     0.00000     0.00000     0.00000
    -79.995         0.00000     0.00000     0.00000     0.00000
    -79.845         0.00000     0.00000     0.00000     0.00000
    -79.695         0.00000     0.00000     0.00000     0.00000
    -79.545         0.00000     0.00000     0.00000     0.00000
    -79.395         0.00000     0.00000     0.00000     0.00000
    -79.245         0.00000     0.00000     0.00000     0.00000
    -79.095         0.00000     0.00000     0.00000     0.00000
    -78.945         0.00000     0.00000     0.00000     0.00000
    -78.795         0.00000     0.00000     0.00000     0.00000
    -78.645         0.00000     0.00000     0.00000     0.00000
    -78.495         0.00000     0.00000     0.00000     0.00000
    -78.345         0.00000     0.00000     0.00000     0.00000
    -78.195         0.00000     0.00000     0.00000     0.00000
    -78.045         0.00000     0.00000     0.00000     0.00000
    -77.895         0.00000     0.00000     0.00000     0.00000
    -77.745         0.00000     0.00000     0.00000     0.00000
    -77.595         0.00000     0.00000     0.00000     0.00000
    -77.445         0.00000     0.00000     0.00000     0.00000
    -77.295         0.00000     0.00000     0.00000     0.00000
    -77.145         0.00000     0.00000     0.00000     0.00000
    -76.995         0.00000     0.00000     0.00000     0.00000
    -76.845         0.00000     0.00000     0.00000     0.00000
    -76.695         0.00000     0.00000     0.00000     0.00000
    -76.545         0.00000     0.00000     0.00000     0.00000
    -76.395         0.00000     0.00000     0.00000     0.00000
    -76.245         0.00000     0.00000     0.00000     0.00000
    -76.095         0.00000     0.00000     0.00000     0.00000
    -75.945         0.00000     0.00000     0.00000     0.00000
    -75.795         0.00000     0.00000     0.00000     0.00000
    -75.645         0.00000     0.00000     0.00000     0.00000
    -75.495         0.00000     0.00000     0.00000     0.00000
    -75.345         0.00000     0.00000     0.00000     0.00000
    -75.195         0.00000     0.00000     0.00000     0.00000
    -75.045         0.00000     0.00000     0.00000     0.00000
    -74.895         0.00000     0.00000     0.00000     0.00000
    -74.745         0.00000     0.00000     0.00000     0.00000
    -74.595         0.00000     0.00000     0.00000     0.00000
    -74.445         0.00000     0.00000     0.00000     0.00000
    -74.295         0.00000     0.00000     0.00000     0.00000
    -74.145         0.00000     0.00000     0.00000     0.00000
    -73.995         0.00000     0.00000     0.00000     0.00000
    -73.845         0.00000     0.00000     0.00000     0.00000
    -73.695         0.00000     0.00000     0.00000     0.00000
    -73.545         0.00000     0.00000     0.00000     0.00000
    -73.395         0.00000     0.00000     0.00000     0.00000
    -73.245         0.00000     0.00000     0.00000     0.00000
    -73.095         0.00000     0.00000     0.00000     0.00000
    -72.945         0.00000     0.00000     0.00000     0.00000
    -72.795         0.00000     0.00000     0.00000     0.00000
    -72.645         0.00000     0.00000     0.00000     0.00000
    -72.495         0.00000     0.00000     0.00000     0.00000
    -72.345         0.00000     0.00000     0.00000     0.00000
    -72.195         0.00000     0.00000     0.00000     0.00000
    -72.045         0.00000     0.00000     0.00000     0.00000
    -71.895         0.00000     0.00000     0.00000     0.00000
    -71.745         0.00000     0.00000     0.00000     0.00000
    -71.595         0.00000     0.00000     0.00000     0.00000
    -71.445         0.00000     0.00000     0.00000     0.00000
    -71.295         0.00000     0.00000     0.00000     0.00000
    -71.145         0.00000     0.00000     0.00000     0.00000
    -70.995         0.00000     0.00000     0.00000     0.00000
    -70.845         0.00000     0.00000     0.00000     0.00000
    -70.695         0.00000     0.00000     0.00000     0.00000
    -70.545         0.00000     0.00000     0.00000     0.00000
    -70.395         0.00000     0.00000     0.00000     0.00000
    -70.245         0.00000     0.00000     0.00000     0.00000
    -70.095         0.00000     0.00000     0.00000     0.00000
    -69.945         0.00000     0.00000     0.00000     0.00000
    -69.795         0.00000     0.00000     0.00000     0.00000
    -69.645         0.00000     0.00000     0.00000     0.00000
    -69.495         0.00000     0.00000     0.00000     0.00000
    -69.345         0.00000     0.00000     0.00000     0.00000
    -69.195         0.00000     0.00000     0.00000     0.00000
    -69.045         0.00000     0.00000     0.00000     0.00000
    -68.895         0.00000     0.00000     0.00000     0.00000
    -68.745         0.00000     0.00000     0.00000     0.00000
    -68.595         0.00000     0.00000     0.00000     0.00000
    -68.445         0.00000     0.00000     0.00000     0.00000
    -68.295         0.00000     0.00000     0.00000     0.00000
    -68.145         0.00000     0.00000     0.00000     0.00000
    -67.995         0.00000     0.00000     0.00000     0.00000
    -67.845         0.00000     0.00000     0.00000     0.00000
    -67.695         0.00000     0.00000     0.00000     0.00000
    -67.545         0.00000     0.00000     0.00000     0.00000
    -67.395         0.00000     0.00000     0.00000     0.00000
    -67.245         0.00000     0.00000     0.00000     0.00000
    -67.095         0.00000     0.00000     0.00000     0.00000
    -66.945         0.00000     0.00000     0.00000     0.00000
    -66.795         0.00000     0.00000     0.00000     0.00000
    -66.645         0.00000     0.00000     0.00000     0.00000
    -66.495         0.00000     0.00000     0.00000     0.00000
    -66.345         0.00000     0.00000     0.00000     0.00000
    -66.195         0.00000     0.00000     0.00000     0.00000
    -66.045         0.00000     0.00000     0.00000     0.00000
    -65.895         0.00000     0.00000     0.00000     0.00000
    -65.745         0.00000     0.00000     0.00000     0.00000
    -65.595         0.00000     0.00000     0.00000     0.00000
    -65.445         0.00000     0.00000     0.00000     0.00000
    -65.295         0.00000     0.00000     0.00000     0.00000
    -65.145         0.00000     0.00000     0.00000     0.00000
    -64.995         0.00000     0.00000     0.00000     0.00000
    -64.845         0.00000     0.00000     0.00000     0.00000
    -64.695         0.00000     0.00000     0.00000     0.00000
    -64.545         0.00000     0.00000     0.00000     0.00000
    -64.395         0.00000     0.00000     0.00000     0.00000
    -64.245         0.00000     0.00000     0.00000     0.00000
    -64.095         0.00000     0.00000     0.00000     0.00000
    -63.945         0.00000     0.00000     0.00000     0.00000
    -63.795         0.00000     0.00000     0.00000     0.00000
    -63.645         0.00000     0.00000     0.00000     0.00000
    -63.495         0.00000     0.00000     0.00000     0.00000
    -63.345         0.00000     0.00000     0.00000     0.00000
    -63.195         0.00000     0.00000     0.00000     0.00000
    -63.045         0.00000     0.00000     0.00000     0.00000
    -62.895         0.00000     0.00000     0.00000     0.00000
    -62.745         0.00000     0.00000     0.00000     0.00000
    -62.595         0.00000     0.00000     0.00000     0.00000
    -62.445         0.00000     0.00000     0.00000     0.00000
    -62.295         0.00000     0.00000     0.00000     0.00000
    -62.145         0.00000     0.00000     0.00000     0.00000
    -61.995         0.00000     0.00000     0.00000     0.00000
    -61.845         0.00000     0.00000     0.00000     0.00000
    -61.695         0.00000     0.00000     0.00000     0.00000
    -61.545         0.00000     0.00000     0.00000     0.00000
    -61.395         0.00000     0.00000     0.00000     0.00000
    -61.245         0.00000     0.00000     0.00000     0.00000
    -61.095         0.00000     0.00000     0.00000     0.00000
    -60.945         0.00000     0.00000     0.00000     0.00000
    -60.795         0.00000     0.00000     0.00000     0.00000
    -60.645         0.00000     0.00000     0.00000     0.00000
    -60.495         0.00000     0.00000     0.00000     0.00000
    -60.345         0.00000     0.00000     0.00000     0.00000
    -60.195         0.00000     0.00000     0.00000     0.00000
    -60.045         0.00000     0.00000     0.00000     0.00000
    -59.895         0.00000     0.00000     0.00000     0.00000
    -59.745         0.00000     0.00000     0.00000     0.00000
    -59.595         0.00000     0.00000     0.00000     0.00000
    -59.445         0.00000     0.00000     0.00000     0.00000
    -59.295         0.00000     0.00000     0.00000     0.00000
    -59.145         0.00000     0.00000     0.00000     0.00000
    -58.995         0.00000     0.00000     0.00000     0.00000
    -58.845         0.00000     0.00000     0.00000     0.00000
    -58.695         0.00000     0.00000     0.00000     0.00000
    -58.545         0.00000     0.00000     0.00000     0.00000
    -58.395         0.00000     0.00000     0.00000     0.00000
    -58.245         0.00000     0.00000     0.00000     0.00000
    -58.095         0.00000     0.00000     0.00000     0.00000
    -57.945         0.00000     0.00000     0.00000     0.00000
    -57.795         0.00000     0.00000     0.00000     0.00000
    -57.645         0.00000     0.00000     0.00000     0.00000
    -57.495         0.00000     0.00000     0.00000     0.00000
    -57.345         0.00000     0.00000     0.00000     0.00000
    -57.195         0.00000     0.00000     0.00000     0.00000
    -57.045         0.00000     0.00000     0.00000     0.00000
    -56.895         0.00000     0.00000     0.00000     0.00000
    -56.745         0.00000     0.00000     0.00000     0.00000
    -56.595         0.00000     0.00000     0.00000     0.00000
    -56.445         0.00000     0.00000     0.00000     0.00000
    -56.295         0.00000     0.00000     0.00000     0.00000
    -56.145         0.00000     0.00000     0.00000     0.00000
    -55.995         0.00000     0.00000     0.00000     0.00000
    -55.845         0.00000     0.00000     0.00000     0.00000
    -55.695         0.00000     0.00000     0.00000     0.00000
    -55.545         0.00000     0.00000     0.00000     0.00000
    -55.395         0.00000     0.00000     0.00000     0.00000
    -55.245         0.00000     0.00000     0.00000     0.00000
    -55.095         0.00000     0.00000     0.00000     0.00000
    -54.945         0.00000     0.00000     0.00000     0.00000
    -54.795         0.00000     0.00000     0.00000     0.00000
    -54.645         0.00000     0.00000     0.00000     0.00000
    -54.495         0.00000     0.00000     0.00000     0.00000
    -54.345         0.00000     0.00000     0.00000     0.00000
    -54.195         0.00000     0.00000     0.00000     0.00000
    -54.045         0.00000     0.00000     0.00000     0.00000
    -53.895         0.00000     0.00000     0.00000     0.00000
    -53.745         0.00000     0.00000     0.00000     0.00000
    -53.595         0.00000     0.00000     0.00000     0.00000
    -53.445         0.00000     0.00000     0.00000     0.00000
    -53.295         0.00000     0.00000     0.00000     0.00000
    -53.145         0.00000     0.00000     0.00000     0.00000
    -52.995         0.00000     0.00000     0.00000     0.00000
    -52.845         0.00000     0.00000     0.00000     0.00000
    -52.695         0.00000     0.00000     0.00000     0.00000
    -52.545         0.00000     0.00000     0.00000     0.00000
    -52.395         0.00000     0.00000     0.00000     0.00000
    -52.245         0.00000     0.00000     0.00000     0.00000
    -52.095         0.00000     0.00000     0.00000     0.00000
    -51.945         0.00000     0.00000     0.00000     0.00000
    -51.795         0.00000     0.00000     0.00000     0.00000
    -51.645         0.00000     0.00000     0.00000     0.00000
    -51.495         0.00000     0.00000     0.00000     0.00000
    -51.345         0.00000     0.00000     0.00000     0.00000
    -51.195         0.00000     0.00000     0.00000     0.00000
    -51.045         0.00000     0.00000     0.00000     0.00000
    -50.895         0.00000     0.00000     0.00000     0.00000
    -50.745         0.00000     0.00000     0.00000     0.00000
    -50.595         0.00000     0.00000     0.00000     0.00000
    -50.445         0.00000     0.00000     0.00000     0.00000
    -50.295         0.00000     0.00000     0.00000     0.00000
    -50.145         0.00000     0.00000     0.00000     0.00000
    -49.995         0.00000     0.00000     0.00000     0.00000
    -49.845         0.00000     0.00000     0.00000     0.00000
    -49.695         0.00000     0.00000     0.00000     0.00000
    -49.545         0.00000     0.00000     0.00000     0.00000
    -49.395         0.00000     0.00000     0.00000     0.00000
    -49.245         0.00000     0.00000     0.00000     0.00000
    -49.095         0.00000     0.00000     0.00000     0.00000
    -48.945         0.00000     0.00000     0.00000     0.00000
    -48.795         0.00000     0.00000     0.00000     0.00000
    -48.645         0.00000     0.00000     0.00000     0.00000
    -48.495         0.00000     0.00000     0.00000     0.00000
    -48.345         0.00000     0.00000     0.00000     0.00000
    -48.195         0.00000     0.00000     0.00000     0.00000
    -48.045         0.00000     0.00000     0.00000     0.00000
    -47.895         0.00000     0.00000     0.00000     0.00000
    -47.745         0.00000     0.00000     0.00000     0.00000
    -47.595         0.00000     0.00000     0.00000     0.00000
    -47.445         0.00000     0.00000     0.00000     0.00000
    -47.295         0.00000     0.00000     0.00000     0.00000
    -47.145         0.00000     0.00000     0.00000     0.00000
    -46.995         0.00000     0.00000     0.00000     0.00000
    -46.845         0.00000     0.00000     0.00000     0.00000
    -46.695         0.00000     0.00000     0.00000     0.00000
    -46.545         0.00000     0.00000     0.00000     0.00000
    -46.395         0.00000     0.00000     0.00000     0.00000
    -46.245         0.00000     0.00000     0.00000     0.00000
    -46.095         0.00000     0.00000     0.00000     0.00000
    -45.945         0.00000     0.00000     0.00000     0.00000
    -45.795         0.00000     0.00000     0.00000     0.00000
    -45.645         0.00000     0.00000     0.00000     0.00000
    -45.495         0.00000     0.00000     0.00000     0.00000
    -45.345         0.00000     0.00000     0.00000     0.00000
    -45.195         0.00000     0.00000     0.00000     0.00000
    -45.045         0.00000     0.00000     0.00000     0.00000
    -44.895         0.00000     0.00000     0.00000     0.00000
    -44.745         0.00000     0.00000     0.00000     0.00000
    -44.595         0.00000     0.00000     0.00000     0.00000
    -44.445         0.00000     0.00000     0.00000     0.00000
    -44.295         0.00000     0.00000     0.00000     0.00000
    -44.145         0.00000     0.00000     0.00000     0.00000
    -43.995         0.00000     0.00000     0.00000     0.00000
    -43.845         0.00000     0.00000     0.00000     0.00000
    -43.695         0.00000     0.00000     0.00000     0.00000
    -43.545         0.00000     0.00000     0.00000     0.00000
    -43.395         0.00000     0.00000     0.00000     0.00000
    -43.245         0.00000     0.00000     0.00000     0.00000
    -43.095         0.00000     0.00000     0.00000     0.00000
    -42.945         0.00000     0.00000     0.00000     0.00000
    -42.795         0.00000     0.00000     0.00000     0.00000
    -42.645         0.00000     0.00000     0.00000     0.00000
    -42.495         0.00000     0.00000     0.00000     0.00000
    -42.345         0.00000     0.00000     0.00000     0.00000
    -42.195         0.00000     0.00000     0.00000     0.00000
    -42.045         0.00000     0.00000     0.00000     0.00000
    -41.895         0.00000     0.00000     0.00000     0.00000
    -41.745         0.00000     0.00000     0.00000     0.00000
    -41.595         0.00000     0.00000     0.00000     0.00000
    -41.445         0.00000     0.00000     0.00000     0.00000
    -41.295         0.00000     0.00000     0.00000     0.00000
    -41.145         0.00000     0.00000     0.00000     0.00000
    -40.995         0.00000     0.00000     0.00000     0.00000
    -40.845         0.00000     0.00000     0.00000     0.00000
    -40.695         0.00000     0.00000     0.00000     0.00000
    -40.545         0.00000     0.00000     0.00000     0.00000
    -40.395         0.00000     0.00000     0.00000     0.00000
    -40.245         0.00000     0.00000     0.00000     0.00000
    -40.095         0.00000     0.00000     0.00000     0.00000
    -39.945         0.00000     0.00000     0.00000     0.00000
    -39.795         0.00000     0.00000     0.00000     0.00000
    -39.645         0.00000     0.00000     0.00000     0.00000
    -39.495         0.00000     0.00000     0.00000     0.00000
    -39.345         0.00000     0.00000     0.00000     0.00000
    -39.195         0.00000     0.00000     0.00000     0.00000
    -39.045         0.00000     0.00000     0.00000     0.00000
    -38.895         0.00000     0.00000     0.00000     0.00000
    -38.745         0.00000     0.00000     0.00000     0.00000
    -38.595         0.00000     0.00000     0.00000     0.00000
    -38.445         0.00000     0.00000     0.00000     0.00000
    -38.295         0.00000     0.00000     0.00000     0.00000
    -38.145         0.00000     0.00000     0.00000     0.00000
    -37.995         0.00000     0.00000     0.00000     0.00000
    -37.845         0.00000     0.00000     0.00000     0.00000
    -37.695         0.00000     0.00000     0.00000     0.00000
    -37.545         0.00000     0.00000     0.00000     0.00000
    -37.395         0.00000     0.00000     0.00000     0.00000
    -37.245         0.00000     0.00000     0.00000     0.00000
    -37.095         0.00000     0.00000     0.00000     0.00000
    -36.945         0.00000     0.00000     0.00000     0.00000
    -36.795         0.00000     0.00000     0.00000     0.00000
    -36.645         0.00000     0.00000     0.00000     0.00000
    -36.495         0.00000     0.00000     0.00000     0.00000
    -36.345         0.00000     0.00000     0.00000     0.00000
    -36.195         0.00000     0.00000     0.00000     0.00000
    -36.045         0.00000     0.00000     0.00000     0.00000
    -35.895         0.00000     0.00000     0.00000     0.00000
    -35.745         0.00000     0.00000     0.00000     0.00000
    -35.595         0.00000     0.00000     0.00000     0.00000
    -35.445         0.00000     0.00000     0.00000     0.00000
    -35.295         0.00000     0.00000     0.00000     0.00000
    -35.145         0.00000     0.00000     0.00000     0.00000
    -34.995         0.00000     0.00000     0.00000     0.00000
    -34.845         0.00000     0.00000     0.00000     0.00000
    -34.695         0.00000     0.00000     0.00000     0.00000
    -34.545         0.00000     0.00000     0.00000     0.00000
    -34.395         0.00000     0.00000     0.00000     0.00000
    -34.245         0.00000     0.00000     0.00000     0.00000
    -34.095         0.00000     0.00000     0.00000     0.00000
    -33.945         0.00000     0.00000     0.00000     0.00000
    -33.795         0.00000     0.00000     0.00000     0.00000
    -33.645         0.00000     0.00000     0.00000     0.00000
    -33.495         0.00000     0.00000     0.00000     0.00000
    -33.345         0.00000     0.00000     0.00000     0.00000
    -33.195         0.00000     0.00000     0.00000     0.00000
    -33.045         0.00000     0.00000     0.00000     0.00000
    -32.895         0.00000     0.00000     0.00000     0.00000
    -32.745         0.00000     0.00000     0.00000     0.00000
    -32.595         0.00000     0.00000     0.00000     0.00000
    -32.445         0.00000     0.00000     0.00000     0.00000
    -32.295         0.00000     0.00000     0.00000     0.00000
    -32.145         0.00000     0.00000     0.00000     0.00000
    -31.995         0.00000     0.00000     0.00000     0.00000
    -31.845         0.00000     0.00000     0.00000     0.00000
    -31.695         0.00000     0.00000     0.00000     0.00000
    -31.545         0.00000     0.00000     0.00000     0.00000
    -31.395         0.00000     0.00000     0.00000     0.00000
    -31.245         0.00000     0.00000     0.00000     0.00000
    -31.095         0.00000     0.00000     0.00000     0.00000
    -30.945         0.00000     0.00000     0.00000     0.00000
    -30.795         0.00000     0.00000     0.00000     0.00000
    -30.645         0.00000     0.00000     0.00000     0.00000
    -30.495         0.00000     0.00000     0.00000     0.00000
    -30.345         0.00000     0.00000     0.00000     0.00000
    -30.195         0.00000     0.00000     0.00000     0.00000
    -30.045         0.00000     0.00000     0.00000     0.00000
    -29.895         0.00000     0.00000     0.00000     0.00000
    -29.745         0.00000     0.00000     0.00000     0.00000
    -29.595         0.00000     0.00000     0.00000     0.00000
    -29.445         0.00000     0.00000     0.00000     0.00000
    -29.295         0.00000     0.00000     0.00000     0.00000
    -29.145         0.00000     0.00000     0.00000     0.00000
    -28.995         0.00000     0.00000     0.00000     0.00000
    -28.845         0.00000     0.00000     0.00000     0.00000
    -28.695         0.00000     0.00000     0.00000     0.00000
    -28.545         0.00000     0.00000     0.00000     0.00000
    -28.395         0.00000     0.00000     0.00000     0.00000
    -28.245         0.00000     0.00000     0.00000     0.00000
    -28.095         0.00000     0.00000     0.00000     0.00000
    -27.945         0.00000     0.00000     0.00000     0.00000
    -27.795         0.00000     0.00000     0.00000     0.00000
    -27.645         0.00000     0.00000     0.00000     0.00000
    -27.495         0.00000     0.00000     0.00000     0.00000
    -27.345         0.00000     0.00000     0.00000     0.00000
    -27.195         0.00000     0.00000     0.00000     0.00000
    -27.045         0.00000     0.00000     0.00000     0.00000
    -26.895         0.00000     0.00000     0.00000     0.00000
    -26.745         0.00000     0.00000     0.00000     0.00000
    -26.595         0.00000     0.00000     0.00000     0.00000
    -26.445         0.00000     0.00000     0.00000     0.00000
    -26.295         0.00000     0.00000     0.00000     0.00000
    -26.145         0.00000     0.00000     0.00000     0.00000
    -25.995         0.00000     0.00000     0.00000     0.00000
    -25.845         0.00000     0.00000     0.00000     0.00000
    -25.695         0.00000     0.00000     0.00000     0.00000
    -25.545         0.00000     0.00000     0.00000     0.00000
    -25.395         0.00000     0.00000     0.00000     0.00000
    -25.245         0.00000     0.00000     0.00000     0.00000
    -25.095         0.00000     0.00000     0.00000     0.00000
    -24.945         0.00000     0.00000     0.00000     0.00000
    -24.795         0.00000     0.00000     0.00000     0.00000
    -24.645         0.00000     0.00000     0.00000     0.00000
    -24.495         0.00000     0.00000     0.00000     0.00000
    -24.345         0.00000     0.00000     0.00000     0.00000
    -24.195         0.00000     0.00000     0.00000     0.00000
    -24.045         0.00000     0.00000     0.00000     0.00000
    -23.895         0.00000     0.00000     0.00000     0.00000
    -23.745         0.00000     0.00000     0.00000     0.00000
    -23.595         0.00000     0.00000     0.00000     0.00000
    -23.445         0.00000     0.00000     0.00000     0.00000
    -23.295         0.00000     0.00000     0.00000     0.00000
    -23.145         0.00000     0.00000     0.00000     0.00000
    -22.995         0.00000     0.00000     0.00000     0.00000
    -22.845         0.00000     0.00000     0.00000     0.00000
    -22.695         0.00000     0.00000     0.00000     0.00000
    -22.545         0.00000     0.00000     0.00000     0.00000
    -22.395         0.00000     0.00000     0.00000     0.00000
    -22.245         0.00000     0.00000     0.00000     0.00000
    -22.095         0.00000     0.00000     0.00000     0.00000
    -21.945         0.00000     0.00000     0.00000     0.00000
    -21.795         0.00000     0.00000     0.00000     0.00000
    -21.645         0.00000     0.00000     0.00000     0.00000
    -21.495         0.00000     0.00000     0.00000     0.00000
    -21.345         0.00000     0.00000     0.00000     0.00000
    -21.195         0.00000     0.00000     0.00000     0.00000
    -21.045         0.00000     0.00000     0.00000     0.00000
    -20.895         0.00000     0.00000     0.00000     0.00000
    -20.745         0.00000     0.00000     0.00000     0.00000
    -20.595         0.00000     0.00000     0.00000     0.00000
    -20.445         0.00000     0.00000     0.00000     0.00000
    -20.295         0.00000     0.00000     0.00000     0.00000
    -20.145         0.00000     0.00000     0.00000     0.00000
    -19.995         0.00000     0.00000     0.00000     0.00000
    -19.845         0.00000     0.00000     0.00000     0.00000
    -19.695         0.00000     0.00000     0.00000     0.00000
    -19.545         0.00000     0.00000     0.00000     0.00000
    -19.395         0.00000     0.00000     0.00000     0.00000
    -19.245         0.00000     0.00000     0.00000     0.00000
    -19.095         0.00000     0.00000     0.00000     0.00000
    -18.945         0.00000     0.00000     0.00000     0.00000
    -18.795         0.00000     0.00000     0.00000     0.00000
    -18.645         0.00000     0.00000     0.00000     0.00000
    -18.495         0.00000     0.00000     0.00000     0.00000
    -18.345         0.00000     0.00000     0.00000     0.00000
    -18.195         0.00000     0.00000     0.00000     0.00000
    -18.045         0.00000     0.00000     0.00000     0.00000
    -17.895         0.00000     0.00000     0.00000     0.00000
    -17.745         0.00000     0.00000     0.00000     0.00000
    -17.595         0.00000     0.00000     0.00000     0.00000
    -17.445         0.00000     0.00000     0.00000     0.00000
    -17.295         0.00000     0.00000     0.00000     0.00000
    -17.145         0.00000     0.00000     0.00000     0.00000
    -16.995         0.00000     0.00000     0.00000     0.00000
    -16.845         0.00000     0.00000     0.00000     0.00000
    -16.695         0.00000     0.00000     0.00000     0.00000
    -16.545         0.00000     0.00000     0.00000     0.00000
    -16.395         0.00000     0.00000     0.00000     0.00000
    -16.245         0.00000     0.00000     0.00000     0.00000
    -16.095         0.00000     0.00000     0.00000     0.00000
    -15.945         0.00000     0.00000     0.00000     0.00000
    -15.795         0.00000     0.00000     0.00000     0.00000
    -15.645         0.00000     0.00000     0.00000     0.00000
    -15.495         0.00000     0.00000     0.00000     0.00000
    -15.345         0.00000     0.00000     0.00000     0.00000
    -15.195         0.00000     0.00000     0.00000     0.00000
    -15.045         0.00000     0.00000     0.00000     0.00000
    -14.895         0.00000     0.00000     0.00000     0.00000
    -14.745         0.00000     0.00000     0.00000     0.00000
    -14.595         0.00000     0.00000     0.00000     0.00000
    -14.445         0.00000     0.00000     0.00000     0.00000
    -14.295         0.00000     0.00000     0.00000     0.00000
    -14.145         0.00000     0.00000     0.00000     0.00000
    -13.995         0.00000     0.00000     0.00000     0.00000
    -13.845         0.00000     0.00000     0.00000     0.00000
    -13.695         0.00000     0.00000     0.00000     0.00000
    -13.545         0.00000     0.00000     0.00000     0.00000
    -13.395         0.00000     0.00000     0.00000     0.00000
    -13.245         0.00000     0.00000     0.00000     0.00000
    -13.095         0.00000     0.00000     0.00000     0.00000
    -12.945         0.00000     0.00000     0.00000     0.00000
    -12.795         0.00000     0.00000     0.00000     0.00000
    -12.645         0.00000     0.00000     0.00000     0.00000
    -12.495         0.00000     0.00000     0.00000     0.00000
    -12.345         0.00000     0.00000     0.00000     0.00000
    -12.195         0.00000     0.00000     0.00000     0.00000
    -12.045         0.00000     0.00000     0.00000     0.00000
    -11.895         0.00000     0.00000     0.00000     0.00000
    -11.745         0.00000     0.00000     0.00000     0.00000
    -11.595         0.00000     0.00000     0.00000     0.00000
    -11.445         0.00000     0.00000     0.00000     0.00000
    -11.295         0.00000     0.00000     0.00000     0.00000
    -11.145         0.00000     0.00000     0.00000     0.00000
    -10.995         0.00000     0.00000     0.00000     0.00000
    -10.845         0.00000     0.00000     0.00000     0.00000
    -10.695         0.00000     0.00000     0.00000     0.00000
    -10.545         0.00000     0.00000     0.00000     0.00000
    -10.395         0.00000     0.00000     0.00000     0.00000
    -10.245         0.00000     0.00000     0.00000     0.00000
    -10.095         0.00000     0.00000     0.00000     0.00000
    -9.9450         0.00000     0.00000     0.00000     0.00000
    -9.7950         0.00000     0.00000     0.00000     0.00000
    -9.6450         0.00000     0.00000     0.00000     0.00000
    -9.4950         0.00000     0.00000     0.00000     0.00000
    -9.3450         0.00000     0.00000     0.00000     0.00000
    -9.1950         0.00000     0.00000     0.00000     0.00000
    -9.0450         0.00000     0.00000     0.00000     0.00000
    -8.8950         0.00000     0.00000     0.00000     0.00000
    -8.7450         0.00000     0.00000     0.00000     0.00000
    -8.5950         0.00000     0.00000     0.00000     0.00000
    -8.4450         0.00000     0.00000     0.00000     0.00000
    -8.2950         0.00000     0.00000     0.00000     0.00000
    -8.1450         0.00000     0.00000     0.00000     0.00000
    -7.9950         0.00000     0.00000     0.00000     0.00000
    -7.8450         0.00000     0.00000     0.00000     0.00000
    -7.6950         0.00000     0.00000     0.00000     0.00000
    -7.5450         0.00000     0.00000     0.00000     0.00000
    -7.3950         0.00000     0.00000     0.00000     0.00000
    -7.2450         0.00000     0.00000     0.00000     0.00000
    -7.0950         0.00000     0.00000     0.00000     0.00000
    -6.9450         0.00000     0.00000     0.00000     0.00000
    -6.7950         0.00000     0.00000     0.00000     0.00000
    -6.6450         0.00000     0.00000     0.00000     0.00000
    -6.4950         0.00000     0.00000     0.00000     0.00000
    -6.3450         0.00000     0.00000     0.00000     0.00000
    -6.1950         0.00000     0.00000     0.00000     0.00000
    -6.0450         0.00000     0.00000     0.00000     0.00000
    -5.8950         0.00000     0.00000     0.00000     0.00000
    -5.7450         0.00000     0.00000     0.00000     0.00000
    -5.5950         0.00000     0.00000     0.00000     0.00000
    -5.4450         0.00000     0.00000     0.00000     0.00000
    -5.2950         0.00000     0.00000     0.00000     0.00000
    -5.1450         0.00000     0.00000     0.00000     0.00000
    -4.9950         0.00000     0.00000     0.00000     0.00000
    -4.8450         0.00000     0.00000     0.00000     0.00000
    -4.6950         0.00000     0.00000     0.00000     0.00000
    -4.5450         0.00000     0.00000     0.00000     0.00000
    -4.3950         0.00000     0.00000     0.00000     0.00000
    -4.2450         0.00000     0.00000     0.00000     0.00000
    -4.0950         0.00000     0.00000     0.00000     0.00000
    -3.9450         0.00000     0.00000     0.00000     0.00000
    -3.7950         0.00000     0.00000     0.00000     0.00000
    -3.6450         0.00000     0.00000     0.00000     0.00000
    -3.4950         0.00000     0.00000     0.00000     0.00000
    -3.3450         0.00000     0.00000     0.00000     0.00000
    -3.1950         0.00000     0.00000     0.00000     0.00000
    -3.0450         0.00000     0.00000     0.00000     0.00000
    -2.8950         0.00000     0.00000     0.00000     0.00000
    -2.7450         0.00000     0.00000     0.00000     0.00000
    -2.5950        -0.00000    -0.00000     0.00000     0.00000
    -2.4450         0.00000     0.00000     0.00000     0.00000
    -2.2950         0.00000     0.00000     0.00000     0.00000
    -2.1450         0.00000     0.00000     0.00000     0.00000
    -1.9950         0.00000     0.00000     0.00000    -0.00000
    -1.8450         0.00002     0.00002    -0.00000     0.00000
    -1.6950         0.00010     0.00006     0.00000     0.00004
    -1.5450        -0.00016     0.00014     0.00003    -0.00033
    -1.3950        -0.00224     0.00032     0.00026    -0.00283
    -1.2450        -0.01189     0.00063     0.00005    -0.01256
    -1.0950        -0.04734     0.00006    -0.00543    -0.04197
   -0.94500        -0.16656    -0.00055    -0.01827    -0.14774
   -0.79500        -0.61623    -0.00215    -0.04480    -0.56928
   -0.64500        -2.04659    -0.00509    -0.07434    -1.96716
   -0.49500        -4.67775    -0.01137    -0.09618    -4.57021
   -0.34500        -7.75198    -0.02200    -0.11738    -7.61260
   -0.22700        -8.58231    -0.02772    -0.12556    -8.42904
   -0.21300        -8.67610    -0.02849    -0.12659    -8.52102
   -0.20700        -8.76956    -0.02917    -0.12762    -8.61277
   -0.20100        -8.86134    -0.02991    -0.12865    -8.70278
   -0.19500        -8.95278    -0.03074    -0.12980    -8.79223
   -0.18900        -9.04475    -0.03163    -0.13095    -8.88216
   -0.18300        -9.13621    -0.03249    -0.13210    -8.97163
   -0.17700        -9.22682    -0.03335    -0.13334    -9.06013
   -0.17100        -9.31798    -0.03422    -0.13454    -9.14922
   -0.16500        -9.40933    -0.03513    -0.13579    -9.23840
   -0.15900        -9.50032    -0.03613    -0.13700    -9.32720
   -0.15300        -9.59250    -0.03710    -0.13831    -9.41710
   -0.14700        -9.68625    -0.03805    -0.13977    -9.50843
   -0.14100        -9.77979    -0.03910    -0.14126    -9.59943
   -0.13500        -9.87509    -0.04020    -0.14287    -9.69203
   -0.12900        -9.97097    -0.04135    -0.14448    -9.78515
   -0.12300       -10.06970    -0.04255    -0.14607    -9.88107
   -0.11700       -10.16886    -0.04380    -0.14782    -9.97724
   -0.11100       -10.27029    -0.04501    -0.14963   -10.07565
   -0.10500       -10.37500    -0.04632    -0.15149   -10.17719
   -0.99000E-01   -10.48331    -0.04774    -0.15343   -10.28214
   -0.93000E-01   -10.59602    -0.04923    -0.15566   -10.39113
   -0.87000E-01   -10.71327    -0.05084    -0.15774   -10.50469
   -0.81000E-01   -10.83624    -0.05264    -0.15995   -10.62366
   -0.75000E-01   -10.96680    -0.05440    -0.16232   -10.75008
   -0.69000E-01   -11.10609    -0.05641    -0.16479   -10.88488
   -0.63000E-01   -11.25625    -0.05850    -0.16748   -11.03027
   -0.57000E-01   -11.41720    -0.06073    -0.17028   -11.18619
   -0.51000E-01   -11.59230    -0.06316    -0.17338   -11.35575
   -0.45000E-01   -11.78121    -0.06594    -0.17692   -11.53835
   -0.39000E-01   -11.98429    -0.06903    -0.18090   -11.73435
   -0.33000E-01   -12.20339    -0.07260    -0.18579   -11.94500
   -0.27000E-01   -12.44150    -0.07685    -0.19233   -12.17231
   -0.21300E-01   -12.61719    -0.08047    -0.19853   -12.33819
   -0.19500E-01   -12.64403    -0.08103    -0.19958   -12.36343
   -0.18900E-01   -12.67124    -0.08161    -0.20063   -12.38900
   -0.18300E-01   -12.69893    -0.08223    -0.20178   -12.41492
   -0.17700E-01   -12.72720    -0.08286    -0.20305   -12.44129
   -0.17100E-01   -12.75564    -0.08353    -0.20435   -12.46776
   -0.16500E-01   -12.78466    -0.08419    -0.20578   -12.49470
   -0.15900E-01   -12.81423    -0.08490    -0.20727   -12.52205
   -0.15300E-01   -12.84420    -0.08563    -0.20887   -12.54971
   -0.14700E-01   -12.87476    -0.08639    -0.21065   -12.57772
   -0.14100E-01   -12.90565    -0.08715    -0.21251   -12.60599
   -0.13500E-01   -12.93713    -0.08797    -0.21451   -12.63465
   -0.12900E-01   -12.96943    -0.08878    -0.21669   -12.66395
   -0.12300E-01   -13.00231    -0.08965    -0.21909   -12.69357
   -0.11700E-01   -13.03574    -0.09057    -0.22165   -12.72352
   -0.11100E-01   -13.06999    -0.09150    -0.22447   -12.75402
   -0.10500E-01   -13.10501    -0.09245    -0.22761   -12.78495
   -0.99000E-02   -13.14103    -0.09345    -0.23107   -12.81651
   -0.93000E-02   -13.17783    -0.09451    -0.23501   -12.84832
   -0.87000E-02   -13.21585    -0.09560    -0.23953   -12.88073
   -0.81000E-02   -13.25493    -0.09674    -0.24470   -12.91348
   -0.75000E-02   -13.29535    -0.09797    -0.25072   -12.94665
   -0.69000E-02   -13.33756    -0.09921    -0.25799   -12.98036
   -0.63000E-02   -13.38192    -0.10052    -0.26706   -13.01434
   -0.57000E-02   -13.42956    -0.10186    -0.27890   -13.04880
   -0.51000E-02   -13.48210    -0.10323    -0.29516   -13.08371
   -0.45000E-02   -13.54232    -0.10464    -0.31877   -13.11892
   -0.39000E-02   -13.61540    -0.10610    -0.35463   -13.15467
   -0.33000E-02   -13.70372    -0.10756    -0.40511   -13.19105
   -0.27000E-02   -13.78651    -0.10903    -0.44859   -13.22889
   -0.21000E-02   -13.85052    -0.11044    -0.46984   -13.27025
   -0.15000E-02   -13.91244    -0.11171    -0.47854   -13.32219
   -0.90000E-03   -14.00461    -0.11271    -0.48165   -13.41024
   -0.30000E-03   -15.43366    -0.11318    -0.48235   -14.83813
    0.30000E-03   -14.00414    -0.11255    -0.48192   -13.40966
    0.90000E-03   -13.92041    -0.10948    -0.48093   -13.33000
    0.15000E-02   -13.87650    -0.10081    -0.47971   -13.29597
    0.21000E-02   -13.83851    -0.07965    -0.47834   -13.28052
    0.27000E-02   -13.78680    -0.03622    -0.47694   -13.27364
    0.33000E-02   -13.73180     0.01430    -0.47551   -13.27058
    0.39000E-02   -13.69352     0.04980    -0.47411   -13.26921
    0.45000E-02   -13.66809     0.07324    -0.47273   -13.26859
    0.51000E-02   -13.65037     0.08936    -0.47141   -13.26831
    0.57000E-02   -13.63730     0.10105    -0.47015   -13.26820
    0.63000E-02   -13.62698     0.11008    -0.46891   -13.26815
    0.69000E-02   -13.61846     0.11737    -0.46771   -13.26812
    0.75000E-02   -13.61134     0.12333    -0.46658   -13.26809
    0.81000E-02   -13.60505     0.12852    -0.46549   -13.26808
    0.87000E-02   -13.59951     0.13300    -0.46445   -13.26806
    0.93000E-02   -13.59459     0.13690    -0.46344   -13.26804
    0.99000E-02   -13.59010     0.14042    -0.46250   -13.26803
    0.10500E-01   -13.58605     0.14354    -0.46159   -13.26801
    0.11100E-01   -13.58234     0.14640    -0.46075   -13.26798
    0.11700E-01   -13.57882     0.14905    -0.45991   -13.26796
    0.12300E-01   -13.57561     0.15146    -0.45912   -13.26795
    0.12900E-01   -13.57266     0.15363    -0.45837   -13.26792
    0.13500E-01   -13.56989     0.15564    -0.45764   -13.26789
    0.14100E-01   -13.56729     0.15752    -0.45694   -13.26787
    0.14700E-01   -13.56481     0.15929    -0.45626   -13.26784
    0.15300E-01   -13.56253     0.16093    -0.45564   -13.26782
    0.15900E-01   -13.56036     0.16247    -0.45503   -13.26779
    0.16500E-01   -13.55828     0.16394    -0.45446   -13.26776
    0.17100E-01   -13.55631     0.16530    -0.45388   -13.26773
    0.17700E-01   -13.55448     0.16655    -0.45333   -13.26770
    0.18300E-01   -13.55273     0.16776    -0.45282   -13.26766
    0.18900E-01   -13.55107     0.16887    -0.45231   -13.26763
    0.19500E-01   -13.54955     0.16989    -0.45185   -13.26759
    0.21300E-01   -13.54037     0.17603    -0.44905   -13.26734
    0.27000E-01   -13.53089     0.18212    -0.44609   -13.26692
    0.33000E-01   -13.52401     0.18636    -0.44402   -13.26635
    0.39000E-01   -13.51912     0.18934    -0.44272   -13.26574
    0.45000E-01   -13.51542     0.19144    -0.44184   -13.26502
    0.51000E-01   -13.51243     0.19309    -0.44124   -13.26428
    0.57000E-01   -13.50993     0.19434    -0.44091   -13.26335
    0.63000E-01   -13.50782     0.19522    -0.44064   -13.26241
    0.69000E-01   -13.50592     0.19593    -0.44047   -13.26138
    0.75000E-01   -13.50429     0.19642    -0.44038   -13.26033
    0.81000E-01   -13.50272     0.19681    -0.44030   -13.25922
    0.87000E-01   -13.50107     0.19710    -0.44018   -13.25799
    0.93000E-01   -13.49915     0.19729    -0.43985   -13.25658
    0.99000E-01   -13.49738     0.19748    -0.43961   -13.25525
    0.10500       -13.49563     0.19759    -0.43944   -13.25378
    0.11100       -13.49397     0.19769    -0.43942   -13.25224
    0.11700       -13.49223     0.19774    -0.43929   -13.25067
    0.12300       -13.49059     0.19779    -0.43927   -13.24910
    0.12900       -13.48884     0.19782    -0.43926   -13.24740
    0.13500       -13.48678     0.19800    -0.43917   -13.24562
    0.14100       -13.48493     0.19803    -0.43915   -13.24381
    0.14700       -13.48310     0.19806    -0.43907   -13.24209
    0.15300       -13.48119     0.19808    -0.43899   -13.24029
    0.15900       -13.47943     0.19810    -0.43897   -13.23855
    0.16500       -13.47736     0.19812    -0.43889   -13.23659
    0.17100       -13.47520     0.19821    -0.43881   -13.23460
    0.17700       -13.47308     0.19824    -0.43872   -13.23259
    0.18300       -13.47072     0.19826    -0.43864   -13.23034
    0.18900       -13.46835     0.19835    -0.43856   -13.22815
    0.19500       -13.46615     0.19837    -0.43847   -13.22605
    0.20100       -13.46379     0.19846    -0.43840   -13.22385
    0.20700       -13.46132     0.19853    -0.43832   -13.22153
    0.21300       -13.45901     0.19861    -0.43824   -13.21938
    0.22700       -13.43735     0.19881    -0.43755   -13.19862
    0.34500       -13.36431     0.19947    -0.43666   -13.12712
    0.49500       -13.28286     0.20014    -0.43503   -13.04797
    0.64500       -13.19450     0.20084    -0.43354   -12.96180
    0.79500       -13.10293     0.20195    -0.43218   -12.87271
    0.94500       -13.00930     0.20293    -0.43089   -12.78134
     1.0950       -12.91505     0.20386    -0.43010   -12.68881
     1.2450       -12.81992     0.20470    -0.42898   -12.59563
     1.3950       -12.72582     0.20546    -0.42794   -12.50334
     1.5450       -12.63315     0.20618    -0.42694   -12.41238
     1.6950       -12.54310     0.20686    -0.42601   -12.32394
     1.8450       -12.45488     0.20750    -0.42512   -12.23727
     1.9950       -12.36869     0.20812    -0.42425   -12.15256
     2.1450       -12.28560     0.20871    -0.42343   -12.07088
     2.2950       -12.20430     0.20925    -0.42264   -11.99092
     2.4450       -12.12712     0.20977    -0.42189   -11.91500
     2.5950       -12.05141     0.21027    -0.42117   -11.84051
     2.7450       -11.97953     0.21075    -0.42048   -11.76980
     2.8950       -11.90903     0.21121    -0.41981   -11.70042
     3.0450       -11.84223     0.21164    -0.41917   -11.63471
     3.1950       -11.77720     0.21208    -0.41854   -11.57074
     3.3450       -11.71453     0.21249    -0.41794   -11.50907
     3.4950       -11.65368     0.21288    -0.41736   -11.44920
     3.6450       -11.59548     0.21326    -0.41679   -11.39195
     3.7950       -11.53905     0.21363    -0.41624   -11.33644
     3.9450       -11.48438     0.21399    -0.41571   -11.28266
     4.0950       -11.43120     0.21434    -0.41519   -11.23035
     4.2450       -11.37979     0.21468    -0.41469   -11.17978
     4.3950       -11.32981     0.21501    -0.41420   -11.13062
     4.5450       -11.28132     0.21534    -0.41372   -11.08294
     4.6950       -11.23418     0.21565    -0.41326   -11.03657
     4.8450       -11.18819     0.21596    -0.41281   -10.99134
     4.9950       -11.14362     0.21625    -0.41238   -10.94748
     5.1450       -11.10017     0.21654    -0.41196   -10.90476
     5.2950       -11.05782     0.21683    -0.41154   -10.86311
     5.4450       -11.01645     0.21710    -0.41113   -10.82242
     5.5950       -10.97618     0.21736    -0.41073   -10.78281
     5.7450       -10.93680     0.21763    -0.41033   -10.74410
     5.8950       -10.89846     0.21788    -0.40995   -10.70640
     6.0450       -10.86086     0.21813    -0.40958   -10.66942
     6.1950       -10.82412     0.21837    -0.40921   -10.63328
     6.3450       -10.78820     0.21861    -0.40884   -10.59796
     6.4950       -10.75303     0.21885    -0.40849   -10.56339
     6.6450       -10.71858     0.21908    -0.40814   -10.52952
     6.7950       -10.68485     0.21930    -0.40780   -10.49635
     6.9450       -10.65182     0.21953    -0.40746   -10.46388
     7.0950       -10.61945     0.21975    -0.40714   -10.43206
     7.2450       -10.58759     0.21997    -0.40681   -10.40075
     7.3950       -10.55645     0.22018    -0.40649   -10.37014
     7.5450       -10.52592     0.22039    -0.40618   -10.34013
     7.6950       -10.49592     0.22059    -0.40587   -10.31063
     7.8450       -10.46655     0.22078    -0.40557   -10.28175
     7.9950       -10.43758     0.22098    -0.40528   -10.25328
     8.1450       -10.40917     0.22116    -0.40499   -10.22535
     8.2950       -10.38119     0.22135    -0.40470   -10.19784
     8.4450       -10.35369     0.22154    -0.40442   -10.17081
     8.5950       -10.32670     0.22173    -0.40414   -10.14428
     8.7450       -10.30007     0.22190    -0.40387   -10.11810
     8.8950       -10.27389     0.22207    -0.40360   -10.09237
     9.0450       -10.24813     0.22225    -0.40333   -10.06704
     9.1950       -10.22276     0.22241    -0.40307   -10.04211
     9.3450       -10.19782     0.22258    -0.40281   -10.01758
     9.4950       -10.17327     0.22275    -0.40256    -9.99346
     9.6450       -10.14906     0.22291    -0.40231    -9.96966
     9.7950       -10.12520     0.22307    -0.40206    -9.94621
     9.9450       -10.10168     0.22323    -0.40182    -9.92309
     10.095       -10.07848     0.22340    -0.40159    -9.90029
     10.245       -10.05559     0.22355    -0.40135    -9.87780
     10.395       -10.03308     0.22371    -0.40112    -9.85567
     10.545       -10.01087     0.22386    -0.40089    -9.83384
     10.695        -9.98898     0.22401    -0.40066    -9.81233
     10.845        -9.96733     0.22416    -0.40043    -9.79106
     10.995        -9.94600     0.22430    -0.40021    -9.77009
     11.145        -9.92500     0.22445    -0.39998    -9.74947
     11.295        -9.90421     0.22459    -0.39976    -9.72904
     11.445        -9.88369     0.22473    -0.39955    -9.70888
     11.595        -9.86344     0.22487    -0.39933    -9.68897
     11.745        -9.84348     0.22500    -0.39912    -9.66935
     11.895        -9.82372     0.22513    -0.39892    -9.64993
     12.045        -9.80422     0.22527    -0.39871    -9.63077
     12.195        -9.78489     0.22540    -0.39851    -9.61178
     12.345        -9.76581     0.22553    -0.39832    -9.59302
     12.495        -9.74699     0.22566    -0.39812    -9.57452
     12.645        -9.72840     0.22578    -0.39792    -9.55626
     12.795        -9.71002     0.22591    -0.39772    -9.53821
     12.945        -9.69186     0.22604    -0.39753    -9.52037
     13.095        -9.67389     0.22616    -0.39734    -9.50271
     13.245        -9.65617     0.22628    -0.39715    -9.48530
     13.395        -9.63860     0.22640    -0.39697    -9.46804
     13.545        -9.62123     0.22653    -0.39678    -9.45097
     13.695        -9.60401     0.22665    -0.39660    -9.43406
     13.845        -9.58703     0.22676    -0.39641    -9.41737
     13.995        -9.57022     0.22688    -0.39623    -9.40087
     14.145        -9.55360     0.22699    -0.39606    -9.38454
     14.295        -9.53711     0.22711    -0.39588    -9.36834
     14.445        -9.52080     0.22722    -0.39571    -9.35231
     14.595        -9.50469     0.22733    -0.39553    -9.33649
     14.745        -9.48872     0.22744    -0.39536    -9.32080
     14.895        -9.47293     0.22755    -0.39520    -9.30528
     15.045        -9.45726     0.22766    -0.39503    -9.28989
     15.195        -9.44177     0.22776    -0.39486    -9.27468
     15.345        -9.42642     0.22787    -0.39470    -9.25960
     15.495        -9.41119     0.22797    -0.39454    -9.24463
     15.645        -9.39617     0.22808    -0.39438    -9.22987
     15.795        -9.38130     0.22818    -0.39422    -9.21527
     15.945        -9.36656     0.22828    -0.39406    -9.20079
     16.095        -9.35192     0.22839    -0.39390    -9.18641
     16.245        -9.33746     0.22849    -0.39375    -9.17220
     16.395        -9.32314     0.22859    -0.39359    -9.15813
     16.545        -9.30893     0.22869    -0.39344    -9.14417
     16.695        -9.29485     0.22879    -0.39329    -9.13034
     16.845        -9.28088     0.22888    -0.39314    -9.11662
     16.995        -9.26704     0.22898    -0.39299    -9.10302
     17.145        -9.25329     0.22907    -0.39284    -9.08953
     17.295        -9.23968     0.22916    -0.39269    -9.07615
     17.445        -9.22620     0.22926    -0.39255    -9.06291
     17.595        -9.21283     0.22935    -0.39241    -9.04978
     17.745        -9.19958     0.22945    -0.39227    -9.03676
     17.895        -9.18646     0.22954    -0.39213    -9.02388
     18.045        -9.17341     0.22963    -0.39199    -9.01106
     18.195        -9.16049     0.22972    -0.39185    -8.99836
     18.345        -9.14767     0.22981    -0.39171    -8.98577
     18.495        -9.13497     0.22989    -0.39157    -8.97330
     18.645        -9.12237     0.22998    -0.39144    -8.96091
     18.795        -9.10983     0.23006    -0.39131    -8.94858
     18.945        -9.09744     0.23015    -0.39117    -8.93641
     19.095        -9.08515     0.23023    -0.39104    -8.92434
     19.245        -9.07295     0.23032    -0.39091    -8.91235
     19.395        -9.06084     0.23040    -0.39078    -8.90046
     19.545        -9.04883     0.23048    -0.39065    -8.88867
     19.695        -9.03692     0.23056    -0.39052    -8.87696
     19.845        -9.02512     0.23064    -0.39039    -8.86536
     19.995        -9.01339     0.23072    -0.39027    -8.85384
     20.145        -9.00172     0.23081    -0.39014    -8.84239
     20.295        -8.99017     0.23089    -0.39002    -8.83104
     20.445        -8.97870     0.23097    -0.38989    -8.81978
     20.595        -8.96729     0.23105    -0.38977    -8.80857
     20.745        -8.95598     0.23113    -0.38965    -8.79746
     20.895        -8.94476     0.23120    -0.38953    -8.78644
     21.045        -8.93364     0.23128    -0.38941    -8.77551
     21.195        -8.92254     0.23136    -0.38929    -8.76460
     21.345        -8.91152     0.23143    -0.38917    -8.75379
     21.495        -8.90061     0.23151    -0.38905    -8.74307
     21.645        -8.88978     0.23159    -0.38894    -8.73243
     21.795        -8.87901     0.23166    -0.38882    -8.72185
     21.945        -8.86835     0.23174    -0.38871    -8.71139
     22.095        -8.85772     0.23181    -0.38859    -8.70093
     22.245        -8.84723     0.23188    -0.38848    -8.69064
     22.395        -8.83678     0.23196    -0.38836    -8.68037
     22.545        -8.82637     0.23203    -0.38825    -8.67015
     22.695        -8.81606     0.23211    -0.38814    -8.66002
     22.845        -8.80584     0.23217    -0.38803    -8.64998
     22.995        -8.79567     0.23225    -0.38792    -8.63999
     23.145        -8.78553     0.23232    -0.38782    -8.63003
     23.295        -8.77548     0.23239    -0.38771    -8.62015
     23.445        -8.76549     0.23246    -0.38760    -8.61035
     23.595        -8.75559     0.23253    -0.38749    -8.60063
     23.745        -8.74574     0.23260    -0.38739    -8.59095
     23.895        -8.73594     0.23267    -0.38728    -8.58133
     24.045        -8.72622     0.23273    -0.38717    -8.57178
     24.195        -8.71657     0.23280    -0.38707    -8.56230
     24.345        -8.70699     0.23287    -0.38697    -8.55290
     24.495        -8.69744     0.23294    -0.38687    -8.54351
     24.645        -8.68795     0.23300    -0.38677    -8.53419
     24.795        -8.67851     0.23307    -0.38666    -8.52492
     24.945        -8.66916     0.23313    -0.38656    -8.51573
     25.095        -8.65987     0.23320    -0.38646    -8.50661
     25.245        -8.65065     0.23326    -0.38636    -8.49756
     25.395        -8.64150     0.23332    -0.38626    -8.48856
     25.545        -8.63236     0.23338    -0.38616    -8.47958
     25.695        -8.62329     0.23345    -0.38606    -8.47067
     25.845        -8.61428     0.23351    -0.38597    -8.46183
     25.995        -8.60532     0.23357    -0.38587    -8.45303
     26.145        -8.59644     0.23363    -0.38577    -8.44431
     26.295        -8.58760     0.23370    -0.38568    -8.43562
     26.445        -8.57881     0.23376    -0.38558    -8.42699
     26.595        -8.57003     0.23382    -0.38548    -8.41837
     26.745        -8.56135     0.23388    -0.38538    -8.40985
     26.895        -8.55267     0.23395    -0.38529    -8.40133
     27.045        -8.54410     0.23400    -0.38520    -8.39291
     27.195        -8.53554     0.23407    -0.38510    -8.38450
     27.345        -8.52704     0.23413    -0.38501    -8.37616
     27.495        -8.51858     0.23419    -0.38492    -8.36784
     27.645        -8.51019     0.23424    -0.38483    -8.35960
     27.795        -8.50182     0.23430    -0.38473    -8.35139
     27.945        -8.49347     0.23436    -0.38464    -8.34319
     28.095        -8.48520     0.23442    -0.38455    -8.33507
     28.245        -8.47697     0.23448    -0.38447    -8.32698
     28.395        -8.46880     0.23453    -0.38437    -8.31896
     28.545        -8.46068     0.23459    -0.38429    -8.31099
     28.695        -8.45256     0.23465    -0.38420    -8.30301
     28.845        -8.44452     0.23470    -0.38411    -8.29512
     28.995        -8.43651     0.23476    -0.38402    -8.28725
     29.145        -8.42857     0.23482    -0.38393    -8.27946
     29.295        -8.42067     0.23487    -0.38384    -8.27170
     29.445        -8.41279     0.23493    -0.38375    -8.26396
     29.595        -8.40491     0.23498    -0.38367    -8.25623
     29.745        -8.39710     0.23504    -0.38358    -8.24856
     29.895        -8.38932     0.23509    -0.38350    -8.24091
     30.045        -8.38163     0.23514    -0.38341    -8.23336
     30.195        -8.37395     0.23520    -0.38333    -8.22582
     30.345        -8.36630     0.23525    -0.38324    -8.21831
     30.495        -8.35872     0.23531    -0.38316    -8.21087
     30.645        -8.35117     0.23536    -0.38307    -8.20345
     30.795        -8.34367     0.23541    -0.38299    -8.19609
     30.945        -8.33618     0.23546    -0.38291    -8.18874
     31.095        -8.32876     0.23551    -0.38283    -8.18144
     31.245        -8.32133     0.23557    -0.38275    -8.17415
     31.395        -8.31396     0.23562    -0.38266    -8.16691
     31.545        -8.30659     0.23567    -0.38258    -8.15968
     31.695        -8.29933     0.23572    -0.38250    -8.15255
     31.845        -8.29208     0.23577    -0.38242    -8.14543
     31.995        -8.28485     0.23582    -0.38234    -8.13833
     32.145        -8.27765     0.23588    -0.38226    -8.13126
     32.295        -8.27050     0.23592    -0.38218    -8.12424
     32.445        -8.26336     0.23598    -0.38211    -8.11723
     32.595        -8.25627     0.23603    -0.38203    -8.11027
     32.745        -8.24922     0.23608    -0.38195    -8.10335
     32.895        -8.24221     0.23613    -0.38187    -8.09646
     33.045        -8.23524     0.23618    -0.38180    -8.08962
     33.195        -8.22829     0.23622    -0.38172    -8.08280
     33.345        -8.22141     0.23627    -0.38164    -8.07603
     33.495        -8.21453     0.23632    -0.38157    -8.06928
     33.645        -8.20767     0.23637    -0.38149    -8.06255
     33.795        -8.20085     0.23642    -0.38142    -8.05585
     33.945        -8.19403     0.23647    -0.38134    -8.04916
     34.095        -8.18726     0.23652    -0.38127    -8.04251
     34.245        -8.18052     0.23657    -0.38119    -8.03589
     34.395        -8.17382     0.23661    -0.38112    -8.02932
     34.545        -8.16715     0.23666    -0.38105    -8.02276
     34.695        -8.16048     0.23671    -0.38097    -8.01622
     34.845        -8.15388     0.23675    -0.38090    -8.00973
     34.995        -8.14733     0.23680    -0.38083    -8.00330
     35.145        -8.14079     0.23684    -0.38075    -7.99688
     35.295        -8.13428     0.23689    -0.38069    -7.99048
     35.445        -8.12778     0.23694    -0.38061    -7.98410
     35.595        -8.12130     0.23698    -0.38054    -7.97774
     35.745        -8.11488     0.23702    -0.38047    -7.97143
     35.895        -8.10848     0.23707    -0.38040    -7.96515
     36.045        -8.10211     0.23711    -0.38033    -7.95889
     36.195        -8.09576     0.23716    -0.38026    -7.95266
     36.345        -8.08942     0.23720    -0.38019    -7.94643
     36.495        -8.08314     0.23725    -0.38013    -7.94026
     36.645        -8.07687     0.23729    -0.38006    -7.93410
     36.795        -8.07061     0.23734    -0.37999    -7.92796
     36.945        -8.06439     0.23738    -0.37992    -7.92184
     37.095        -8.05821     0.23742    -0.37985    -7.91578
     37.245        -8.05206     0.23747    -0.37979    -7.90974
     37.395        -8.04592     0.23751    -0.37972    -7.90372
     37.545        -8.03983     0.23755    -0.37965    -7.89774
     37.695        -8.03375     0.23760    -0.37958    -7.89177
     37.845        -8.02771     0.23764    -0.37952    -7.88583
     37.995        -8.02168     0.23768    -0.37945    -7.87991
     38.145        -8.01566     0.23772    -0.37938    -7.87400
     38.295        -8.00969     0.23777    -0.37931    -7.86814
     38.445        -8.00373     0.23781    -0.37925    -7.86229
     38.595        -7.99778     0.23786    -0.37918    -7.85645
     38.745        -7.99186     0.23790    -0.37912    -7.85064
     38.895        -7.98598     0.23794    -0.37905    -7.84487
     39.045        -7.98014     0.23798    -0.37899    -7.83913
     39.195        -7.97429     0.23802    -0.37893    -7.83338
     39.345        -7.96847     0.23807    -0.37887    -7.82767
     39.495        -7.96267     0.23811    -0.37880    -7.82198
     39.645        -7.95690     0.23815    -0.37874    -7.81631
     39.795        -7.95113     0.23819    -0.37868    -7.81064
     39.945        -7.94540     0.23824    -0.37861    -7.80503
     40.095        -7.93969     0.23828    -0.37855    -7.79942
     40.245        -7.93403     0.23832    -0.37849    -7.79385
     40.395        -7.92837     0.23836    -0.37843    -7.78830
     40.545        -7.92272     0.23840    -0.37836    -7.78276
     40.695        -7.91711     0.23844    -0.37830    -7.77724
     40.845        -7.91152     0.23848    -0.37824    -7.77176
     40.995        -7.90595     0.23852    -0.37818    -7.76630
     41.145        -7.90039     0.23856    -0.37812    -7.76084
     41.295        -7.89485     0.23860    -0.37805    -7.75540
     41.445        -7.88935     0.23864    -0.37799    -7.75000
     41.595        -7.88385     0.23868    -0.37793    -7.74459
     41.745        -7.87838     0.23872    -0.37787    -7.73922
     41.895        -7.87294     0.23876    -0.37781    -7.73389
     42.045        -7.86754     0.23880    -0.37775    -7.72859
     42.195        -7.86215     0.23884    -0.37769    -7.72329
     42.345        -7.85677     0.23887    -0.37763    -7.71801
     42.495        -7.85141     0.23891    -0.37757    -7.71275
     42.645        -7.84608     0.23895    -0.37751    -7.70752
     42.795        -7.84078     0.23898    -0.37745    -7.70231
     42.945        -7.83545     0.23902    -0.37739    -7.69708
     43.095        -7.83016     0.23906    -0.37734    -7.69188
     43.245        -7.82490     0.23910    -0.37728    -7.68672
     43.395        -7.81965     0.23913    -0.37722    -7.68156
     43.545        -7.81442     0.23917    -0.37717    -7.67643
     43.695        -7.80922     0.23921    -0.37711    -7.67131
     43.845        -7.80403     0.23925    -0.37705    -7.66622
     43.995        -7.79884     0.23928    -0.37699    -7.66113
     44.145        -7.79370     0.23932    -0.37693    -7.65608
     44.295        -7.78855     0.23936    -0.37687    -7.65103
     44.445        -7.78345     0.23940    -0.37682    -7.64603
     44.595        -7.77837     0.23943    -0.37676    -7.64104
     44.745        -7.77329     0.23947    -0.37671    -7.63605
     44.895        -7.76821     0.23950    -0.37665    -7.63107
     45.045        -7.76317     0.23954    -0.37660    -7.62611
     45.195        -7.75815     0.23958    -0.37654    -7.62119
     45.345        -7.75314     0.23962    -0.37648    -7.61628
     45.495        -7.74814     0.23965    -0.37643    -7.61137
     45.645        -7.74318     0.23969    -0.37637    -7.60650
     45.795        -7.73821     0.23972    -0.37631    -7.60162
     45.945        -7.73328     0.23976    -0.37626    -7.59678
     46.095        -7.72835     0.23979    -0.37621    -7.59194
     46.245        -7.72344     0.23983    -0.37615    -7.58712
     46.395        -7.71854     0.23986    -0.37610    -7.58231
     46.545        -7.71367     0.23990    -0.37604    -7.57752
     46.695        -7.70882     0.23993    -0.37599    -7.57276
     46.845        -7.70399     0.23996    -0.37594    -7.56802
     46.995        -7.69915     0.24000    -0.37588    -7.56327
     47.145        -7.69434     0.24003    -0.37583    -7.55855
     47.295        -7.68953     0.24007    -0.37577    -7.55383
     47.445        -7.68475     0.24010    -0.37572    -7.54913
     47.595        -7.67999     0.24013    -0.37567    -7.54446
     47.745        -7.67524     0.24017    -0.37561    -7.53979
     47.895        -7.67052     0.24020    -0.37556    -7.53516
     48.045        -7.66582     0.24024    -0.37550    -7.53055
     48.195        -7.66112     0.24027    -0.37545    -7.52593
     48.345        -7.65644     0.24030    -0.37540    -7.52134
     48.495        -7.65178     0.24033    -0.37535    -7.51677
     48.645        -7.64711     0.24037    -0.37530    -7.51219
     48.795        -7.64249     0.24040    -0.37525    -7.50765
     48.945        -7.63786     0.24044    -0.37520    -7.50311
     49.095        -7.63327     0.24047    -0.37515    -7.49859
     49.245        -7.62868     0.24050    -0.37510    -7.49409
     49.395        -7.62413     0.24053    -0.37504    -7.48962
     49.545        -7.61957     0.24057    -0.37499    -7.48514
     49.695        -7.61503     0.24060    -0.37495    -7.48068
     49.845        -7.61049     0.24063    -0.37489    -7.47623
     49.995        -7.60596     0.24066    -0.37484    -7.47178
     50.145        -7.60147     0.24069    -0.37479    -7.46737
     50.295        -7.59698     0.24073    -0.37474    -7.46297
     50.445        -7.59252     0.24076    -0.37469    -7.45858
     50.595        -7.58805     0.24079    -0.37464    -7.45420
     50.745        -7.58362     0.24082    -0.37459    -7.44985
     50.895        -7.57918     0.24085    -0.37454    -7.44549
     51.045        -7.57477     0.24088    -0.37450    -7.44115
     51.195        -7.57038     0.24091    -0.37444    -7.43685
     51.345        -7.56601     0.24094    -0.37440    -7.43255
     51.495        -7.56163     0.24097    -0.37435    -7.42826
     51.645        -7.55725     0.24100    -0.37430    -7.42396
     51.795        -7.55292     0.24103    -0.37425    -7.41970
     51.945        -7.54857     0.24106    -0.37420    -7.41543
     52.095        -7.54425     0.24109    -0.37416    -7.41119
     52.245        -7.53996     0.24112    -0.37411    -7.40697
     52.395        -7.53567     0.24115    -0.37406    -7.40276
     52.545        -7.53138     0.24118    -0.37401    -7.39855
     52.695        -7.52713     0.24122    -0.37397    -7.39437
     52.845        -7.52286     0.24125    -0.37392    -7.39019
     52.995        -7.51863     0.24127    -0.37388    -7.38603
     53.145        -7.51439     0.24131    -0.37383    -7.38187
     53.295        -7.51017     0.24133    -0.37378    -7.37773
     53.445        -7.50598     0.24136    -0.37373    -7.37361
     53.595        -7.50176     0.24139    -0.37369    -7.36946
     53.745        -7.49757     0.24142    -0.37364    -7.36536
     53.895        -7.49341     0.24145    -0.37359    -7.36127
     54.045        -7.48924     0.24148    -0.37355    -7.35717
     54.195        -7.48509     0.24151    -0.37350    -7.35310
     54.345        -7.48098     0.24154    -0.37346    -7.34907
     54.495        -7.47687     0.24157    -0.37341    -7.34503
     54.645        -7.47275     0.24160    -0.37336    -7.34098
     54.795        -7.46864     0.24163    -0.37332    -7.33695
     54.945        -7.46457     0.24166    -0.37327    -7.33295
     55.095        -7.46049     0.24169    -0.37322    -7.32895
     59.433        -7.14091     0.24399    -0.36964    -7.01526
     80.646        -6.67301     0.24737    -0.36440    -6.55598
     111.21        -6.21695     0.25069    -0.35926    -6.10839
     153.36        -5.77359     0.25394    -0.35423    -5.67330
     211.49        -5.34292     0.25712    -0.34932    -5.25072
     291.64        -4.92562     0.26021    -0.34456    -4.84127
     402.18        -4.52124     0.26323    -0.33998    -4.44448
     554.60        -4.12963     0.26616    -0.33552    -4.06026
     764.80        -3.75072     0.26900    -0.33123    -3.68850
     1054.7        -3.38409     0.27176    -0.32709    -3.32876
     1454.4        -3.02923     0.27444    -0.32310    -2.98056
     2005.6        -2.68526     0.27705    -0.31922    -2.64309
     2765.8        -2.35217     0.27959    -0.31548    -2.31629
     3814.0        -2.02930     0.28205    -0.31185    -1.99949
     5259.5        -1.71607     0.28444    -0.30835    -1.69216
     7252.9        -1.41186     0.28676    -0.30498    -1.39364
     10002.        -1.11660     0.28901    -0.30172    -1.10389
     13793.        -0.83021     0.29118    -0.29855    -0.82284
     19020.        -0.55276     0.29331    -0.29549    -0.55058
     26229.        -0.28517     0.29536    -0.29250    -0.28804
     36170.        -0.02774     0.29734    -0.28961    -0.03547
     49878.         0.21891     0.29924    -0.28681     0.20648
     68782.         0.45508     0.30105    -0.28409     0.43812
     94851.         0.68088     0.30278    -0.28146     0.65956
    0.13080E+06     0.89651     0.30444    -0.27892     0.87099
    0.18038E+06     1.10213     0.30601    -0.27646     1.07258
    0.24874E+06     1.29816     0.30751    -0.27411     1.26475
    0.34301E+06     1.48508     0.30894    -0.27187     1.44801
    0.47302E+06     1.66327     0.31031    -0.26972     1.62268
    0.65229E+06     1.83314     0.31162    -0.26766     1.78918
    0.89952E+06     1.99481     0.31286    -0.26570     1.94765
    0.12404E+07     2.14894     0.31402    -0.26383     2.09875
    0.17106E+07     2.29567     0.31514    -0.26207     2.24259
    0.23589E+07     2.43531     0.31620    -0.26038     2.37949
    0.32529E+07     2.56815     0.31720    -0.25876     2.50971
    0.44858E+07     2.69459     0.31815    -0.25721     2.63365
    0.61860E+07     2.81496     0.31907    -0.25574     2.75163
    0.85305E+07     2.92937     0.31993    -0.25433     2.86378
    0.11764E+08     3.03826     0.32076    -0.25300     2.97050
    0.16222E+08     3.14180     0.32155    -0.25173     3.07198
    0.22370E+08     3.24045     0.32230    -0.25053     3.16868
    0.30849E+08     3.33406     0.32300    -0.24938     3.26044
    0.42541E+08     3.42238     0.32367    -0.24828     3.34699
    0.58664E+08     3.50497     0.32430    -0.24723     3.42791
    0.80898E+08     3.58227     0.32488    -0.24624     3.50363
    0.11156E+09     3.65458     0.32542    -0.24530     3.57446
    0.15384E+09     3.72276     0.32593    -0.24441     3.64124
    0.21215E+09     3.78683     0.32641    -0.24356     3.70398
    0.29255E+09     3.84713     0.32687    -0.24278     3.76303
    0.40343E+09     3.90396     0.32730    -0.24204     3.81871
    0.55633E+09     3.95739     0.32770    -0.24134     3.87103
    0.76719E+09     4.00732     0.32808    -0.24069     3.91994
    0.10580E+10     4.05226     0.32842    -0.24008     3.96392
    0.14589E+10     4.09346     0.32873    -0.23950     4.00423
    0.20119E+10     4.13134     0.32901    -0.23896     4.04129
    0.27744E+10     4.16621     0.32928    -0.23845     4.07538
    0.38259E+10     4.19832     0.32952    -0.23798     4.10678
    0.52760E+10     4.22799     0.32974    -0.23755     4.13579
    0.72756E+10     4.25540     0.32995    -0.23716     4.16261
    0.10033E+11     4.28063     0.33014    -0.23679     4.18728
    0.13836E+11     4.30394     0.33032    -0.23645     4.21008
    0.19079E+11     4.32547     0.33048    -0.23615     4.23115
    0.26311E+11     4.34532     0.33063    -0.23587     4.25056
    0.36283E+11     4.36359     0.33077    -0.23561     4.26844
    0.50034E+11     4.38048     0.33089    -0.23537     4.28495
    0.68997E+11     4.39607     0.33101    -0.23514     4.30020
    0.10000E+12     4.58276     0.33242    -0.23248     4.48281
